#!ascii label  , from subject sub-v1s1x0050648_ses-1 vox2ras=TkReg
873
53071  -23.242  -18.185  0.332 0.4285714328
122509  -23.327  -16.824  -0.641 0.2857142985
54845  -23.902  -16.433  -0.596 0.4285714328
55678  -24.691  -16.068  -0.531 0.4285714328
55695  -23.653  -15.479  -1.537 0.2857142985
54862  -23.987  -15.879  -0.966 0.4285714328
55696  -24.573  -15.311  -1.160 0.4285714328
56594  -23.693  -14.274  -2.473 0.4285714328
56595  -24.473  -14.079  -2.264 0.4285714328
57510  -24.103  -13.646  -3.067 0.4285714328
57523  -24.844  -13.122  -3.323 0.4285714328
58479  -23.876  -12.397  -4.393 0.5714285970
58471  -24.142  -13.043  -3.974 0.5714285970
114227  -24.863  -12.663  -3.924 0.4285714328
58481  -25.308  -12.103  -4.158 0.2857142985
59432  -25.077  -11.605  -4.738 0.7142857313
60318  -25.920  -10.351  -5.523 0.7142857313
60309  -26.276  -10.757  -4.693 0.4285714328
60308  -25.574  -10.955  -5.066 0.7142857313
59433  -25.762  -11.450  -4.446 0.5714285970
61954  -26.571  -9.193  -5.416 0.5714285970
61153  -26.057  -9.635  -5.840 0.5714285970
61970  -26.303  -8.768  -5.993 0.5714285970
61152  -25.368  -9.892  -6.028 0.5714285970
61971  -27.094  -8.476  -5.443 0.4285714328
62840  -26.782  -8.076  -6.406 0.5714285970
63683  -27.680  -6.743  -5.951 0.5714285970
61979  -26.006  -8.400  -6.871 0.7142857313
62852  -27.093  -7.254  -6.602 0.7142857313
63696  -27.247  -6.342  -6.621 0.7142857313
64512  -27.811  -5.748  -5.954 0.5714285970
62851  -26.404  -7.686  -7.139 0.5714285970
111782  -24.131  -8.145  -7.017 0.5714285970
63695  -26.653  -6.843  -7.131 0.8571428657
64523  -27.299  -5.467  -6.642 0.7142857313
63694  -25.979  -7.187  -7.442 0.7142857313
62859  -25.130  -7.234  -7.424 0.5714285970
65323  -27.202  -4.543  -6.711 0.7142857313
115555  -28.260  -4.941  -5.758 0.5714285970
64522  -26.727  -5.886  -7.119 0.7142857313
66102  -27.586  -3.615  -6.384 0.5714285970
129782  -26.955  -5.229  -6.983 0.7142857313
66090  -28.275  -3.577  -5.928 0.5714285970
65322  -26.464  -4.972  -7.220 0.5714285970
66101  -26.908  -3.552  -6.830 0.7142857313
66952  -27.985  -2.111  -6.194 0.7142857313
66939  -27.933  -2.956  -6.152 0.7142857313
66115  -26.272  -3.446  -7.230 0.7142857313
66951  -27.288  -2.719  -6.646 0.7142857313
67787  -27.766  -1.253  -6.507 0.7142857313
123731  -26.637  -2.874  -7.082 0.7142857313
65336  -25.916  -4.187  -7.318 0.5714285970
68597  -27.609  -0.381  -6.803 0.5714285970
69424  -28.406  0.223  -6.280 0.5714285970
66950  -26.752  -2.086  -7.312 0.8571428657
66965  -26.145  -2.676  -7.565 0.8571428657
69423  -27.753  0.474  -6.783 0.7142857313
69436  -27.181  0.276  -7.259 0.7142857313
67799  -26.523  -1.293  -7.724 0.8571428657
67800  -26.892  -0.531  -7.486 0.7142857313
119036  -27.020  1.767  -7.439 0.8571428657
71050  -27.850  1.982  -6.933 0.5714285970
69435  -26.511  0.110  -7.730 0.8571428657
71882  -27.009  3.263  -7.753 0.8571428657
120554  -27.397  3.902  -7.530 0.8571428657
73585  -26.588  4.998  -8.266 0.8571428657
70237  -26.726  0.900  -7.543 0.8571428657
71894  -26.279  3.346  -8.196 0.8571428657
71893  -25.577  3.420  -8.676 1.0000000000
72728  -26.744  4.058  -7.964 1.0000000000
118002  -26.497  2.470  -7.879 0.8571428657
72744  -26.065  4.164  -8.519 1.0000000000
111423  -26.088  5.894  -8.551 1.0000000000
74427  -25.182  6.785  -9.322 0.7142857313
73596  -25.813  4.975  -8.948 1.0000000000
74418  -25.813  6.717  -8.930 1.0000000000
77890  -25.438  10.588  -9.579 1.0000000000
77889  -25.020  9.939  -9.921 0.8571428657
78718  -24.495  11.690  -10.424 0.8571428657
78706  -25.225  11.450  -9.839 1.0000000000
121544  -24.752  15.451  -11.525 0.8571428657
81040  -24.498  14.048  -11.345 0.8571428657
81029  -25.192  13.930  -10.862 1.0000000000
83260  -23.138  17.729  -13.159 0.8571428657
83250  -23.659  17.372  -12.651 0.8571428657
83959  -22.689  18.041  -13.766 0.7142857313
82548  -22.405  16.027  -12.778 0.5714285970
83272  -21.882  17.468  -14.341 0.7142857313
83969  -21.351  18.004  -15.114 0.5714285970
82559  -20.851  15.668  -13.777 0.5714285970
82560  -21.875  16.277  -13.376 0.5714285970
82570  -20.523  15.683  -14.862 0.4285714328
83288  -18.739  15.672  -17.393 0.4285714328
119287  -19.298  16.379  -17.750 0.4285714328
117715  -18.662  16.564  -13.425 0.2857142985
83256  -18.452  17.186  -13.462 0.2857142985
82557  -18.842  15.865  -13.690 0.2857142985
120251  -19.110  17.054  -12.917 0.2857142985
54861  -23.221  -16.234  -1.163 0.2857142985
118784  -27.734  -5.012  -6.278 0.5714285970
70221  -28.182  1.131  -6.596 0.5714285970
67786  -27.184  -1.248  -7.155 0.7142857313
70220  -27.454  1.093  -7.081 0.8571428657
71072  -27.309  2.587  -7.392 0.8571428657
71883  -27.592  3.272  -7.289 0.8571428657
75329  -25.534  7.410  -9.329 0.8571428657
83946  -20.564  18.617  -11.691 0.1428571492
56582  -24.088  -14.767  -1.854 0.4285714328
56596  -25.265  -13.795  -1.990 0.4285714328
57511  -24.854  -13.542  -2.651 0.4285714328
57522  -23.365  -13.452  -3.617 0.5714285970
58480  -24.576  -12.272  -4.364 0.5714285970
59431  -24.133  -11.585  -4.829 0.2857142985
62827  -27.739  -7.872  -4.977 0.4285714328
61159  -24.917  -9.190  -6.393 0.7142857313
61978  -25.031  -8.553  -6.983 0.7142857313
62841  -27.437  -7.603  -5.810 0.5714285970
62849  -24.826  -7.901  -7.374 0.5714285970
62850  -25.620  -7.926  -7.434 0.5714285970
66940  -28.595  -2.766  -5.699 0.5714285970
63704  -25.526  -6.481  -7.432 0.5714285970
65312  -28.590  -4.229  -5.629 0.5714285970
114841  -26.555  -4.140  -7.059 0.7142857313
116837  -25.598  -4.975  -7.428 0.8571428657
69434  -25.960  0.613  -8.008 1.0000000000
112742  -25.106  2.793  -8.765 1.0000000000
74417  -25.168  5.928  -9.052 0.8571428657
118450  -24.648  7.246  -9.818 0.7142857313
75337  -25.119  8.055  -9.668 1.0000000000
76204  -25.947  8.125  -9.325 1.0000000000
77093  -25.080  9.302  -9.956 0.7142857313
76214  -25.552  8.781  -9.726 1.0000000000
75336  -24.335  7.910  -10.087 0.7142857313
118629  -24.386  14.710  -11.498 0.8571428657
80288  -25.167  13.152  -10.458 1.0000000000
79534  -25.186  12.322  -10.186 1.0000000000
83249  -22.766  16.902  -12.920 0.7142857313
82569  -19.766  15.166  -15.420 0.7142857313
83258  -21.360  16.460  -14.170 0.7142857313
83271  -20.971  16.574  -15.147 0.7142857313
81808  -20.761  15.361  -13.118 0.4285714328
83257  -18.060  16.392  -14.118 0.2857142985
83984  -20.740  17.976  -16.070 0.4285714328
83982  -18.273  17.092  -17.682 0.4285714328
83958  -18.532  18.129  -13.599 0.2857142985
83287  -17.498  16.901  -16.414 0.4285714328
60316  -24.738  -10.347  -5.731 0.4285714328
61151  -24.509  -9.657  -6.109 0.4285714328
82585  -19.336  15.017  -16.356 0.4285714328
83270  -20.015  15.717  -15.908 0.7142857313
83269  -18.052  15.794  -15.654 0.2857142985
123867  -17.849  17.375  -13.996 0.2857142985
53993  -23.077  -17.480  -0.269 0.4285714328
53994  -23.869  -17.064  -0.230 0.4285714328
54844  -22.624  -16.939  -0.942 0.2857142985
111277  -24.437  -16.693  -0.226 0.4285714328
55694  -22.779  -15.637  -1.794 0.2857142985
109847  -23.331  -13.860  -2.947 0.2857142985
60307  -24.843  -10.982  -5.248 0.5714285970
60317  -25.343  -10.519  -5.563 0.5714285970
61969  -25.546  -9.005  -6.287 0.5714285970
63705  -26.212  -6.465  -7.353 0.5714285970
65311  -27.962  -4.327  -6.136 0.5714285970
64533  -25.982  -5.759  -7.405 0.7142857313
117737  -27.390  -1.883  -6.773 0.7142857313
70236  -26.231  1.525  -7.843 0.8571428657
68609  -26.165  -0.573  -8.013 0.8571428657
73595  -24.891  4.889  -9.323 1.0000000000
82539  -24.050  15.954  -11.987 0.8571428657
82549  -23.369  16.465  -12.457 0.8571428657
83259  -22.303  17.163  -13.596 0.5714285970
81807  -20.120  15.381  -13.298 0.4285714328
83289  -19.690  15.847  -17.019 0.4285714328
107418  -19.413  17.024  -12.255 0.2857142985
82568  -18.952  15.372  -14.942 0.2857142985
83248  -19.724  17.787  -12.309 0.2857142985
55704  -23.248  -14.930  -2.105 0.2857142985
60306  -24.054  -10.741  -5.372 0.2857142985
83968  -20.532  16.675  -16.189 0.5714285970
86133  -16.605  21.961  -16.901 0.2857142985
86773  -17.507  22.672  -15.207 0.1428571492
83997  -17.523  19.111  -16.901 0.2857142985
86143  -17.020  21.582  -17.720 0.2857142985
86114  -18.052  21.213  -15.292 0.1428571492
86774  -17.728  23.488  -14.362 0.1428571492
83967  -17.101  18.192  -15.578 0.1428571492
83980  -17.433  18.764  -16.271 0.2857142985
84702  -17.803  19.253  -14.887 0.1428571492
126137  -18.640  21.031  -18.260 0.2857142985
84745  -17.475  20.008  -17.312 0.2857142985
85504  -23.203  20.478  -17.594 0.2857142985
85487  -21.313  20.582  -16.658 0.2857142985
117905  -18.412  21.917  -14.348 0.1428571492
83999  -18.582  18.211  -17.589 0.2857142985
84716  -22.384  19.824  -15.345 0.2857142985
85485  -19.023  20.154  -17.660 0.2857142985
84014  -17.721  19.318  -17.280 0.2857142985
83985  -24.847  19.082  -15.090 0.1428571492
85476  -21.890  20.142  -16.019 0.2857142985
85486  -20.239  20.191  -16.982 0.2857142985
85463  -18.255  20.421  -14.601 0.1428571492
84729  -20.336  18.749  -16.642 0.2857142985
84015  -18.302  19.297  -17.531 0.2857142985
82595  -26.638  16.581  -16.355 0.1428571492
83987  -25.846  18.322  -16.347 0.1428571492
84717  -23.436  19.875  -15.555 0.4285714328
84715  -21.405  19.164  -15.675 0.2857142985
82553  -27.230  16.294  -12.576 0.2857142985
83962  -25.141  18.438  -13.642 0.4285714328
84704  -22.949  19.419  -14.769 0.2857142985
83983  -19.990  16.994  -17.049 0.2857142985
120272  -28.071  15.059  -12.311 0.1428571492
83263  -26.408  17.562  -13.479 0.2857142985
83971  -23.382  18.936  -14.221 0.4285714328
82551  -25.479  16.856  -12.145 0.5714285970
83960  -23.551  18.459  -13.578 0.7142857313
80291  -28.339  13.682  -10.497 0.1428571492
81042  -27.747  15.098  -11.486 0.1428571492
83961  -24.388  18.449  -13.404 0.7142857313
83970  -22.447  18.566  -14.364 0.4285714328
81793  -26.403  15.715  -11.354 0.4285714328
78709  -28.737  11.882  -9.328 0.2857142985
79525  -28.027  12.631  -9.397 0.7142857313
82540  -24.957  16.247  -11.745 0.7142857313
80289  -26.848  13.739  -9.873 0.8571428657
81785  -25.681  15.420  -11.208 0.5714285970
77882  -28.895  10.501  -8.471 0.2857142985
78702  -29.202  11.107  -9.010 0.2857142985
81030  -25.872  14.634  -10.700 0.7142857313
80301  -23.911  13.533  -11.421 0.5714285970
77085  -28.675  9.805  -8.106 0.1428571492
78708  -27.655  11.775  -9.044 0.7142857313
77076  -29.260  9.315  -7.860 0.1428571492
70260  -23.663  1.821  -9.302 0.5714285970
72743  -25.331  4.138  -9.040 0.8571428657
72742  -24.503  4.024  -9.389 0.8571428657
71906  -23.995  3.256  -9.491 0.4285714328
77094  -25.802  9.606  -9.543 0.8571428657
76205  -26.624  8.166  -8.867 0.8571428657
112709  -25.886  11.260  -9.340 0.8571428657
76196  -29.085  8.489  -7.595 0.2857142985
77083  -26.643  9.563  -8.906 0.8571428657
78707  -26.666  11.540  -9.109 0.8571428657
112255  -25.997  13.747  -10.199 0.8571428657
75322  -29.533  7.728  -7.262 0.4285714328
120583  -27.993  9.500  -8.200 0.7142857313
78700  -27.246  10.956  -8.753 0.7142857313
69458  -23.261  0.900  -9.348 0.2857142985
71082  -24.287  2.459  -9.105 0.5714285970
75330  -26.267  7.455  -8.926 0.8571428657
76215  -26.327  8.833  -9.302 0.8571428657
119884  -28.589  7.690  -7.516 0.4285714328
76194  -27.273  8.234  -8.304 0.8571428657
76206  -26.930  8.852  -8.650 0.8571428657
115318  -29.103  7.019  -7.127 0.4285714328
66113  -24.490  -3.696  -7.759 0.7142857313
66974  -24.045  -2.415  -8.355 0.4285714328
66114  -25.442  -3.352  -7.595 0.7142857313
67798  -25.353  -1.635  -8.361 0.8571428657
67809  -24.846  -1.050  -8.613 0.5714285970
69446  -23.770  0.229  -9.001 0.5714285970
68619  -23.282  -0.457  -9.031 0.4285714328
68608  -25.607  -0.087  -8.299 0.8571428657
68620  -24.754  -0.210  -8.661 0.5714285970
70246  -23.682  1.116  -9.168 0.5714285970
70248  -24.838  1.210  -8.583 0.7142857313
70247  -24.235  1.534  -8.882 0.5714285970
118053  -27.261  4.641  -7.693 0.7142857313
73586  -27.190  5.351  -7.716 0.7142857313
73597  -26.780  5.985  -7.916 0.7142857313
74419  -26.510  6.762  -8.456 0.8571428657
72712  -28.961  4.884  -6.532 0.2857142985
73587  -28.340  5.559  -7.188 0.4285714328
74408  -28.675  6.222  -7.182 0.5714285970
64532  -25.116  -5.682  -7.436 0.4285714328
65334  -24.268  -4.550  -7.611 0.4285714328
66112  -23.576  -4.016  -7.891 0.4285714328
110460  -26.104  -1.930  -7.977 0.7142857313
124789  -25.949  -1.279  -8.154 0.7142857313
72711  -28.434  4.174  -6.721 0.2857142985
72710  -27.871  3.813  -7.138 0.5714285970
63703  -24.596  -6.413  -7.363 0.4285714328
63702  -23.586  -6.249  -7.160 0.5714285970
65335  -25.083  -4.274  -7.502 0.5714285970
71051  -28.634  1.895  -6.316 0.4285714328
120344  -28.423  2.672  -6.559 0.4285714328
71860  -28.826  3.486  -6.252 0.4285714328
71859  -28.142  3.351  -6.831 0.4285714328
61968  -24.126  -8.881  -6.513 0.5714285970
66091  -28.884  -3.552  -5.487 0.4285714328
68588  -28.777  -0.517  -5.763 0.4285714328
68598  -28.186  -0.638  -6.266 0.4285714328
69401  -29.311  0.384  -5.515 0.4285714328
70198  -28.867  1.132  -5.976 0.4285714328
57512  -25.614  -13.081  -2.580 0.1428571492
118395  -28.607  -1.929  -5.652 0.4285714328
67776  -28.991  -1.302  -5.385 0.4285714328
59421  -25.947  -11.866  -3.736 0.1428571492
59422  -26.559  -11.517  -3.351 0.1428571492
109259  -27.101  -9.252  -4.669 0.2857142985
64504  -29.773  -5.048  -4.586 0.2857142985
118865  -30.364  -3.179  -4.399 0.2857142985
65300  -29.617  -4.287  -4.871 0.2857142985
63684  -28.253  -6.279  -5.254 0.4285714328
66922  -29.770  -2.909  -4.740 0.2857142985
66092  -29.445  -3.601  -5.058 0.2857142985
64503  -29.001  -4.851  -5.180 0.2857142985
119324  -29.894  -2.116  -4.594 0.2857142985
66941  -29.238  -2.205  -5.164 0.4285714328
58473  -26.288  -12.269  -2.868 0.1428571492
58472  -25.471  -12.519  -3.440 0.1428571492
60296  -27.309  -10.354  -3.443 0.2857142985
60310  -26.919  -10.172  -4.311 0.2857142985
62813  -28.694  -7.957  -3.813 0.2857142985
63652  -29.550  -6.684  -4.007 0.2857142985
63673  -28.690  -6.772  -4.600 0.2857142985
62828  -28.352  -7.508  -4.494 0.2857142985
64502  -29.076  -5.827  -4.679 0.2857142985
59409  -26.990  -11.757  -2.612 0.1428571492
61116  -28.390  -9.791  -2.690 0.2857142985
59423  -27.117  -11.017  -2.966 0.2857142985
61131  -28.132  -9.320  -3.300 0.2857142985
61130  -27.491  -9.643  -3.795 0.2857142985
60295  -26.747  -10.865  -3.826 0.2857142985
128328  -28.245  -8.373  -3.852 0.2857142985
56583  -24.905  -14.484  -1.549 0.2857142985
57495  -26.094  -13.514  -1.709 0.1428571492
53975  -23.921  -17.723  0.202 0.2857142985
55697  -25.422  -14.918  -0.941 0.2857142985
53051  -22.689  -18.628  0.415 0.2857142985
52125  -22.442  -19.180  0.698 0.1428571492
60283  -27.829  -10.484  -2.595 0.2857142985
117036  -28.512  -8.651  -3.468 0.2857142985
63674  -30.047  -5.814  -4.121 0.2857142985
62829  -28.949  -7.276  -4.085 0.2857142985
64513  -28.456  -5.512  -5.338 0.4285714328
67754  -29.681  -1.386  -4.787 0.2857142985
67797  -24.852  -2.196  -8.321 0.7142857313
69447  -24.354  0.706  -8.782 0.5714285970
116665  -29.249  4.365  -6.063 0.2857142985
72730  -28.423  4.942  -7.022 0.5714285970
79533  -24.512  12.552  -10.724 0.7142857313
114399  -28.158  6.897  -7.513 0.7142857313
81801  -23.003  15.440  -12.332 0.4285714328
81792  -23.812  15.100  -11.756 0.5714285970
81041  -25.080  14.699  -11.207 0.8571428657
78701  -28.206  11.030  -8.730 0.5714285970
111338  -27.511  15.674  -12.060 0.4285714328
82561  -26.836  16.914  -13.043 0.4285714328
86102  -18.827  21.790  -13.371 0.1428571492
84718  -24.358  19.465  -15.686 0.2857142985
83986  -25.669  18.591  -15.437 0.1428571492
85501  -19.621  21.102  -17.798 0.2857142985
53995  -24.590  -17.266  0.153 0.1428571492
53992  -22.139  -17.589  -0.629 0.2857142985
119568  -25.583  -16.057  -0.263 0.1428571492
56584  -25.725  -14.190  -1.271 0.1428571492
58457  -26.505  -12.846  -2.062 0.1428571492
58458  -27.518  -12.087  -1.977 0.1428571492
59410  -27.628  -11.325  -2.239 0.1428571492
121413  -30.132  -7.133  -3.443 0.2857142985
61955  -27.530  -8.492  -4.643 0.2857142985
64531  -24.148  -5.460  -7.434 0.5714285970
63672  -28.053  -7.136  -5.216 0.2857142985
66923  -30.436  -2.528  -4.288 0.2857142985
68567  -30.222  -0.646  -4.527 0.2857142985
66963  -24.726  -2.880  -8.048 0.7142857313
66964  -25.481  -2.437  -8.036 0.5714285970
67807  -23.080  -1.349  -8.898 0.4285714328
67808  -24.506  -1.635  -8.549 0.5714285970
70259  -23.070  1.645  -9.632 0.2857142985
68589  -29.475  -0.537  -5.125 0.2857142985
67775  -28.364  -1.286  -5.943 0.4285714328
117709  -30.055  0.882  -5.004 0.1428571492
71029  -29.247  1.849  -5.755 0.4285714328
71053  -30.381  3.110  -5.343 0.1428571492
71861  -29.737  3.718  -5.674 0.1428571492
72729  -27.851  4.424  -7.254 0.5714285970
72731  -29.151  5.554  -6.849 0.2857142985
77074  -27.633  8.928  -8.176 0.7142857313
79523  -26.040  12.136  -9.683 0.8571428657
76197  -29.941  8.834  -7.753 0.2857142985
77077  -29.997  9.390  -8.111 0.1428571492
83268  -17.260  17.108  -14.863 0.2857142985
77883  -29.597  10.558  -8.823 0.1428571492
80290  -27.591  13.853  -10.102 0.5714285970
78710  -29.556  11.486  -9.710 0.1428571492
79526  -28.816  12.712  -9.813 0.1428571492
81043  -28.322  14.479  -11.691 0.1428571492
81794  -27.084  15.533  -11.365 0.5714285970
80292  -28.909  13.288  -10.850 0.1428571492
81802  -27.786  15.711  -12.867 0.1428571492
84705  -23.897  19.338  -14.862 0.2857142985
83973  -25.409  18.614  -14.509 0.2857142985
83264  -27.016  16.954  -13.845 0.2857142985
83274  -26.981  16.859  -14.653 0.1428571492
110747  -26.883  16.715  -15.468 0.1428571492
127623  -26.698  17.295  -15.904 0.1428571492
117679  -23.412  20.194  -16.332 0.2857142985
84731  -23.698  20.159  -17.142 0.2857142985
84748  -24.351  19.557  -17.546 0.1428571492
84016  -24.888  18.803  -17.700 0.1428571492
54829  -26.000  -16.688  0.207 0.1428571492
64480  -30.508  -5.091  -4.068 0.2857142985
120445  -29.887  5.169  -6.178 0.2857142985
83316  -25.270  17.656  -18.180 0.1428571492
84747  -23.654  20.055  -18.294 0.2857142985
53070  -22.450  -18.095  0.017 0.2857142985
54846  -25.132  -16.686  0.020 0.1428571492
129424  -25.243  -15.544  -0.663 0.1428571492
61141  -26.506  -9.974  -5.188 0.4285714328
59434  -26.267  -11.300  -4.040 0.1428571492
120136  -26.080  0.005  -8.048 0.7142857313
71071  -25.784  2.022  -8.140 0.8571428657
71084  -25.733  2.689  -8.378 0.8571428657
82550  -24.429  16.912  -12.254 0.7142857313
128772  -23.017  18.531  -13.956 0.5714285970
84703  -22.058  19.087  -14.931 0.2857142985
84000  -19.321  17.553  -17.562 0.2857142985
124836  -27.839  2.766  -6.992 0.4285714328
61956  -28.034  -8.144  -4.267 0.2857142985
71083  -25.040  2.013  -8.550 0.5714285970
77891  -26.341  10.538  -8.985 0.8571428657
80281  -25.752  12.922  -9.982 0.8571428657
83998  -17.873  18.387  -17.279 0.2857142985
117288  -25.456  -0.830  -8.396 0.8571428657
85498  -17.139  20.835  -17.280 0.2857142985
86124  -17.605  21.653  -16.099 0.1428571492
85484  -17.260  20.718  -16.678 0.2857142985
84714  -17.408  19.659  -16.418 0.2857142985
85499  -17.562  20.824  -18.098 0.2857142985
85475  -17.616  20.410  -15.892 0.1428571492
84701  -17.555  19.333  -15.690 0.1428571492
85500  -18.142  20.475  -17.967 0.2857142985
85489  -22.958  20.455  -16.828 0.2857142985
86134  -20.690  21.151  -17.419 0.2857142985
85452  -18.716  20.805  -13.811 0.1428571492
85477  -22.733  20.266  -16.037 0.2857142985
84728  -19.310  18.997  -17.340 0.2857142985
128611  -24.629  19.396  -16.266 0.1428571492
84001  -25.138  19.052  -16.090 0.1428571492
84730  -21.067  19.863  -16.265 0.2857142985
127208  -26.142  17.414  -17.160 0.1428571492
83974  -26.215  18.194  -14.830 0.1428571492
84002  -25.376  18.608  -16.988 0.1428571492
84732  -24.149  19.751  -16.456 0.1428571492
82562  -27.446  16.347  -13.370 0.1428571492
83252  -25.179  17.578  -12.567 0.5714285970
83262  -25.659  18.004  -13.143 0.4285714328
83972  -24.398  18.834  -14.155 0.5714285970
81810  -28.118  14.970  -13.140 0.1428571492
81032  -27.872  14.434  -10.818 0.1428571492
83963  -25.998  18.201  -13.947 0.2857142985
83290  -26.653  17.463  -15.155 0.2857142985
83253  -26.061  17.353  -12.719 0.4285714328
82541  -25.857  16.165  -11.653 0.5714285970
127395  -25.306  15.840  -11.501 0.7142857313
80283  -27.383  13.226  -9.628 0.4285714328
81787  -27.265  15.033  -10.906 0.5714285970
79524  -27.051  12.428  -9.375 0.7142857313
80282  -26.501  13.076  -9.714 0.7142857313
77881  -27.983  10.163  -8.426 0.5714285970
77075  -28.435  9.094  -7.905 0.4285714328
71892  -24.831  3.345  -9.098 0.5714285970
115175  -23.755  3.921  -9.689 0.4285714328
71094  -23.317  2.517  -9.724 0.4285714328
75320  -26.917  7.519  -8.419 0.8571428657
76195  -28.093  8.346  -7.885 0.4285714328
77084  -27.338  9.519  -8.408 0.8571428657
75321  -27.687  7.596  -7.915 0.7142857313
116165  -24.002  -3.212  -8.052 0.4285714328
114829  -24.023  -0.874  -8.808 0.4285714328
69448  -25.167  0.574  -8.460 0.7142857313
70235  -25.488  1.319  -8.249 0.8571428657
114946  -27.781  5.147  -7.380 0.5714285970
74407  -27.672  6.018  -7.457 0.7142857313
125957  -24.833  -4.984  -7.470 0.5714285970
65313  -29.135  -4.110  -5.282 0.2857142985
120088  -29.197  -3.014  -5.254 0.4285714328
61943  -27.772  -8.794  -3.918 0.2857142985
66077  -30.038  -3.690  -4.622 0.2857142985
124357  -26.914  -12.325  -2.246 0.1428571492
129961  -27.823  -9.917  -3.162 0.2857142985
61132  -28.851  -9.125  -2.859 0.2857142985
53052  -24.047  -18.422  0.624 0.1428571492
52126  -23.341  -18.963  0.777 0.1428571492
53976  -24.696  -17.977  0.529 0.1428571492
71052  -29.274  2.693  -5.845 0.2857142985
84695  -18.298  19.589  -14.075 0.1428571492
79532  -23.857  11.991  -10.943 0.5714285970
77900  -23.475  10.254  -10.607 0.4285714328
119659  -23.696  11.170  -10.585 0.5714285970
77901  -24.241  9.576  -10.344 0.4285714328
80287  -24.530  13.327  -11.044 0.4285714328
75335  -23.724  7.235  -10.542 0.4285714328
76213  -24.633  8.701  -10.128 0.4285714328
75348  -23.728  7.852  -10.384 0.4285714328
120246  -23.673  8.801  -10.473 0.5714285970
114587  -24.512  10.676  -10.175 0.5714285970
73607  -24.163  5.681  -9.675 0.5714285970
66079  -31.448  -3.269  -3.824 0.1428571492
119188  -30.855  -3.016  -4.100 0.1428571492
66924  -31.321  -2.374  -3.844 0.1428571492
58470  -23.317  -12.840  -4.093 0.2857142985
65301  -30.287  -4.393  -4.404 0.1428571492
65280  -32.835  -4.488  -3.538 0.1428571492
66057  -31.434  -3.949  -3.746 0.1428571492
66059  -33.053  -3.626  -3.763 0.1428571492
66058  -32.238  -3.701  -3.576 0.1428571492
66060  -33.481  -3.309  -4.395 0.1428571492
118295  -30.823  -5.711  -3.654 0.1428571492
64481  -31.604  -5.544  -3.454 0.1428571492
65279  -31.804  -4.641  -3.528 0.1428571492
65302  -34.225  -4.862  -4.775 0.1428571492
121142  -33.818  -5.306  -7.798 0.1428571492
66094  -34.154  -4.168  -6.015 0.1428571492
66104  -33.888  -4.409  -7.107 0.1428571492
57521  -22.771  -13.159  -3.699 0.2857142985
61944  -29.384  -8.385  -3.132 0.1428571492
61945  -30.190  -7.798  -3.023 0.1428571492
62814  -29.485  -7.533  -3.581 0.1428571492
63653  -30.464  -6.471  -3.571 0.1428571492
64464  -32.150  -6.148  -3.197 0.1428571492
63654  -31.321  -6.331  -3.298 0.1428571492
110455  -33.412  -5.376  -3.633 0.1428571492
64505  -34.078  -5.400  -4.302 0.1428571492
64524  -34.426  -5.957  -6.443 0.1428571492
114561  -34.209  -6.148  -7.912 0.1428571492
65324  -34.155  -5.142  -6.776 0.1428571492
56592  -22.035  -14.190  -2.486 0.2857142985
61117  -29.199  -9.709  -2.170 0.1428571492
61118  -30.104  -9.337  -2.042 0.1428571492
61932  -30.268  -8.573  -2.503 0.1428571492
62795  -30.927  -8.036  -2.552 0.1428571492
63637  -32.633  -6.719  -2.956 0.1428571492
62815  -30.946  -7.178  -3.009 0.1428571492
63657  -33.984  -5.962  -3.883 0.1428571492
121575  -34.447  -5.659  -5.209 0.1428571492
63675  -34.359  -6.266  -4.561 0.1428571492
65338  -33.686  -5.625  -8.750 0.1428571492
60284  -28.555  -10.269  -2.156 0.1428571492
122734  -30.872  -9.010  -2.048 0.1428571492
61105  -30.794  -9.737  -1.679 0.1428571492
116240  -33.048  -7.850  -2.743 0.1428571492
128161  -30.899  -8.530  -2.304 0.1428571492
124791  -33.541  -7.402  -3.249 0.1428571492
62796  -31.710  -7.687  -2.529 0.1428571492
62798  -33.304  -6.684  -3.190 0.1428571492
60285  -29.151  -10.547  -1.683 0.1428571492
61106  -31.465  -10.190  -1.589 0.1428571492
61104  -29.980  -10.129  -1.664 0.1428571492
61119  -31.562  -9.419  -1.878 0.1428571492
61946  -33.587  -8.260  -3.314 0.1428571492
61935  -33.063  -8.798  -2.653 0.1428571492
61957  -34.065  -7.750  -3.992 0.1428571492
108824  -34.392  -7.233  -4.790 0.1428571492
62816  -34.007  -6.761  -3.800 0.1428571492
60276  -31.978  -10.778  -1.701 0.1428571492
60274  -30.736  -10.518  -1.431 0.1428571492
60287  -33.123  -10.286  -2.853 0.1428571492
60286  -32.660  -10.770  -2.299 0.1428571492
109144  -33.574  -9.117  -3.456 0.1428571492
61121  -33.250  -9.562  -2.959 0.1428571492
63685  -34.545  -6.784  -5.847 0.1428571492
61958  -34.264  -8.191  -4.998 0.1428571492
61120  -32.255  -9.979  -1.932 0.1428571492
61934  -32.397  -8.210  -2.404 0.1428571492
62797  -32.467  -7.407  -2.661 0.1428571492
64534  -34.223  -6.220  -8.867 0.1428571492
65345  -33.679  -5.586  -9.316 0.1428571492
65281  -33.628  -4.430  -4.118 0.1428571492
65314  -34.337  -4.936  -5.657 0.1428571492
66078  -30.759  -3.715  -4.147 0.1428571492
66899  -32.164  -2.893  -3.723 0.1428571492
56593  -22.888  -14.325  -2.564 0.2857142985
63697  -34.576  -7.103  -7.497 0.1428571492
64539  -34.508  -6.033  -9.081 0.1428571492
65346  -34.335  -5.443  -9.376 0.1428571492
74425  -23.949  6.624  -10.169 0.4285714328
65344  -33.192  -5.080  -9.202 0.1428571492
66080  -33.849  -3.314  -5.329 0.1428571492
65337  -33.470  -4.813  -8.223 0.1428571492
67755  -30.567  -1.573  -4.233 0.1428571492
79543  -23.193  12.264  -11.258 0.4285714328
81039  -23.741  14.238  -11.615 0.4285714328
84756  -23.395  19.827  -19.472 0.1428571492
79544  -23.880  12.801  -11.190 0.4285714328
121833  -22.971  20.647  -18.279 0.1428571492
59411  -28.363  -10.941  -1.883 0.1428571492
69402  -30.054  0.180  -4.772 0.1428571492
65278  -30.964  -4.473  -3.894 0.1428571492
128299  -32.643  -3.236  -3.726 0.1428571492
120069  -34.085  -4.107  -4.961 0.1428571492
66901  -33.285  -2.481  -4.322 0.1428571492
124434  -31.124  -5.085  -3.688 0.1428571492
64482  -32.457  -5.363  -3.395 0.1428571492
61931  -29.561  -9.021  -2.543 0.1428571492
63655  -32.928  -6.051  -3.249 0.1428571492
63636  -31.881  -6.889  -2.863 0.1428571492
63656  -33.554  -6.150  -3.505 0.1428571492
61933  -31.550  -8.568  -2.239 0.1428571492
129958  -33.023  -7.190  -2.865 0.1428571492
60273  -29.957  -11.011  -1.272 0.1428571492
109891  -32.292  -9.091  -2.203 0.1428571492
61134  -33.942  -8.651  -4.167 0.1428571492
62842  -34.493  -7.805  -5.960 0.1428571492
121671  -32.799  -9.636  -2.437 0.1428571492
122736  -32.723  -10.161  -2.337 0.1428571492
52124  -21.603  -19.306  0.575 0.1428571492
53050  -21.988  -18.694  0.255 0.1428571492
53049  -20.286  -18.942  -0.125 0.1428571492
53069  -21.632  -18.188  -0.267 0.1428571492
54859  -21.300  -16.265  -1.460 0.1428571492
55693  -21.818  -15.607  -1.859 0.1428571492
54860  -22.273  -16.321  -1.450 0.1428571492
54858  -20.381  -16.211  -1.259 0.1428571492
55692  -20.711  -15.398  -1.701 0.1428571492
55703  -22.367  -14.960  -2.230 0.1428571492
56591  -21.153  -13.993  -2.281 0.1428571492
58456  -22.062  -13.004  -3.391 0.1428571492
57509  -21.637  -13.457  -2.752 0.1428571492
58468  -21.736  -12.175  -3.478 0.2857142985
58469  -22.546  -12.455  -3.855 0.1428571492
59420  -23.127  -11.840  -4.438 0.1428571492
62848  -23.275  -7.674  -6.663 0.4285714328
72757  -23.967  4.657  -9.709 0.2857142985
119531  -23.414  5.970  -10.276 0.2857142985
77104  -22.000  9.015  -10.539 0.2857142985
77899  -22.496  9.899  -10.839 0.2857142985
78716  -22.820  10.827  -10.786 0.2857142985
78717  -23.178  11.557  -10.909 0.4285714328
116369  -22.583  -13.628  -3.027 0.1428571492
59419  -22.171  -11.578  -4.031 0.2857142985
59430  -23.377  -11.066  -5.010 0.1428571492
53991  -21.245  -17.612  -0.754 0.1428571492
56580  -20.653  -14.546  -1.978 0.1428571492
57508  -20.774  -13.224  -2.422 0.1428571492
58455  -21.274  -12.692  -2.927 0.1428571492
60294  -21.632  -10.814  -4.212 0.2857142985
59429  -22.502  -10.785  -4.721 0.2857142985
60315  -24.042  -10.102  -5.749 0.2857142985
61977  -23.464  -8.316  -6.565 0.4285714328
72756  -23.165  4.288  -10.148 0.2857142985
72768  -23.326  5.145  -10.285 0.2857142985
124309  -22.574  4.698  -10.856 0.2857142985
76224  -22.609  8.064  -10.603 0.2857142985
75345  -21.544  7.679  -10.740 0.2857142985
77106  -23.075  9.368  -10.617 0.2857142985
60305  -23.219  -10.160  -5.392 0.2857142985
71905  -23.169  3.449  -9.943 0.2857142985
71904  -22.575  3.047  -10.283 0.2857142985
73621  -22.698  5.686  -10.837 0.2857142985
74439  -22.466  6.450  -10.979 0.2857142985
74440  -23.190  6.591  -10.762 0.2857142985
112205  -22.858  7.056  -10.979 0.2857142985
75346  -22.080  7.022  -10.939 0.2857142985
76225  -23.292  8.223  -10.487 0.2857142985
73620  -22.032  5.135  -11.210 0.2857142985
117359  -22.115  5.890  -11.079 0.2857142985
63693  -24.075  -7.248  -7.172 0.4285714328
61150  -23.638  -9.449  -5.961 0.4285714328
54843  -21.739  -17.011  -1.170 0.1428571492
77105  -22.704  8.631  -10.558 0.2857142985
75347  -23.072  7.671  -10.647 0.2857142985
56581  -21.452  -14.829  -2.165 0.1428571492
59418  -21.334  -11.406  -3.673 0.2857142985
76223  -22.000  8.223  -10.637 0.2857142985
115552  -21.727  5.820  -11.064 0.2857142985
64521  -22.656  -6.057  -6.910 0.2857142985
125040  -23.577  -4.838  -7.570 0.2857142985
87542  -20.613  23.400  -18.704 0.1428571492
86822  -20.963  23.154  -19.522 0.1428571492
86159  -19.622  22.549  -18.867 0.1428571492
86148  -21.595  21.545  -18.412 0.1428571492
87535  -21.142  23.625  -18.093 0.1428571492
86146  -20.081  21.858  -18.336 0.1428571492
86145  -18.007  21.528  -18.895 0.1428571492
88255  -18.080  23.930  -15.743 0.1428571492
64530  -23.185  -5.441  -7.331 0.2857142985
65333  -22.921  -4.702  -7.610 0.2857142985
85513  -22.354  21.235  -18.855 0.1428571492
86823  -21.461  22.965  -20.172 0.1428571492
85503  -22.423  20.911  -17.604 0.1428571492
86160  -20.831  22.427  -19.034 0.1428571492
86161  -21.718  21.989  -19.664 0.1428571492
85488  -22.173  20.592  -16.669 0.1428571492
117943  -18.963  21.794  -18.684 0.1428571492
85502  -21.561  21.120  -17.350 0.1428571492
87540  -19.086  23.153  -18.617 0.1428571492
87521  -18.158  23.679  -16.790 0.1428571492
86814  -18.468  22.489  -19.009 0.1428571492
86803  -17.146  22.320  -17.881 0.1428571492
86795  -16.638  22.748  -16.931 0.1428571492
86144  -17.665  21.639  -18.775 0.1428571492
86147  -20.935  21.618  -18.079 0.1428571492
86816  -20.136  22.918  -18.974 0.1428571492
87534  -20.297  23.628  -17.751 0.1428571492
86817  -20.816  22.914  -19.450 0.1428571492
86815  -19.168  22.716  -18.868 0.1428571492
87524  -20.844  23.627  -17.265 0.1428571492
86158  -18.387  22.386  -18.996 0.1428571492
86166  -21.498  22.627  -20.076 0.1428571492
71915  -22.084  3.504  -10.737 0.1428571492
72755  -22.520  3.875  -10.555 0.1428571492
72767  -22.054  4.275  -11.077 0.1428571492
74438  -21.830  6.424  -10.979 0.1428571492
73617  -20.010  6.204  -10.572 0.1428571492
113869  -20.986  7.016  -10.786 0.1428571492
112034  -21.457  7.021  -10.836 0.1428571492
75343  -20.390  7.453  -10.650 0.1428571492
77102  -20.863  8.622  -10.739 0.1428571492
76221  -20.446  8.279  -10.705 0.2857142985
66973  -23.194  -2.281  -8.615 0.2857142985
66972  -22.441  -2.060  -8.694 0.1428571492
69457  -22.614  1.054  -9.678 0.1428571492
71092  -21.792  2.393  -10.445 0.1428571492
113518  -30.075  7.088  -6.938 0.1428571492
71914  -21.619  3.866  -10.898 0.1428571492
77898  -21.752  9.589  -10.826 0.1428571492
77115  -20.852  9.186  -10.888 0.2857142985
119895  -21.678  11.242  -11.496 0.2857142985
81037  -20.069  13.811  -11.923 0.2857142985
81798  -20.288  15.104  -12.734 0.2857142985
83957  -17.759  18.333  -14.321 0.1428571492
82538  -19.789  16.594  -10.884 0.1428571492
77909  -21.244  9.742  -11.055 0.2857142985
79542  -22.428  12.525  -11.466 0.2857142985
81038  -22.093  14.191  -11.733 0.2857142985
80297  -20.409  12.910  -11.420 0.2857142985
125337  -22.031  15.350  -12.640 0.2857142985
81049  -21.097  14.318  -12.012 0.2857142985
81806  -19.441  15.717  -13.123 0.1428571492
81036  -19.524  14.237  -12.027 0.2857142985
83951  -19.209  17.961  -12.971 0.1428571492
83952  -19.858  18.613  -12.371 0.1428571492
80296  -19.725  12.813  -10.937 0.1428571492
79531  -19.667  12.155  -10.693 0.1428571492
77114  -20.423  8.991  -10.926 0.2857142985
111967  -19.734  13.515  -11.383 0.2857142985
81797  -19.723  15.338  -12.614 0.1428571492
81047  -19.830  14.904  -12.371 0.2857142985
82546  -19.300  15.757  -12.240 0.1428571492
81784  -19.576  15.000  -11.198 0.1428571492
122974  -19.320  7.811  -10.324 0.2857142985
81028  -19.404  14.034  -10.877 0.1428571492
82534  -20.333  16.419  -10.166 0.1428571492
75312  -17.890  7.001  -7.180 0.1428571492
76198  -30.633  8.355  -7.703 0.1428571492
125789  -30.105  4.483  -5.767 0.1428571492
126668  -22.184  0.578  -9.639 0.1428571492
70257  -21.337  1.868  -10.165 0.1428571492
75323  -30.446  7.743  -7.284 0.1428571492
71902  -20.237  3.531  -10.223 0.1428571492
72754  -20.205  4.387  -10.380 0.1428571492
72765  -20.852  5.020  -10.901 0.1428571492
73606  -19.700  5.534  -10.338 0.1428571492
125700  -19.955  7.488  -10.642 0.1428571492
76222  -21.371  8.414  -10.651 0.1428571492
76230  -19.867  8.568  -10.765 0.2857142985
78727  -21.158  10.626  -11.445 0.1428571492
79540  -21.005  11.762  -11.548 0.1428571492
121103  -21.519  12.748  -11.508 0.2857142985
79539  -20.117  11.973  -11.213 0.1428571492
80298  -21.188  13.632  -11.599 0.1428571492
81023  -19.444  14.152  -9.937 0.1428571492
117703  -19.473  13.360  -10.704 0.2857142985
82533  -19.475  15.824  -11.403 0.1428571492
83242  -19.424  16.481  -11.794 0.1428571492
73573  -30.028  5.852  -6.559 0.1428571492
74409  -29.606  6.352  -6.879 0.1428571492
74394  -30.515  6.378  -6.778 0.1428571492
81800  -22.092  14.787  -12.271 0.2857142985
82547  -21.492  15.591  -13.057 0.2857142985
83247  -19.059  16.283  -12.744 0.1428571492
82558  -19.769  15.503  -14.223 0.2857142985
80300  -23.189  13.167  -11.486 0.2857142985
69445  -22.851  0.256  -9.314 0.1428571492
68618  -22.546  -0.643  -9.161 0.1428571492
81791  -22.973  14.632  -11.884 0.2857142985
113175  -22.956  13.939  -11.615 0.2857142985
77910  -21.933  10.466  -11.198 0.1428571492
118178  -22.117  2.852  -10.511 0.1428571492
72766  -21.587  4.621  -11.119 0.1428571492
73619  -21.445  5.439  -11.081 0.1428571492
120989  -21.073  3.439  -10.694 0.1428571492
116156  -20.845  2.704  -10.415 0.1428571492
129623  -20.998  5.814  -10.896 0.1428571492
74436  -20.621  6.523  -10.735 0.1428571492
75344  -20.984  7.602  -10.715 0.1428571492
71093  -22.524  2.331  -10.155 0.1428571492
76220  -19.874  8.066  -10.559 0.1428571492
109989  -21.008  8.094  -10.695 0.1428571492
77103  -21.286  9.053  -10.678 0.1428571492
70258  -22.230  1.720  -10.076 0.1428571492
77908  -20.563  9.862  -11.149 0.2857142985
79541  -21.818  11.971  -11.471 0.2857142985
78728  -22.428  11.548  -11.230 0.2857142985
81048  -20.112  14.517  -12.336 0.2857142985
81799  -21.122  14.954  -12.663 0.2857142985
83237  -20.518  17.248  -10.548 0.1428571492
80299  -22.240  13.422  -11.559 0.2857142985
84692  -19.368  19.246  -12.840 0.1428571492
81790  -19.569  15.195  -11.996 0.2857142985
123238  -19.742  15.774  -10.534 0.1428571492
116648  -20.490  -11.130  -3.440 0.1428571492
60304  -21.772  -10.105  -4.587 0.1428571492
60292  -19.658  -9.692  -3.857 0.1428571492
61137  -20.059  -8.531  -4.698 0.1428571492
61952  -20.537  -8.072  -5.049 0.1428571492
61139  -21.318  -9.415  -4.814 0.1428571492
61148  -21.706  -8.779  -5.421 0.1428571492
61149  -22.700  -9.207  -5.693 0.1428571492
62838  -21.022  -7.717  -5.391 0.1428571492
62839  -21.781  -7.975  -5.739 0.1428571492
61967  -23.128  -8.760  -6.222 0.1428571492
62847  -22.332  -7.416  -6.265 0.1428571492
61976  -22.702  -8.072  -6.200 0.1428571492
62837  -20.434  -7.559  -5.120 0.1428571492
62846  -21.492  -7.307  -5.861 0.1428571492
66111  -22.618  -3.870  -7.927 0.1428571492
125809  -20.017  8.850  -10.973 0.1428571492
61140  -22.226  -9.672  -5.041 0.1428571492
60293  -20.296  -10.317  -3.915 0.1428571492
61138  -20.370  -9.383  -4.478 0.1428571492
66962  -23.313  -3.139  -8.289 0.1428571492
63692  -22.965  -6.873  -6.746 0.1428571492
60303  -21.039  -10.140  -4.333 0.1428571492
123488  -20.966  -10.763  -3.887 0.1428571492
61129  -19.666  -9.015  -4.295 0.1428571492
61953  -20.818  -8.680  -5.000 0.1428571492
61965  -21.131  -8.208  -5.325 0.1428571492
63682  -20.862  -7.228  -5.469 0.1428571492
61966  -22.379  -8.525  -5.859 0.1428571492
61951  -19.852  -7.879  -4.773 0.1428571492
59408  -20.042  -11.524  -2.676 0.1428571492
71903  -21.593  3.109  -10.688 0.1428571492
71913  -20.986  4.142  -10.771 0.1428571492
73618  -20.424  5.715  -10.685 0.1428571492
74406  -27.250  6.818  -7.906 0.7142857313
74426  -24.620  6.467  -9.564 0.7142857313
74437  -21.324  6.308  -10.896 0.1428571492
77880  -27.160  10.213  -8.590 0.7142857313
77892  -29.914  10.818  -9.407 0.1428571492
79535  -28.777  13.178  -10.258 0.1428571492
80284  -28.219  13.294  -9.856 0.1428571492
80302  -28.522  13.853  -11.218 0.1428571492
81031  -26.856  14.479  -10.352 0.5714285970
81786  -26.543  15.198  -10.907 0.5714285970
82542  -26.797  16.085  -11.826 0.4285714328
82552  -26.415  16.650  -12.312 0.4285714328
83251  -24.419  17.689  -12.614 0.7142857313
83261  -23.984  18.094  -12.928 0.8571428657
83273  -26.582  17.587  -14.309 0.2857142985
83298  -25.891  17.923  -17.117 0.1428571492
83299  -26.377  17.513  -16.602 0.1428571492
83309  -25.744  17.349  -17.610 0.1428571492
83953  -24.807  18.159  -12.945 0.5714285970
83981  -17.468  17.994  -16.763 0.2857142985
84727  -17.272  20.034  -16.970 0.2857142985
84746  -17.807  19.961  -17.596 0.2857142985
85462  -17.851  20.076  -15.226 0.1428571492
86157  -18.023  22.066  -19.289 0.1428571492
86170  -21.847  22.659  -20.450 0.1428571492
86826  -21.847  22.923  -20.511 0.1428571492
110251  -24.818  19.245  -16.850 0.1428571492
111498  -22.291  7.579  -10.773 0.2857142985
117334  -23.769  -1.700  -8.659 0.2857142985
117861  -29.935  8.257  -7.454 0.4285714328
124485  -26.341  17.966  -15.731 0.1428571492
125662  -27.644  10.580  -8.601 0.7142857313
125665  -23.995  8.298  -10.316 0.4285714328
126594  -23.476  13.718  -11.539 0.2857142985
129553  -16.541  22.288  -17.236 0.1428571492
