#!ascii label  , from subject sub-v1s1x0050648_ses-1 vox2ras=TkReg
695
35093  26.755  -34.812  75.685 0.0000000000
54527  42.451  -13.426  56.245 0.0000000000
56430  50.399  -11.798  55.039 0.0000000000
50862  43.299  -17.548  65.169 0.0000000000
39569  31.053  -29.725  71.243 0.0000000000
33567  29.869  -36.220  73.146 0.0000000000
56434  46.599  -12.236  56.239 0.0000000000
56361  45.944  -11.907  60.279 0.0000000000
118481  40.674  -20.995  67.793 0.0000000000
41627  34.520  -27.813  69.499 0.0000000000
62667  51.923  -3.777  46.868 0.0000000000
58339  49.371  -8.865  50.946 0.0000000000
50881  39.037  -16.920  63.190 0.0000000000
110475  41.206  -11.157  63.743 0.0000000000
36815  29.622  -33.381  73.947 0.0000000000
33547  28.460  -35.893  74.993 0.0000000000
55480  44.384  -12.644  55.983 0.0000000000
56398  46.671  -11.949  57.935 0.0000000000
57395  44.249  -11.230  58.789 0.0000000000
43591  41.655  -25.430  66.057 0.0000000000
36836  32.079  -32.339  71.285 0.0000000000
39579  32.490  -28.555  71.112 0.0000000000
37748  33.854  -31.944  69.032 0.0000000000
61813  49.780  -5.219  46.814 0.0000000000
61785  52.005  -5.577  49.028 0.0000000000
60965  50.287  -6.334  49.381 0.0000000000
55505  48.673  -11.935  53.376 0.0000000000
56517  48.980  -11.382  50.921 0.0000000000
58317  50.420  -9.843  53.453 0.0000000000
58315  51.202  -9.488  52.959 0.0000000000
56467  51.315  -11.934  53.890 0.0000000000
115437  42.359  -20.029  66.344 0.0000000000
49986  41.025  -18.567  65.715 0.0000000000
51727  41.209  -16.436  65.757 0.0000000000
112812  39.569  -13.656  63.925 0.0000000000
53461  41.995  -14.440  65.566 0.0000000000
107176  43.182  -12.148  64.054 0.0000000000
51744  43.881  -16.017  63.722 0.0000000000
35940  31.381  -33.171  73.151 0.0000000000
54559  47.270  -13.295  53.181 0.0000000000
56432  49.063  -11.789  55.316 0.0000000000
55454  48.570  -12.925  57.359 0.0000000000
53556  47.980  -14.522  58.894 0.0000000000
44500  37.630  -24.234  69.946 0.0000000000
44513  40.315  -23.978  68.506 0.0000000000
46502  42.775  -22.729  66.829 0.0000000000
47388  44.394  -21.741  64.917 0.0000000000
48287  45.005  -20.330  62.657 0.0000000000
114472  35.264  -24.557  70.239 0.0000000000
41640  35.706  -26.988  67.843 0.0000000000
61824  53.052  -4.323  45.987 0.0000000000
60044  48.901  -7.679  48.914 0.0000000000
60016  50.620  -7.646  51.373 0.0000000000
58331  51.899  -9.653  51.366 0.0000000000
124403  42.214  -11.691  59.877 0.0000000000
56349  44.395  -10.812  61.908 0.0000000000
53523  44.501  -13.409  61.451 0.0000000000
33549  26.845  -36.767  75.752 0.0000000000
34329  28.191  -35.487  75.307 0.0000000000
33548  27.746  -36.413  75.289 0.0000000000
55465  43.758  -12.468  56.453 0.0000000000
56400  44.444  -11.549  57.454 0.0000000000
56419  43.169  -12.122  57.363 0.0000000000
36864  32.892  -32.059  69.606 0.0000000000
124612  49.029  -5.604  46.584 0.0000000000
61799  50.396  -5.506  48.332 0.0000000000
60975  49.275  -6.470  48.297 0.0000000000
56468  49.852  -10.929  54.279 0.0000000000
115354  49.497  -11.080  53.577 0.0000000000
57462  50.403  -10.812  54.233 0.0000000000
57474  50.467  -10.230  53.770 0.0000000000
49974  42.966  -18.363  65.509 0.0000000000
50856  41.740  -17.643  65.648 0.0000000000
117543  42.152  -17.014  65.528 0.0000000000
53449  41.495  -15.084  65.734 0.0000000000
51732  42.812  -16.215  65.303 0.0000000000
52595  43.433  -15.443  64.464 0.0000000000
50869  44.144  -17.552  64.330 0.0000000000
35929  30.682  -33.468  73.592 0.0000000000
122716  31.051  -34.943  72.848 0.0000000000
35123  31.440  -34.533  72.422 0.0000000000
122080  46.343  -13.048  55.179 0.0000000000
54560  46.570  -13.795  53.442 0.0000000000
124903  46.888  -13.018  54.841 0.0000000000
55491  47.661  -12.483  54.857 0.0000000000
56433  48.102  -12.092  55.825 0.0000000000
56413  48.501  -12.139  56.090 0.0000000000
56414  47.490  -12.221  56.564 0.0000000000
56373  46.240  -11.931  59.515 0.0000000000
55443  47.480  -12.896  58.594 0.0000000000
55431  47.201  -13.259  59.431 0.0000000000
53557  47.266  -15.019  59.729 0.0000000000
53542  46.874  -14.296  60.259 0.0000000000
43563  38.315  -25.025  68.391 0.0000000000
44498  39.080  -23.764  69.398 0.0000000000
43578  39.518  -25.118  67.396 0.0000000000
44539  41.994  -24.508  66.914 0.0000000000
46501  43.230  -22.284  66.152 0.0000000000
127755  33.601  -27.963  70.824 0.0000000000
41599  33.950  -26.720  71.087 0.0000000000
115573  35.303  -26.363  70.451 0.0000000000
42608  36.215  -26.074  69.441 0.0000000000
124051  35.181  -27.266  68.818 0.0000000000
62678  51.187  -4.262  45.828 0.0000000000
63614  52.638  -3.819  46.403 0.0000000000
60949  51.926  -6.482  50.024 0.0000000000
57505  49.439  -9.916  51.285 0.0000000000
56533  48.367  -11.082  49.078 0.0000000000
58346  48.979  -9.196  49.823 0.0000000000
59224  48.091  -8.755  48.303 0.0000000000
58345  49.221  -8.264  50.187 0.0000000000
106203  49.523  -7.629  50.222 0.0000000000
59207  49.627  -7.949  50.953 0.0000000000
105846  51.589  -10.964  52.775 0.0000000000
58322  51.146  -9.155  52.396 0.0000000000
47366  39.492  -21.362  67.973 0.0000000000
48242  40.190  -20.687  66.851 0.0000000000
123051  39.952  -18.006  64.241 0.0000000000
49128  40.236  -19.118  63.846 0.0000000000
56326  40.097  -12.299  63.493 0.0000000000
55404  39.159  -13.187  62.009 0.0000000000
56352  40.278  -12.196  62.305 0.0000000000
55421  41.134  -12.442  60.603 0.0000000000
56350  41.854  -11.202  61.666 0.0000000000
57359  43.364  -10.616  60.856 0.0000000000
57327  42.860  -10.233  63.004 0.0000000000
53505  43.026  -13.596  63.001 0.0000000000
54441  43.995  -12.090  62.632 0.0000000000
112231  43.521  -13.656  61.702 0.0000000000
119324  45.087  -14.560  60.686 0.0000000000
35102  29.257  -34.339  74.629 0.0000000000
33558  29.148  -35.628  74.239 0.0000000000
32813  28.863  -37.418  73.161 0.0000000000
33569  28.469  -37.060  74.005 0.0000000000
56435  45.777  -12.208  56.254 0.0000000000
125382  46.857  -12.061  57.273 0.0000000000
56399  45.297  -11.519  57.689 0.0000000000
115079  45.231  -11.363  58.513 0.0000000000
57374  45.612  -11.368  59.803 0.0000000000
115454  31.837  -30.991  71.642 0.0000000000
39567  31.691  -29.504  71.175 0.0000000000
106940  32.265  -30.869  71.056 0.0000000000
38661  32.927  -30.326  69.509 0.0000000000
39604  33.676  -29.456  68.553 0.0000000000
39611  34.342  -29.065  67.848 0.0000000000
37759  34.585  -31.388  68.611 0.0000000000
62661  50.680  -4.684  47.164 0.0000000000
62652  51.733  -4.674  47.990 0.0000000000
61804  50.955  -4.828  47.907 0.0000000000
61787  50.651  -5.751  49.008 0.0000000000
60950  50.994  -6.487  50.210 0.0000000000
55519  48.468  -12.147  52.227 0.0000000000
56500  49.056  -11.478  51.854 0.0000000000
56516  49.367  -10.721  51.610 0.0000000000
57495  49.715  -9.700  52.290 0.0000000000
59189  50.356  -8.842  52.539 0.0000000000
58316  50.502  -9.623  53.279 0.0000000000
57473  51.257  -10.292  53.273 0.0000000000
48234  41.276  -20.760  67.376 0.0000000000
48241  40.867  -20.068  66.620 0.0000000000
49966  41.555  -19.551  66.249 0.0000000000
50863  41.085  -17.693  65.720 0.0000000000
51734  40.083  -16.398  65.045 0.0000000000
52601  39.035  -15.480  63.544 0.0000000000
52590  39.942  -14.981  64.978 0.0000000000
54400  40.527  -13.662  65.212 0.0000000000
55382  41.759  -12.049  64.912 0.0000000000
56312  42.817  -11.385  64.217 0.0000000000
54415  42.490  -12.845  64.745 0.0000000000
124731  43.305  -14.539  64.258 0.0000000000
52609  43.270  -15.197  63.091 0.0000000000
112629  29.953  -32.914  73.351 0.0000000000
37731  31.096  -31.805  72.641 0.0000000000
37730  31.513  -31.629  72.299 0.0000000000
36825  31.869  -32.462  72.196 0.0000000000
35134  32.194  -34.914  70.850 0.0000000000
55506  47.887  -12.630  53.788 0.0000000000
105688  49.166  -11.462  54.798 0.0000000000
56431  49.889  -11.672  55.169 0.0000000000
56412  49.491  -12.094  55.842 0.0000000000
55453  49.348  -13.379  56.875 0.0000000000
123071  49.437  -14.230  57.224 0.0000000000
55455  47.781  -12.609  57.752 0.0000000000
120968  48.162  -13.325  58.128 0.0000000000
46462  36.648  -23.248  69.213 0.0000000000
46460  38.363  -22.655  69.449 0.0000000000
121232  39.557  -22.421  69.172 0.0000000000
47352  40.451  -21.808  68.465 0.0000000000
44526  40.799  -24.390  67.764 0.0000000000
45517  41.633  -23.515  67.784 0.0000000000
47351  41.251  -21.833  68.114 0.0000000000
124354  42.676  -21.270  66.710 0.0000000000
47376  43.395  -20.766  65.750 0.0000000000
49110  44.025  -19.657  65.128 0.0000000000
49126  44.803  -19.124  64.171 0.0000000000
48259  44.932  -20.706  64.170 0.0000000000
44484  36.410  -24.304  70.224 0.0000000000
43565  36.892  -25.721  69.069 0.0000000000
42640  37.307  -26.128  66.849 0.0000000000
40616  35.472  -28.351  67.049 0.0000000000
40615  36.343  -28.295  66.660 0.0000000000
62676  53.315  -3.858  45.296 0.0000000000
60052  48.184  -7.057  47.513 0.0000000000
60043  49.361  -6.913  48.873 0.0000000000
60951  50.251  -6.757  50.052 0.0000000000
59206  51.603  -7.816  51.039 0.0000000000
59188  50.711  -8.671  52.309 0.0000000000
59197  51.639  -8.649  51.471 0.0000000000
58330  52.437  -9.255  50.606 0.0000000000
48260  40.716  -20.316  65.136 0.0000000000
54500  41.195  -13.569  58.218 0.0000000000
55456  42.297  -12.323  58.271 0.0000000000
57396  43.583  -11.192  59.161 0.0000000000
57357  44.646  -10.742  60.405 0.0000000000
56348  45.062  -11.307  61.334 0.0000000000
56321  43.667  -11.039  63.302 0.0000000000
55412  44.731  -12.057  61.923 0.0000000000
54455  45.923  -12.949  61.106 0.0000000000
52629  46.055  -14.713  60.523 0.0000000000
50878  44.566  -17.904  63.219 0.0000000000
50879  43.950  -17.368  62.583 0.0000000000
34330  26.803  -35.849  75.934 0.0000000000
35092  27.643  -35.081  75.525 0.0000000000
117027  27.510  -35.963  75.591 0.0000000000
55466  42.978  -12.654  56.751 0.0000000000
56418  43.724  -12.021  57.040 0.0000000000
61806  49.256  -5.713  47.231 0.0000000000
60983  48.794  -6.350  47.580 0.0000000000
56453  50.231  -11.272  54.666 0.0000000000
57463  50.182  -10.909  54.336 0.0000000000
56452  50.641  -11.403  54.596 0.0000000000
125711  43.621  -18.370  65.132 0.0000000000
50855  42.514  -17.636  65.506 0.0000000000
51724  42.725  -16.858  65.364 0.0000000000
51731  43.261  -16.608  65.051 0.0000000000
49985  43.973  -17.946  64.744 0.0000000000
34346  30.105  -35.486  73.490 0.0000000000
34345  30.535  -34.897  73.440 0.0000000000
34355  30.626  -35.784  72.726 0.0000000000
55479  46.076  -12.628  55.748 0.0000000000
55492  46.883  -12.579  55.504 0.0000000000
56456  47.553  -12.242  55.731 0.0000000000
110313  47.304  -12.228  56.237 0.0000000000
56372  46.817  -12.472  59.093 0.0000000000
108843  46.544  -12.725  60.022 0.0000000000
54485  46.945  -13.619  60.095 0.0000000000
54468  46.445  -13.457  60.674 0.0000000000
42639  38.230  -25.859  66.734 0.0000000000
43579  38.668  -25.321  67.515 0.0000000000
40574  33.860  -28.256  70.036 0.0000000000
41614  33.458  -27.495  71.093 0.0000000000
41613  34.206  -27.415  70.614 0.0000000000
41612  34.728  -26.566  70.814 0.0000000000
41626  34.988  -27.028  70.090 0.0000000000
41641  34.605  -28.113  68.279 0.0000000000
62668  51.411  -4.261  46.670 0.0000000000
62677  52.169  -3.715  46.140 0.0000000000
57506  49.184  -10.059  50.319 0.0000000000
107026  49.874  -8.342  51.762 0.0000000000
55517  51.831  -12.361  52.051 0.0000000000
56498  51.928  -11.227  51.912 0.0000000000
48227  40.091  -21.382  68.283 0.0000000000
113610  39.629  -21.114  67.318 0.0000000000
48235  40.180  -20.977  67.685 0.0000000000
50875  39.626  -17.105  63.901 0.0000000000
127427  38.936  -17.476  62.696 0.0000000000
56325  40.630  -11.768  63.642 0.0000000000
56338  40.135  -12.131  62.978 0.0000000000
56337  40.904  -11.474  62.980 0.0000000000
56351  41.082  -11.702  62.020 0.0000000000
56336  41.715  -10.930  62.572 0.0000000000
57345  42.558  -10.468  62.298 0.0000000000
57314  42.456  -10.477  63.483 0.0000000000
53506  42.894  -14.492  62.467 0.0000000000
53524  42.993  -13.897  62.083 0.0000000000
53525  42.753  -14.891  61.693 0.0000000000
53545  43.104  -14.532  61.272 0.0000000000
122172  28.680  -35.108  75.087 0.0000000000
35103  28.913  -33.933  74.920 0.0000000000
34328  28.962  -35.236  74.662 0.0000000000
34336  29.360  -34.900  74.358 0.0000000000
33559  28.709  -36.190  74.431 0.0000000000
54542  44.097  -13.485  55.429 0.0000000000
54541  44.807  -13.176  55.491 0.0000000000
109282  45.281  -12.625  55.846 0.0000000000
56436  45.116  -12.056  56.427 0.0000000000
56416  45.800  -11.874  56.860 0.0000000000
116224  45.018  -11.658  56.983 0.0000000000
57414  44.737  -11.340  58.268 0.0000000000
57394  44.861  -11.162  59.042 0.0000000000
57393  45.445  -11.344  59.051 0.0000000000
57375  45.038  -10.977  59.715 0.0000000000
37737  32.083  -31.458  71.506 0.0000000000
37743  32.333  -31.724  70.578 0.0000000000
123593  33.632  -32.672  69.473 0.0000000000
37750  32.599  -31.082  69.962 0.0000000000
37749  33.115  -31.173  69.086 0.0000000000
39605  33.219  -29.718  69.160 0.0000000000
37760  33.763  -31.124  68.638 0.0000000000
38671  34.155  -30.708  68.317 0.0000000000
61826  49.311  -5.327  45.994 0.0000000000
62669  50.396  -4.713  46.360 0.0000000000
61805  50.109  -5.317  47.575 0.0000000000
60974  49.907  -6.237  48.778 0.0000000000
60964  50.817  -6.088  49.601 0.0000000000
56484  49.115  -11.511  52.724 0.0000000000
113162  49.795  -10.209  53.837 0.0000000000
56499  49.593  -10.604  52.755 0.0000000000
57485  49.815  -9.529  53.221 0.0000000000
58324  50.414  -9.307  53.013 0.0000000000
57461  50.917  -11.000  54.122 0.0000000000
114374  51.398  -11.334  53.391 0.0000000000
121525  51.550  -12.116  53.204 0.0000000000
49085  41.717  -20.163  66.644 0.0000000000
49965  42.295  -19.296  66.184 0.0000000000
50857  41.283  -17.203  65.717 0.0000000000
115007  41.368  -17.948  65.729 0.0000000000
117376  41.025  -16.909  65.744 0.0000000000
50864  40.622  -17.015  65.419 0.0000000000
51733  40.713  -16.206  65.565 0.0000000000
116732  40.131  -15.723  65.174 0.0000000000
53462  41.308  -14.315  65.735 0.0000000000
54398  41.600  -13.503  65.478 0.0000000000
54399  40.957  -13.118  65.312 0.0000000000
54397  42.235  -13.592  65.178 0.0000000000
55368  42.047  -12.749  65.108 0.0000000000
116263  43.782  -15.980  64.228 0.0000000000
52600  43.654  -15.214  63.975 0.0000000000
109702  43.128  -14.288  63.438 0.0000000000
105583  29.096  -33.216  73.544 0.0000000000
36828  29.276  -32.887  72.635 0.0000000000
36813  31.054  -32.704  73.299 0.0000000000
36827  30.761  -32.465  73.193 0.0000000000
122380  31.265  -32.122  72.941 0.0000000000
36826  31.575  -32.340  72.739 0.0000000000
35939  31.696  -33.070  72.473 0.0000000000
56455  48.407  -11.931  55.232 0.0000000000
56469  48.519  -11.908  54.440 0.0000000000
55464  48.915  -12.561  56.533 0.0000000000
54512  48.841  -13.895  57.692 0.0000000000
54499  47.767  -13.739  58.857 0.0000000000
54498  48.378  -14.146  58.394 0.0000000000
124956  48.771  -14.460  58.103 0.0000000000
53572  48.574  -14.970  58.446 0.0000000000
44483  37.149  -23.846  70.052 0.0000000000
110846  37.498  -22.955  69.391 0.0000000000
118388  37.898  -23.675  69.868 0.0000000000
45504  39.787  -23.549  69.130 0.0000000000
45487  39.300  -23.221  69.540 0.0000000000
45486  39.783  -22.909  69.313 0.0000000000
46474  40.170  -22.428  68.935 0.0000000000
45503  40.506  -23.193  68.815 0.0000000000
43592  40.693  -25.482  66.452 0.0000000000
43576  41.375  -24.851  66.967 0.0000000000
45532  42.743  -23.673  66.661 0.0000000000
45533  42.146  -23.974  67.125 0.0000000000
45516  42.200  -23.130  67.347 0.0000000000
46488  41.575  -22.698  68.005 0.0000000000
46487  42.098  -22.058  67.493 0.0000000000
47365  42.267  -21.263  67.044 0.0000000000
46486  42.703  -21.828  66.800 0.0000000000
46517  43.898  -22.653  65.370 0.0000000000
47389  43.717  -21.679  65.598 0.0000000000
121036  44.107  -21.081  65.223 0.0000000000
48248  44.099  -20.359  65.163 0.0000000000
105437  44.583  -20.860  64.745 0.0000000000
107058  44.757  -21.348  64.405 0.0000000000
40553  31.896  -28.826  71.160 0.0000000000
40562  31.673  -28.346  71.015 0.0000000000
40561  32.205  -28.210  71.170 0.0000000000
44485  34.624  -24.836  70.092 0.0000000000
45492  34.515  -24.635  69.575 0.0000000000
45473  35.509  -24.064  69.734 0.0000000000
113158  35.966  -24.119  70.142 0.0000000000
108919  35.791  -24.683  70.405 0.0000000000
42623  35.815  -26.646  68.847 0.0000000000
42622  36.332  -26.326  68.353 0.0000000000
42621  37.038  -25.953  67.951 0.0000000000
42641  36.417  -26.633  67.089 0.0000000000
39619  35.223  -29.163  67.374 0.0000000000
40627  37.292  -28.226  66.276 0.0000000000
113865  53.109  -3.736  45.987 0.0000000000
61797  51.896  -5.088  48.527 0.0000000000
56518  48.437  -11.770  50.356 0.0000000000
56527  48.107  -11.750  49.623 0.0000000000
59223  48.441  -8.386  48.731 0.0000000000
59231  48.182  -7.857  48.128 0.0000000000
110293  47.716  -7.699  47.401 0.0000000000
60051  48.775  -7.024  48.222 0.0000000000
60025  49.901  -7.367  50.653 0.0000000000
121941  49.792  -7.171  50.024 0.0000000000
60024  50.412  -7.151  50.788 0.0000000000
58323  50.568  -9.170  52.881 0.0000000000
107673  40.828  -19.397  66.220 0.0000000000
49112  40.888  -19.415  65.515 0.0000000000
52596  39.420  -14.668  64.006 0.0000000000
54458  39.199  -13.509  61.441 0.0000000000
55432  41.602  -12.303  59.892 0.0000000000
55433  40.877  -13.095  59.885 0.0000000000
109081  41.429  -12.765  59.292 0.0000000000
55444  41.633  -12.867  58.612 0.0000000000
56375  42.047  -12.076  59.114 0.0000000000
56385  42.858  -11.654  58.692 0.0000000000
56374  42.819  -11.382  59.500 0.0000000000
57343  43.802  -10.463  62.112 0.0000000000
57358  43.986  -10.568  60.547 0.0000000000
106637  44.291  -10.557  61.227 0.0000000000
57356  44.907  -10.865  60.986 0.0000000000
55380  42.877  -12.083  64.394 0.0000000000
56322  43.231  -10.879  63.673 0.0000000000
55402  43.572  -11.856  63.423 0.0000000000
54457  43.959  -12.802  61.965 0.0000000000
111248  45.422  -12.479  61.360 0.0000000000
54456  45.300  -12.986  61.410 0.0000000000
54469  46.046  -13.515  61.008 0.0000000000
53543  45.559  -13.926  61.073 0.0000000000
52642  45.146  -15.274  60.075 0.0000000000
49138  45.066  -19.285  63.532 0.0000000000
50001  44.793  -18.471  63.731 0.0000000000
50009  44.890  -18.714  62.967 0.0000000000
35091  28.465  -34.491  75.258 0.0000000000
55481  43.380  -13.159  55.928 0.0000000000
56417  44.415  -11.995  56.702 0.0000000000
56401  43.683  -11.673  57.687 0.0000000000
57415  44.155  -11.396  58.092 0.0000000000
35976  32.465  -33.429  70.491 0.0000000000
36844  32.491  -32.542  70.261 0.0000000000
36843  33.082  -33.059  69.836 0.0000000000
60982  49.588  -5.919  47.984 0.0000000000
116491  49.167  -11.391  54.200 0.0000000000
57475  50.313  -10.440  53.939 0.0000000000
107287  42.594  -19.178  65.818 0.0000000000
49975  42.206  -18.462  65.725 0.0000000000
51726  41.613  -16.735  65.654 0.0000000000
52583  41.098  -15.636  65.789 0.0000000000
52582  41.566  -15.916  65.700 0.0000000000
52581  42.083  -15.398  65.560 0.0000000000
53448  42.570  -15.057  65.277 0.0000000000
109617  42.513  -14.325  65.140 0.0000000000
52587  43.121  -15.710  65.052 0.0000000000
51740  43.602  -16.290  64.563 0.0000000000
51739  44.056  -16.791  64.179 0.0000000000
35930  29.990  -33.699  74.027 0.0000000000
35111  30.335  -34.191  73.902 0.0000000000
111515  31.083  -34.096  73.281 0.0000000000
115802  31.526  -33.722  72.731 0.0000000000
105675  45.339  -14.043  54.441 0.0000000000
125932  46.290  -13.624  54.445 0.0000000000
120386  47.161  -13.240  54.124 0.0000000000
56396  48.060  -12.396  56.892 0.0000000000
56383  46.468  -11.957  58.706 0.0000000000
56382  47.093  -12.268  58.241 0.0000000000
54484  47.450  -14.279  59.569 0.0000000000
52638  47.875  -15.245  59.057 0.0000000000
52628  46.763  -14.867  60.184 0.0000000000
43548  38.022  -24.686  69.294 0.0000000000
44499  38.356  -23.981  69.702 0.0000000000
44515  38.760  -24.425  69.009 0.0000000000
43562  39.129  -24.798  68.193 0.0000000000
44527  39.974  -24.599  68.023 0.0000000000
109962  42.071  -24.862  66.480 0.0000000000
45531  43.294  -23.240  66.086 0.0000000000
122351  33.184  -28.658  70.612 0.0000000000
113784  32.779  -27.830  71.193 0.0000000000
122248  33.127  -28.066  71.119 0.0000000000
43521  33.113  -26.305  70.614 0.0000000000
43520  33.778  -25.906  70.777 0.0000000000
43519  34.372  -25.677  70.817 0.0000000000
42582  34.971  -25.529  70.739 0.0000000000
43536  35.548  -25.301  70.549 0.0000000000
42609  35.606  -26.551  69.736 0.0000000000
63622  52.676  -3.524  45.422 0.0000000000
122373  52.827  -3.567  45.924 0.0000000000
62666  52.821  -4.133  46.543 0.0000000000
123684  52.109  -6.074  49.399 0.0000000000
117680  49.221  -10.715  50.783 0.0000000000
56526  48.816  -11.062  50.004 0.0000000000
57513  48.764  -10.226  49.383 0.0000000000
58350  48.493  -9.286  48.869 0.0000000000
59217  48.830  -8.422  49.367 0.0000000000
127861  49.177  -7.843  49.664 0.0000000000
60017  50.074  -7.850  51.464 0.0000000000
57484  51.477  -10.170  52.337 0.0000000000
57494  52.175  -10.667  51.214 0.0000000000
47354  39.208  -21.872  68.576 0.0000000000
49995  40.610  -18.730  64.904 0.0000000000
50002  39.736  -18.444  63.366 0.0000000000
116007  39.820  -12.852  63.722 0.0000000000
54443  39.223  -13.373  63.035 0.0000000000
55403  39.681  -12.743  63.024 0.0000000000
116730  39.708  -12.733  62.441 0.0000000000
55414  39.741  -12.876  61.781 0.0000000000
117254  40.508  -12.992  60.629 0.0000000000
55413  40.560  -12.504  61.373 0.0000000000
56365  41.318  -11.938  61.259 0.0000000000
56364  41.916  -11.631  60.672 0.0000000000
56363  42.776  -11.135  60.345 0.0000000000
57360  42.647  -10.840  61.261 0.0000000000
122038  43.228  -10.328  62.494 0.0000000000
57326  43.443  -10.397  62.866 0.0000000000
54428  43.206  -12.769  63.654 0.0000000000
54442  43.374  -12.911  62.730 0.0000000000
126322  43.346  -13.317  62.109 0.0000000000
53544  44.216  -14.077  61.092 0.0000000000
36800  28.855  -33.498  74.300 0.0000000000
35920  29.431  -33.835  74.439 0.0000000000
35101  29.726  -34.274  74.338 0.0000000000
33557  29.581  -35.580  73.870 0.0000000000
32812  29.550  -37.100  72.719 0.0000000000
33568  29.156  -36.456  73.683 0.0000000000
111102  28.006  -36.852  74.730 0.0000000000
55493  45.558  -13.305  55.196 0.0000000000
56415  46.689  -12.078  56.801 0.0000000000
109557  46.169  -11.781  57.612 0.0000000000
57412  46.125  -11.709  58.398 0.0000000000
57392  45.941  -11.620  59.047 0.0000000000
42638  39.141  -25.668  66.711 0.0000000000
38640  31.494  -30.806  71.654 0.0000000000
39568  31.394  -30.006  71.275 0.0000000000
119495  31.767  -30.149  71.351 0.0000000000
38648  32.097  -30.123  71.201 0.0000000000
39593  32.523  -29.342  70.865 0.0000000000
38656  32.552  -30.168  70.537 0.0000000000
111697  33.019  -29.528  70.094 0.0000000000
40588  33.472  -29.031  69.526 0.0000000000
40587  33.989  -28.600  68.853 0.0000000000
110664  34.139  -30.015  68.000 0.0000000000
38670  35.059  -30.657  68.152 0.0000000000
62660  51.558  -4.404  47.371 0.0000000000
61798  51.206  -5.146  48.537 0.0000000000
61786  51.383  -5.555  49.079 0.0000000000
60963  51.546  -5.985  49.598 0.0000000000
55532  48.309  -12.125  51.140 0.0000000000
110041  49.695  -9.043  51.849 0.0000000000
58332  50.142  -8.845  52.526 0.0000000000
56483  51.714  -11.848  52.499 0.0000000000
119138  40.866  -20.533  67.182 0.0000000000
49086  41.333  -20.248  66.796 0.0000000000
49097  41.265  -19.865  66.455 0.0000000000
49977  41.368  -18.805  65.885 0.0000000000
49976  41.650  -18.622  65.843 0.0000000000
49987  40.566  -17.808  65.228 0.0000000000
50870  40.043  -17.152  64.773 0.0000000000
51741  39.746  -16.541  64.357 0.0000000000
51746  38.808  -16.087  62.989 0.0000000000
116554  39.655  -15.730  64.404 0.0000000000
53476  39.982  -14.063  64.746 0.0000000000
114284  41.018  -14.935  65.781 0.0000000000
53463  40.590  -14.412  65.469 0.0000000000
54416  40.274  -13.089  64.624 0.0000000000
55383  40.984  -12.366  64.885 0.0000000000
56314  41.250  -11.558  64.345 0.0000000000
56324  41.880  -10.854  63.995 0.0000000000
55381  42.416  -12.038  64.703 0.0000000000
54414  42.894  -12.972  64.336 0.0000000000
53460  42.992  -14.706  64.792 0.0000000000
125204  42.954  -13.957  64.401 0.0000000000
53488  43.149  -13.621  63.947 0.0000000000
38649  30.784  -30.273  71.388 0.0000000000
36814  30.341  -33.102  73.613 0.0000000000
37738  30.799  -31.228  71.975 0.0000000000
109001  31.252  -31.227  72.027 0.0000000000
38641  31.123  -30.533  71.592 0.0000000000
37729  31.847  -31.809  72.095 0.0000000000
35956  31.934  -33.197  71.516 0.0000000000
108982  32.126  -34.063  70.910 0.0000000000
55520  47.885  -12.741  52.749 0.0000000000
56454  49.776  -11.343  54.732 0.0000000000
117779  50.120  -12.083  55.468 0.0000000000
55478  50.101  -12.653  55.862 0.0000000000
55463  49.581  -12.756  56.281 0.0000000000
56397  47.284  -12.221  57.398 0.0000000000
46476  36.795  -23.130  68.421 0.0000000000
123784  37.926  -22.476  69.003 0.0000000000
45488  38.563  -23.263  69.717 0.0000000000
47341  38.602  -22.261  68.977 0.0000000000
47353  39.740  -21.949  68.826 0.0000000000
43593  39.892  -25.445  66.741 0.0000000000
43577  40.387  -24.974  67.243 0.0000000000
44525  41.531  -24.179  67.478 0.0000000000
45518  41.038  -23.751  68.175 0.0000000000
45502  41.152  -23.144  68.317 0.0000000000
48226  40.874  -21.226  68.038 0.0000000000
107549  41.566  -21.212  67.616 0.0000000000
48233  41.926  -20.691  66.973 0.0000000000
48240  42.653  -20.774  66.539 0.0000000000
47377  43.025  -21.415  66.279 0.0000000000
48239  42.934  -20.256  66.039 0.0000000000
48238  43.475  -19.977  65.538 0.0000000000
49111  43.431  -19.138  65.397 0.0000000000
111457  44.209  -18.880  64.805 0.0000000000
108665  44.622  -19.926  64.579 0.0000000000
48272  45.078  -19.935  63.900 0.0000000000
48273  45.091  -20.704  63.438 0.0000000000
46541  44.658  -22.109  63.700 0.0000000000
47403  44.856  -21.514  63.201 0.0000000000
40563  31.007  -28.935  70.993 0.0000000000
42586  32.237  -27.099  70.711 0.0000000000
46463  35.864  -23.625  69.226 0.0000000000
45472  36.507  -23.802  70.046 0.0000000000
43534  36.893  -24.560  70.165 0.0000000000
43535  36.205  -24.967  70.404 0.0000000000
43550  36.610  -25.345  69.992 0.0000000000
43549  37.297  -24.992  69.595 0.0000000000
43564  37.579  -25.353  68.694 0.0000000000
43580  37.836  -25.574  67.708 0.0000000000
41658  35.185  -27.727  67.641 0.0000000000
41657  35.783  -27.498  66.927 0.0000000000
41677  36.564  -27.448  66.277 0.0000000000
62688  53.543  -3.961  44.703 0.0000000000
112870  49.834  -6.781  49.466 0.0000000000
127801  49.452  -7.332  49.541 0.0000000000
60023  51.339  -7.011  50.755 0.0000000000
59199  50.174  -8.450  52.105 0.0000000000
59198  50.343  -8.326  51.988 0.0000000000
117988  50.910  -8.128  51.744 0.0000000000
59205  52.459  -8.494  50.352 0.0000000000
55467  42.097  -13.173  57.008 0.0000000000
48249  40.480  -20.420  65.996 0.0000000000
54486  40.272  -13.883  59.484 0.0000000000
54513  41.395  -13.723  57.405 0.0000000000
55457  41.849  -13.023  57.827 0.0000000000
110115  42.563  -12.535  57.522 0.0000000000
56402  43.010  -11.915  57.960 0.0000000000
56384  43.600  -11.440  58.372 0.0000000000
57377  43.528  -10.910  60.011 0.0000000000
57376  44.295  -10.909  59.675 0.0000000000
105500  45.171  -10.977  60.308 0.0000000000
56362  45.396  -11.326  60.596 0.0000000000
56347  45.603  -11.882  60.939 0.0000000000
56323  42.665  -10.800  63.932 0.0000000000
57312  43.583  -10.639  63.101 0.0000000000
56335  44.089  -10.849  62.666 0.0000000000
55401  44.133  -11.409  62.669 0.0000000000
55400  44.627  -11.338  61.998 0.0000000000
55411  45.248  -11.896  61.470 0.0000000000
55410  45.682  -12.398  61.143 0.0000000000
55420  46.049  -12.586  60.743 0.0000000000
110304  46.377  -14.155  60.666 0.0000000000
49994  44.431  -18.259  64.288 0.0000000000
50873  44.468  -17.642  63.929 0.0000000000
50874  44.183  -16.986  63.475 0.0000000000
50016  44.710  -19.020  62.254 0.0000000000
51751  43.356  -16.243  62.661 0.0000000000
34327  28.900  -34.560  74.977 0.0000000000
38672  33.444  -30.339  68.622 0.0000000000
39580  32.006  -29.377  71.181 0.0000000000
39581  30.756  -29.590  71.090 0.0000000000
40554  31.419  -29.203  71.122 0.0000000000
40602  34.864  -28.438  67.523 0.0000000000
41601  32.320  -27.570  71.029 0.0000000000
42583  34.548  -26.077  70.976 0.0000000000
42584  33.471  -26.485  70.961 0.0000000000
42596  35.848  -25.770  70.368 0.0000000000
42597  35.182  -25.920  70.799 0.0000000000
44467  34.780  -25.141  70.514 0.0000000000
44514  39.538  -24.209  68.750 0.0000000000
45471  36.948  -23.430  69.784 0.0000000000
45474  34.933  -24.446  69.827 0.0000000000
45489  37.749  -23.273  69.750 0.0000000000
45491  34.916  -24.337  69.407 0.0000000000
46453  36.230  -23.639  69.792 0.0000000000
46459  39.109  -22.729  69.490 0.0000000000
46473  40.883  -22.496  68.536 0.0000000000
47340  39.092  -22.273  69.139 0.0000000000
47367  38.851  -21.810  68.026 0.0000000000
48286  45.150  -19.956  63.312 0.0000000000
49149  45.015  -19.511  62.746 0.0000000000
51725  42.234  -16.245  65.503 0.0000000000
51730  43.770  -17.122  64.644 0.0000000000
51745  39.289  -16.319  63.721 0.0000000000
52588  42.584  -15.723  65.353 0.0000000000
52589  40.584  -15.316  65.522 0.0000000000
54396  42.666  -13.753  64.762 0.0000000000
55369  41.500  -12.728  65.179 0.0000000000
55393  43.250  -11.466  63.928 0.0000000000
55394  40.453  -12.251  64.168 0.0000000000
56313  42.178  -11.339  64.482 0.0000000000
57313  43.088  -10.482  63.372 0.0000000000
57328  42.256  -10.371  62.997 0.0000000000
57344  43.252  -10.435  61.740 0.0000000000
57413  45.685  -11.537  58.345 0.0000000000
106595  43.767  -10.467  61.307 0.0000000000
107603  43.868  -10.591  62.615 0.0000000000
108757  40.987  -13.743  65.628 0.0000000000
111047  44.921  -21.409  63.878 0.0000000000
111494  34.029  -26.150  71.031 0.0000000000
112694  41.742  -10.811  63.352 0.0000000000
117234  39.420  -17.706  63.317 0.0000000000
122604  42.919  -19.738  65.808 0.0000000000
124515  39.292  -13.111  62.515 0.0000000000
124552  35.282  -25.015  70.540 0.0000000000
127073  29.118  -34.703  74.626 0.0000000000
127152  45.786  -11.563  58.721 0.0000000000
127380  40.800  -19.863  66.004 0.0000000000
