#!ascii label  , from subject sub-v1s1x0050648_ses-1 vox2ras=TkReg
883
90849  41.472  32.379  25.230 0.0000000000
92706  46.902  36.795  25.842 0.0000000000
87077  43.558  26.814  29.213 0.0000000000
89520  37.527  30.645  27.480 0.0000000000
87689  40.238  27.148  26.549 0.0000000000
90250  43.906  30.145  19.619 0.0000000000
94307  41.340  38.977  27.408 0.0000000000
93838  38.386  37.297  22.102 0.0000000000
85815  47.222  24.787  33.521 0.0000000000
118761  44.408  21.010  28.819 0.0000000000
111749  47.050  31.692  24.412 0.0000000000
88294  45.686  27.920  26.045 0.0000000000
89506  48.519  30.835  29.919 0.0000000000
87630  43.568  28.133  32.703 0.0000000000
126049  43.305  42.891  20.295 0.0000000000
91595  45.498  33.414  19.869 0.0000000000
85182  42.132  23.365  26.224 0.0000000000
122605  39.705  31.051  26.408 0.0000000000
88922  39.164  29.103  27.192 0.0000000000
88934  40.626  29.272  26.510 0.0000000000
91569  42.659  33.025  22.120 0.0000000000
91549  38.895  33.294  24.017 0.0000000000
93819  35.793  37.821  25.589 0.0000000000
84462  47.010  22.972  33.005 0.0000000000
84467  50.376  22.894  31.746 0.0000000000
126299  49.086  20.883  32.500 0.0000000000
94880  44.724  39.533  15.513 0.0000000000
91545  48.288  33.293  24.654 0.0000000000
105576  48.608  31.233  27.207 0.0000000000
91528  47.329  34.446  28.231 0.0000000000
89485  41.698  30.379  31.549 0.0000000000
89483  44.545  30.479  32.387 0.0000000000
88227  42.147  28.656  32.706 0.0000000000
87030  43.142  25.780  34.617 0.0000000000
93302  43.249  36.548  24.102 0.0000000000
92750  42.480  35.237  21.344 0.0000000000
92167  45.504  34.995  22.976 0.0000000000
91582  47.961  32.316  21.699 0.0000000000
87679  46.403  27.224  26.964 0.0000000000
86513  44.714  25.546  24.802 0.0000000000
86498  43.558  25.401  27.506 0.0000000000
86499  38.476  25.718  28.300 0.0000000000
85852  39.553  24.527  27.036 0.0000000000
90267  44.274  29.413  16.527 0.0000000000
88985  41.207  28.220  20.358 0.0000000000
94324  44.393  38.987  26.474 0.0000000000
119001  45.744  35.182  27.575 0.0000000000
96665  38.948  44.235  26.109 0.0000000000
96232  38.437  42.582  22.567 0.0000000000
111970  39.727  37.526  25.093 0.0000000000
85816  44.916  24.932  31.929 0.0000000000
125040  43.618  23.540  30.646 0.0000000000
84480  46.622  22.971  31.070 0.0000000000
83804  48.923  21.508  28.360 0.0000000000
90846  44.416  32.303  25.220 0.0000000000
89529  43.121  30.354  26.335 0.0000000000
120857  46.496  30.818  26.606 0.0000000000
88920  47.944  29.043  27.872 0.0000000000
122804  45.949  28.777  28.916 0.0000000000
90810  46.399  32.736  30.330 0.0000000000
88874  45.647  30.450  32.228 0.0000000000
87645  43.866  27.626  31.311 0.0000000000
87040  44.185  26.220  33.515 0.0000000000
85139  45.400  24.296  34.100 0.0000000000
96272  42.817  43.080  18.809 0.0000000000
94384  45.025  38.149  18.483 0.0000000000
93351  43.288  36.529  18.938 0.0000000000
92216  44.598  34.512  18.104 0.0000000000
90259  47.219  30.792  18.944 0.0000000000
90893  46.458  31.219  21.970 0.0000000000
88296  43.102  27.940  25.575 0.0000000000
86515  41.828  25.002  25.168 0.0000000000
84503  40.064  22.215  25.931 0.0000000000
84491  42.344  22.362  28.824 0.0000000000
90187  40.551  31.755  25.842 0.0000000000
89532  40.289  30.275  26.419 0.0000000000
90165  41.109  31.167  26.015 0.0000000000
90884  42.052  33.137  23.843 0.0000000000
91559  40.518  33.369  23.352 0.0000000000
111088  40.179  32.935  25.015 0.0000000000
90850  39.817  32.355  25.649 0.0000000000
83759  46.287  21.085  33.429 0.0000000000
83757  48.500  21.399  32.978 0.0000000000
83031  47.960  20.417  33.607 0.0000000000
85197  37.441  23.153  26.378 0.0000000000
92156  47.516  35.265  24.551 0.0000000000
92149  47.675  34.675  26.349 0.0000000000
92703  47.239  35.832  26.730 0.0000000000
88876  40.386  29.763  31.878 0.0000000000
89475  42.085  29.848  32.015 0.0000000000
117774  45.372  37.377  24.648 0.0000000000
92724  43.894  36.000  23.652 0.0000000000
92711  46.402  36.458  24.402 0.0000000000
92166  47.507  34.532  23.647 0.0000000000
87664  44.401  26.887  28.134 0.0000000000
87092  44.694  25.642  26.615 0.0000000000
86487  43.097  25.879  28.749 0.0000000000
88911  36.592  29.424  28.573 0.0000000000
88272  37.169  28.574  28.510 0.0000000000
111755  39.928  27.806  26.864 0.0000000000
87681  38.766  27.582  27.754 0.0000000000
87093  39.923  26.413  27.014 0.0000000000
86509  39.069  25.106  27.805 0.0000000000
86507  40.530  25.555  26.453 0.0000000000
89597  44.116  28.122  18.835 0.0000000000
88362  42.617  27.583  18.768 0.0000000000
89583  42.388  28.409  20.113 0.0000000000
90169  37.552  31.433  27.009 0.0000000000
89521  36.081  31.222  27.810 0.0000000000
94305  42.926  39.155  27.170 0.0000000000
93268  43.411  38.233  27.072 0.0000000000
93254  41.708  37.360  27.458 0.0000000000
107167  38.583  37.779  26.865 0.0000000000
124695  37.443  37.357  24.749 0.0000000000
93815  39.548  37.950  25.893 0.0000000000
93812  42.175  38.684  25.431 0.0000000000
108613  46.122  24.894  32.720 0.0000000000
85158  45.447  24.339  31.725 0.0000000000
84469  47.488  23.987  32.174 0.0000000000
83058  50.666  21.743  29.425 0.0000000000
83792  49.768  21.835  29.036 0.0000000000
83066  50.360  21.205  27.884 0.0000000000
90845  45.650  32.149  24.922 0.0000000000
90182  45.356  31.803  25.720 0.0000000000
115571  46.713  31.676  25.412 0.0000000000
105834  48.515  31.502  28.226 0.0000000000
88919  48.519  29.655  27.773 0.0000000000
89513  49.052  29.696  28.439 0.0000000000
88260  47.101  28.908  28.554 0.0000000000
88898  47.865  29.439  29.349 0.0000000000
91529  44.222  34.119  27.816 0.0000000000
108058  46.305  33.819  29.043 0.0000000000
90811  45.249  32.425  29.868 0.0000000000
88862  44.259  29.730  32.625 0.0000000000
89482  45.247  30.449  32.455 0.0000000000
88875  44.870  29.904  32.659 0.0000000000
88241  44.392  29.151  32.020 0.0000000000
87644  43.898  28.165  32.109 0.0000000000
87062  44.254  26.444  32.721 0.0000000000
87629  43.924  27.367  32.954 0.0000000000
85791  43.117  24.807  35.227 0.0000000000
85790  43.931  24.988  34.929 0.0000000000
96260  43.703  43.238  19.457 0.0000000000
95780  44.675  41.757  18.468 0.0000000000
95301  43.962  41.025  19.453 0.0000000000
95287  37.798  40.151  22.137 0.0000000000
115230  39.086  41.192  21.633 0.0000000000
94826  38.990  38.941  20.896 0.0000000000
92192  43.404  34.683  21.040 0.0000000000
93339  41.582  36.264  20.092 0.0000000000
92760  43.697  34.657  19.704 0.0000000000
124228  44.327  35.090  18.207 0.0000000000
92209  44.831  33.999  18.485 0.0000000000
90942  46.563  31.507  18.299 0.0000000000
91605  46.280  32.661  19.268 0.0000000000
90206  47.983  31.477  22.903 0.0000000000
90224  47.839  30.759  21.293 0.0000000000
106358  47.209  31.509  23.434 0.0000000000
90881  44.978  32.290  23.223 0.0000000000
88930  45.008  29.074  26.403 0.0000000000
105879  43.483  28.600  25.900 0.0000000000
88309  44.120  27.563  25.315 0.0000000000
85861  42.907  23.971  25.266 0.0000000000
118873  43.227  24.976  24.621 0.0000000000
121615  42.513  23.870  24.785 0.0000000000
85869  41.220  23.373  24.930 0.0000000000
114729  40.628  22.309  26.237 0.0000000000
83786  44.305  22.048  30.085 0.0000000000
84486  42.855  22.487  29.613 0.0000000000
83806  43.563  21.366  28.992 0.0000000000
89534  38.212  30.826  27.054 0.0000000000
88923  38.370  29.455  27.532 0.0000000000
88936  38.878  30.091  27.071 0.0000000000
88299  40.038  28.594  26.766 0.0000000000
108920  40.574  27.756  26.460 0.0000000000
90923  43.502  32.099  20.789 0.0000000000
90834  38.268  32.326  26.146 0.0000000000
85151  47.317  24.397  33.701 0.0000000000
84468  48.923  24.045  32.845 0.0000000000
123946  49.949  23.135  32.709 0.0000000000
83769  50.477  22.409  32.037 0.0000000000
90843  48.405  32.174  24.674 0.0000000000
90180  48.415  31.860  25.658 0.0000000000
106338  48.517  32.262  25.624 0.0000000000
91527  47.776  33.262  27.678 0.0000000000
90822  48.152  32.151  29.439 0.0000000000
90143  42.567  31.682  29.932 0.0000000000
90127  44.137  31.267  31.000 0.0000000000
90114  42.494  30.562  31.438 0.0000000000
89474  43.107  29.862  32.273 0.0000000000
88226  42.939  28.821  32.757 0.0000000000
115490  43.239  27.228  33.702 0.0000000000
87617  42.610  27.187  33.830 0.0000000000
87031  42.415  25.886  34.630 0.0000000000
85119  41.500  24.398  35.308 0.0000000000
96724  41.862  43.822  20.890 0.0000000000
93318  40.923  36.131  22.895 0.0000000000
93332  40.423  36.414  21.348 0.0000000000
92726  42.178  35.790  23.180 0.0000000000
92180  43.897  34.768  22.241 0.0000000000
92190  45.204  33.918  21.477 0.0000000000
121082  47.110  32.840  21.223 0.0000000000
91568  47.123  33.367  21.960 0.0000000000
91556  48.297  32.684  23.270 0.0000000000
87685  46.308  26.981  26.299 0.0000000000
117590  45.578  26.336  24.928 0.0000000000
87091  45.668  25.946  25.855 0.0000000000
86505  44.012  25.040  26.224 0.0000000000
85850  42.694  24.046  26.692 0.0000000000
110448  45.667  20.467  26.865 0.0000000000
83079  44.527  20.467  27.466 0.0000000000
86489  37.028  26.014  29.140 0.0000000000
88271  37.975  28.089  28.115 0.0000000000
87085  37.773  26.520  28.620 0.0000000000
86500  37.659  25.420  28.765 0.0000000000
85841  38.265  24.815  28.309 0.0000000000
85185  38.133  23.571  27.091 0.0000000000
85196  38.516  23.028  26.356 0.0000000000
89622  43.296  29.062  16.214 0.0000000000
89615  41.448  29.455  18.264 0.0000000000
93802  45.647  38.022  26.047 0.0000000000
92704  46.216  36.784  26.923 0.0000000000
93266  45.002  37.837  26.645 0.0000000000
92690  43.847  35.762  27.103 0.0000000000
120090  43.320  33.956  27.883 0.0000000000
90814  41.922  32.309  29.418 0.0000000000
90128  41.197  31.612  30.421 0.0000000000
96686  38.557  43.885  24.250 0.0000000000
95734  37.252  41.814  23.336 0.0000000000
94818  36.917  39.140  22.607 0.0000000000
93307  38.643  36.836  23.055 0.0000000000
93826  41.343  37.627  24.789 0.0000000000
93823  44.100  38.467  24.966 0.0000000000
86471  43.756  25.924  30.992 0.0000000000
85830  42.870  25.211  29.518 0.0000000000
113065  44.066  24.341  31.181 0.0000000000
84481  45.113  22.597  30.647 0.0000000000
83794  45.658  21.506  29.569 0.0000000000
84479  48.252  23.321  31.584 0.0000000000
83793  48.019  21.708  29.539 0.0000000000
83069  46.359  20.760  28.193 0.0000000000
90848  42.257  32.337  25.209 0.0000000000
90185  42.559  31.858  25.747 0.0000000000
90184  43.367  31.637  26.056 0.0000000000
90162  44.102  31.144  26.411 0.0000000000
89527  46.180  30.264  26.958 0.0000000000
90161  47.627  30.965  26.488 0.0000000000
89526  47.458  30.320  27.112 0.0000000000
88292  46.831  28.535  27.396 0.0000000000
88281  46.563  27.803  27.082 0.0000000000
117925  46.406  28.142  27.783 0.0000000000
108703  44.236  27.656  28.980 0.0000000000
92142  46.661  35.234  27.779 0.0000000000
91505  47.195  33.553  29.688 0.0000000000
90124  47.661  32.400  30.702 0.0000000000
90126  45.247  31.441  31.522 0.0000000000
90112  46.346  31.646  31.807 0.0000000000
89497  47.480  31.134  31.213 0.0000000000
88888  46.091  30.126  31.411 0.0000000000
88250  44.701  29.079  30.924 0.0000000000
87654  43.816  27.701  30.144 0.0000000000
87063  43.969  26.667  31.694 0.0000000000
85808  45.469  25.323  32.904 0.0000000000
86458  45.675  25.267  33.907 0.0000000000
86460  43.978  26.010  34.020 0.0000000000
108988  45.531  25.072  34.251 0.0000000000
85138  46.476  24.665  34.043 0.0000000000
84449  46.160  23.684  33.502 0.0000000000
95322  44.444  41.082  16.856 0.0000000000
94396  45.724  38.786  17.026 0.0000000000
93368  43.936  36.610  17.574 0.0000000000
93864  40.311  37.320  20.450 0.0000000000
116790  42.911  39.266  19.518 0.0000000000
93880  43.955  37.734  18.769 0.0000000000
92785  44.324  35.989  17.920 0.0000000000
116185  43.719  34.165  17.470 0.0000000000
90954  45.239  31.467  17.479 0.0000000000
89619  46.065  29.838  17.683 0.0000000000
90248  45.635  29.592  18.978 0.0000000000
90921  47.742  31.506  20.121 0.0000000000
90237  46.836  30.355  19.898 0.0000000000
90922  44.618  31.410  20.509 0.0000000000
90910  44.357  32.078  21.471 0.0000000000
90882  43.910  32.702  23.519 0.0000000000
89530  42.012  29.658  26.276 0.0000000000
88297  42.131  27.928  25.820 0.0000000000
87687  41.992  27.004  25.301 0.0000000000
87105  44.705  25.904  24.534 0.0000000000
87694  42.688  26.224  24.863 0.0000000000
114940  41.181  25.603  25.834 0.0000000000
86516  41.046  24.793  25.679 0.0000000000
85194  40.420  23.164  25.446 0.0000000000
85831  42.638  24.478  29.296 0.0000000000
85840  42.427  23.909  28.686 0.0000000000
85183  41.693  22.753  27.305 0.0000000000
124727  43.192  20.637  27.735 0.0000000000
84496  41.082  22.129  27.075 0.0000000000
82355  47.713  19.865  33.290 0.0000000000
82367  48.176  20.292  31.194 0.0000000000
90186  41.274  31.843  25.667 0.0000000000
108807  41.758  32.783  24.663 0.0000000000
90869  40.968  32.870  24.818 0.0000000000
111089  40.707  32.375  25.377 0.0000000000
83758  47.565  20.923  33.547 0.0000000000
92710  47.102  36.290  24.846 0.0000000000
92150  47.427  35.760  25.708 0.0000000000
126083  47.127  36.314  26.314 0.0000000000
93286  45.973  37.241  24.846 0.0000000000
92712  45.633  36.598  24.201 0.0000000000
87084  43.905  26.209  27.907 0.0000000000
88925  36.760  30.325  28.057 0.0000000000
122827  37.216  29.433  28.216 0.0000000000
87680  39.553  27.347  27.180 0.0000000000
90249  44.622  29.141  19.196 0.0000000000
89598  43.383  29.050  19.701 0.0000000000
90153  36.862  31.258  27.443 0.0000000000
94316  41.792  39.323  26.945 0.0000000000
93794  42.554  38.550  27.354 0.0000000000
105928  41.534  38.501  27.609 0.0000000000
93805  39.571  38.255  26.788 0.0000000000
93816  38.870  37.727  26.077 0.0000000000
94318  40.315  38.539  26.511 0.0000000000
94317  41.119  39.033  26.824 0.0000000000
85157  46.784  24.465  32.498 0.0000000000
85156  47.937  24.462  33.216 0.0000000000
83791  50.442  21.591  28.875 0.0000000000
90146  48.679  30.828  29.064 0.0000000000
124209  48.970  30.045  29.293 0.0000000000
88897  48.793  29.532  28.823 0.0000000000
89507  48.325  30.290  30.037 0.0000000000
91522  43.853  33.362  28.366 0.0000000000
90823  44.649  32.918  28.995 0.0000000000
90812  44.017  32.317  29.391 0.0000000000
88225  43.605  28.920  32.562 0.0000000000
88224  43.963  28.980  32.471 0.0000000000
126116  43.735  28.091  32.520 0.0000000000
85130  42.720  24.193  34.985 0.0000000000
96252  43.028  43.369  20.359 0.0000000000
96731  43.311  43.953  19.819 0.0000000000
96251  43.609  43.248  19.963 0.0000000000
95768  43.940  42.087  19.526 0.0000000000
95769  43.479  41.509  19.950 0.0000000000
94348  37.909  38.779  21.681 0.0000000000
125677  38.418  39.094  21.308 0.0000000000
93848  38.677  37.705  21.363 0.0000000000
106107  44.105  34.277  20.399 0.0000000000
92201  44.654  34.023  19.446 0.0000000000
91606  45.398  33.307  18.830 0.0000000000
90864  48.041  31.705  23.918 0.0000000000
90865  45.941  32.025  23.887 0.0000000000
88295  44.600  28.298  25.858 0.0000000000
87692  45.282  27.155  25.280 0.0000000000
85192  42.123  23.388  25.016 0.0000000000
85202  41.525  23.237  24.978 0.0000000000
85193  41.343  22.852  25.889 0.0000000000
83795  44.486  21.513  29.450 0.0000000000
83796  43.498  21.931  29.670 0.0000000000
117683  38.940  30.982  26.687 0.0000000000
89533  39.508  30.406  26.667 0.0000000000
88935  39.739  29.631  26.748 0.0000000000
88298  41.035  28.353  26.373 0.0000000000
90911  42.440  32.560  21.181 0.0000000000
91570  41.841  33.150  21.961 0.0000000000
91560  39.719  33.324  23.617 0.0000000000
91572  39.803  33.196  22.662 0.0000000000
90167  39.115  31.844  26.226 0.0000000000
90833  38.854  32.621  25.661 0.0000000000
90168  38.261  31.633  26.613 0.0000000000
84461  48.361  23.894  33.426 0.0000000000
110651  49.154  23.005  33.099 0.0000000000
83040  48.748  20.916  32.989 0.0000000000
83770  49.443  22.114  32.615 0.0000000000
83039  49.696  21.503  32.220 0.0000000000
83043  50.646  21.816  31.366 0.0000000000
83044  49.494  20.937  31.590 0.0000000000
95323  43.528  40.625  16.684 0.0000000000
94881  43.373  39.952  16.077 0.0000000000
91538  48.403  32.823  25.354 0.0000000000
123405  47.608  34.212  27.265 0.0000000000
91532  48.105  33.160  26.376 0.0000000000
91518  47.905  32.648  28.568 0.0000000000
126068  47.530  33.636  28.797 0.0000000000
120229  42.269  31.171  30.661 0.0000000000
88864  42.623  29.338  32.449 0.0000000000
88216  42.651  27.915  33.240 0.0000000000
87043  41.966  26.606  34.089 0.0000000000
87032  41.514  25.802  34.626 0.0000000000
86439  42.053  25.367  35.184 0.0000000000
86447  41.133  25.193  35.149 0.0000000000
93304  41.653  36.187  23.464 0.0000000000
92725  42.885  35.787  23.410 0.0000000000
92723  44.939  35.752  23.524 0.0000000000
92736  44.100  35.279  23.071 0.0000000000
92168  44.627  35.001  22.841 0.0000000000
111046  44.863  34.464  22.228 0.0000000000
92179  46.001  34.104  22.329 0.0000000000
92155  47.907  34.276  24.338 0.0000000000
91557  47.886  33.568  23.215 0.0000000000
92165  48.149  33.505  23.811 0.0000000000
118342  48.421  32.584  23.953 0.0000000000
87098  45.944  26.387  25.542 0.0000000000
87090  46.048  26.618  26.442 0.0000000000
86506  43.137  24.692  27.134 0.0000000000
85849  43.380  24.472  25.967 0.0000000000
87086  36.960  26.931  29.038 0.0000000000
88283  38.574  28.570  27.661 0.0000000000
87673  38.608  26.676  28.070 0.0000000000
85853  38.681  24.305  27.538 0.0000000000
85184  39.080  23.712  26.723 0.0000000000
90955  44.134  30.765  16.884 0.0000000000
88349  41.765  27.797  19.821 0.0000000000
89599  41.689  28.219  18.642 0.0000000000
88996  41.369  27.969  19.684 0.0000000000
88986  40.435  28.389  20.617 0.0000000000
93811  45.017  38.699  25.900 0.0000000000
93803  45.017  38.338  26.380 0.0000000000
118658  44.553  38.514  26.626 0.0000000000
93252  43.445  36.894  26.989 0.0000000000
92143  43.496  34.697  27.502 0.0000000000
91523  41.782  33.694  28.261 0.0000000000
90795  41.106  32.276  29.774 0.0000000000
97184  39.533  44.647  24.828 0.0000000000
96673  38.738  44.098  25.216 0.0000000000
96219  36.905  41.768  23.799 0.0000000000
95742  36.888  41.068  23.342 0.0000000000
115632  37.159  39.826  22.573 0.0000000000
93828  38.587  37.331  25.010 0.0000000000
109114  38.126  37.017  23.846 0.0000000000
93834  37.785  37.320  22.924 0.0000000000
93827  39.144  36.897  24.164 0.0000000000
93292  40.261  37.042  24.307 0.0000000000
94326  43.071  39.274  25.783 0.0000000000
93824  43.142  38.405  24.996 0.0000000000
94333  43.975  39.104  25.566 0.0000000000
93822  44.698  38.695  25.451 0.0000000000
120771  44.022  25.145  31.405 0.0000000000
85822  43.396  25.158  30.596 0.0000000000
84470  45.997  23.661  31.456 0.0000000000
85165  44.605  23.449  31.061 0.0000000000
83785  45.971  22.030  30.299 0.0000000000
116679  49.806  23.348  32.526 0.0000000000
84478  49.645  23.277  31.876 0.0000000000
83060  46.919  21.222  28.911 0.0000000000
83068  48.136  21.086  27.836 0.0000000000
114114  47.300  20.768  27.434 0.0000000000
90867  43.611  32.666  24.539 0.0000000000
90847  43.286  32.253  25.385 0.0000000000
120065  45.283  31.169  26.435 0.0000000000
122707  44.854  30.192  26.597 0.0000000000
90160  48.377  31.417  26.461 0.0000000000
90181  47.787  31.423  25.825 0.0000000000
88921  47.253  29.400  27.437 0.0000000000
88280  47.164  28.702  27.746 0.0000000000
88270  45.106  28.298  28.802 0.0000000000
92688  46.156  36.063  27.257 0.0000000000
118574  46.769  35.859  27.286 0.0000000000
91507  45.795  33.179  29.399 0.0000000000
91520  46.946  34.077  29.161 0.0000000000
91506  46.816  33.461  29.746 0.0000000000
90809  47.283  32.910  30.466 0.0000000000
112294  44.644  30.990  31.860 0.0000000000
89481  46.099  31.034  32.175 0.0000000000
89480  46.910  31.558  31.823 0.0000000000
89498  46.611  30.897  31.837 0.0000000000
88887  47.146  30.259  30.672 0.0000000000
87653  44.161  28.414  31.069 0.0000000000
86465  44.799  25.657  33.247 0.0000000000
87041  43.473  26.294  34.129 0.0000000000
85128  44.630  24.692  34.531 0.0000000000
85789  44.777  25.078  34.524 0.0000000000
85801  45.625  24.837  34.306 0.0000000000
96740  42.443  43.811  19.189 0.0000000000
96261  41.239  43.579  19.220 0.0000000000
113824  43.163  42.543  18.443 0.0000000000
94852  45.310  39.791  18.431 0.0000000000
111700  45.643  40.037  17.376 0.0000000000
94383  45.719  38.838  18.033 0.0000000000
93885  44.961  37.953  16.978 0.0000000000
93886  44.766  37.388  17.676 0.0000000000
92751  41.702  35.646  21.431 0.0000000000
93333  39.938  36.907  21.048 0.0000000000
93331  41.184  36.025  20.903 0.0000000000
92770  42.597  35.984  19.510 0.0000000000
93863  41.183  37.102  19.975 0.0000000000
93872  41.796  37.746  19.428 0.0000000000
111558  42.893  38.241  19.195 0.0000000000
93871  42.946  37.315  19.010 0.0000000000
92777  44.260  35.639  18.201 0.0000000000
111172  44.427  35.291  18.024 0.0000000000
118643  44.154  35.263  17.726 0.0000000000
91615  44.669  33.910  17.816 0.0000000000
91625  45.009  32.753  17.710 0.0000000000
90953  46.128  30.936  17.756 0.0000000000
90260  46.726  30.632  18.370 0.0000000000
89596  45.948  29.419  18.518 0.0000000000
89595  46.478  30.115  19.029 0.0000000000
91593  47.625  32.160  20.635 0.0000000000
90908  48.042  31.392  20.998 0.0000000000
110761  47.459  30.870  21.786 0.0000000000
90225  46.946  30.640  21.005 0.0000000000
108880  45.905  30.719  20.242 0.0000000000
90909  45.541  31.340  21.239 0.0000000000
90894  45.218  31.870  22.216 0.0000000000
90866  44.702  32.480  24.259 0.0000000000
90163  42.739  31.165  26.202 0.0000000000
118974  42.342  30.419  26.277 0.0000000000
88932  42.522  28.748  26.085 0.0000000000
87099  45.491  25.878  24.962 0.0000000000
123610  44.771  26.650  24.764 0.0000000000
86521  42.481  24.297  24.686 0.0000000000
87108  42.652  25.370  24.768 0.0000000000
87100  41.760  26.131  25.454 0.0000000000
84502  40.707  22.849  25.449 0.0000000000
85195  39.525  23.070  26.044 0.0000000000
114717  39.883  22.599  25.706 0.0000000000
85823  43.065  24.264  30.194 0.0000000000
85171  42.487  23.114  29.263 0.0000000000
85176  42.166  22.941  28.368 0.0000000000
83808  41.703  22.182  28.007 0.0000000000
83092  43.652  20.313  26.898 0.0000000000
108684  42.696  20.445  27.153 0.0000000000
90188  39.922  31.629  26.077 0.0000000000
90166  40.423  31.081  26.180 0.0000000000
119084  40.908  30.579  26.208 0.0000000000
89531  41.157  29.875  26.333 0.0000000000
91558  42.362  33.232  22.900 0.0000000000
116740  41.360  33.364  22.917 0.0000000000
91546  41.200  33.227  24.010 0.0000000000
91547  40.397  33.233  24.254 0.0000000000
91548  39.722  33.227  24.421 0.0000000000
90870  39.341  33.031  25.033 0.0000000000
83772  46.778  21.782  32.963 0.0000000000
83771  47.917  22.236  32.878 0.0000000000
117668  47.836  34.525  25.177 0.0000000000
117733  48.077  33.692  25.558 0.0000000000
92140  47.305  35.176  27.430 0.0000000000
89486  41.027  30.102  31.754 0.0000000000
89476  41.362  29.349  32.226 0.0000000000
88217  41.813  28.029  33.001 0.0000000000
121280  44.053  36.892  24.298 0.0000000000
93301  44.786  36.729  24.201 0.0000000000
92722  46.043  35.769  23.684 0.0000000000
105158  46.560  34.888  23.227 0.0000000000
92721  46.925  35.639  23.976 0.0000000000
87672  45.587  27.228  27.633 0.0000000000
87083  45.219  26.315  27.074 0.0000000000
86488  42.761  24.902  28.434 0.0000000000
88282  39.344  28.185  27.281 0.0000000000
113474  39.207  26.834  27.552 0.0000000000
87094  39.226  26.027  27.721 0.0000000000
86508  39.843  25.376  27.187 0.0000000000
85851  40.338  24.665  26.383 0.0000000000
89613  44.788  28.332  17.736 0.0000000000
89621  44.130  28.480  16.865 0.0000000000
88354  43.271  27.622  18.936 0.0000000000
88348  42.280  27.758  19.903 0.0000000000
88984  41.713  28.066  20.303 0.0000000000
90170  36.950  31.904  26.927 0.0000000000
89514  35.919  30.624  28.310 0.0000000000
88912  36.113  30.034  28.564 0.0000000000
94314  43.607  39.270  26.899 0.0000000000
93804  43.982  38.822  26.901 0.0000000000
93793  43.355  38.960  27.167 0.0000000000
93253  42.672  37.454  27.177 0.0000000000
93806  37.402  37.529  26.434 0.0000000000
93818  36.738  37.530  25.392 0.0000000000
93817  37.951  37.461  25.762 0.0000000000
123894  40.180  38.198  25.761 0.0000000000
93814  40.616  37.915  25.267 0.0000000000
94327  40.856  38.656  26.050 0.0000000000
105634  41.755  39.148  26.245 0.0000000000
84477  50.784  22.445  30.836 0.0000000000
127866  50.190  22.718  30.994 0.0000000000
83782  50.453  22.191  29.955 0.0000000000
83803  50.024  21.514  27.811 0.0000000000
116037  46.455  31.308  26.113 0.0000000000
109015  48.888  30.410  27.867 0.0000000000
88909  48.732  29.256  28.180 0.0000000000
88910  48.191  29.038  28.315 0.0000000000
88899  46.307  29.447  29.908 0.0000000000
125175  45.174  34.451  27.846 0.0000000000
92127  46.288  34.491  28.361 0.0000000000
91521  45.168  33.730  28.481 0.0000000000
89473  44.070  30.022  32.671 0.0000000000
89472  44.718  30.102  32.719 0.0000000000
88889  45.246  29.762  31.989 0.0000000000
117139  43.983  27.314  32.292 0.0000000000
86446  43.265  25.227  35.051 0.0000000000
85129  43.647  24.479  34.795 0.0000000000
97244  42.336  45.046  19.692 0.0000000000
96739  43.210  43.636  19.416 0.0000000000
96271  43.549  42.941  18.917 0.0000000000
95781  44.433  42.187  18.259 0.0000000000
95767  44.263  42.209  18.906 0.0000000000
95300  44.564  41.474  19.016 0.0000000000
94836  44.686  39.582  18.938 0.0000000000
95286  38.168  41.127  22.170 0.0000000000
96244  38.869  42.050  21.994 0.0000000000
95292  38.552  40.379  21.652 0.0000000000
94821  38.812  39.699  21.229 0.0000000000
92762  42.136  35.585  20.402 0.0000000000
92761  42.870  35.033  20.358 0.0000000000
92769  43.104  35.310  19.570 0.0000000000
93350  43.679  35.808  18.848 0.0000000000
92768  43.937  35.162  18.762 0.0000000000
92210  44.392  34.609  18.700 0.0000000000
91614  45.158  33.318  18.178 0.0000000000
91613  46.065  32.439  18.474 0.0000000000
90935  46.865  31.807  18.871 0.0000000000
90205  48.149  31.491  22.365 0.0000000000
90212  48.089  31.072  21.607 0.0000000000
90213  47.964  31.033  22.068 0.0000000000
90214  47.322  31.218  22.524 0.0000000000
90880  46.170  31.645  22.907 0.0000000000
88931  43.887  29.530  26.294 0.0000000000
115660  42.861  29.520  26.228 0.0000000000
86514  43.934  24.888  25.093 0.0000000000
87106  43.971  25.250  24.635 0.0000000000
86520  43.161  24.526  24.810 0.0000000000
85862  41.554  23.976  24.807 0.0000000000
85201  41.956  23.589  24.718 0.0000000000
84482  43.736  22.675  30.341 0.0000000000
85166  42.915  23.259  30.044 0.0000000000
83797  42.764  21.842  29.046 0.0000000000
88924  37.641  29.832  27.790 0.0000000000
89519  38.128  30.174  27.408 0.0000000000
114204  43.723  31.236  19.996 0.0000000000
90238  42.961  30.476  20.008 0.0000000000
90912  41.360  32.440  21.157 0.0000000000
91571  40.526  33.281  22.519 0.0000000000
118786  36.145  37.627  26.887 0.0000000000
114345  36.906  37.578  27.014 0.0000000000
106492  39.493  38.227  27.636 0.0000000000
85150  47.735  24.460  33.485 0.0000000000
85149  48.438  24.194  33.253 0.0000000000
84460  49.156  23.776  32.990 0.0000000000
83768  50.703  22.487  31.482 0.0000000000
83051  51.039  22.038  30.507 0.0000000000
83052  50.450  21.496  30.264 0.0000000000
90844  47.951  31.770  24.970 0.0000000000
90832  48.565  31.953  26.425 0.0000000000
126460  48.244  32.586  26.935 0.0000000000
90827  48.380  32.118  27.446 0.0000000000
90813  42.899  32.263  29.338 0.0000000000
90142  43.561  31.649  30.014 0.0000000000
114421  43.185  31.260  30.602 0.0000000000
111421  43.563  30.774  31.478 0.0000000000
89484  43.455  30.268  32.113 0.0000000000
122835  42.587  30.154  31.895 0.0000000000
88863  43.564  29.484  32.549 0.0000000000
88215  43.286  28.079  33.051 0.0000000000
87616  43.574  27.518  33.235 0.0000000000
87042  42.875  26.548  34.226 0.0000000000
85780  42.574  25.073  35.332 0.0000000000
85792  42.274  24.591  35.326 0.0000000000
85131  41.774  23.948  35.096 0.0000000000
126813  42.423  43.574  20.636 0.0000000000
93320  39.321  36.741  22.327 0.0000000000
93837  39.232  37.125  21.539 0.0000000000
93319  40.208  36.412  22.285 0.0000000000
92739  41.661  35.737  22.451 0.0000000000
124901  42.058  35.498  21.909 0.0000000000
92737  43.350  35.298  22.856 0.0000000000
92749  43.080  35.038  22.003 0.0000000000
111998  44.320  34.315  21.332 0.0000000000
91584  45.558  33.530  20.758 0.0000000000
91583  46.163  33.449  21.379 0.0000000000
92178  47.164  33.928  22.831 0.0000000000
91567  47.955  32.997  22.580 0.0000000000
91566  48.314  32.066  22.543 0.0000000000
90879  48.340  31.933  23.374 0.0000000000
88293  46.333  27.702  26.533 0.0000000000
87686  46.047  26.920  25.629 0.0000000000
86504  44.910  25.489  25.403 0.0000000000
83070  45.022  20.673  28.250 0.0000000000
116917  43.855  20.796  28.347 0.0000000000
114591  37.823  28.987  27.976 0.0000000000
123886  38.119  27.293  28.242 0.0000000000
85842  37.330  24.600  28.537 0.0000000000
89010  43.004  28.275  16.944 0.0000000000
89614  42.041  28.553  17.327 0.0000000000
90239  41.888  30.452  20.460 0.0000000000
89584  41.692  28.879  20.512 0.0000000000
93276  46.194  37.497  25.584 0.0000000000
93264  46.253  37.275  26.356 0.0000000000
93265  45.623  37.592  26.577 0.0000000000
93250  45.583  36.978  26.907 0.0000000000
92689  45.152  36.001  27.162 0.0000000000
93267  44.155  37.941  26.828 0.0000000000
93251  44.618  36.959  26.892 0.0000000000
110193  44.577  34.980  27.448 0.0000000000
90144  41.767  31.779  29.990 0.0000000000
90115  41.431  30.943  30.983 0.0000000000
96705  38.519  43.608  23.383 0.0000000000
96687  37.941  43.367  24.703 0.0000000000
96706  37.861  43.092  23.770 0.0000000000
96233  37.742  42.358  23.058 0.0000000000
95288  37.350  40.642  22.662 0.0000000000
94817  37.501  39.312  22.120 0.0000000000
93849  37.982  37.998  21.737 0.0000000000
93831  35.991  37.876  24.863 0.0000000000
93840  37.113  37.919  22.884 0.0000000000
93839  37.677  37.756  22.342 0.0000000000
93306  39.575  36.636  23.331 0.0000000000
93291  41.049  36.671  23.885 0.0000000000
93290  41.872  36.863  24.283 0.0000000000
93825  42.232  37.796  24.742 0.0000000000
93288  43.676  37.589  24.550 0.0000000000
93287  44.685  37.838  24.692 0.0000000000
93277  45.481  38.089  25.280 0.0000000000
86480  43.219  26.045  29.906 0.0000000000
119115  45.043  21.875  30.042 0.0000000000
83805  45.406  21.023  28.893 0.0000000000
83784  47.319  22.270  30.457 0.0000000000
83783  49.125  22.435  30.519 0.0000000000
117551  46.649  21.661  29.775 0.0000000000
107923  45.945  20.552  27.525 0.0000000000
121731  41.883  31.977  25.565 0.0000000000
121497  43.377  30.999  26.365 0.0000000000
90183  44.254  31.819  25.932 0.0000000000
89528  43.808  30.474  26.428 0.0000000000
88929  46.110  29.026  26.811 0.0000000000
89525  48.416  30.690  27.200 0.0000000000
106808  46.770  36.541  26.669 0.0000000000
92141  47.070  35.173  27.925 0.0000000000
92126  47.046  34.642  28.483 0.0000000000
91519  47.232  33.964  29.081 0.0000000000
90808  47.578  33.173  29.632 0.0000000000
122061  47.805  32.601  30.250 0.0000000000
90140  48.141  31.819  30.254 0.0000000000
90141  44.683  31.765  30.408 0.0000000000
90794  45.871  32.051  30.971 0.0000000000
90113  45.429  31.037  32.217 0.0000000000
90793  46.859  32.330  31.238 0.0000000000
90111  47.096  32.057  31.678 0.0000000000
90125  47.475  31.858  31.405 0.0000000000
89496  47.995  31.381  30.706 0.0000000000
88900  45.439  29.502  30.830 0.0000000000
88261  45.103  29.021  29.810 0.0000000000
87663  44.362  28.427  29.925 0.0000000000
87071  43.586  26.871  30.492 0.0000000000
86470  44.444  25.651  32.113 0.0000000000
85807  46.568  25.085  33.745 0.0000000000
87615  43.765  26.799  33.660 0.0000000000
86459  44.711  25.486  34.111 0.0000000000
86445  43.916  25.502  34.552 0.0000000000
85800  46.385  24.895  34.145 0.0000000000
85137  47.077  24.765  33.844 0.0000000000
84463  45.662  22.157  32.919 0.0000000000
94868  44.451  40.360  16.063 0.0000000000
95794  44.410  41.704  17.590 0.0000000000
118004  45.253  40.690  16.577 0.0000000000
94867  45.470  39.760  16.263 0.0000000000
118576  44.019  37.344  17.107 0.0000000000
92786  43.684  35.891  17.409 0.0000000000
96241  41.803  42.735  20.881 0.0000000000
95757  42.610  42.291  20.575 0.0000000000
120361  39.472  37.576  20.871 0.0000000000
116768  39.987  37.984  20.334 0.0000000000
95295  41.724  40.536  20.369 0.0000000000
95302  42.922  40.472  19.850 0.0000000000
94837  43.861  39.935  19.301 0.0000000000
94372  44.095  38.814  19.032 0.0000000000
93360  43.850  37.014  18.594 0.0000000000
93359  44.249  36.392  18.252 0.0000000000
93879  44.728  37.231  18.207 0.0000000000
93367  44.398  36.807  17.888 0.0000000000
91626  43.823  32.926  17.439 0.0000000000
90266  45.284  30.126  17.181 0.0000000000
90943  45.859  32.124  17.936 0.0000000000
89620  45.231  29.000  17.094 0.0000000000
89612  45.719  29.075  17.882 0.0000000000
109443  45.207  28.798  18.487 0.0000000000
122678  44.962  30.403  19.573 0.0000000000
91594  46.486  32.880  20.397 0.0000000000
91604  47.245  32.047  19.678 0.0000000000
90934  47.487  31.200  19.352 0.0000000000
90223  47.955  30.857  20.892 0.0000000000
90236  47.585  30.584  20.299 0.0000000000
89582  47.168  30.442  19.517 0.0000000000
127143  46.063  30.229  19.446 0.0000000000
110332  43.378  32.614  21.799 0.0000000000
90895  44.155  32.475  22.518 0.0000000000
90896  43.230  32.923  22.784 0.0000000000
90883  42.961  33.009  23.734 0.0000000000
90868  42.630  32.709  24.624 0.0000000000
90164  41.905  31.304  25.982 0.0000000000
118973  41.567  30.509  26.218 0.0000000000
88933  41.592  28.957  26.320 0.0000000000
124589  41.338  27.629  26.035 0.0000000000
87688  41.008  27.042  25.890 0.0000000000
87693  43.413  26.806  24.892 0.0000000000
87107  43.528  25.679  24.529 0.0000000000
87101  40.740  26.399  26.178 0.0000000000
85863  40.764  23.852  25.327 0.0000000000
85864  39.990  23.807  26.130 0.0000000000
123241  42.626  23.812  29.541 0.0000000000
119373  42.608  24.253  27.799 0.0000000000
109690  42.282  23.536  27.597 0.0000000000
83071  42.822  21.232  28.408 0.0000000000
83807  42.093  21.691  28.299 0.0000000000
83072  42.021  20.947  27.715 0.0000000000
82354  48.040  20.344  33.484 0.0000000000
82358  48.389  20.391  32.613 0.0000000000
82359  47.333  19.812  32.021 0.0000000000
83042  50.982  22.204  31.249 0.0000000000
83774  51.023  22.192  30.840 0.0000000000
83781  50.925  22.009  30.048 0.0000000000
85781  41.754  24.915  35.382 0.0000000000
88355  42.674  27.639  19.398 0.0000000000
88356  42.186  27.628  19.430 0.0000000000
88994  43.089  28.012  19.589 0.0000000000
88995  41.910  27.675  19.053 0.0000000000
89003  43.563  27.713  17.896 0.0000000000
89004  42.399  27.764  18.001 0.0000000000
89585  41.009  29.303  20.930 0.0000000000
89610  47.004  30.422  18.932 0.0000000000
89611  46.408  29.886  18.372 0.0000000000
89623  42.492  28.906  16.364 0.0000000000
90235  47.804  30.956  20.165 0.0000000000
90247  47.444  30.685  19.505 0.0000000000
90792  47.357  32.332  31.171 0.0000000000
91530  42.777  33.492  28.270 0.0000000000
92191  44.803  33.875  20.556 0.0000000000
92225  44.462  34.772  17.928 0.0000000000
92738  42.492  35.418  22.467 0.0000000000
92740  40.959  35.990  21.847 0.0000000000
93285  46.550  36.921  25.087 0.0000000000
93289  42.734  37.188  24.456 0.0000000000
93303  42.404  36.333  23.853 0.0000000000
93305  40.301  36.511  23.266 0.0000000000
93340  40.719  36.620  20.625 0.0000000000
93352  42.174  36.792  19.443 0.0000000000
93807  36.397  37.594  26.259 0.0000000000
93808  35.584  37.791  26.388 0.0000000000
93813  41.321  38.489  25.534 0.0000000000
93878  45.338  37.923  17.794 0.0000000000
94306  42.148  39.117  27.296 0.0000000000
94308  40.457  38.630  27.404 0.0000000000
94315  42.709  39.428  26.628 0.0000000000
94325  43.802  39.373  26.262 0.0000000000
94328  35.008  38.179  25.851 0.0000000000
94332  44.486  39.179  25.981 0.0000000000
94343  37.359  38.466  22.305 0.0000000000
94344  36.683  38.631  22.992 0.0000000000
94359  39.500  38.420  20.595 0.0000000000
94360  38.969  38.185  20.946 0.0000000000
94408  45.154  38.772  16.045 0.0000000000
94822  38.136  39.578  21.665 0.0000000000
94835  44.699  40.467  18.967 0.0000000000
94853  45.113  38.986  18.660 0.0000000000
94869  42.689  40.018  16.709 0.0000000000
95284  36.685  40.107  23.069 0.0000000000
95294  42.732  41.425  20.344 0.0000000000
95309  45.024  40.936  18.210 0.0000000000
95321  45.168  41.219  17.288 0.0000000000
95740  38.110  41.934  22.459 0.0000000000
95741  37.547  41.503  22.799 0.0000000000
95755  43.754  42.852  19.680 0.0000000000
95756  43.467  42.401  20.139 0.0000000000
95782  43.808  42.239  18.213 0.0000000000
95793  44.894  41.701  17.905 0.0000000000
95795  43.550  41.391  17.428 0.0000000000
96218  38.197  42.980  23.081 0.0000000000
96259  43.913  42.698  19.285 0.0000000000
96270  44.015  42.681  18.830 0.0000000000
105661  39.792  36.710  21.664 0.0000000000
107647  42.767  44.378  19.640 0.0000000000
107709  37.311  42.340  23.792 0.0000000000
108444  42.430  29.478  20.201 0.0000000000
112956  41.170  28.391  20.650 0.0000000000
117686  38.448  38.427  21.281 0.0000000000
120249  48.191  31.589  21.883 0.0000000000
121599  38.625  43.217  22.777 0.0000000000
122270  47.762  32.046  30.952 0.0000000000
122824  37.440  42.753  24.368 0.0000000000
124080  47.072  31.142  18.714 0.0000000000
124608  50.299  22.902  32.180 0.0000000000
125178  37.799  37.190  24.324 0.0000000000
125432  42.731  25.433  35.055 0.0000000000
125935  42.425  39.312  26.001 0.0000000000
126205  39.841  36.538  22.780 0.0000000000
126795  43.892  32.837  28.839 0.0000000000
