#!ascii label  , from subject sub-v1s1x0050648_ses-1 vox2ras=TkReg
1076
120803  30.583  -22.858  58.099 0.0000000000
62766  38.607  -4.112  38.425 0.0000000000
51049  32.466  -17.491  46.642 0.0000000000
42651  11.614  -26.681  67.201 0.0000000000
45619  23.905  -22.924  61.272 0.0000000000
56590  31.516  -11.329  44.443 0.0000000000
43647  17.620  -24.907  62.374 0.0000000000
109784  16.064  -27.194  65.740 0.0000000000
40704  21.099  -28.458  60.543 0.0000000000
61938  42.683  -5.834  37.591 0.0000000000
50046  31.124  -18.337  57.841 0.0000000000
50101  29.476  -18.749  54.093 0.0000000000
47479  34.026  -21.657  56.658 0.0000000000
66243  42.145  -0.227  36.114 0.0000000000
64574  44.951  -2.593  33.459 0.0000000000
64497  35.132  -2.557  41.699 0.0000000000
59299  38.833  -8.343  41.362 0.0000000000
58421  34.631  -9.596  41.813 0.0000000000
52807  37.296  -15.398  44.751 0.0000000000
45598  28.319  -24.125  61.190 0.0000000000
39587  11.121  -29.907  71.383 0.0000000000
113937  7.097  -29.439  73.574 0.0000000000
41550  5.664  -27.036  76.405 0.0000000000
48330  26.632  -20.676  59.643 0.0000000000
113035  25.901  -26.957  60.346 0.0000000000
52761  27.697  -15.753  50.004 0.0000000000
51849  33.820  -17.099  52.925 0.0000000000
66276  46.661  0.362  30.984 0.0000000000
62778  40.665  -4.920  37.484 0.0000000000
61913  40.649  -6.262  39.583 0.0000000000
48340  32.579  -21.281  57.988 0.0000000000
48349  32.159  -20.668  56.200 0.0000000000
115955  32.087  -22.973  57.305 0.0000000000
66232  39.089  -0.812  38.754 0.0000000000
67075  40.957  0.233  38.173 0.0000000000
107634  40.266  -2.137  37.474 0.0000000000
64546  41.936  -2.967  35.916 0.0000000000
117281  4.533  -29.953  77.655 0.0000000000
112049  34.605  -6.691  41.417 0.0000000000
60108  32.735  -7.037  42.665 0.0000000000
52826  32.333  -15.470  44.687 0.0000000000
53758  33.500  -14.114  43.370 0.0000000000
51936  35.210  -16.732  45.525 0.0000000000
51029  35.405  -17.860  48.543 0.0000000000
41686  13.592  -27.569  66.118 0.0000000000
41650  15.744  -28.562  67.918 0.0000000000
40608  13.505  -29.008  68.138 0.0000000000
40581  12.742  -29.582  70.895 0.0000000000
40611  10.902  -28.404  68.502 0.0000000000
41596  7.477  -26.872  72.098 0.0000000000
41573  6.340  -27.629  75.223 0.0000000000
48310  24.465  -20.720  60.939 0.0000000000
45661  24.883  -23.296  58.759 0.0000000000
43687  23.822  -25.079  58.931 0.0000000000
40656  20.420  -28.938  63.321 0.0000000000
39667  22.586  -29.845  63.284 0.0000000000
50957  32.822  -17.873  55.562 0.0000000000
51839  31.160  -17.529  53.494 0.0000000000
59259  32.626  -8.684  45.080 0.0000000000
55610  31.323  -13.135  45.952 0.0000000000
52801  31.230  -15.566  46.017 0.0000000000
41713  18.746  -27.379  63.534 0.0000000000
41683  17.759  -27.175  65.904 0.0000000000
43624  17.002  -25.817  63.904 0.0000000000
43627  14.692  -24.973  64.542 0.0000000000
44546  13.104  -24.560  66.292 0.0000000000
42767  22.932  -26.027  58.950 0.0000000000
43677  20.825  -25.561  59.886 0.0000000000
42742  19.090  -26.825  61.519 0.0000000000
50919  27.578  -16.738  58.267 0.0000000000
50961  26.587  -17.422  55.094 0.0000000000
50072  29.365  -18.920  56.214 0.0000000000
49211  32.004  -19.897  54.898 0.0000000000
66255  44.363  -0.028  33.931 0.0000000000
65363  42.789  -1.503  34.738 0.0000000000
62805  43.731  -4.526  35.576 0.0000000000
63683  36.595  -3.077  39.763 0.0000000000
61899  38.277  -5.727  40.133 0.0000000000
61880  36.027  -5.832  40.916 0.0000000000
59300  36.556  -8.766  41.427 0.0000000000
55657  37.615  -12.219  42.683 0.0000000000
56631  32.961  -11.241  42.701 0.0000000000
55640  35.574  -12.936  42.851 0.0000000000
45657  28.563  -23.063  58.877 0.0000000000
105941  31.098  -23.701  59.125 0.0000000000
66228  37.860  -0.630  40.595 0.0000000000
123929  10.137  -26.018  69.181 0.0000000000
40584  8.987  -28.568  69.967 0.0000000000
39576  8.532  -29.935  72.118 0.0000000000
38628  8.572  -30.973  74.468 0.0000000000
38621  7.262  -30.991  75.304 0.0000000000
40535  5.432  -29.523  75.861 0.0000000000
40526  4.301  -29.058  76.485 0.0000000000
41553  2.863  -27.753  77.005 0.0000000000
47460  29.083  -21.852  58.668 0.0000000000
45659  26.812  -22.762  59.379 0.0000000000
43657  27.064  -25.640  60.903 0.0000000000
40702  23.185  -28.556  59.883 0.0000000000
51907  30.000  -17.183  47.999 0.0000000000
51854  28.132  -17.272  51.954 0.0000000000
51000  30.716  -18.053  51.356 0.0000000000
51020  32.995  -18.586  49.805 0.0000000000
45653  34.211  -23.559  59.279 0.0000000000
65406  47.776  -0.924  29.444 0.0000000000
65389  45.808  -0.994  32.020 0.0000000000
64592  47.197  -2.583  31.198 0.0000000000
62765  39.429  -4.448  38.047 0.0000000000
61926  40.479  -5.783  38.114 0.0000000000
62753  38.949  -5.037  38.662 0.0000000000
47472  31.638  -22.435  58.188 0.0000000000
47471  32.218  -21.841  57.543 0.0000000000
46611  31.463  -23.010  57.548 0.0000000000
64526  38.331  -2.362  38.768 0.0000000000
65348  39.749  -1.818  37.989 0.0000000000
64538  39.686  -2.733  37.762 0.0000000000
64537  40.320  -2.987  37.316 0.0000000000
39528  3.834  -29.546  77.470 0.0000000000
61856  33.286  -5.458  43.559 0.0000000000
111595  33.186  -6.041  44.320 0.0000000000
51939  32.502  -16.542  45.556 0.0000000000
123449  33.862  -16.369  44.842 0.0000000000
51928  33.695  -17.198  46.028 0.0000000000
51039  34.980  -17.533  46.815 0.0000000000
51040  34.451  -17.815  47.446 0.0000000000
42650  12.114  -26.652  66.719 0.0000000000
41669  13.187  -28.040  66.744 0.0000000000
41652  11.931  -28.183  67.684 0.0000000000
40610  11.637  -28.656  68.325 0.0000000000
41653  11.109  -27.776  68.046 0.0000000000
46564  23.759  -21.992  60.600 0.0000000000
46575  23.793  -22.499  59.660 0.0000000000
44618  23.596  -24.027  59.763 0.0000000000
120044  20.528  -28.927  65.029 0.0000000000
115227  27.046  -14.686  54.802 0.0000000000
51815  33.100  -16.662  55.476 0.0000000000
54696  31.268  -14.020  45.809 0.0000000000
53701  31.135  -14.272  47.120 0.0000000000
43636  17.829  -25.833  62.852 0.0000000000
42715  17.707  -26.271  63.774 0.0000000000
43637  17.258  -25.426  63.162 0.0000000000
44573  15.244  -24.310  64.233 0.0000000000
45552  14.269  -23.559  65.587 0.0000000000
44561  13.523  -25.056  65.466 0.0000000000
42740  22.709  -25.375  61.041 0.0000000000
45621  18.852  -23.711  61.493 0.0000000000
118798  19.394  -25.120  60.831 0.0000000000
42743  18.621  -26.124  61.766 0.0000000000
42713  18.739  -26.954  62.457 0.0000000000
50058  27.845  -18.176  56.990 0.0000000000
50056  29.785  -18.540  56.991 0.0000000000
47487  32.800  -21.416  55.930 0.0000000000
48365  31.806  -20.114  55.126 0.0000000000
48356  33.336  -20.719  55.597 0.0000000000
118459  33.705  -19.800  55.664 0.0000000000
48347  34.597  -20.940  56.813 0.0000000000
66237  41.906  0.273  37.066 0.0000000000
123387  43.203  0.055  35.235 0.0000000000
66248  42.614  -0.439  35.237 0.0000000000
62790  42.573  -4.750  36.367 0.0000000000
63723  42.608  -3.320  35.452 0.0000000000
62789  43.340  -5.009  36.191 0.0000000000
63671  36.038  -3.395  40.166 0.0000000000
62741  36.130  -4.360  40.210 0.0000000000
61902  35.507  -4.907  40.807 0.0000000000
59301  34.619  -8.152  41.550 0.0000000000
123815  35.075  -7.489  41.372 0.0000000000
58431  35.732  -9.397  41.591 0.0000000000
57587  37.615  -10.875  42.074 0.0000000000
57588  36.740  -10.934  42.026 0.0000000000
58399  31.932  -10.141  44.056 0.0000000000
58409  32.168  -9.647  43.303 0.0000000000
56607  32.204  -11.160  43.362 0.0000000000
53738  35.922  -14.919  44.018 0.0000000000
54730  35.060  -13.551  43.074 0.0000000000
53755  36.395  -14.256  43.621 0.0000000000
54715  37.269  -14.188  43.776 0.0000000000
45616  28.218  -23.817  60.897 0.0000000000
106336  29.579  -23.762  60.389 0.0000000000
65320  35.650  -1.696  42.000 0.0000000000
65323  36.190  -1.331  41.562 0.0000000000
64503  36.905  -1.804  40.116 0.0000000000
42666  17.028  -27.121  66.094 0.0000000000
42667  16.629  -27.613  66.646 0.0000000000
39586  12.074  -29.811  71.566 0.0000000000
40569  12.957  -29.683  71.953 0.0000000000
122560  11.581  -29.955  72.093 0.0000000000
39574  10.738  -30.089  72.253 0.0000000000
42604  9.422  -25.638  70.472 0.0000000000
41637  9.094  -27.539  69.573 0.0000000000
42605  8.832  -26.575  70.181 0.0000000000
40551  7.090  -28.695  72.998 0.0000000000
40571  7.548  -28.914  71.662 0.0000000000
124252  7.815  -29.799  72.448 0.0000000000
38637  8.915  -30.801  73.680 0.0000000000
38638  8.096  -30.788  73.855 0.0000000000
38629  7.677  -30.918  74.503 0.0000000000
38630  6.911  -30.540  74.658 0.0000000000
41563  5.908  -27.529  75.931 0.0000000000
40534  5.947  -28.813  75.406 0.0000000000
40525  5.555  -28.502  75.862 0.0000000000
39547  4.878  -29.481  76.313 0.0000000000
41565  4.625  -28.220  76.480 0.0000000000
105205  28.836  -20.947  60.573 0.0000000000
47444  28.950  -21.304  59.523 0.0000000000
47461  28.105  -21.487  58.725 0.0000000000
46600  27.849  -21.947  58.388 0.0000000000
47462  27.140  -21.621  58.731 0.0000000000
43675  25.829  -25.676  59.578 0.0000000000
44616  26.567  -24.154  59.837 0.0000000000
42754  26.350  -26.206  60.357 0.0000000000
41756  21.577  -27.585  59.453 0.0000000000
119370  22.845  -27.503  59.043 0.0000000000
40703  22.328  -28.563  59.957 0.0000000000
39682  23.757  -29.773  62.192 0.0000000000
61055  38.360  -6.695  41.027 0.0000000000
106444  40.208  -6.900  41.077 0.0000000000
120483  40.416  -7.833  41.451 0.0000000000
53681  28.322  -14.632  49.380 0.0000000000
52783  29.412  -15.815  48.395 0.0000000000
113037  29.041  -17.011  48.970 0.0000000000
50103  27.454  -18.260  54.364 0.0000000000
50976  26.919  -17.534  53.798 0.0000000000
50973  28.929  -17.756  52.863 0.0000000000
126725  32.094  -17.407  52.904 0.0000000000
51874  30.333  -17.860  52.117 0.0000000000
51872  32.414  -17.686  52.194 0.0000000000
107371  31.958  -18.648  50.103 0.0000000000
50998  32.942  -18.127  51.447 0.0000000000
51010  34.266  -18.159  50.568 0.0000000000
45655  32.602  -23.812  59.026 0.0000000000
66282  47.360  -0.155  29.736 0.0000000000
65370  44.471  -0.983  33.412 0.0000000000
66254  45.178  -0.736  32.677 0.0000000000
65369  45.071  -1.814  32.956 0.0000000000
64581  46.922  -2.814  31.833 0.0000000000
63757  48.456  -3.702  32.215 0.0000000000
45603  17.732  -22.873  62.395 0.0000000000
45585  16.944  -23.411  62.730 0.0000000000
62777  41.472  -5.128  37.207 0.0000000000
61924  42.425  -6.192  38.439 0.0000000000
61925  41.440  -6.292  38.452 0.0000000000
49190  32.414  -19.513  57.984 0.0000000000
49191  31.569  -19.267  57.204 0.0000000000
48348  32.470  -21.268  56.885 0.0000000000
47480  32.656  -21.945  56.692 0.0000000000
46609  33.085  -22.454  56.904 0.0000000000
67069  40.789  0.488  38.993 0.0000000000
66235  40.285  -0.100  38.494 0.0000000000
66239  40.551  -0.492  37.801 0.0000000000
65358  41.134  -1.545  36.570 0.0000000000
65357  41.723  -1.960  35.945 0.0000000000
64547  41.327  -2.629  36.441 0.0000000000
63699  41.192  -4.199  37.032 0.0000000000
39527  5.293  -30.253  77.598 0.0000000000
63659  34.406  -3.466  42.448 0.0000000000
117499  34.189  -4.788  41.689 0.0000000000
62719  33.775  -4.657  42.343 0.0000000000
61040  33.179  -6.680  42.201 0.0000000000
116849  33.037  -8.296  42.178 0.0000000000
54716  31.876  -13.841  44.175 0.0000000000
55643  32.358  -12.709  43.411 0.0000000000
118604  33.111  -14.712  43.786 0.0000000000
52824  34.360  -15.684  44.255 0.0000000000
52808  35.892  -16.233  45.110 0.0000000000
51925  36.425  -16.879  46.370 0.0000000000
124011  37.018  -17.200  48.026 0.0000000000
43643  28.835  -25.149  61.925 0.0000000000
42668  15.036  -27.276  65.509 0.0000000000
41684  15.663  -27.862  66.270 0.0000000000
41668  14.192  -28.342  66.716 0.0000000000
40607  14.332  -29.025  68.112 0.0000000000
107041  14.243  -29.242  68.890 0.0000000000
106055  12.016  -29.457  69.875 0.0000000000
40582  10.973  -29.336  69.770 0.0000000000
42579  8.158  -26.140  71.758 0.0000000000
42572  7.406  -26.749  73.020 0.0000000000
41588  7.046  -27.528  73.597 0.0000000000
40543  6.423  -28.695  74.664 0.0000000000
116025  6.738  -27.676  74.478 0.0000000000
41562  6.579  -26.661  75.773 0.0000000000
42557  6.186  -26.499  76.386 0.0000000000
48321  25.903  -20.513  60.098 0.0000000000
46587  25.392  -21.889  58.963 0.0000000000
46588  24.422  -22.440  59.132 0.0000000000
44629  24.540  -24.111  58.732 0.0000000000
42765  25.088  -26.078  59.179 0.0000000000
40688  20.643  -28.646  61.395 0.0000000000
40687  21.467  -28.962  61.359 0.0000000000
40665  21.184  -29.385  62.863 0.0000000000
58427  39.450  -9.496  41.671 0.0000000000
52744  27.112  -15.265  51.293 0.0000000000
50099  30.842  -18.333  54.287 0.0000000000
50966  30.647  -17.665  53.505 0.0000000000
51826  32.092  -16.962  54.519 0.0000000000
51825  32.481  -16.643  54.548 0.0000000000
67114  46.920  1.083  31.860 0.0000000000
39530  1.979  -29.054  78.033 0.0000000000
58392  32.381  -9.556  45.336 0.0000000000
57558  31.533  -10.794  45.181 0.0000000000
56581  31.338  -11.634  45.354 0.0000000000
111839  31.337  -13.835  45.045 0.0000000000
52812  31.738  -15.440  45.281 0.0000000000
114187  31.411  -16.415  46.289 0.0000000000
41696  19.419  -28.158  65.377 0.0000000000
116641  18.814  -27.695  65.961 0.0000000000
41698  18.279  -27.267  65.326 0.0000000000
42701  17.386  -26.478  64.520 0.0000000000
42688  16.337  -26.701  65.106 0.0000000000
44572  15.872  -24.614  63.717 0.0000000000
43626  15.401  -25.252  64.187 0.0000000000
43612  14.946  -25.867  64.620 0.0000000000
43614  13.588  -26.079  65.289 0.0000000000
43600  12.973  -25.627  65.859 0.0000000000
43586  11.927  -25.734  67.105 0.0000000000
44603  23.382  -24.907  60.016 0.0000000000
43659  22.937  -25.380  60.160 0.0000000000
42757  21.308  -26.000  59.488 0.0000000000
42758  20.679  -26.603  59.631 0.0000000000
43678  20.254  -25.069  60.418 0.0000000000
42759  19.573  -25.964  60.445 0.0000000000
41733  20.291  -27.917  60.670 0.0000000000
41720  19.307  -27.643  62.038 0.0000000000
110415  19.301  -28.016  63.471 0.0000000000
52663  27.271  -15.765  57.974 0.0000000000
52688  26.551  -16.007  55.693 0.0000000000
50935  27.036  -17.610  56.785 0.0000000000
50074  27.551  -18.409  56.110 0.0000000000
107009  28.833  -18.973  54.698 0.0000000000
49199  30.808  -19.507  56.227 0.0000000000
49213  30.540  -19.478  54.826 0.0000000000
123804  30.827  -19.238  54.545 0.0000000000
50086  32.387  -19.094  54.976 0.0000000000
50070  33.997  -18.821  56.101 0.0000000000
67090  44.599  0.687  34.628 0.0000000000
66251  43.851  -0.697  34.111 0.0000000000
65366  44.034  -1.595  33.916 0.0000000000
64558  42.318  -2.305  35.333 0.0000000000
64557  43.078  -2.729  34.854 0.0000000000
63691  37.676  -3.455  38.930 0.0000000000
62754  38.202  -4.630  38.979 0.0000000000
62740  36.941  -4.738  39.845 0.0000000000
61900  37.365  -5.511  40.238 0.0000000000
107767  37.399  -6.745  41.113 0.0000000000
61881  35.198  -5.665  41.167 0.0000000000
120763  36.754  -7.207  41.277 0.0000000000
112882  37.953  -8.787  41.396 0.0000000000
57597  38.116  -10.194  41.787 0.0000000000
116054  38.811  -11.507  42.476 0.0000000000
60083  32.457  -7.638  43.995 0.0000000000
112533  32.430  -8.772  42.727 0.0000000000
57590  34.255  -10.427  42.047 0.0000000000
55642  33.499  -12.780  42.913 0.0000000000
55660  34.506  -12.041  42.381 0.0000000000
55659  35.455  -11.777  42.277 0.0000000000
55658  36.782  -12.270  42.617 0.0000000000
46599  29.795  -22.924  58.208 0.0000000000
46598  30.705  -22.981  57.954 0.0000000000
45636  30.306  -23.708  59.633 0.0000000000
45635  31.136  -23.884  60.396 0.0000000000
65330  37.971  -0.913  39.708 0.0000000000
126611  37.556  -2.185  39.408 0.0000000000
43571  11.618  -25.087  68.069 0.0000000000
43558  10.708  -25.243  69.374 0.0000000000
42617  10.530  -26.258  68.568 0.0000000000
41654  10.405  -27.747  68.540 0.0000000000
40599  9.563  -28.335  69.360 0.0000000000
39601  9.472  -29.496  70.482 0.0000000000
41623  7.894  -27.732  70.814 0.0000000000
39602  8.580  -29.131  70.670 0.0000000000
39575  9.635  -30.070  72.098 0.0000000000
39564  10.115  -30.345  72.805 0.0000000000
38627  9.520  -30.880  74.447 0.0000000000
38599  6.596  -30.745  76.922 0.0000000000
39555  6.297  -29.857  74.880 0.0000000000
38622  6.372  -30.637  75.476 0.0000000000
38600  5.705  -30.547  76.934 0.0000000000
38601  4.865  -30.136  76.962 0.0000000000
39538  4.426  -29.641  76.731 0.0000000000
39539  3.566  -29.127  76.941 0.0000000000
41552  4.347  -27.581  76.816 0.0000000000
40516  2.874  -28.538  77.168 0.0000000000
40517  2.182  -28.507  77.247 0.0000000000
108266  31.005  -22.412  58.666 0.0000000000
47459  30.934  -22.076  59.507 0.0000000000
47473  29.393  -22.526  58.413 0.0000000000
121517  28.954  -22.660  58.322 0.0000000000
45658  27.622  -22.803  59.145 0.0000000000
45639  27.455  -23.458  60.184 0.0000000000
123336  26.189  -22.797  59.113 0.0000000000
45618  27.364  -23.930  60.493 0.0000000000
44600  27.885  -24.289  61.058 0.0000000000
105918  23.669  -25.932  58.900 0.0000000000
41753  24.263  -27.507  59.274 0.0000000000
41741  24.817  -27.856  59.904 0.0000000000
39703  23.220  -29.509  61.407 0.0000000000
39702  24.105  -29.423  61.424 0.0000000000
40683  25.188  -28.590  61.135 0.0000000000
61898  39.246  -5.942  40.071 0.0000000000
53702  30.707  -14.851  47.431 0.0000000000
51918  30.490  -16.749  47.358 0.0000000000
106397  31.510  -17.752  47.329 0.0000000000
52719  26.563  -16.263  53.832 0.0000000000
52730  26.885  -15.987  52.493 0.0000000000
105858  27.596  -16.692  51.591 0.0000000000
50985  29.186  -17.755  52.537 0.0000000000
51875  29.332  -17.772  51.719 0.0000000000
51889  29.025  -17.465  50.626 0.0000000000
51023  30.198  -17.995  49.400 0.0000000000
50161  31.931  -18.478  48.542 0.0000000000
127401  33.075  -18.044  47.833 0.0000000000
51030  34.607  -18.029  48.886 0.0000000000
45673  32.039  -23.533  58.162 0.0000000000
45672  33.153  -23.362  57.925 0.0000000000
46596  34.402  -22.778  58.152 0.0000000000
46583  35.541  -22.656  59.244 0.0000000000
47469  35.312  -21.545  58.076 0.0000000000
67140  48.357  0.620  28.869 0.0000000000
67106  46.130  0.787  32.555 0.0000000000
66269  46.205  -0.441  31.517 0.0000000000
64582  46.317  -2.628  32.161 0.0000000000
65388  46.324  -1.360  31.456 0.0000000000
65398  46.604  -0.797  30.834 0.0000000000
124472  47.236  -1.183  30.165 0.0000000000
64614  48.687  -2.165  29.525 0.0000000000
47481  31.514  -22.874  57.580 0.0000000000
127168  31.056  -23.083  57.675 0.0000000000
63690  38.291  -3.191  38.540 0.0000000000
64525  39.018  -2.387  38.321 0.0000000000
63689  39.123  -3.413  38.097 0.0000000000
63701  39.855  -3.622  37.701 0.0000000000
39516  2.822  -29.319  78.579 0.0000000000
51929  32.874  -17.097  46.073 0.0000000000
51938  33.298  -16.749  45.438 0.0000000000
51047  34.108  -17.589  46.663 0.0000000000
51048  33.261  -17.573  46.611 0.0000000000
41670  12.215  -27.549  67.009 0.0000000000
41671  11.519  -27.416  67.481 0.0000000000
46556  24.119  -21.955  61.794 0.0000000000
45641  23.623  -22.999  60.151 0.0000000000
113772  20.153  -28.735  65.718 0.0000000000
40640  20.955  -29.147  65.599 0.0000000000
53616  27.321  -14.688  55.639 0.0000000000
44591  18.275  -24.394  61.708 0.0000000000
43646  18.193  -25.433  62.065 0.0000000000
120948  18.280  -26.204  62.455 0.0000000000
50933  29.390  -18.001  57.620 0.0000000000
50932  30.267  -18.153  57.668 0.0000000000
47486  33.297  -21.490  55.974 0.0000000000
47491  32.935  -21.150  55.639 0.0000000000
48355  34.015  -21.008  56.076 0.0000000000
67085  42.690  0.619  36.788 0.0000000000
66242  42.986  0.250  35.962 0.0000000000
62776  42.218  -5.313  37.003 0.0000000000
61951  43.004  -5.434  36.872 0.0000000000
61950  43.832  -5.601  36.852 0.0000000000
39525  7.243  -30.438  77.673 0.0000000000
63672  35.457  -2.874  40.763 0.0000000000
62742  35.358  -3.843  40.632 0.0000000000
58432  34.918  -8.861  41.607 0.0000000000
57599  36.277  -10.263  41.781 0.0000000000
57589  35.274  -10.330  41.867 0.0000000000
122518  31.694  -10.635  44.491 0.0000000000
57571  31.792  -10.802  43.930 0.0000000000
124869  31.785  -11.300  43.842 0.0000000000
52822  36.384  -15.553  44.571 0.0000000000
53737  36.840  -14.853  44.170 0.0000000000
45615  28.994  -23.867  61.297 0.0000000000
45597  28.908  -24.073  61.634 0.0000000000
64496  35.783  -1.966  41.139 0.0000000000
39573  11.596  -30.057  72.830 0.0000000000
39577  7.415  -29.233  72.326 0.0000000000
116940  7.454  -29.688  73.000 0.0000000000
124530  7.429  -30.289  73.807 0.0000000000
41564  5.373  -27.880  76.240 0.0000000000
114473  5.027  -28.860  76.138 0.0000000000
41551  5.110  -27.094  76.689 0.0000000000
48320  27.293  -20.553  60.129 0.0000000000
48319  28.018  -20.584  60.881 0.0000000000
47445  28.083  -20.881  59.702 0.0000000000
47446  27.316  -20.956  59.155 0.0000000000
124372  26.662  -21.053  59.027 0.0000000000
42755  25.663  -26.413  59.785 0.0000000000
41731  26.350  -27.358  61.119 0.0000000000
40721  21.218  -27.958  59.855 0.0000000000
40720  21.914  -28.122  59.567 0.0000000000
118892  21.668  -28.439  60.055 0.0000000000
60119  38.670  -7.410  41.207 0.0000000000
60118  39.516  -7.577  41.270 0.0000000000
59298  39.653  -8.327  41.451 0.0000000000
52772  27.631  -14.779  49.936 0.0000000000
52771  28.167  -15.415  49.372 0.0000000000
51909  28.728  -16.162  48.942 0.0000000000
51899  28.216  -16.157  49.576 0.0000000000
50114  28.743  -18.586  53.919 0.0000000000
50115  28.012  -18.322  53.797 0.0000000000
122274  28.646  -18.118  53.347 0.0000000000
51850  32.827  -17.251  52.947 0.0000000000
51871  33.365  -17.629  52.188 0.0000000000
50997  33.867  -18.028  51.394 0.0000000000
110482  47.486  1.184  30.986 0.0000000000
67124  47.312  0.593  30.267 0.0000000000
112247  44.528  -1.914  33.492 0.0000000000
121182  18.251  -22.036  62.891 0.0000000000
46557  18.705  -22.561  62.295 0.0000000000
61939  41.854  -5.935  37.647 0.0000000000
61940  41.125  -5.726  37.688 0.0000000000
119328  40.163  -6.075  38.787 0.0000000000
110337  40.779  -6.334  38.852 0.0000000000
118056  32.639  -20.499  57.959 0.0000000000
49197  32.206  -20.255  57.011 0.0000000000
114580  32.175  -22.699  57.283 0.0000000000
46610  32.580  -22.482  57.032 0.0000000000
46621  32.920  -21.976  56.453 0.0000000000
66231  39.375  -0.306  39.190 0.0000000000
106100  39.693  -0.348  38.738 0.0000000000
65347  40.294  -1.281  37.601 0.0000000000
65346  40.828  -0.865  37.136 0.0000000000
127015  40.679  -1.616  37.161 0.0000000000
64548  40.813  -2.359  37.010 0.0000000000
63700  40.526  -3.883  37.355 0.0000000000
63712  40.986  -3.261  36.971 0.0000000000
63648  34.601  -3.377  43.230 0.0000000000
62718  34.036  -4.007  42.744 0.0000000000
61041  32.909  -5.920  43.019 0.0000000000
114100  33.190  -5.942  42.363 0.0000000000
121848  32.876  -6.405  42.680 0.0000000000
60107  33.106  -7.471  42.166 0.0000000000
53759  32.624  -14.036  43.632 0.0000000000
53741  32.439  -14.749  44.146 0.0000000000
52809  34.861  -16.280  44.863 0.0000000000
52823  35.418  -15.649  44.394 0.0000000000
52800  36.458  -16.482  45.665 0.0000000000
51935  35.919  -16.696  45.768 0.0000000000
110330  35.300  -17.737  47.661 0.0000000000
51917  35.859  -17.341  47.075 0.0000000000
51028  36.225  -17.590  48.059 0.0000000000
51017  36.120  -17.741  49.096 0.0000000000
64481  35.148  -2.720  43.168 0.0000000000
42669  14.027  -27.047  65.551 0.0000000000
41685  14.604  -27.884  66.069 0.0000000000
40622  12.818  -28.519  67.420 0.0000000000
40621  13.807  -28.728  67.378 0.0000000000
108729  13.286  -29.329  68.954 0.0000000000
40597  11.334  -29.001  69.040 0.0000000000
118238  12.280  -29.263  68.971 0.0000000000
42565  7.485  -26.509  73.894 0.0000000000
117808  7.120  -26.937  74.352 0.0000000000
48309  24.995  -20.298  61.295 0.0000000000
48308  25.850  -20.149  61.119 0.0000000000
48322  25.109  -20.469  60.505 0.0000000000
48332  25.266  -20.858  59.701 0.0000000000
47447  24.523  -20.989  60.087 0.0000000000
44630  23.871  -24.151  58.996 0.0000000000
45662  24.111  -23.320  58.984 0.0000000000
116060  24.270  -24.784  58.769 0.0000000000
43685  25.108  -25.063  58.893 0.0000000000
43686  24.349  -25.561  58.858 0.0000000000
40666  20.429  -28.823  62.321 0.0000000000
53644  27.103  -14.568  51.576 0.0000000000
116620  26.886  -15.146  52.235 0.0000000000
50959  31.652  -17.626  54.641 0.0000000000
50965  31.238  -17.496  54.097 0.0000000000
50958  32.409  -17.050  55.217 0.0000000000
52673  33.740  -16.569  55.639 0.0000000000
51820  32.626  -16.544  54.965 0.0000000000
52700  32.878  -16.422  54.711 0.0000000000
39531  1.512  -29.397  78.092 0.0000000000
115320  31.309  -12.436  45.443 0.0000000000
55619  31.261  -13.006  45.082 0.0000000000
53711  31.089  -14.480  46.322 0.0000000000
53724  31.367  -14.698  45.495 0.0000000000
51940  31.800  -16.181  45.707 0.0000000000
41705  19.225  -27.956  64.374 0.0000000000
41697  18.872  -27.660  65.116 0.0000000000
41706  18.547  -27.337  64.480 0.0000000000
42702  16.664  -26.224  64.516 0.0000000000
124595  16.416  -23.099  63.247 0.0000000000
44582  16.368  -24.005  63.211 0.0000000000
45569  15.761  -23.458  63.788 0.0000000000
42690  14.496  -26.457  65.076 0.0000000000
43613  14.185  -25.517  64.963 0.0000000000
42671  12.471  -26.157  66.297 0.0000000000
43585  12.540  -25.106  66.695 0.0000000000
43658  23.568  -25.092  61.278 0.0000000000
42741  21.929  -25.265  60.541 0.0000000000
42756  22.138  -25.788  59.427 0.0000000000
43661  19.086  -26.004  61.091 0.0000000000
119093  19.391  -26.658  60.830 0.0000000000
41743  19.876  -26.913  60.187 0.0000000000
41734  19.553  -27.421  61.086 0.0000000000
41719  19.921  -28.211  61.681 0.0000000000
41712  19.129  -27.706  62.849 0.0000000000
51809  27.336  -16.300  58.170 0.0000000000
52664  26.908  -16.249  57.412 0.0000000000
118904  27.085  -16.854  57.568 0.0000000000
50057  28.863  -18.385  56.976 0.0000000000
50073  28.421  -18.741  56.230 0.0000000000
50089  28.189  -18.820  55.399 0.0000000000
50088  29.066  -19.048  55.445 0.0000000000
49198  31.564  -20.141  56.172 0.0000000000
49204  31.168  -19.895  55.305 0.0000000000
49212  31.294  -19.706  54.805 0.0000000000
50087  31.494  -18.997  54.617 0.0000000000
118192  34.561  -19.526  56.492 0.0000000000
67074  42.190  1.131  38.759 0.0000000000
119367  45.033  1.216  35.280 0.0000000000
67087  44.306  0.827  35.482 0.0000000000
66252  43.195  -0.569  34.628 0.0000000000
66247  43.794  0.190  34.753 0.0000000000
65367  43.463  -1.307  34.284 0.0000000000
64565  43.593  -2.166  34.322 0.0000000000
63722  43.392  -3.685  35.150 0.0000000000
63734  43.991  -3.210  34.494 0.0000000000
63682  37.141  -3.284  39.326 0.0000000000
62755  37.430  -4.177  39.218 0.0000000000
62756  36.664  -3.870  39.679 0.0000000000
61901  36.481  -5.257  40.446 0.0000000000
61879  36.943  -6.012  40.781 0.0000000000
61882  34.366  -5.676  41.464 0.0000000000
126556  34.782  -5.034  41.277 0.0000000000
125245  34.918  -6.123  41.285 0.0000000000
60122  35.914  -7.273  41.306 0.0000000000
60121  36.591  -7.910  41.349 0.0000000000
111827  37.289  -8.345  41.370 0.0000000000
127430  37.256  -9.021  41.441 0.0000000000
58428  38.645  -9.384  41.546 0.0000000000
58429  37.665  -9.550  41.558 0.0000000000
56626  38.022  -11.543  42.380 0.0000000000
55656  38.435  -12.166  42.763 0.0000000000
61011  33.314  -6.711  44.951 0.0000000000
59267  32.315  -8.358  44.182 0.0000000000
57592  32.537  -10.432  42.890 0.0000000000
58423  32.760  -9.684  42.522 0.0000000000
117354  33.080  -9.058  42.227 0.0000000000
57591  33.292  -10.463  42.359 0.0000000000
54732  32.991  -13.301  43.216 0.0000000000
118922  32.984  -12.577  43.042 0.0000000000
55641  34.748  -12.817  42.735 0.0000000000
125875  35.253  -12.391  42.516 0.0000000000
119433  35.965  -12.333  42.552 0.0000000000
118938  36.387  -12.914  42.966 0.0000000000
124849  29.373  -23.065  58.428 0.0000000000
120146  30.237  -23.284  58.500 0.0000000000
121394  29.442  -23.445  59.188 0.0000000000
45614  29.838  -23.870  61.462 0.0000000000
121902  30.339  -23.849  60.644 0.0000000000
66227  38.624  -0.362  40.265 0.0000000000
64516  37.066  -2.455  39.643 0.0000000000
65331  37.449  -1.709  39.714 0.0000000000
64527  37.690  -2.676  39.070 0.0000000000
127042  18.280  -27.378  65.984 0.0000000000
41682  19.010  -27.893  66.870 0.0000000000
108671  18.267  -27.529  66.636 0.0000000000
41667  15.230  -28.341  66.956 0.0000000000
40568  13.546  -29.464  71.524 0.0000000000
44536  12.205  -24.578  67.668 0.0000000000
43544  10.031  -25.411  69.948 0.0000000000
43572  11.059  -25.640  68.394 0.0000000000
42635  10.555  -27.103  68.263 0.0000000000
42618  10.108  -26.879  68.793 0.0000000000
40583  9.938  -29.078  69.766 0.0000000000
120326  7.720  -27.050  71.353 0.0000000000
41609  7.415  -27.896  71.589 0.0000000000
124593  7.812  -29.528  71.924 0.0000000000
39590  8.177  -29.402  71.374 0.0000000000
39589  9.025  -29.773  71.254 0.0000000000
38645  9.218  -30.487  72.846 0.0000000000
38611  7.884  -31.039  76.070 0.0000000000
38612  6.929  -30.933  76.148 0.0000000000
39545  5.828  -29.989  75.409 0.0000000000
38623  5.680  -30.323  75.951 0.0000000000
38613  6.116  -30.662  76.315 0.0000000000
38614  5.504  -30.353  76.515 0.0000000000
39546  5.127  -30.015  76.409 0.0000000000
42551  4.610  -26.680  77.166 0.0000000000
41540  3.787  -27.207  77.040 0.0000000000
47457  32.349  -21.602  58.770 0.0000000000
47443  29.899  -21.724  59.512 0.0000000000
113165  30.041  -22.258  58.677 0.0000000000
47474  28.529  -22.151  58.391 0.0000000000
46585  27.322  -22.126  58.574 0.0000000000
45674  28.157  -22.347  58.424 0.0000000000
115682  25.426  -22.609  58.920 0.0000000000
45660  25.906  -23.330  59.104 0.0000000000
43674  26.538  -25.220  60.141 0.0000000000
44601  27.268  -24.683  60.649 0.0000000000
43656  27.815  -25.097  61.241 0.0000000000
42737  27.644  -26.122  61.613 0.0000000000
43676  23.353  -25.389  59.171 0.0000000000
40718  23.450  -27.934  59.238 0.0000000000
41754  23.416  -26.910  58.886 0.0000000000
40701  24.155  -28.371  59.935 0.0000000000
40664  21.768  -29.453  62.120 0.0000000000
40686  22.290  -29.350  61.387 0.0000000000
39683  22.702  -29.736  62.302 0.0000000000
39665  24.409  -29.979  63.011 0.0000000000
39681  24.628  -29.598  62.124 0.0000000000
40663  24.779  -29.129  61.508 0.0000000000
61915  38.633  -5.421  39.438 0.0000000000
52782  30.139  -15.413  47.912 0.0000000000
51919  29.958  -16.323  47.892 0.0000000000
124302  31.196  -17.085  46.836 0.0000000000
51043  30.732  -17.540  47.594 0.0000000000
51821  26.462  -16.712  55.351 0.0000000000
52702  26.533  -16.097  54.731 0.0000000000
51828  26.485  -16.864  54.464 0.0000000000
50975  27.189  -17.319  53.120 0.0000000000
51840  26.781  -16.503  53.070 0.0000000000
51855  27.273  -16.770  52.280 0.0000000000
51877  27.143  -15.983  51.781 0.0000000000
114273  29.806  -17.704  53.034 0.0000000000
50972  30.264  -17.706  53.074 0.0000000000
51888  29.848  -17.899  51.301 0.0000000000
51024  29.343  -17.497  49.578 0.0000000000
51013  29.978  -17.929  50.449 0.0000000000
51022  31.206  -18.505  49.111 0.0000000000
51021  32.198  -18.637  49.241 0.0000000000
121754  32.886  -18.396  48.653 0.0000000000
51031  33.887  -18.039  48.216 0.0000000000
106201  33.798  -18.307  49.220 0.0000000000
51009  35.086  -17.924  50.339 0.0000000000
120110  31.257  -23.325  58.106 0.0000000000
45656  31.780  -23.734  58.782 0.0000000000
45654  33.375  -23.615  58.742 0.0000000000
125854  32.707  -23.574  58.278 0.0000000000
46597  33.653  -22.831  57.532 0.0000000000
45671  33.953  -23.276  58.396 0.0000000000
46595  35.080  -22.381  58.441 0.0000000000
66281  47.893  0.067  29.125 0.0000000000
123342  48.180  -0.735  28.974 0.0000000000
67095  45.108  0.599  33.796 0.0000000000
67107  45.352  0.259  32.890 0.0000000000
66263  45.754  -0.118  32.190 0.0000000000
108804  46.300  0.342  31.804 0.0000000000
64593  46.557  -2.211  31.547 0.0000000000
65387  46.847  -1.785  30.893 0.0000000000
64605  47.529  -2.205  30.474 0.0000000000
62779  40.101  -4.380  37.684 0.0000000000
62764  39.990  -5.063  37.812 0.0000000000
61927  39.699  -5.431  38.375 0.0000000000
61914  39.580  -5.864  39.257 0.0000000000
65340  38.697  -1.644  38.766 0.0000000000
65339  39.262  -1.484  38.391 0.0000000000
39515  3.934  -29.776  78.398 0.0000000000
62706  33.636  -4.683  43.113 0.0000000000
62697  33.824  -4.834  43.955 0.0000000000
61020  32.919  -6.150  43.638 0.0000000000
52811  32.232  -15.989  45.185 0.0000000000
52810  32.888  -16.173  44.909 0.0000000000
119400  33.986  -16.877  45.484 0.0000000000
51927  34.569  -17.127  46.003 0.0000000000
51926  35.491  -17.069  46.258 0.0000000000
41687  12.706  -27.119  66.339 0.0000000000
40609  12.556  -28.883  68.206 0.0000000000
41580  6.936  -26.822  75.051 0.0000000000
47433  24.096  -21.269  60.544 0.0000000000
47448  24.040  -21.690  59.809 0.0000000000
45642  23.776  -23.251  59.386 0.0000000000
40649  20.460  -28.964  64.265 0.0000000000
40655  21.063  -29.426  63.880 0.0000000000
40648  21.066  -29.301  64.778 0.0000000000
53625  27.116  -14.321  54.108 0.0000000000
50947  33.560  -17.333  56.140 0.0000000000
50948  33.062  -16.972  55.766 0.0000000000
54681  31.341  -13.716  46.414 0.0000000000
52793  30.857  -15.227  46.771 0.0000000000
42714  18.208  -26.616  63.163 0.0000000000
109261  18.221  -26.899  63.921 0.0000000000
45570  15.136  -23.315  64.567 0.0000000000
44559  14.704  -24.015  64.872 0.0000000000
44560  14.125  -24.540  65.149 0.0000000000
43660  21.340  -24.721  60.766 0.0000000000
45620  19.625  -23.561  61.398 0.0000000000
44604  19.921  -24.183  60.852 0.0000000000
44605  19.085  -24.344  61.200 0.0000000000
43662  18.714  -25.231  61.369 0.0000000000
106293  27.564  -17.424  57.666 0.0000000000
50934  28.414  -17.836  57.702 0.0000000000
48357  32.511  -21.092  56.028 0.0000000000
48358  31.964  -20.448  55.616 0.0000000000
48364  32.519  -20.636  55.461 0.0000000000
49210  32.855  -19.966  55.190 0.0000000000
49203  34.058  -20.361  55.935 0.0000000000
49195  34.967  -20.183  57.070 0.0000000000
67080  41.662  0.606  37.925 0.0000000000
67079  42.459  0.948  37.704 0.0000000000
67088  43.649  0.536  35.742 0.0000000000
63710  42.244  -3.876  36.091 0.0000000000
62806  42.937  -4.213  35.736 0.0000000000
62804  44.533  -4.781  35.552 0.0000000000
62788  44.174  -5.285  36.137 0.0000000000
60123  34.364  -7.473  41.546 0.0000000000
121771  35.636  -8.275  41.417 0.0000000000
58430  36.794  -9.559  41.566 0.0000000000
57598  37.205  -10.236  41.766 0.0000000000
56627  37.183  -11.587  42.313 0.0000000000
58398  32.080  -9.306  44.306 0.0000000000
57570  32.125  -10.426  43.486 0.0000000000
53739  34.945  -14.949  43.846 0.0000000000
53757  34.494  -14.229  43.339 0.0000000000
53756  35.478  -14.285  43.447 0.0000000000
54729  35.966  -13.605  43.182 0.0000000000
115338  36.826  -13.568  43.331 0.0000000000
45637  28.683  -23.591  60.140 0.0000000000
65309  36.742  -1.401  42.992 0.0000000000
65319  36.381  -1.209  42.287 0.0000000000
65322  36.918  -0.813  41.694 0.0000000000
123528  37.230  -0.830  40.934 0.0000000000
65325  37.314  -1.186  40.299 0.0000000000
65326  36.580  -1.384  40.807 0.0000000000
64504  36.285  -2.391  40.281 0.0000000000
42648  17.658  -27.397  66.653 0.0000000000
42649  17.363  -27.554  67.044 0.0000000000
39572  12.289  -29.906  72.428 0.0000000000
39563  10.866  -30.301  73.226 0.0000000000
112198  9.520  -26.446  69.481 0.0000000000
41622  8.433  -27.611  70.171 0.0000000000
41597  7.173  -27.679  72.543 0.0000000000
40559  7.272  -28.498  72.186 0.0000000000
39565  8.163  -30.358  73.057 0.0000000000
38620  8.199  -31.119  75.240 0.0000000000
41554  2.314  -27.372  76.773 0.0000000000
44628  25.518  -24.133  58.978 0.0000000000
43684  25.965  -24.873  59.429 0.0000000000
42738  26.817  -26.541  61.105 0.0000000000
108605  22.476  -26.796  58.940 0.0000000000
41755  22.161  -27.527  59.202 0.0000000000
40719  22.642  -28.132  59.366 0.0000000000
39655  23.220  -29.936  63.853 0.0000000000
39666  23.426  -29.938  63.047 0.0000000000
107422  23.893  -30.175  63.668 0.0000000000
61068  38.851  -6.248  40.606 0.0000000000
61054  39.289  -6.782  40.979 0.0000000000
52784  28.810  -15.234  48.862 0.0000000000
53694  29.672  -14.961  48.481 0.0000000000
51908  29.412  -16.698  48.461 0.0000000000
51034  29.602  -17.460  48.699 0.0000000000
50960  26.959  -17.967  54.786 0.0000000000
50969  26.714  -17.478  54.312 0.0000000000
50116  27.408  -17.875  53.737 0.0000000000
50974  27.971  -17.857  53.137 0.0000000000
50986  28.013  -17.475  52.470 0.0000000000
51851  31.585  -17.427  53.254 0.0000000000
51852  30.767  -17.613  52.888 0.0000000000
51873  31.404  -17.715  52.321 0.0000000000
51012  30.933  -18.365  50.318 0.0000000000
50999  31.853  -18.222  51.266 0.0000000000
119027  32.650  -18.473  50.692 0.0000000000
51011  33.449  -18.369  50.676 0.0000000000
121101  33.818  -18.349  50.005 0.0000000000
105970  31.994  -23.930  59.813 0.0000000000
119968  32.842  -23.872  59.991 0.0000000000
108521  33.508  -23.785  59.654 0.0000000000
67131  47.714  0.661  29.674 0.0000000000
112316  44.792  -0.153  33.258 0.0000000000
65379  45.526  -1.527  32.410 0.0000000000
63758  47.715  -3.216  31.849 0.0000000000
64591  48.004  -2.876  30.964 0.0000000000
63770  48.611  -3.394  31.526 0.0000000000
44592  17.544  -23.897  62.185 0.0000000000
44581  17.013  -24.441  62.800 0.0000000000
46547  17.146  -22.346  63.145 0.0000000000
45601  19.216  -22.993  61.774 0.0000000000
45602  18.309  -23.368  61.845 0.0000000000
115107  42.278  -6.083  39.444 0.0000000000
46620  33.355  -21.983  56.539 0.0000000000
65338  39.803  -0.844  38.189 0.0000000000
66238  41.218  -0.133  37.437 0.0000000000
66244  41.420  -0.534  36.669 0.0000000000
122677  41.564  -1.018  36.014 0.0000000000
63711  41.565  -3.584  36.476 0.0000000000
62791  41.859  -4.493  36.655 0.0000000000
39526  6.225  -30.446  77.650 0.0000000000
63665  34.645  -3.245  41.927 0.0000000000
63664  34.870  -3.428  41.296 0.0000000000
62726  34.265  -3.927  41.902 0.0000000000
61883  33.649  -5.386  42.006 0.0000000000
61869  33.333  -5.305  42.704 0.0000000000
61058  33.696  -6.215  41.781 0.0000000000
60124  33.755  -7.072  41.782 0.0000000000
59302  33.771  -7.888  41.786 0.0000000000
59292  33.944  -8.807  41.851 0.0000000000
55644  31.804  -12.934  43.974 0.0000000000
115491  31.840  -11.977  43.755 0.0000000000
54733  32.264  -13.384  43.647 0.0000000000
52825  33.237  -15.517  44.247 0.0000000000
53740  33.912  -14.905  43.782 0.0000000000
109823  36.829  -16.007  45.246 0.0000000000
51924  37.278  -16.780  46.730 0.0000000000
51915  37.499  -16.906  47.536 0.0000000000
51916  36.713  -17.113  47.308 0.0000000000
51905  37.693  -16.962  48.446 0.0000000000
44586  28.541  -24.576  61.475 0.0000000000
44585  29.217  -24.520  62.023 0.0000000000
64491  35.330  -2.237  42.613 0.0000000000
41651  14.799  -28.766  67.578 0.0000000000
40596  13.032  -29.464  69.878 0.0000000000
39599  11.615  -29.685  70.663 0.0000000000
39600  10.534  -29.679  70.509 0.0000000000
40542  6.855  -28.626  73.948 0.0000000000
110757  26.550  -20.375  60.450 0.0000000000
110261  26.185  -21.474  58.952 0.0000000000
47463  25.525  -21.307  59.216 0.0000000000
46576  23.927  -22.859  59.240 0.0000000000
41752  25.137  -27.066  59.576 0.0000000000
113472  21.107  -29.018  62.049 0.0000000000
39684  21.976  -29.706  62.816 0.0000000000
39668  21.798  -29.699  63.567 0.0000000000
112139  39.352  -8.922  41.494 0.0000000000
58426  40.127  -8.970  41.638 0.0000000000
53653  27.280  -14.593  50.811 0.0000000000
115726  27.341  -15.302  50.541 0.0000000000
50100  30.315  -18.084  53.815 0.0000000000
50967  29.555  -18.026  53.386 0.0000000000
51827  31.611  -17.288  53.995 0.0000000000
52717  32.181  -16.900  54.203 0.0000000000
51837  32.293  -17.039  53.667 0.0000000000
51836  33.065  -16.737  53.673 0.0000000000
63747  44.852  -3.209  34.036 0.0000000000
59258  33.476  -8.226  45.652 0.0000000000
57560  31.889  -10.130  44.818 0.0000000000
107558  31.407  -12.365  44.609 0.0000000000
55629  31.508  -13.208  44.548 0.0000000000
53742  31.759  -14.692  44.760 0.0000000000
51930  31.995  -16.920  46.247 0.0000000000
42700  17.986  -26.836  64.557 0.0000000000
42686  17.706  -26.918  65.117 0.0000000000
42687  17.158  -26.771  65.212 0.0000000000
43638  16.583  -24.988  63.399 0.0000000000
43625  16.187  -25.542  63.943 0.0000000000
43611  15.785  -26.076  64.478 0.0000000000
42689  15.413  -26.629  65.022 0.0000000000
42670  13.150  -26.639  65.808 0.0000000000
44617  23.818  -23.763  60.792 0.0000000000
44602  23.781  -24.536  61.004 0.0000000000
42768  21.574  -26.824  59.241 0.0000000000
42769  21.063  -27.284  59.545 0.0000000000
41742  20.583  -27.440  59.929 0.0000000000
115729  20.133  -26.021  59.957 0.0000000000
119209  19.687  -28.357  62.762 0.0000000000
41704  19.780  -28.539  63.819 0.0000000000
108370  19.917  -28.570  64.764 0.0000000000
52687  26.952  -15.429  56.122 0.0000000000
52675  26.614  -16.085  56.618 0.0000000000
50936  26.672  -16.788  56.839 0.0000000000
50950  26.603  -17.232  56.028 0.0000000000
50949  26.962  -17.913  55.689 0.0000000000
50090  27.457  -18.449  55.161 0.0000000000
50102  28.065  -18.699  54.544 0.0000000000
50055  30.635  -18.746  57.045 0.0000000000
50071  30.133  -19.051  56.357 0.0000000000
49205  30.085  -19.387  55.475 0.0000000000
49214  29.658  -19.232  54.766 0.0000000000
49219  30.185  -19.013  54.323 0.0000000000
111155  32.028  -18.002  55.086 0.0000000000
50085  33.231  -19.017  55.453 0.0000000000
117816  33.540  -18.157  55.990 0.0000000000
64564  44.333  -2.479  33.947 0.0000000000
65364  42.072  -1.202  35.435 0.0000000000
62767  37.988  -3.925  38.736 0.0000000000
61916  37.774  -5.058  39.609 0.0000000000
61069  37.884  -6.127  40.705 0.0000000000
116719  37.963  -7.251  41.217 0.0000000000
62725  34.740  -4.279  41.210 0.0000000000
125549  35.287  -6.987  41.308 0.0000000000
61057  35.501  -6.454  41.216 0.0000000000
61056  36.444  -6.581  41.133 0.0000000000
110188  38.013  -7.954  41.306 0.0000000000
57596  39.099  -10.234  41.872 0.0000000000
119449  39.149  -10.944  42.242 0.0000000000
57586  38.465  -10.866  42.141 0.0000000000
113577  32.730  -6.828  44.091 0.0000000000
60092  32.495  -7.324  43.338 0.0000000000
106920  32.157  -8.829  43.541 0.0000000000
59277  32.295  -8.121  43.379 0.0000000000
59293  32.572  -7.839  42.667 0.0000000000
58422  33.642  -9.680  42.106 0.0000000000
56606  32.609  -11.976  43.105 0.0000000000
54731  34.036  -13.352  43.013 0.0000000000
118464  34.029  -12.630  42.680 0.0000000000
56630  33.861  -11.260  42.275 0.0000000000
56629  34.862  -11.160  42.106 0.0000000000
114322  35.826  -11.031  42.027 0.0000000000
56628  36.325  -11.657  42.275 0.0000000000
54728  37.669  -13.512  43.433 0.0000000000
55639  37.215  -12.864  43.063 0.0000000000
55638  38.046  -12.825  43.113 0.0000000000
106270  38.765  -0.557  39.423 0.0000000000
119271  38.459  -1.052  39.126 0.0000000000
41664  18.541  -27.893  67.476 0.0000000000
43587  11.382  -25.967  67.640 0.0000000000
42634  11.004  -26.712  67.822 0.0000000000
41636  9.799  -27.600  69.064 0.0000000000
40598  10.341  -28.561  69.033 0.0000000000
39588  10.075  -29.921  71.296 0.0000000000
42593  8.236  -26.775  70.831 0.0000000000
40585  8.285  -28.366  70.445 0.0000000000
40570  7.917  -28.602  71.031 0.0000000000
38636  10.011  -30.658  73.647 0.0000000000
38626  10.326  -30.742  74.516 0.0000000000
38598  7.576  -30.803  76.888 0.0000000000
39554  6.793  -29.644  74.224 0.0000000000
39529  2.732  -29.003  77.624 0.0000000000
40515  3.653  -28.376  76.824 0.0000000000
51801  27.643  -16.307  58.759 0.0000000000
45638  27.976  -23.334  59.957 0.0000000000
45617  27.868  -23.933  60.850 0.0000000000
46586  26.301  -22.105  58.829 0.0000000000
45640  26.746  -23.362  59.799 0.0000000000
43644  28.300  -25.379  61.695 0.0000000000
120586  23.627  -24.739  59.254 0.0000000000
42766  24.312  -26.513  58.962 0.0000000000
109771  21.910  -28.849  60.617 0.0000000000
106114  22.775  -28.977  60.664 0.0000000000
40685  23.675  -28.960  60.682 0.0000000000
40684  24.499  -28.834  60.836 0.0000000000
40700  24.861  -28.329  60.446 0.0000000000
41740  25.491  -27.802  60.550 0.0000000000
41732  25.887  -28.198  61.542 0.0000000000
122336  40.082  -6.149  39.990 0.0000000000
61067  39.961  -6.399  40.516 0.0000000000
52794  30.477  -15.822  47.305 0.0000000000
51931  30.922  -16.196  46.744 0.0000000000
51050  31.825  -17.432  46.802 0.0000000000
125555  32.130  -17.775  47.134 0.0000000000
52701  26.802  -15.349  55.162 0.0000000000
52718  26.723  -15.308  54.092 0.0000000000
51841  26.634  -17.031  53.716 0.0000000000
112325  26.742  -15.646  53.138 0.0000000000
51876  27.522  -16.147  50.935 0.0000000000
51853  29.832  -17.803  52.524 0.0000000000
121003  28.921  -17.674  52.051 0.0000000000
107467  28.298  -17.184  51.281 0.0000000000
51890  28.135  -16.671  50.301 0.0000000000
51898  28.678  -16.852  49.630 0.0000000000
51033  30.405  -17.914  48.398 0.0000000000
51032  31.264  -18.177  48.070 0.0000000000
121213  32.205  -18.130  47.800 0.0000000000
51042  32.781  -17.847  47.188 0.0000000000
51041  33.601  -17.855  47.299 0.0000000000
123962  34.746  -17.916  48.140 0.0000000000
51019  34.486  -18.102  49.741 0.0000000000
51018  35.288  -17.911  49.446 0.0000000000
45682  31.773  -23.217  57.637 0.0000000000
121224  32.362  -23.300  57.678 0.0000000000
45681  32.918  -23.262  57.253 0.0000000000
121070  33.689  -22.246  56.996 0.0000000000
45632  34.397  -23.819  60.240 0.0000000000
46584  34.739  -23.032  58.896 0.0000000000
47470  34.447  -22.172  57.562 0.0000000000
47478  34.728  -21.428  57.328 0.0000000000
48346  35.212  -20.806  57.530 0.0000000000
64573  45.447  -2.625  33.021 0.0000000000
64583  45.691  -2.273  32.514 0.0000000000
65378  46.037  -1.830  32.015 0.0000000000
66275  46.908  -0.221  30.310 0.0000000000
65397  47.958  -1.803  29.799 0.0000000000
65405  48.363  -1.429  29.191 0.0000000000
47464  24.783  -21.479  59.406 0.0000000000
48331  26.022  -20.897  59.341 0.0000000000
49196  34.467  -20.423  56.435 0.0000000000
50968  27.044  -17.857  54.192 0.0000000000
51816  26.518  -16.563  56.135 0.0000000000
51838  31.802  -17.240  53.810 0.0000000000
51870  34.335  -17.579  52.056 0.0000000000
51937  34.491  -16.716  45.311 0.0000000000
52686  33.271  -16.446  55.185 0.0000000000
55661  33.470  -12.097  42.657 0.0000000000
60120  37.343  -7.563  41.297 0.0000000000
61029  32.697  -6.570  43.249 0.0000000000
62705  34.148  -4.157  43.547 0.0000000000
64492  34.858  -2.908  42.512 0.0000000000
64515  38.023  -1.793  39.224 0.0000000000
108968  25.295  -20.106  62.022 0.0000000000
125789  26.359  -26.801  60.744 0.0000000000
126868  20.787  -27.974  60.220 0.0000000000
