#!ascii label  , from subject sub-v1s1x0050648_ses-1 vox2ras=TkReg
828
64978  16.611  -2.342  -2.835 0.2500000000
64977  17.372  -2.269  -3.650 0.2500000000
64142  17.042  -2.930  -3.250 0.7500000000
67477  16.073  0.517  -3.364 0.2500000000
66651  16.069  -0.297  -3.093 0.1250000000
65773  16.171  -1.644  -2.542 0.2500000000
65783  17.290  -1.355  -3.936 0.7500000000
65772  16.656  -1.570  -3.210 0.3750000000
64976  17.658  -3.061  -3.699 0.8750000000
64991  18.289  -2.764  -4.240 0.8750000000
66662  16.589  0.052  -3.668 0.3750000000
66650  16.602  -0.767  -3.484 0.3750000000
66661  17.186  -0.518  -4.165 0.8750000000
65800  18.673  -1.418  -5.142 1.0000000000
66660  17.963  -1.143  -4.674 1.0000000000
64990  19.211  -2.832  -4.801 1.0000000000
125652  17.950  -1.900  -4.241 0.8750000000
68299  16.001  1.230  -3.628 0.2500000000
111392  17.058  0.218  -4.257 0.7500000000
66678  17.644  -0.162  -4.802 0.8750000000
65799  19.237  -1.246  -5.585 1.0000000000
66677  18.486  -0.552  -5.410 1.0000000000
65798  19.844  -1.883  -5.682 1.0000000000
109793  19.217  -2.005  -5.200 1.0000000000
65006  19.738  -2.539  -5.320 1.0000000000
67458  15.862  0.840  -3.383 0.1250000000
67486  16.536  0.845  -4.025 0.6250000000
67499  17.278  0.659  -4.734 1.0000000000
67498  17.971  0.385  -5.382 1.0000000000
114242  20.530  -0.972  -6.343 1.0000000000
65813  19.927  -1.107  -6.029 1.0000000000
65812  20.539  -1.675  -6.097 1.0000000000
118309  21.831  -1.705  -6.372 1.0000000000
65014  21.280  -2.121  -6.133 1.0000000000
109191  15.535  4.927  -3.701 0.2500000000
68300  15.909  1.521  -3.607 0.2500000000
68313  15.987  1.829  -3.837 0.3750000000
68312  16.292  1.560  -4.139 0.5000000000
68325  17.253  1.860  -5.347 1.0000000000
68326  16.676  1.930  -4.745 0.6250000000
111716  17.593  1.160  -5.362 1.0000000000
68324  18.249  0.962  -5.886 1.0000000000
109387  20.878  -0.418  -6.619 1.0000000000
66691  20.097  -0.380  -6.412 1.0000000000
109252  19.544  0.354  -6.499 1.0000000000
67515  21.424  0.313  -6.853 1.0000000000
66690  22.053  -1.036  -6.541 1.0000000000
67514  22.319  -0.135  -6.628 1.0000000000
70770  16.412  4.629  -5.036 0.5000000000
116147  16.212  3.621  -4.657 0.3750000000
69891  16.235  3.088  -4.589 0.5000000000
69903  16.628  3.173  -5.192 0.5000000000
69121  16.920  2.515  -5.270 0.8750000000
117303  17.786  2.957  -6.272 1.0000000000
68344  18.899  1.225  -6.597 1.0000000000
68345  18.024  1.722  -6.061 1.0000000000
68342  20.889  1.064  -7.210 1.0000000000
68343  19.898  1.145  -7.070 1.0000000000
68340  22.567  1.425  -6.702 1.0000000000
110028  22.169  0.672  -6.798 1.0000000000
66689  23.200  -0.091  -6.419 0.8750000000
71652  16.516  5.410  -5.119 0.5000000000
70785  16.417  3.838  -5.067 0.5000000000
127810  16.702  4.587  -5.381 0.6250000000
70784  17.062  3.955  -5.725 0.6250000000
69916  17.723  3.597  -6.368 1.0000000000
69902  17.264  3.107  -5.775 0.7500000000
69915  18.281  3.145  -6.783 1.0000000000
69147  21.636  3.025  -7.547 1.0000000000
68361  19.755  1.921  -7.399 1.0000000000
68362  19.091  1.957  -7.110 1.0000000000
69132  21.914  2.104  -7.260 1.0000000000
68359  21.249  1.691  -7.426 1.0000000000
68360  20.540  1.782  -7.484 1.0000000000
69131  22.670  2.241  -6.743 0.8750000000
68341  21.714  1.199  -7.098 1.0000000000
68339  23.413  1.131  -6.347 0.8750000000
71665  17.189  4.952  -5.905 0.5000000000
70798  17.702  4.476  -6.493 0.8750000000
69945  19.871  4.426  -8.409 1.0000000000
70810  19.104  4.277  -7.870 1.0000000000
69928  20.662  4.057  -8.390 1.0000000000
69149  19.428  2.616  -7.530 1.0000000000
70807  21.931  4.525  -7.479 1.0000000000
117096  23.188  2.785  -6.483 1.0000000000
110796  22.423  2.909  -7.009 1.0000000000
69926  22.172  3.715  -7.262 1.0000000000
69914  22.950  3.591  -6.668 1.0000000000
71666  16.761  5.417  -5.425 0.5000000000
71676  17.673  5.397  -6.591 0.8750000000
71675  18.413  5.030  -7.223 1.0000000000
112307  19.753  5.991  -8.421 1.0000000000
127082  19.465  4.764  -8.241 1.0000000000
71687  19.109  5.183  -7.972 1.0000000000
72586  22.783  6.651  -6.812 1.0000000000
112971  22.191  6.018  -7.090 1.0000000000
72585  23.527  6.448  -6.425 1.0000000000
71685  21.694  5.353  -7.592 1.0000000000
71673  23.219  5.087  -6.522 1.0000000000
71674  22.410  5.202  -6.976 1.0000000000
70795  23.536  4.281  -6.386 0.8750000000
75026  19.632  9.290  -8.385 1.0000000000
74243  18.818  8.470  -7.682 0.3750000000
74251  19.307  8.559  -8.072 0.8750000000
73467  19.718  7.215  -8.331 1.0000000000
73454  22.676  7.458  -7.041 1.0000000000
73458  21.991  7.604  -7.385 1.0000000000
75783  19.444  9.971  -8.471 0.8750000000
111565  19.839  9.937  -8.946 1.0000000000
75025  20.251  9.229  -8.619 1.0000000000
74242  20.687  7.947  -8.069 1.0000000000
74240  22.472  8.356  -7.327 1.0000000000
74235  23.279  8.033  -6.800 1.0000000000
75782  19.778  10.636  -9.020 0.7500000000
75781  20.555  9.998  -9.090 1.0000000000
75024  21.154  9.497  -8.526 1.0000000000
75771  23.015  10.183  -7.790 1.0000000000
75023  22.067  9.811  -8.171 1.0000000000
75017  22.671  9.329  -7.544 1.0000000000
75788  20.918  10.754  -9.453 1.0000000000
75780  21.485  10.210  -8.961 1.0000000000
79872  20.031  15.394  -8.840 0.1250000000
80600  20.682  16.178  -8.501 0.1250000000
79881  19.487  15.061  -10.120 0.2500000000
80608  19.960  16.082  -9.647 0.1250000000
79880  19.589  15.581  -11.101 0.3750000000
106263  19.902  16.715  -10.353 0.2500000000
80613  20.286  16.161  -11.850 0.5000000000
117197  20.478  16.950  -11.979 0.3750000000
81271  20.400  17.529  -9.849 0.2500000000
81275  20.074  17.163  -10.991 0.2500000000
81272  20.199  17.880  -10.476 0.2500000000
122093  20.214  17.466  -11.336 0.2500000000
81284  20.522  17.458  -12.019 0.2500000000
81294  21.215  17.631  -12.566 0.3750000000
81964  20.403  18.106  -12.119 0.2500000000
117163  16.120  -1.038  -2.953 0.2500000000
65004  21.492  -2.969  -5.683 1.0000000000
64950  16.079  -2.503  -1.801 0.1250000000
114778  18.766  -4.236  -3.886 0.7500000000
67457  15.899  0.095  -3.037 0.1250000000
65759  16.016  -1.855  -2.207 0.1250000000
64154  19.608  -3.639  -4.644 1.0000000000
64166  20.779  -3.452  -5.286 1.0000000000
121049  22.241  -2.987  -5.771 1.0000000000
69107  15.961  2.182  -3.890 0.3750000000
70754  15.440  3.929  -3.128 0.2500000000
69892  16.090  2.901  -4.222 0.2500000000
65809  22.877  -0.858  -6.436 0.8750000000
117301  23.336  1.960  -6.377 0.8750000000
67513  23.473  0.486  -6.349 0.8750000000
69913  23.786  3.424  -6.199 0.8750000000
75020  18.612  8.426  -7.453 0.1250000000
74236  18.095  7.878  -6.994 0.1250000000
111390  17.278  5.802  -6.075 0.3750000000
71688  18.067  5.978  -7.149 0.6250000000
107884  23.620  5.714  -6.328 1.0000000000
75027  19.280  9.166  -8.013 0.5000000000
74244  18.300  8.040  -7.334 0.3750000000
118020  18.926  7.855  -8.035 0.8750000000
74234  24.000  8.426  -6.628 1.0000000000
74239  23.343  8.845  -7.056 1.0000000000
126584  20.172  10.471  -9.240 1.0000000000
75789  20.206  11.125  -9.360 0.8750000000
121603  21.542  11.392  -9.584 1.0000000000
121604  22.723  11.024  -9.035 1.0000000000
79869  20.498  15.467  -7.515 0.1250000000
79159  19.803  14.844  -8.084 0.1250000000
79175  19.552  14.062  -10.320 0.6250000000
79898  21.409  15.137  -12.719 0.5000000000
80622  21.674  16.223  -12.474 0.5000000000
80603  20.829  16.987  -9.137 0.2500000000
109422  21.424  16.980  -12.366 0.5000000000
81956  20.296  18.503  -9.958 0.1250000000
81285  20.164  17.954  -11.306 0.2500000000
81974  20.205  18.940  -12.249 0.2500000000
81973  20.923  18.481  -12.809 0.2500000000
81962  20.039  18.516  -10.636 0.1250000000
64968  16.165  -2.379  -2.089 0.1250000000
64141  18.215  -3.610  -3.866 0.7500000000
64155  18.939  -3.550  -4.309 1.0000000000
123888  18.572  -2.018  -4.722 1.0000000000
64167  19.990  -3.214  -5.138 1.0000000000
65005  20.505  -2.583  -5.642 1.0000000000
68311  16.924  1.359  -4.697 0.8750000000
65811  21.227  -1.231  -6.445 1.0000000000
66692  19.321  -0.448  -6.007 1.0000000000
66693  18.722  0.303  -5.997 1.0000000000
69122  16.408  2.548  -4.661 0.5000000000
121973  21.577  -0.511  -6.642 1.0000000000
67516  20.456  0.346  -6.793 1.0000000000
114564  22.853  0.593  -6.534 1.0000000000
69133  18.154  2.471  -6.468 1.0000000000
126323  19.384  1.552  -7.068 1.0000000000
69150  18.722  2.569  -7.045 1.0000000000
120579  23.815  0.080  -6.239 0.8750000000
70797  18.367  3.974  -7.033 1.0000000000
69930  18.911  3.313  -7.472 1.0000000000
121395  21.103  2.377  -7.674 1.0000000000
69148  20.275  2.556  -7.739 1.0000000000
107407  20.854  3.195  -8.024 1.0000000000
70821  20.483  4.930  -8.477 1.0000000000
69929  19.864  3.454  -8.070 1.0000000000
69927  21.437  3.857  -7.931 1.0000000000
70808  21.247  4.688  -8.164 1.0000000000
70796  22.677  4.399  -6.844 1.0000000000
71698  19.240  5.910  -8.204 1.0000000000
70809  19.726  5.257  -8.435 1.0000000000
71697  20.286  5.751  -8.420 1.0000000000
72601  20.049  6.514  -8.379 1.0000000000
73459  21.229  7.195  -7.702 1.0000000000
72593  20.682  6.378  -8.032 1.0000000000
72592  21.455  6.216  -7.615 1.0000000000
71686  20.987  5.530  -8.138 1.0000000000
74250  19.796  8.574  -8.361 1.0000000000
72602  19.433  6.576  -8.313 1.0000000000
73460  20.370  7.185  -8.123 1.0000000000
73468  19.106  7.224  -8.228 1.0000000000
113820  20.020  7.879  -8.378 1.0000000000
74249  20.301  8.490  -8.367 1.0000000000
75018  21.763  9.019  -7.830 1.0000000000
74241  21.489  8.157  -7.696 1.0000000000
74248  20.921  8.735  -8.199 1.0000000000
76639  21.944  10.864  -9.286 1.0000000000
75779  22.402  10.499  -8.593 1.0000000000
79166  19.565  14.546  -9.199 0.3750000000
79891  20.176  14.777  -12.385 0.7500000000
64130  16.537  -3.192  -2.436 0.2500000000
105645  16.107  -3.187  -1.673 0.1250000000
107593  15.979  -3.074  -1.504 0.1250000000
64129  17.338  -3.722  -3.302 0.6250000000
73462  18.028  7.482  -7.080 0.5000000000
113829  17.668  6.112  -6.632 0.6250000000
109186  18.650  5.895  -7.723 0.8750000000
72594  18.377  6.607  -7.582 0.7500000000
72603  18.863  6.572  -8.070 0.8750000000
118249  18.429  7.742  -7.593 0.7500000000
73461  18.246  7.190  -7.450 0.8750000000
73469  18.730  7.095  -8.018 1.0000000000
117585  19.441  7.890  -8.242 1.0000000000
76651  20.784  11.621  -9.629 1.0000000000
76650  22.464  11.580  -9.576 1.0000000000
76638  23.412  11.507  -9.009 1.0000000000
79167  19.407  14.216  -8.499 0.3750000000
79185  19.936  13.667  -11.135 0.7500000000
79892  19.683  14.425  -11.372 0.7500000000
81972  21.958  18.048  -13.120 0.2500000000
59759  19.916  -8.329  -2.923 0.7500000000
59757  21.527  -8.308  -3.645 0.7500000000
60637  18.866  -7.722  -2.534 0.7500000000
60649  19.181  -7.014  -2.853 0.7500000000
59767  21.607  -7.541  -3.864 0.7500000000
60648  20.359  -7.734  -3.284 0.7500000000
61541  20.168  -7.031  -3.346 0.7500000000
61557  21.645  -6.765  -4.173 0.7500000000
60659  20.900  -7.032  -3.626 0.7500000000
61558  20.322  -6.230  -3.711 0.7500000000
108215  18.425  -4.898  -3.473 0.7500000000
114193  18.068  -4.252  -3.548 0.6250000000
62384  19.549  -5.835  -3.534 0.7500000000
62401  20.098  -5.291  -4.013 0.8750000000
63274  19.308  -4.926  -3.817 0.8750000000
109461  21.073  -6.289  -4.017 0.7500000000
62400  20.861  -5.579  -4.262 0.7500000000
63288  19.917  -4.518  -4.318 0.8750000000
62398  22.348  -5.641  -4.889 0.7500000000
63286  21.542  -5.003  -4.777 0.7500000000
63287  20.616  -4.747  -4.521 0.8750000000
120502  19.799  -4.069  -4.509 0.8750000000
63285  22.445  -4.811  -5.183 0.7500000000
63302  21.076  -4.173  -4.997 0.8750000000
64165  21.445  -3.682  -5.362 0.8750000000
64164  22.733  -3.315  -5.558 0.8750000000
111613  22.047  -3.550  -5.533 0.8750000000
65013  22.143  -2.360  -6.142 0.8750000000
65001  25.021  -1.979  -5.250 0.3750000000
65794  24.620  -1.521  -5.662 0.6250000000
65002  23.448  -2.196  -5.938 0.7500000000
65797  22.846  -2.104  -6.166 0.7500000000
65782  25.294  -1.049  -5.497 0.5000000000
112678  24.615  -0.872  -5.973 0.7500000000
66676  23.791  -0.696  -6.238 0.7500000000
115529  26.391  -0.275  -5.068 0.1250000000
66673  25.763  -0.275  -5.483 0.3750000000
66674  25.141  -0.354  -5.783 0.6250000000
66675  24.519  0.016  -6.020 0.6250000000
67512  24.022  0.692  -6.125 0.6250000000
67484  27.341  0.954  -4.469 0.1250000000
67485  26.813  0.343  -4.789 0.1250000000
68322  25.926  1.250  -5.360 0.1250000000
118021  26.408  1.919  -5.077 0.1250000000
68323  25.164  1.568  -5.717 0.6250000000
69120  24.697  2.285  -5.847 0.6250000000
69130  23.966  2.547  -6.045 0.7500000000
68310  27.269  1.856  -4.638 0.1250000000
69888  27.151  3.423  -4.729 0.1250000000
69899  26.425  3.422  -5.092 0.1250000000
69900  25.629  3.467  -5.519 0.5000000000
69901  24.708  3.189  -5.844 0.6250000000
70794  24.402  4.092  -6.034 0.7500000000
70781  26.230  4.265  -5.322 0.5000000000
70782  25.543  4.238  -5.631 0.5000000000
71664  25.017  4.636  -5.845 0.6250000000
75772  19.547  11.008  -8.490 0.6250000000
77568  19.547  12.336  -8.732 0.5000000000
76652  20.199  11.870  -9.424 0.7500000000
72582  25.763  6.357  -5.639 0.6250000000
72583  24.976  6.666  -5.912 0.6250000000
122777  26.340  6.844  -5.576 0.5000000000
73450  25.701  7.299  -5.866 0.6250000000
73451  24.930  7.420  -6.093 0.7500000000
77578  19.825  12.520  -9.366 0.7500000000
73452  24.208  7.082  -6.262 0.8750000000
75016  23.417  9.573  -7.293 0.8750000000
75015  23.885  10.131  -7.285 0.8750000000
114822  24.533  7.896  -6.347 0.7500000000
75006  25.159  9.436  -6.563 0.8750000000
75007  24.179  9.321  -6.833 0.8750000000
75769  24.327  10.803  -7.339 0.8750000000
73440  26.617  7.527  -5.738 0.3750000000
111202  26.160  8.114  -6.161 0.5000000000
74232  25.704  8.737  -6.406 0.6250000000
74218  27.964  8.366  -5.783 0.2500000000
74219  27.036  8.254  -5.995 0.3750000000
74231  26.581  8.851  -6.343 0.5000000000
77584  20.723  12.769  -10.336 0.7500000000
108322  20.474  12.400  -9.767 0.7500000000
77577  21.434  12.164  -9.944 0.8750000000
75778  23.203  10.885  -8.349 0.8750000000
120014  24.083  11.899  -8.620 0.7500000000
76629  23.973  11.374  -8.019 0.8750000000
75760  25.549  10.211  -6.633 0.7500000000
75004  27.025  9.609  -6.528 0.5000000000
76628  25.441  11.406  -7.051 0.7500000000
74230  27.505  8.947  -6.261 0.2500000000
124797  19.658  13.099  -9.459 0.6250000000
77583  21.442  12.886  -10.599 0.8750000000
77576  22.505  12.555  -10.040 0.8750000000
76649  23.222  11.999  -9.628 0.8750000000
78389  23.070  13.087  -10.256 0.7500000000
76637  23.834  12.178  -9.252 0.8750000000
77566  25.234  12.679  -8.061 0.7500000000
76618  25.891  10.938  -6.741 0.5000000000
76625  28.359  11.067  -7.134 0.2500000000
75758  27.512  10.497  -6.738 0.5000000000
75759  26.452  10.303  -6.616 0.5000000000
75002  29.034  9.524  -6.577 0.2500000000
120838  19.516  13.658  -9.295 0.5000000000
79184  20.563  13.679  -12.012 0.6250000000
78397  21.321  13.256  -11.418 0.7500000000
78396  22.235  13.285  -10.738 0.7500000000
79183  22.063  13.692  -11.794 0.7500000000
78395  23.140  13.577  -10.752 0.7500000000
79174  24.116  13.924  -10.376 0.7500000000
78388  23.807  13.256  -10.025 0.7500000000
111929  23.265  14.219  -11.238 0.7500000000
78387  24.534  13.451  -9.646 0.7500000000
78379  24.859  13.109  -8.916 0.7500000000
78386  25.206  13.714  -9.202 0.7500000000
78369  27.049  13.195  -7.570 0.5000000000
78377  26.481  13.715  -8.114 0.3750000000
78378  25.620  13.415  -8.446 0.6250000000
112078  28.282  11.895  -7.397 0.2500000000
77558  27.599  12.493  -7.377 0.3750000000
78368  27.919  13.176  -7.739 0.3750000000
79890  22.483  14.646  -12.152 0.7500000000
126443  24.037  14.581  -10.762 0.7500000000
109988  24.786  14.634  -10.163 0.7500000000
79879  25.641  15.159  -9.735 0.6250000000
79163  27.833  14.363  -8.693 0.3750000000
79172  26.190  14.790  -9.109 0.3750000000
77556  28.940  12.173  -7.902 0.1250000000
78384  29.463  13.653  -9.536 0.1250000000
78375  28.326  13.668  -8.344 0.2500000000
111469  21.288  14.253  -12.525 0.6250000000
79889  23.573  14.947  -11.355 0.6250000000
79182  24.424  15.158  -10.759 0.7500000000
79878  26.460  15.362  -9.562 0.3750000000
79887  25.746  15.720  -10.208 0.3750000000
109123  24.818  13.996  -9.779 0.7500000000
79170  28.264  14.768  -9.414 0.2500000000
79171  27.254  15.002  -9.203 0.3750000000
79173  25.412  14.393  -9.444 0.6250000000
78393  30.221  13.316  -10.911 0.1250000000
111124  29.729  13.899  -10.395 0.1250000000
77573  29.781  12.868  -9.290 0.1250000000
79897  22.391  15.445  -12.376 0.6250000000
79888  24.054  15.698  -11.239 0.3750000000
79896  23.176  15.469  -11.894 0.3750000000
122087  25.080  15.922  -10.792 0.3750000000
80616  27.463  16.831  -11.334 0.2500000000
127628  26.076  15.563  -9.849 0.3750000000
79894  29.194  15.373  -11.424 0.1250000000
79885  28.257  15.695  -10.468 0.3750000000
79877  27.151  15.554  -9.732 0.3750000000
77586  30.301  12.683  -11.487 0.1250000000
79180  28.644  15.092  -10.156 0.1250000000
81282  23.204  16.970  -12.310 0.3750000000
81281  24.315  17.169  -11.809 0.3750000000
80620  23.688  16.307  -11.744 0.3750000000
81279  26.137  17.468  -11.694 0.3750000000
125676  24.928  17.086  -11.424 0.3750000000
80619  24.599  16.519  -11.291 0.3750000000
81278  27.017  17.390  -11.822 0.3750000000
80617  26.583  16.997  -11.138 0.3750000000
80618  25.531  16.940  -11.127 0.3750000000
118130  29.362  15.781  -14.183 0.1250000000
79895  28.598  15.910  -11.150 0.1250000000
80615  28.235  16.490  -11.615 0.2500000000
79190  29.942  14.197  -12.588 0.1250000000
81291  23.880  17.761  -12.379 0.2500000000
81290  25.177  18.047  -12.381 0.2500000000
124050  24.631  17.781  -12.150 0.3750000000
81299  26.761  17.947  -13.146 0.1250000000
108139  25.780  17.787  -12.212 0.3750000000
81280  25.231  17.504  -11.780 0.3750000000
81288  27.324  17.530  -12.620 0.1250000000
81289  26.473  17.725  -12.394 0.2500000000
81303  28.418  17.133  -14.848 0.1250000000
80626  27.823  17.080  -12.087 0.1250000000
81292  22.981  17.714  -12.847 0.3750000000
81970  24.460  18.216  -12.628 0.2500000000
81981  26.214  18.445  -13.647 0.1250000000
82708  25.165  18.704  -13.597 0.1250000000
122904  26.587  18.506  -14.325 0.1250000000
106800  25.825  18.860  -14.302 0.1250000000
80637  28.771  16.529  -15.382 0.1250000000
82001  27.191  18.260  -15.678 0.1250000000
127320  24.706  19.515  -15.023 0.1250000000
82002  26.428  18.870  -16.140 0.1250000000
82003  25.889  19.236  -15.576 0.1250000000
81322  27.421  17.369  -17.126 0.1250000000
80639  28.010  16.551  -16.860 0.1250000000
64163  23.467  -2.952  -5.484 0.6250000000
71671  25.919  5.618  -5.512 0.6250000000
74233  24.821  8.636  -6.485 0.8750000000
75003  28.029  9.636  -6.529 0.3750000000
78390  19.946  13.180  -10.170 0.6250000000
77574  24.195  12.837  -9.404 0.7500000000
77567  24.461  12.470  -8.710 0.7500000000
76627  26.169  11.724  -6.976 0.5000000000
77559  26.687  12.443  -7.260 0.5000000000
123817  25.887  12.411  -7.427 0.7500000000
76626  27.332  11.619  -6.984 0.5000000000
81297  28.482  17.105  -13.816 0.1250000000
81968  25.802  18.204  -12.861 0.2500000000
81993  26.423  18.769  -15.096 0.1250000000
81313  27.708  17.534  -16.244 0.1250000000
67497  24.672  0.866  -5.913 0.6250000000
71662  26.446  5.164  -5.302 0.3750000000
72575  26.601  6.095  -5.332 0.3750000000
73439  27.478  7.685  -5.493 0.2500000000
81298  27.631  17.632  -13.453 0.1250000000
74217  28.949  8.360  -5.685 0.1250000000
58904  20.123  -8.919  -2.795 0.7500000000
114115  19.481  -8.857  -2.498 0.7500000000
58902  21.453  -9.097  -3.464 0.7500000000
59758  20.683  -8.556  -3.259 0.7500000000
59756  22.324  -8.771  -3.819 0.7500000000
62386  18.073  -5.544  -3.020 0.6250000000
61543  19.059  -6.341  -3.091 0.7500000000
60658  22.391  -7.342  -4.401 0.6250000000
61556  22.326  -6.474  -4.645 0.7500000000
106150  23.034  -6.225  -5.019 0.6250000000
125763  23.706  -3.429  -5.228 0.5000000000
64989  24.770  -2.811  -5.105 0.3750000000
64162  24.120  -3.149  -5.155 0.5000000000
65781  25.885  -1.665  -4.921 0.1250000000
67471  28.068  0.746  -3.804 0.1250000000
68309  28.143  2.171  -4.180 0.1250000000
69103  28.409  2.968  -4.017 0.1250000000
69887  27.955  3.547  -4.402 0.1250000000
76653  19.788  11.600  -9.029 0.3750000000
70764  28.404  4.373  -4.310 0.1250000000
70765  27.512  4.157  -4.715 0.1250000000
71661  27.218  5.494  -5.019 0.1250000000
126272  27.514  6.335  -4.963 0.2500000000
72574  27.063  6.938  -5.336 0.2500000000
112167  19.402  12.990  -8.874 0.5000000000
74229  28.488  8.962  -6.173 0.2500000000
75767  29.976  10.296  -7.837 0.1250000000
76648  30.068  12.087  -9.129 0.1250000000
77572  30.257  12.382  -9.818 0.1250000000
112912  30.267  11.983  -11.268 0.1250000000
127298  29.886  13.015  -12.730 0.1250000000
76683  29.864  11.968  -12.060 0.1250000000
120562  29.589  15.020  -14.474 0.1250000000
79218  28.072  14.075  -16.423 0.1250000000
124289  21.468  16.764  -8.279 0.1250000000
81983  23.034  18.840  -13.831 0.2500000000
82710  23.124  19.593  -14.564 0.1250000000
82730  25.721  19.404  -16.142 0.1250000000
82731  25.045  19.626  -15.681 0.1250000000
82011  27.079  18.169  -16.615 0.1250000000
79931  27.537  15.731  -17.539 0.1250000000
82020  26.815  17.982  -17.453 0.1250000000
65810  22.505  -1.624  -6.359 0.7500000000
72584  24.263  6.101  -6.105 0.7500000000
106828  24.163  5.073  -6.106 0.7500000000
75770  23.665  10.701  -7.737 0.8750000000
64153  20.242  -3.982  -4.802 0.8750000000
65796  23.275  -1.518  -6.248 0.7500000000
68338  24.188  1.582  -6.025 0.6250000000
121977  23.875  7.748  -6.490 0.8750000000
81283  22.318  16.648  -12.419 0.3750000000
81293  22.234  17.253  -12.617 0.3750000000
81984  22.215  18.628  -13.569 0.1250000000
81971  22.774  18.271  -13.291 0.2500000000
118536  19.635  -7.544  -2.981 0.7500000000
59746  19.346  -8.220  -2.647 0.7500000000
60647  21.019  -7.824  -3.491 0.7500000000
59766  22.143  -8.034  -4.043 0.7500000000
61529  18.535  -6.824  -2.605 0.7500000000
61542  19.659  -6.658  -3.239 0.7500000000
62385  18.833  -5.615  -3.335 0.7500000000
63275  17.410  -4.753  -3.061 0.6250000000
62399  21.628  -5.945  -4.450 0.7500000000
63300  22.593  -4.022  -5.364 0.7500000000
63301  21.843  -4.225  -5.259 0.8750000000
114743  23.261  -4.505  -5.272 0.6250000000
65003  22.813  -2.661  -5.869 0.7500000000
64988  25.462  -2.597  -4.908 0.2500000000
108211  24.206  -2.306  -5.521 0.5000000000
65795  24.022  -1.531  -6.005 0.7500000000
66659  26.002  -0.836  -5.213 0.2500000000
67495  26.170  0.435  -5.260 0.2500000000
67496  25.362  0.492  -5.679 0.3750000000
117203  26.637  1.124  -4.921 0.1250000000
68293  27.862  1.468  -4.184 0.1250000000
117900  25.781  1.983  -5.407 0.5000000000
69118  26.053  2.669  -5.255 0.1250000000
69105  26.787  2.679  -4.838 0.1250000000
69119  25.348  2.527  -5.607 0.5000000000
69104  27.605  2.763  -4.474 0.1250000000
70766  26.846  3.994  -4.983 0.1250000000
70783  25.082  3.926  -5.808 0.6250000000
71672  25.113  5.614  -5.801 0.6250000000
115753  25.321  8.017  -6.265 0.6250000000
75768  25.083  10.858  -6.906 0.7500000000
77560  25.322  11.981  -7.454 0.7500000000
75005  26.088  9.500  -6.496 0.5000000000
78398  20.574  13.207  -11.087 0.6250000000
77561  24.591  12.030  -8.001 0.7500000000
78370  26.136  13.048  -7.700 0.6250000000
76617  26.673  11.030  -6.749 0.5000000000
76624  29.044  11.409  -7.672 0.1250000000
113690  29.229  10.652  -7.462 0.1250000000
75014  28.615  10.228  -6.917 0.2500000000
75013  29.583  9.922  -7.206 0.1250000000
79165  25.945  14.099  -8.768 0.6250000000
78376  27.422  13.811  -8.082 0.3750000000
79164  26.854  14.370  -8.570 0.3750000000
77557  28.310  12.551  -7.644 0.1250000000
78367  28.727  12.956  -8.067 0.3750000000
78374  29.127  13.346  -8.741 0.1250000000
79169  29.065  14.400  -9.862 0.1250000000
78383  30.094  13.136  -10.069 0.1250000000
80611  27.055  16.453  -10.650 0.3750000000
80612  26.104  16.393  -10.585 0.3750000000
79884  28.845  15.383  -10.775 0.2500000000
78394  29.904  14.063  -11.240 0.1250000000
78403  30.024  13.553  -12.529 0.1250000000
77582  30.365  12.449  -10.620 0.1250000000
79179  29.349  14.741  -10.767 0.1250000000
80621  22.800  16.114  -12.231 0.3750000000
80610  27.911  16.298  -10.846 0.2500000000
127572  29.837  14.633  -12.298 0.1250000000
79901  29.513  15.319  -12.346 0.1250000000
79902  28.895  15.989  -11.952 0.1250000000
79905  29.543  15.417  -13.443 0.1250000000
80629  29.052  16.273  -13.638 0.1250000000
79911  28.997  16.397  -14.565 0.1250000000
79916  29.176  15.884  -15.429 0.1250000000
80625  28.498  16.599  -12.406 0.1250000000
81287  28.131  17.177  -12.901 0.1250000000
78404  29.719  13.206  -13.185 0.1250000000
79194  29.705  14.479  -13.746 0.1250000000
110198  23.609  18.265  -13.013 0.2500000000
81969  24.998  18.407  -12.902 0.2500000000
81980  27.081  18.136  -13.918 0.1250000000
81308  27.792  17.650  -15.266 0.1250000000
81304  27.803  17.683  -14.330 0.1250000000
81312  28.352  16.976  -15.844 0.1250000000
81982  24.269  18.567  -13.314 0.1250000000
82721  24.925  19.212  -14.393 0.1250000000
81992  27.209  18.222  -14.758 0.1250000000
108927  28.725  15.999  -16.229 0.1250000000
82723  23.243  20.092  -15.084 0.1250000000
82722  24.038  19.567  -14.760 0.1250000000
58895  19.860  -9.377  -2.508 0.7500000000
58903  20.666  -9.466  -2.977 0.7500000000
59747  18.884  -8.524  -2.290 0.7500000000
125298  19.405  -9.300  -2.288 0.7500000000
62374  17.238  -5.607  -2.552 0.5000000000
61544  18.516  -6.106  -2.929 0.6250000000
109544  23.162  -5.397  -5.194 0.6250000000
63298  23.987  -3.981  -5.158 0.5000000000
70779  27.850  5.012  -4.619 0.1250000000
125979  28.506  5.016  -4.344 0.1250000000
70780  27.006  4.671  -5.014 0.1250000000
76636  29.705  11.611  -8.380 0.1250000000
78428  29.206  14.342  -15.141 0.1250000000
121375  29.055  15.313  -15.953 0.1250000000
122147  18.366  -8.750  -1.772 0.7500000000
60638  18.111  -7.507  -2.096 0.5000000000
58062  21.005  -10.325  -2.790 0.6250000000
58061  21.946  -10.583  -2.946 0.6250000000
58893  23.388  -10.061  -3.268 0.3750000000
58068  22.147  -9.468  -3.520 0.6250000000
59754  24.247  -8.830  -3.805 0.2500000000
59755  23.291  -8.813  -3.971 0.3750000000
64152  24.689  -3.590  -5.017 0.3750000000
60657  23.298  -7.470  -4.646 0.5000000000
61555  23.631  -6.808  -5.000 0.5000000000
62397  23.843  -6.026  -5.187 0.3750000000
121820  23.496  -10.630  -2.801 0.5000000000
58894  22.471  -10.055  -3.326 0.6250000000
63284  24.083  -5.045  -5.186 0.5000000000
57137  21.398  -11.167  -2.517 0.6250000000
60626  17.208  -7.176  -1.599 0.3750000000
57138  20.468  -10.801  -2.311 0.6250000000
119219  20.163  -10.004  -2.459 0.6250000000
58896  18.940  -9.207  -2.045 0.6250000000
57123  23.733  -11.555  -1.930 0.3750000000
57135  23.232  -11.197  -2.504 0.5000000000
118479  24.515  -10.543  -2.275 0.3750000000
58892  24.201  -9.621  -3.239 0.2500000000
120509  16.740  -4.108  -2.590 0.3750000000
60646  23.763  -8.150  -4.376 0.2500000000
61554  24.436  -6.649  -5.020 0.2500000000
105427  24.744  -4.401  -5.035 0.2500000000
70738  15.515  3.882  -2.955 0.1250000000
110308  25.193  -3.251  -4.914 0.2500000000
127872  17.872  6.994  -6.726 0.3750000000
72576  17.097  6.115  -5.747 0.2500000000
70755  14.882  5.121  -2.885 0.1250000000
69880  15.685  3.093  -3.121 0.2500000000
72587  17.594  6.526  -6.352 0.3750000000
124288  22.937  -6.872  -4.776 0.5000000000
59748  18.391  -8.177  -2.073 0.5000000000
58069  21.597  -9.865  -3.239 0.6250000000
117792  22.881  -9.452  -3.629 0.5000000000
59765  22.865  -8.123  -4.276 0.5000000000
64151  25.322  -3.905  -4.842 0.2500000000
61531  17.189  -6.328  -2.074 0.3750000000
107818  17.919  -6.219  -2.589 0.3750000000
58063  19.427  -9.730  -2.098 0.6250000000
58060  22.829  -10.665  -2.956 0.5000000000
58901  23.616  -9.378  -3.612 0.2500000000
58059  24.075  -10.294  -2.792 0.2500000000
59745  24.921  -9.131  -3.153 0.2500000000
58051  23.936  -10.898  -2.352 0.3750000000
59735  17.662  -8.197  -1.557 0.3750000000
57139  19.740  -10.402  -1.996 0.6250000000
57124  22.907  -11.897  -2.101 0.3750000000
57136  22.367  -11.296  -2.583 0.5000000000
60656  24.145  -7.417  -4.753 0.2500000000
62396  24.659  -5.814  -5.078 0.2500000000
69866  15.757  2.998  -3.025 0.1250000000
57107  19.432  -11.400  -1.244 0.5000000000
117075  21.868  -12.743  -1.608 0.3750000000
57125  21.868  -12.073  -2.109 0.5000000000
57127  19.959  -11.129  -1.806 0.5000000000
57108  18.686  -11.327  -0.714 0.3750000000
57128  18.907  -10.690  -1.232 0.5000000000
121072  19.412  -10.726  -1.601 0.5000000000
58053  18.883  -9.705  -1.697 0.3750000000
56100  18.093  -12.765  0.388 0.1250000000
56117  19.175  -12.091  -0.648 0.3750000000
58868  17.583  -9.282  -0.797 0.2500000000
54217  18.549  -14.304  0.817 0.1250000000
55195  18.909  -12.818  -0.175 0.2500000000
122190  19.650  -12.821  -0.673 0.3750000000
56115  23.035  -13.018  -1.085 0.2500000000
55208  20.742  -13.080  -1.290 0.3750000000
56133  20.470  -12.367  -1.463 0.5000000000
55177  17.802  -13.558  1.019 0.1250000000
122630  20.185  -12.802  -1.095 0.3750000000
57092  17.512  -11.061  0.493 0.1250000000
58034  17.368  -9.761  -0.201 0.1250000000
120045  27.919  7.130  -4.995 0.1250000000
120804  18.322  -9.404  -1.392 0.3750000000
57126  20.772  -11.716  -1.962 0.5000000000
127307  17.826  -8.889  -1.303 0.2500000000
59736  17.213  -8.658  -0.909 0.2500000000
56130  23.521  -12.322  -1.418 0.2500000000
56134  19.844  -12.207  -1.102 0.5000000000
110768  20.084  -11.745  -1.525 0.5000000000
56131  22.580  -12.563  -1.618 0.3750000000
56132  21.198  -12.568  -1.660 0.3750000000
55207  21.465  -13.216  -1.314 0.3750000000
58033  18.300  -10.586  -0.724 0.1250000000
58054  17.986  -9.901  -0.741 0.1250000000
122276  18.588  -10.062  -1.265 0.1250000000
58052  19.151  -10.186  -1.648 0.5000000000
111659  17.405  -12.552  1.123 0.1250000000
56118  18.372  -12.044  -0.189 0.2500000000
56101  17.698  -11.899  0.445 0.1250000000
56082  17.261  -11.673  1.189 0.1250000000
57109  18.010  -11.219  -0.153 0.1250000000
55176  18.717  -13.565  0.357 0.1250000000
55194  19.550  -13.529  -0.201 0.3750000000
55192  21.821  -13.729  -0.842 0.2500000000
106626  17.668  -10.470  -0.152 0.1250000000
54227  21.350  -14.277  -0.383 0.2500000000
62375  16.656  -5.734  -1.906 0.2500000000
55206  22.240  -13.180  -1.234 0.2500000000
54216  19.454  -14.340  0.363 0.1250000000
56116  20.238  -13.378  -0.762 0.2500000000
54228  20.362  -14.156  -0.258 0.2500000000
62362  16.249  -5.427  -1.159 0.1250000000
76640  19.504  11.846  -8.390 0.1250000000
76630  19.346  11.702  -7.938 0.1250000000
76619  18.960  12.611  -7.244 0.1250000000
77562  19.114  12.728  -7.941 0.1250000000
121609  18.583  11.765  -6.047 0.1250000000
78371  18.713  13.810  -7.280 0.1250000000
75773  19.362  10.498  -8.114 0.1250000000
77552  18.684  13.203  -6.985 0.1250000000
78365  18.407  14.041  -6.284 0.1250000000
75019  19.182  9.341  -7.860 0.1250000000
72577  16.686  5.790  -5.301 0.1250000000
60627  16.870  -7.904  -0.988 0.1250000000
106606  16.101  -6.033  -0.953 0.1250000000
73455  17.874  7.076  -6.620 0.1250000000
75008  18.821  9.660  -6.803 0.1250000000
75762  18.564  10.502  -6.504 0.1250000000
123431  18.146  10.910  -6.007 0.1250000000
76620  18.260  11.264  -5.760 0.1250000000
77549  18.469  13.807  -6.025 0.1250000000
79154  18.840  14.865  -5.568 0.1250000000
79157  18.879  14.650  -6.555 0.1250000000
105319  16.265  -3.952  -1.812 0.1250000000
78380  19.207  13.615  -8.238 0.1250000000
61517  16.551  -6.326  -1.372 0.1250000000
114786  17.499  6.559  -6.111 0.1250000000
63264  16.580  -4.868  -2.074 0.1250000000
63233  16.206  -4.863  -0.779 0.1250000000
62345  16.228  -5.589  -0.495 0.1250000000
76631  18.365  11.178  -6.311 0.1250000000
77553  18.560  13.274  -6.496 0.1250000000
77550  18.760  11.875  -5.610 0.1250000000
76614  18.687  11.497  -5.366 0.1250000000
56129  24.225  -11.818  -1.387 0.1250000000
58050  25.155  -10.489  -1.884 0.1250000000
58058  24.872  -9.882  -2.565 0.1250000000
126978  25.527  -8.749  -3.069 0.1250000000
60645  24.628  -7.976  -4.215 0.1250000000
60644  25.446  -7.661  -3.884 0.1250000000
61540  24.960  -7.190  -4.568 0.1250000000
61538  26.565  -6.536  -3.771 0.1250000000
61539  25.758  -6.859  -4.172 0.1250000000
61553  25.224  -6.368  -4.737 0.1250000000
105604  26.863  -5.586  -3.900 0.1250000000
106194  24.883  -5.112  -5.038 0.1250000000
63273  26.809  -4.612  -4.080 0.1250000000
62394  26.152  -5.115  -4.501 0.1250000000
63282  26.116  -4.131  -4.525 0.1250000000
55191  22.646  -13.595  -0.682 0.1250000000
55193  20.980  -13.705  -0.893 0.1250000000
55190  23.441  -13.393  -0.491 0.1250000000
119119  24.396  -12.407  -0.818 0.1250000000
57121  25.459  -11.134  -1.396 0.1250000000
57106  24.954  -11.732  -1.102 0.1250000000
58891  26.430  -9.238  -2.200 0.1250000000
60636  25.989  -8.182  -3.255 0.1250000000
61528  27.133  -7.152  -3.202 0.1250000000
62382  27.585  -5.614  -3.440 0.1250000000
108258  25.787  -3.303  -4.696 0.1250000000
64150  26.491  -3.330  -4.371 0.1250000000
64139  27.427  -4.001  -3.723 0.1250000000
57122  24.559  -11.149  -1.744 0.1250000000
63283  25.455  -4.710  -4.840 0.1250000000
115816  25.576  -9.256  -2.609 0.1250000000
62395  25.412  -5.536  -4.805 0.1250000000
113831  23.710  -12.841  -0.818 0.1250000000
54226  22.244  -14.193  -0.271 0.1250000000
58884  25.718  -9.847  -1.997 0.1250000000
59744  26.053  -8.760  -2.751 0.1250000000
62383  26.021  -6.011  -4.366 0.1250000000
60643  26.257  -7.359  -3.564 0.1250000000
61537  27.379  -6.281  -3.420 0.1250000000
64140  26.790  -3.895  -4.147 0.1250000000
63272  27.495  -4.909  -3.591 0.1250000000
55175  23.100  -14.011  -0.097 0.1250000000
55174  23.940  -13.742  0.113 0.1250000000
58049  25.944  -10.517  -1.529 0.1250000000
124830  27.556  -3.430  -3.736 0.1250000000
59753  25.132  -8.438  -3.590 0.1250000000
61530  17.830  -6.816  -2.194 0.3750000000
63289  19.413  -4.150  -4.243 1.0000000000
63299  23.284  -3.696  -5.330 0.5000000000
64149  27.132  -3.381  -4.015 0.1250000000
69106  16.093  2.441  -4.174 0.5000000000
69134  17.552  2.445  -5.866 1.0000000000
71663  25.717  4.913  -5.585 0.5000000000
72564  16.151  7.101  -4.309 0.1250000000
72591  22.068  6.850  -7.287 1.0000000000
72595  17.940  6.740  -6.989 0.3750000000
73453  23.385  7.247  -6.604 0.8750000000
75761  24.676  10.146  -6.842 0.8750000000
77565  29.421  12.527  -8.554 0.1250000000
77575  23.486  12.633  -9.786 0.7500000000
77594  30.109  12.851  -12.269 0.1250000000
78385  28.730  14.105  -9.018 0.2500000000
78400  30.210  13.448  -11.746 0.1250000000
78412  29.878  13.955  -13.173 0.1250000000
79181  25.131  15.286  -10.361 0.3750000000
79187  30.026  14.138  -12.001 0.1250000000
79188  29.678  14.737  -11.662 0.1250000000
79191  29.850  14.694  -12.938 0.1250000000
79208  29.336  15.135  -15.332 0.1250000000
79209  28.868  14.562  -15.892 0.1250000000
79876  27.875  15.397  -9.809 0.3750000000
79886  27.489  15.911  -10.240 0.3750000000
79910  29.366  15.667  -14.809 0.1250000000
80624  29.075  16.075  -12.806 0.1250000000
81994  25.511  19.259  -14.961 0.1250000000
82709  24.127  19.099  -14.053 0.1250000000
110849  22.935  5.854  -6.638 1.0000000000
111612  24.768  11.442  -7.440 0.7500000000
113703  29.626  10.950  -7.975 0.1250000000
114393  16.233  2.065  -4.284 0.6250000000
115345  18.566  1.978  -6.692 1.0000000000
115730  28.664  16.661  -13.107 0.1250000000
116154  26.581  15.888  -10.083 0.3750000000
120315  29.460  14.187  -14.447 0.1250000000
127416  30.409  11.894  -10.174 0.1250000000
