#!ascii label  , from subject sub-v1s1x0050648_ses-1 vox2ras=TkReg
853
13702  33.031  -61.584  -5.088 0.3000000119
21780  25.683  -51.495  -3.141 0.6000000238
25401  26.111  -46.756  -1.694 0.6999999881
25389  26.373  -46.905  -0.969 0.6999999881
13703  32.048  -61.305  -5.210 0.4000000060
115142  28.541  -57.149  -2.959 0.4000000060
14464  33.069  -60.568  -3.776 0.5000000000
14480  33.498  -61.204  -4.412 0.5000000000
20809  26.946  -52.112  -3.090 0.6999999881
22655  25.213  -49.699  -2.907 0.6999999881
21765  25.812  -50.478  -3.062 0.5000000000
24475  26.866  -47.617  -2.587 0.6000000238
25410  26.355  -46.984  -2.281 0.6000000238
26288  26.539  -46.135  -2.096 0.6999999881
26276  27.265  -45.526  -1.167 0.6999999881
15223  31.417  -60.047  -3.850 0.5000000000
14465  32.197  -60.344  -3.911 0.6000000238
19093  27.981  -55.160  -3.402 0.4000000060
114728  27.569  -54.358  -3.395 0.5000000000
112752  31.923  -59.818  -3.190 0.6000000238
120015  26.643  -53.777  -3.412 0.6000000238
113791  27.164  -52.958  -3.214 0.6000000238
15222  32.682  -60.028  -3.097 0.6000000238
23564  26.935  -49.294  -2.787 0.6000000238
110395  27.516  -48.521  -2.669 0.6000000238
25408  28.658  -47.088  -2.740 0.6999999881
25409  27.287  -46.670  -2.627 0.6999999881
117529  27.166  -45.747  -2.439 0.6999999881
26287  26.989  -45.463  -1.886 0.6999999881
27161  27.905  -45.121  -0.984 0.6999999881
26293  27.569  -45.111  -2.498 0.6999999881
27173  28.047  -44.457  -2.495 0.6999999881
122784  28.122  -44.138  -1.963 0.6999999881
27172  28.883  -44.525  -2.968 0.6999999881
15239  30.228  -59.970  -4.345 0.5000000000
15989  29.488  -58.701  -3.239 0.5000000000
16745  29.049  -57.993  -2.920 0.5000000000
112093  28.706  -55.641  -3.239 0.4000000060
121593  30.961  -59.149  -2.934 0.5000000000
115550  28.402  -54.338  -3.401 0.5000000000
19909  27.788  -53.604  -3.275 0.6000000238
15973  32.595  -58.660  -2.676 0.6000000238
16735  32.034  -57.940  -2.769 0.5000000000
16742  32.429  -56.781  -3.017 0.5000000000
20796  27.648  -51.601  -2.879 0.6999999881
120482  26.955  -49.920  -2.877 0.6000000238
21764  27.058  -50.600  -2.800 0.6999999881
107271  28.049  -47.776  -2.690 0.6000000238
105510  29.320  -46.500  -2.883 0.6000000238
26292  28.083  -46.019  -2.824 0.6999999881
28077  29.282  -43.972  -1.110 0.6999999881
121482  29.919  -46.020  -3.037 0.6000000238
28087  28.593  -43.956  -2.456 0.6999999881
28982  29.444  -43.511  -1.767 0.6999999881
106736  28.792  -45.379  -2.989 0.6999999881
112130  29.104  -56.246  -3.013 0.4000000060
15988  30.289  -58.945  -2.994 0.5000000000
111468  29.781  -56.994  -2.873 0.4000000060
121487  29.707  -54.959  -3.417 0.5000000000
19908  28.783  -53.529  -3.334 0.6000000238
16744  30.805  -57.245  -2.849 0.4000000060
20808  28.073  -52.639  -3.058 0.6000000238
15974  31.020  -58.303  -2.801 0.4000000060
17520  30.898  -56.284  -2.923 0.4000000060
16743  31.635  -56.510  -2.986 0.4000000060
17519  31.800  -55.805  -3.317 0.4000000060
21778  28.699  -51.880  -2.936 0.6999999881
116868  27.777  -50.129  -2.691 0.6000000238
23563  28.207  -49.442  -2.581 0.6000000238
24474  29.186  -48.066  -2.453 0.6000000238
111322  28.659  -48.724  -2.541 0.6000000238
25407  29.753  -47.414  -2.450 0.6000000238
28981  30.079  -43.497  -1.076 0.6999999881
28987  29.231  -43.625  -2.347 0.6999999881
27171  29.946  -45.082  -3.098 0.6000000238
28086  29.429  -44.061  -2.855 0.6000000238
113585  30.150  -55.954  -2.969 0.4000000060
120616  30.384  -55.281  -3.320 0.4000000060
20807  29.310  -52.700  -3.278 0.6999999881
18281  31.139  -55.576  -3.224 0.4000000060
21777  29.596  -51.923  -3.075 0.8000000119
18279  32.674  -55.535  -3.706 0.5000000000
21763  28.266  -51.014  -2.725 0.6999999881
22653  29.102  -50.464  -2.536 0.6000000238
23551  29.538  -48.952  -2.169 0.5000000000
23562  29.115  -49.505  -2.404 0.6000000238
28969  30.772  -43.806  -0.123 0.6999999881
26285  31.273  -46.800  -1.905 0.6000000238
26286  30.334  -46.761  -2.546 0.6000000238
126025  29.943  -43.318  -1.726 0.8000000119
28980  30.900  -43.152  -0.688 0.8000000119
26291  30.804  -46.018  -2.775 0.6000000238
19091  30.340  -54.502  -3.573 0.5000000000
115159  29.323  -54.335  -3.485 0.6000000238
109062  31.279  -54.980  -3.616 0.5000000000
19104  32.646  -54.484  -4.213 0.6999999881
18291  32.088  -54.944  -3.880 0.4000000060
117676  29.133  -51.343  -2.780 0.6999999881
24465  30.275  -49.136  -1.615 0.6000000238
22652  29.977  -49.923  -2.060 0.6000000238
108580  30.581  -48.387  -1.500 0.6000000238
120729  31.481  -42.830  -0.282 0.6000000238
25400  30.534  -47.578  -1.899 0.6000000238
28986  29.960  -43.355  -2.178 0.6999999881
121328  30.517  -42.998  -1.657 0.6999999881
27170  31.018  -45.204  -2.865 0.6999999881
28085  30.518  -44.230  -2.918 0.6999999881
108362  30.513  -43.438  -2.588 0.6999999881
19905  31.447  -53.367  -3.914 0.5000000000
19906  30.754  -53.696  -3.747 0.6000000238
118704  30.127  -52.974  -3.666 0.6000000238
20822  32.706  -52.691  -4.140 0.6999999881
19918  32.192  -53.532  -4.144 0.6000000238
20806  30.057  -52.397  -3.436 0.6999999881
121296  33.645  -53.496  -4.503 0.6999999881
114540  33.513  -54.312  -4.466 0.6999999881
21762  29.885  -51.337  -2.748 0.6999999881
114230  30.260  -50.769  -2.368 0.6999999881
23550  30.838  -49.932  -1.340 0.5000000000
22641  30.649  -50.446  -1.849 0.6000000238
124774  32.311  -42.353  1.108 0.5000000000
25386  31.284  -47.925  -1.125 0.6000000238
24464  30.969  -49.061  -1.005 0.6000000238
30620  31.844  -42.235  -0.351 0.6000000238
126491  32.374  -41.897  0.544 0.5000000000
29879  31.222  -42.465  -1.968 0.6000000238
30619  32.286  -41.572  -0.408 0.5000000000
126306  32.629  -41.019  -0.421 0.5000000000
26284  32.172  -46.353  -1.504 0.6999999881
27167  31.761  -45.773  -2.332 0.6999999881
27169  31.694  -44.708  -2.660 0.6999999881
28992  31.308  -43.063  -2.507 0.6999999881
126113  31.772  -42.481  -2.305 0.5000000000
27166  32.351  -45.223  -2.188 0.6999999881
28991  32.411  -43.007  -2.463 0.6000000238
20805  30.844  -52.636  -3.705 0.6000000238
20823  31.799  -52.647  -3.873 0.6999999881
21793  33.757  -51.416  -4.056 0.6999999881
21776  30.415  -51.889  -3.229 0.6999999881
22640  31.147  -50.460  -1.548 0.6999999881
21761  30.728  -51.326  -2.822 0.6999999881
30611  32.662  -41.188  1.176 0.4000000060
23534  31.566  -49.739  -0.760 0.5000000000
111750  32.832  -40.454  -0.016 0.4000000060
25399  31.887  -47.102  -1.090 0.6000000238
29886  31.926  -41.950  -2.083 0.5000000000
30631  32.440  -41.268  -1.066 0.5000000000
30640  32.595  -41.561  -2.171 0.4000000060
112180  32.455  -45.683  -1.784 0.6000000238
28081  32.629  -44.603  -2.286 0.6999999881
28083  32.994  -43.878  -2.365 0.6000000238
28990  33.426  -43.193  -2.366 0.5000000000
21794  32.977  -51.704  -3.928 0.6000000238
20804  32.229  -51.953  -3.780 0.6999999881
21775  31.370  -51.794  -3.452 0.6999999881
22674  34.083  -50.716  -3.917 0.6999999881
21773  33.302  -50.963  -3.759 0.6999999881
21760  31.461  -51.223  -2.941 0.6000000238
22651  31.121  -50.839  -2.210 0.6000000238
23533  32.366  -49.525  -0.367 0.6000000238
24454  31.786  -48.822  -0.495 0.6000000238
26274  32.578  -46.777  -0.684 0.6000000238
25385  32.281  -47.791  -0.406 0.6000000238
30635  32.296  -41.527  -1.714 0.4000000060
31318  32.859  -40.990  -1.606 0.5000000000
31308  32.876  -40.678  -0.777 0.4000000060
26283  32.915  -45.878  -1.058 0.6000000238
31317  33.504  -40.586  -1.853 0.4000000060
27165  32.972  -45.153  -1.639 0.6000000238
28985  33.769  -43.787  -2.053 0.5000000000
22664  32.876  -50.736  -3.240 0.6999999881
21774  32.297  -51.246  -3.457 0.6000000238
22662  34.525  -50.269  -3.843 0.6999999881
22650  31.977  -50.863  -2.660 0.6000000238
22661  35.149  -49.891  -4.035 0.6999999881
118578  32.571  -50.478  -1.400 0.5000000000
23516  32.640  -48.711  0.014 0.6000000238
25384  33.071  -47.266  -0.049 0.5000000000
127824  33.297  -45.331  -1.076 0.6000000238
28080  33.361  -44.446  -1.855 0.5000000000
23561  34.771  -49.879  -3.166 0.6999999881
22649  33.473  -50.427  -2.898 0.6999999881
22626  33.094  -50.341  -0.924 0.6000000238
23532  33.635  -49.972  -0.419 0.5000000000
24445  33.612  -48.599  0.355 0.6000000238
23515  33.194  -49.422  -0.024 0.6000000238
121688  33.723  -46.968  0.221 0.6000000238
26273  33.359  -46.444  -0.293 0.6000000238
28079  33.909  -44.176  -1.546 0.5000000000
17529  34.681  -56.064  -4.262 0.5000000000
18288  34.540  -55.159  -4.543 0.5000000000
18287  35.564  -55.576  -4.808 0.5000000000
106504  34.964  -55.562  -4.575 0.5000000000
19102  34.076  -54.804  -4.521 0.6999999881
19914  35.518  -53.744  -4.661 0.6999999881
19101  34.693  -54.669  -4.632 0.5000000000
19112  35.724  -55.093  -4.946 0.5000000000
19916  34.264  -53.168  -4.548 0.6999999881
19915  34.823  -53.897  -4.617 0.6999999881
20820  34.311  -52.109  -4.330 0.6999999881
13710  33.651  -62.125  -5.512 0.3000000119
26277  26.617  -46.135  -1.397 0.6999999881
23565  25.840  -49.051  -2.815 0.6000000238
27168  27.667  -44.809  -1.738 0.6999999881
28076  30.105  -44.278  -0.303 0.6999999881
18290  32.698  -55.151  -3.956 0.6000000238
24473  29.979  -48.259  -1.989 0.6000000238
29878  31.273  -42.566  -1.104 0.6000000238
125158  30.637  -43.009  -2.234 0.6999999881
30632  31.823  -41.881  -1.305 0.6000000238
107267  31.189  -43.831  -2.734 0.6999999881
114993  32.639  -41.089  0.259 0.5000000000
29884  33.181  -42.474  -2.493 0.5000000000
22628  31.471  -50.256  -1.110 0.5000000000
22663  33.807  -50.594  -3.588 0.6999999881
22627  32.214  -50.226  -0.841 0.5000000000
22638  33.311  -50.458  -1.795 0.6000000238
25375  32.995  -47.999  0.170 0.6000000238
22625  33.969  -50.320  -1.170 0.5000000000
20817  37.458  -52.535  -4.632 0.6000000238
22677  41.524  -50.977  -5.314 0.6000000238
23581  42.943  -49.923  -5.350 0.4000000060
21787  39.405  -51.441  -4.783 0.5000000000
113212  36.558  -51.936  -4.560 0.6000000238
121004  25.562  -53.133  -3.527 0.5000000000
22675  43.797  -50.527  -5.354 0.4000000060
20810  26.234  -52.629  -3.302 0.5000000000
21781  24.303  -51.295  -3.198 0.5000000000
21799  40.207  -52.118  -5.170 0.5000000000
23580  43.875  -49.865  -5.231 0.4000000060
118746  25.124  -52.214  -3.389 0.5000000000
21766  24.678  -50.525  -3.037 0.5000000000
21786  40.404  -51.210  -5.006 0.6000000238
21788  38.414  -51.647  -4.656 0.5000000000
116437  35.559  -51.868  -4.471 0.6000000238
23566  44.189  -49.264  -4.214 0.4000000060
23567  43.579  -49.675  -3.533 0.4000000060
22666  41.746  -50.150  -5.176 0.4000000060
22631  25.577  -49.961  -1.272 0.5000000000
22668  39.460  -50.441  -4.682 0.5000000000
23553  25.003  -49.462  -2.517 0.5000000000
23537  25.848  -49.160  -1.223 0.5000000000
21789  37.506  -51.624  -4.587 0.6000000238
110418  36.880  -50.908  -4.535 0.6000000238
118252  34.874  -51.763  -4.352 0.6000000238
24476  25.828  -48.504  -2.357 0.5000000000
24457  26.158  -48.364  -1.029 0.5000000000
23536  26.800  -49.280  -0.631 0.4000000060
108342  37.777  -50.708  -4.575 0.5000000000
109575  38.701  -50.853  -4.640 0.5000000000
127535  37.108  -50.303  -4.497 0.6000000238
22671  36.419  -50.045  -4.364 0.6000000238
21790  35.980  -50.961  -4.423 0.6000000238
22672  35.467  -50.222  -4.235 0.6000000238
21791  35.138  -51.006  -4.283 0.6000000238
23573  43.024  -49.008  -4.922 0.4000000060
23572  44.108  -49.424  -4.739 0.4000000060
113487  27.267  -47.648  -0.506 0.5000000000
24456  27.112  -48.514  -0.526 0.5000000000
24447  29.065  -48.556  0.256 0.4000000060
25390  25.988  -47.490  -1.422 0.6000000238
23535  27.828  -49.401  -0.274 0.4000000060
23575  39.768  -49.577  -4.637 0.6000000238
22670  37.426  -49.658  -4.432 0.6000000238
23578  36.629  -49.188  -4.109 0.6000000238
25378  28.293  -47.650  -0.148 0.5000000000
25377  29.297  -47.533  0.350 0.4000000060
23517  30.264  -48.731  1.337 0.4000000060
24484  41.180  -48.525  -4.630 0.6000000238
119371  41.939  -49.439  -4.967 0.4000000060
24485  39.240  -48.142  -4.437 0.6000000238
23574  40.814  -49.482  -4.763 0.6000000238
105356  38.283  -49.137  -4.463 0.5000000000
24479  38.121  -48.191  -4.071 0.6000000238
24486  38.467  -48.398  -4.314 0.5000000000
23570  35.785  -49.496  -3.866 0.6000000238
24482  43.657  -48.147  -4.450 0.4000000060
25387  28.447  -46.842  -0.169 0.6000000238
26267  30.029  -46.797  0.788 0.5000000000
111959  30.518  -47.331  1.530 0.5000000000
25361  30.636  -48.117  1.914 0.5000000000
24483  42.202  -47.762  -4.478 0.4000000060
25417  40.756  -47.365  -4.347 0.5000000000
25414  39.443  -47.381  -3.945 0.5000000000
124126  38.605  -47.794  -3.967 0.5000000000
24480  37.332  -48.617  -3.880 0.6000000238
24472  36.867  -48.877  -3.446 0.6000000238
23571  34.974  -49.865  -3.731 0.6000000238
24477  44.738  -47.729  -3.533 0.4000000060
24478  44.353  -48.372  -4.061 0.4000000060
24469  44.729  -48.554  -3.347 0.4000000060
23555  44.393  -49.138  -3.308 0.4000000060
27159  29.430  -44.844  -0.406 0.6000000238
25411  44.299  -46.797  -3.583 0.4000000060
105265  30.476  -45.910  0.960 0.6000000238
106034  30.924  -46.410  2.329 0.5000000000
25348  30.771  -47.212  2.398 0.4000000060
25416  42.992  -47.146  -4.319 0.4000000060
115841  40.182  -47.106  -4.096 0.5000000000
119461  38.101  -48.113  -3.714 0.5000000000
24471  37.546  -48.487  -3.221 0.6000000238
23559  36.177  -49.259  -3.321 0.6000000238
116218  35.118  -49.864  -2.466 0.6000000238
24468  45.188  -48.351  -2.770 0.4000000060
113152  30.281  -45.117  0.318 0.6000000238
27149  29.688  -45.773  0.220 0.6000000238
27134  30.986  -45.834  1.805 0.5000000000
26210  30.426  -46.208  4.543 0.5000000000
26298  43.779  -46.302  -3.892 0.4000000060
25412  41.920  -46.596  -4.184 0.4000000060
121039  40.911  -46.682  -4.050 0.5000000000
25405  39.875  -47.044  -3.315 0.5000000000
23546  37.040  -48.929  -2.635 0.5000000000
23541  45.548  -49.076  -2.308 0.4000000060
28063  30.821  -44.496  0.471 0.6000000238
124101  31.270  -44.974  2.148 0.5000000000
27104  31.196  -45.048  3.190 0.5000000000
25413  40.484  -46.749  -3.779 0.5000000000
25406  38.880  -47.637  -3.511 0.4000000060
24463  37.805  -48.586  -2.034 0.4000000060
23547  36.363  -49.347  -2.274 0.4000000060
23548  35.625  -49.703  -1.749 0.6000000238
23531  34.506  -49.867  -0.528 0.4000000060
24461  45.447  -48.711  -2.094 0.4000000060
25403  44.730  -47.394  -3.136 0.4000000060
26279  44.218  -46.385  -3.055 0.4000000060
28968  31.398  -43.391  0.208 0.5000000000
28049  31.320  -44.423  1.290 0.5000000000
28039  31.546  -44.295  2.825 0.5000000000
28005  30.934  -44.532  4.367 0.4000000060
119035  31.591  -44.184  1.991 0.4000000060
25404  40.866  -46.187  -3.252 0.5000000000
119194  40.299  -46.690  -2.414 0.5000000000
25398  39.299  -47.523  -2.439 0.6000000238
23528  37.000  -49.113  -1.494 0.4000000060
23529  36.206  -49.495  -1.037 0.4000000060
23513  34.994  -49.339  0.069 0.4000000060
24462  38.371  -48.328  -1.053 0.5000000000
28958  31.736  -43.608  1.261 0.5000000000
29862  32.194  -42.737  1.758 0.4000000060
23512  35.877  -49.286  -0.036 0.5000000000
23514  34.095  -49.397  0.104 0.5000000000
108185  38.721  -47.879  -0.466 0.5000000000
120815  39.079  -47.756  -1.265 0.5000000000
24452  37.597  -48.730  -0.727 0.5000000000
24453  36.753  -49.092  -0.296 0.5000000000
25395  44.064  -46.833  -2.308 0.4000000060
26266  34.161  -46.252  0.276 0.5000000000
24444  34.593  -48.745  0.524 0.4000000060
24441  37.283  -48.476  0.408 0.5000000000
24440  38.137  -48.267  -0.098 0.5000000000
29850  32.308  -41.998  2.465 0.4000000060
25373  34.401  -47.248  0.670 0.4000000060
25374  33.674  -47.692  0.351 0.5000000000
115087  34.272  -48.067  0.597 0.5000000000
24443  35.485  -48.771  0.615 0.5000000000
25372  35.085  -47.982  0.916 0.5000000000
24442  36.344  -48.727  0.576 0.5000000000
24433  36.699  -48.199  1.049 0.5000000000
24434  35.988  -48.179  1.133 0.4000000060
25402  25.971  -47.554  -2.040 0.5000000000
25388  27.389  -46.594  -0.614 0.6000000238
127003  25.387  -49.129  -2.599 0.6000000238
26275  28.108  -45.958  -0.550 0.6000000238
127055  25.624  -53.900  -3.591 0.5000000000
29868  31.975  -42.760  0.586 0.5000000000
22637  34.260  -50.253  -2.341 0.6000000238
23549  34.839  -50.071  -1.449 0.4000000060
23552  25.257  -49.256  -1.937 0.5000000000
24467  25.324  -48.943  -2.333 0.5000000000
24466  25.646  -48.387  -1.853 0.5000000000
24446  29.788  -48.459  0.743 0.4000000060
114586  39.934  -48.729  -4.600 0.6000000238
25376  30.172  -47.851  1.051 0.4000000060
24481  44.060  -47.186  -4.085 0.4000000060
26268  29.079  -46.415  0.025 0.6000000238
26255  30.698  -46.610  1.615 0.5000000000
25335  30.599  -47.400  3.518 0.5000000000
24426  30.552  -48.648  2.638 0.5000000000
26226  30.613  -46.609  3.896 0.5000000000
28050  30.937  -45.164  1.133 0.5000000000
27124  31.046  -45.776  2.718 0.5000000000
24470  38.339  -48.066  -2.916 0.5000000000
27105  30.847  -45.795  3.719 0.5000000000
28062  31.263  -43.980  0.612 0.6000000238
23530  35.358  -49.680  -0.724 0.3000000119
9771  32.115  -66.671  1.955 0.3000000119
9080  32.381  -68.025  0.863 0.3000000119
9064  32.653  -67.605  1.561 0.3000000119
7706  32.899  -69.974  -0.073 0.3000000119
8399  32.765  -69.020  0.478 0.3000000119
7689  33.615  -69.938  0.679 0.3000000119
6358  33.307  -70.902  -0.862 0.3000000119
7025  33.799  -70.800  -0.097 0.3000000119
7652  36.207  -69.564  2.132 0.3000000119
7672  34.370  -70.371  0.952 0.3000000119
7024  34.248  -70.845  -0.150 0.3000000119
6357  33.758  -70.879  -0.615 0.3000000119
7670  35.511  -69.996  1.591 0.3000000119
8398  35.995  -68.784  0.418 0.3000000119
7688  35.550  -70.152  0.819 0.3000000119
114714  35.226  -70.215  0.065 0.4000000060
7705  34.682  -70.542  -0.408 0.4000000060
7745  34.110  -69.602  -2.357 0.4000000060
9096  35.043  -67.751  -0.754 0.3000000119
8419  34.834  -68.405  -1.231 0.4000000060
8420  34.505  -69.015  -1.774 0.4000000060
9801  35.131  -67.023  -0.280 0.3000000119
8436  34.238  -68.528  -2.842 0.4000000060
10539  34.570  -65.234  -0.330 0.4000000060
9802  34.763  -66.148  -0.381 0.4000000060
112562  34.303  -68.193  -4.070 0.4000000060
116727  34.747  -67.443  -4.105 0.3000000119
125442  34.865  -66.788  -1.222 0.4000000060
9108  34.725  -67.536  -1.586 0.4000000060
9815  34.826  -65.796  -1.054 0.4000000060
109868  35.434  -66.550  -3.345 0.5000000000
125842  34.679  -67.343  -2.929 0.4000000060
15221  33.546  -60.085  -2.900 0.5000000000
11352  34.762  -64.846  -0.908 0.4000000060
9127  34.529  -67.681  -3.312 0.4000000060
13709  34.609  -62.264  -5.589 0.3000000119
13686  35.469  -61.581  -3.853 0.4000000060
10611  35.859  -65.465  -5.682 0.3000000119
19095  25.994  -54.652  -3.620 0.4000000060
19096  24.939  -54.376  -3.713 0.4000000060
17518  33.032  -55.975  -3.569 0.4000000060
17517  33.887  -55.971  -3.885 0.4000000060
16741  33.417  -56.683  -3.305 0.4000000060
115017  35.418  -65.291  -1.828 0.4000000060
10552  35.208  -66.193  -2.024 0.3000000119
9117  34.882  -66.922  -2.493 0.5000000000
15987  33.849  -57.509  -3.109 0.4000000060
120530  34.190  -58.282  -2.970 0.4000000060
11351  35.305  -64.440  -1.441 0.4000000060
14479  34.471  -61.459  -4.076 0.4000000060
9839  35.720  -66.524  -4.055 0.4000000060
14462  35.014  -60.810  -3.269 0.5000000000
9140  35.175  -66.958  -4.498 0.5000000000
13700  35.969  -62.192  -4.528 0.4000000060
9865  36.226  -65.805  -5.110 0.3000000119
12951  35.490  -62.478  -5.423 0.4000000060
126330  24.700  -52.737  -3.566 0.4000000060
18289  33.875  -55.222  -4.301 0.4000000060
11350  36.150  -64.526  -2.121 0.4000000060
108356  34.680  -57.628  -3.391 0.4000000060
15986  34.967  -58.777  -3.024 0.5000000000
125774  36.082  -65.137  -2.467 0.4000000060
11373  36.016  -65.664  -2.773 0.4000000060
15985  36.043  -58.842  -3.366 0.5000000000
12172  36.542  -63.768  -2.006 0.4000000060
12189  37.167  -64.189  -2.577 0.4000000060
11372  36.826  -64.972  -2.898 0.4000000060
11393  37.313  -64.949  -3.618 0.5000000000
10585  37.442  -64.900  -4.303 0.5000000000
16739  35.593  -57.787  -3.629 0.4000000060
15218  36.525  -59.885  -3.265 0.5000000000
12931  38.224  -63.120  -2.401 0.4000000060
10598  37.327  -64.771  -5.055 0.5000000000
14461  36.007  -60.799  -3.329 0.4000000060
11420  36.817  -64.437  -5.608 0.4000000060
12217  37.050  -63.615  -5.633 0.4000000060
12218  36.080  -63.370  -5.861 0.4000000060
13699  37.028  -62.262  -4.397 0.4000000060
108633  35.498  -56.185  -4.578 0.4000000060
120708  35.997  -55.983  -4.861 0.3000000119
11371  37.707  -64.431  -3.241 0.4000000060
12201  38.412  -64.030  -3.560 0.4000000060
16738  36.507  -57.905  -3.987 0.4000000060
24435  30.540  -48.884  1.968 0.4000000060
12919  38.506  -62.396  -2.151 0.4000000060
124234  38.615  -63.420  -2.809 0.4000000060
11391  38.511  -64.049  -4.316 0.5000000000
11405  38.333  -63.912  -5.018 0.5000000000
15984  36.985  -58.920  -3.669 0.5000000000
15217  37.477  -59.936  -3.536 0.4000000060
13671  40.033  -61.846  -2.487 0.4000000060
11418  37.819  -63.760  -5.406 0.4000000060
14460  36.990  -60.816  -3.508 0.4000000060
121373  37.902  -62.211  -4.417 0.4000000060
13684  37.495  -61.635  -3.870 0.4000000060
19111  36.518  -55.040  -5.131 0.4000000060
17528  36.288  -56.506  -4.705 0.3000000119
12187  38.817  -63.569  -3.204 0.4000000060
12200  38.948  -63.652  -3.892 0.4000000060
16757  36.759  -57.212  -4.509 0.3000000119
12928  40.272  -62.004  -3.193 0.4000000060
12942  39.752  -62.569  -3.827 0.4000000060
12208  38.795  -63.547  -4.585 0.4000000060
108192  39.019  -62.645  -4.574 0.5000000000
13670  40.531  -61.313  -2.613 0.4000000060
13681  40.512  -61.319  -3.293 0.4000000060
13697  39.098  -61.982  -4.268 0.4000000060
13683  38.391  -61.757  -4.085 0.4000000060
118764  36.343  -53.650  -4.705 0.4000000060
13696  39.539  -62.153  -4.120 0.4000000060
7102  31.766  -71.032  -6.153 0.3000000119
8383  36.968  -69.077  1.894 0.3000000119
9079  35.608  -67.921  0.055 0.3000000119
9788  34.982  -66.387  0.155 0.4000000060
12922  35.332  -62.967  -1.049 0.4000000060
12173  35.688  -63.720  -1.531 0.4000000060
12921  36.285  -62.887  -1.637 0.4000000060
13662  38.014  -61.625  -1.808 0.4000000060
17536  36.586  -56.131  -5.025 0.3000000119
13660  40.237  -61.102  -1.999 0.4000000060
19110  37.433  -54.918  -5.223 0.4000000060
110773  38.023  -56.150  -5.193 0.4000000060
16761  38.064  -57.615  -4.577 0.4000000060
14447  41.241  -60.297  -3.067 0.4000000060
13695  39.905  -61.297  -3.817 0.4000000060
14477  39.892  -60.518  -3.884 0.4000000060
14478  39.328  -60.383  -3.837 0.4000000060
114143  38.489  -58.642  -4.213 0.3000000119
16001  37.828  -59.021  -3.857 0.4000000060
15215  41.147  -60.032  -3.526 0.4000000060
15220  34.532  -59.991  -2.797 0.4000000060
19925  36.896  -54.321  -4.912 0.4000000060
8400  32.005  -68.346  0.199 0.3000000119
8385  33.284  -68.708  1.271 0.3000000119
7724  32.635  -70.331  -0.782 0.3000000119
111378  30.451  -72.324  -5.152 0.3000000119
6409  31.797  -71.439  -5.191 0.3000000119
7012  33.965  -70.623  0.459 0.3000000119
7687  36.182  -69.604  1.432 0.3000000119
6994  34.903  -70.442  1.025 0.4000000060
7723  34.427  -70.130  -1.329 0.4000000060
8407  35.397  -68.709  -0.350 0.3000000119
7704  35.012  -69.582  -0.679 0.4000000060
8435  34.506  -67.870  -2.285 0.4000000060
9787  35.717  -67.023  0.452 0.3000000119
11332  34.423  -64.247  -0.273 0.4000000060
121843  36.214  -66.074  -3.544 0.4000000060
10599  36.900  -65.377  -4.678 0.5000000000
11428  37.072  -64.009  -5.717 0.3000000119
10586  36.949  -65.507  -3.962 0.5000000000
12920  37.401  -62.391  -1.876 0.4000000060
13698  38.552  -62.482  -4.614 0.4000000060
15216  38.484  -59.956  -3.765 0.4000000060
19922  40.508  -53.749  -5.405 0.4000000060
20827  39.882  -53.022  -5.206 0.4000000060
20825  42.437  -52.494  -5.509 0.4000000060
21797  42.599  -51.610  -5.518 0.3000000119
19923  38.839  -53.327  -4.954 0.4000000060
20816  38.313  -52.525  -4.709 0.4000000060
18273  37.885  -55.090  -2.201 0.3000000119
19082  38.531  -54.590  -2.550 0.3000000119
21771  40.028  -51.594  -3.301 0.3000000119
115168  42.292  -52.022  -3.801 0.3000000119
22658  43.019  -50.352  -3.664 0.3000000119
22656  44.275  -50.203  -4.800 0.3000000119
19894  39.095  -54.068  -2.903 0.3000000119
20803  39.098  -52.803  -3.143 0.3000000119
21772  39.072  -52.053  -3.098 0.3000000119
19073  37.109  -54.828  -1.895 0.3000000119
19084  36.794  -53.970  -2.013 0.3000000119
21769  42.613  -51.262  -3.764 0.3000000119
19896  37.913  -53.247  -2.684 0.3000000119
21757  39.139  -51.298  -2.855 0.3000000119
21770  41.276  -51.409  -3.520 0.3000000119
20794  37.540  -52.363  -2.391 0.3000000119
22646  38.897  -50.678  -2.276 0.3000000119
21758  37.585  -51.566  -2.019 0.3000000119
22636  38.530  -50.401  -1.490 0.3000000119
19888  36.477  -53.208  -1.880 0.3000000119
22644  40.598  -50.110  -2.755 0.3000000119
23557  41.356  -49.488  -2.368 0.3000000119
23556  42.835  -49.355  -2.808 0.3000000119
21751  37.230  -51.166  -1.409 0.3000000119
118293  39.706  -50.208  -2.326 0.3000000119
23543  42.531  -49.488  -1.871 0.3000000119
113294  37.853  -50.671  -1.259 0.3000000119
109558  39.110  -49.960  -0.924 0.3000000119
23558  40.257  -49.695  -1.965 0.3000000119
23545  40.042  -49.655  -1.045 0.3000000119
23542  45.431  -49.409  -2.095 0.3000000119
112290  44.343  -49.475  -2.285 0.3000000119
23523  45.487  -49.334  -1.916 0.3000000119
25394  44.846  -47.679  -2.558 0.3000000119
24451  44.450  -48.833  -0.892 0.3000000119
25381  44.716  -48.208  -1.790 0.3000000119
116618  43.421  -52.143  -5.308 0.3000000119
20826  41.172  -52.858  -5.480 0.4000000060
22657  44.237  -50.315  -4.346 0.3000000119
19921  41.652  -53.560  -5.469 0.5000000000
19083  37.650  -54.127  -2.376 0.3000000119
20801  41.241  -52.450  -3.596 0.3000000119
108404  43.361  -52.069  -4.241 0.3000000119
21785  43.916  -51.869  -4.755 0.3000000119
19897  37.173  -53.251  -2.281 0.3000000119
22659  41.518  -50.496  -3.322 0.3000000119
109382  38.306  -51.586  -2.546 0.3000000119
117524  38.314  -50.323  -0.563 0.3000000119
126970  39.643  -49.856  -0.527 0.3000000119
22623  37.393  -50.685  -0.657 0.3000000119
23544  41.122  -49.571  -1.476 0.3000000119
122142  39.420  -57.541  -4.693 0.4000000060
15997  41.827  -58.257  -3.881 0.4000000060
16753  41.354  -57.494  -4.420 0.4000000060
16760  38.683  -57.067  -4.931 0.3000000119
17525  41.746  -56.656  -4.445 0.4000000060
17523  42.506  -56.405  -3.488 0.3000000119
16759  39.701  -56.925  -4.926 0.4000000060
17532  41.211  -56.104  -4.763 0.4000000060
18286  42.463  -55.524  -4.406 0.3000000119
18295  39.702  -55.475  -5.133 0.3000000119
17533  40.173  -56.178  -4.945 0.4000000060
18292  42.423  -54.922  -4.750 0.4000000060
125511  39.673  -54.220  -5.327 0.3000000119
19107  40.409  -54.687  -5.272 0.4000000060
19920  42.630  -53.794  -5.207 0.4000000060
18296  38.684  -55.474  -5.234 0.3000000119
106009  38.922  -54.186  -5.207 0.3000000119
19924  37.958  -54.090  -4.975 0.3000000119
113303  37.884  -55.397  -5.298 0.3000000119
116398  41.610  -54.889  -5.086 0.4000000060
16754  40.251  -57.558  -4.628 0.4000000060
10526  35.241  -66.060  0.611 0.3000000119
15237  39.731  -59.670  -4.113 0.3000000119
11301  37.589  -64.926  1.680 0.3000000119
10511  36.961  -65.744  1.397 0.3000000119
10512  35.630  -65.523  1.164 0.3000000119
10527  34.671  -65.662  0.215 0.3000000119
120116  39.776  -58.217  -4.518 0.3000000119
15236  40.352  -59.772  -4.102 0.3000000119
12133  36.835  -63.954  1.836 0.3000000119
11303  35.005  -64.504  1.190 0.3000000119
12134  35.650  -63.772  1.670 0.3000000119
11317  34.437  -64.633  0.368 0.3000000119
12174  34.820  -63.784  -0.826 0.3000000119
15998  40.753  -58.307  -4.428 0.3000000119
12873  36.784  -62.419  2.422 0.3000000119
12888  35.228  -62.821  1.852 0.3000000119
12887  36.233  -63.046  2.083 0.3000000119
11304  34.458  -63.634  0.852 0.3000000119
12135  34.869  -63.467  1.388 0.3000000119
12158  34.298  -63.316  -0.209 0.3000000119
12875  34.929  -62.008  2.091 0.3000000119
12889  34.428  -62.506  1.359 0.3000000119
12145  34.093  -62.791  0.114 0.3000000119
13663  35.595  -62.259  -1.124 0.3000000119
121106  37.153  -61.469  -1.506 0.3000000119
14436  39.497  -60.564  -1.611 0.3000000119
12874  35.828  -62.034  2.426 0.3000000119
12910  34.989  -62.304  -0.790 0.3000000119
13655  34.036  -62.091  0.043 0.3000000119
112427  36.316  -61.847  -1.336 0.3000000119
114506  41.633  -59.218  -3.527 0.3000000119
13626  34.478  -61.306  1.936 0.3000000119
13625  35.279  -61.119  2.598 0.3000000119
13637  33.988  -61.442  1.153 0.3000000119
12890  34.019  -62.213  0.611 0.3000000119
13653  35.180  -61.422  -0.710 0.3000000119
111142  38.643  -61.058  -1.691 0.3000000119
14434  40.790  -60.609  -2.152 0.3000000119
106524  42.064  -59.118  -2.853 0.3000000119
16737  42.443  -57.776  -3.281 0.3000000119
126042  39.138  -59.461  -4.055 0.3000000119
14416  34.215  -60.659  0.608 0.3000000119
14438  37.659  -60.809  -1.416 0.3000000119
14435  40.384  -60.415  -1.755 0.3000000119
11316  34.903  -65.310  0.722 0.3000000119
11302  36.204  -64.771  1.567 0.3000000119
6427  31.049  -71.762  -5.796 0.3000000119
7011  34.342  -70.652  0.452 0.3000000119
7013  33.568  -70.538  0.119 0.3000000119
7023  34.831  -70.616  0.362 0.4000000060
7026  33.220  -70.669  -0.491 0.3000000119
7036  34.051  -70.913  -1.004 0.3000000119
7653  35.458  -69.659  2.148 0.3000000119
9097  31.229  -67.953  -0.049 0.3000000119
9126  34.984  -67.019  -3.568 0.4000000060
9825  35.519  -66.286  -2.866 0.4000000060
9855  36.416  -66.025  -4.360 0.5000000000
10570  36.735  -65.455  -3.388 0.4000000060
10610  36.565  -65.112  -5.410 0.3000000119
11392  37.979  -64.509  -3.939 0.4000000060
11406  37.989  -64.418  -4.723 0.5000000000
11419  37.655  -64.203  -5.321 0.4000000060
11429  36.280  -64.206  -5.948 0.3000000119
12144  34.198  -63.602  0.189 0.3000000119
12171  37.322  -63.390  -2.229 0.4000000060
12186  39.350  -63.153  -3.491 0.4000000060
12188  38.116  -63.797  -2.857 0.4000000060
12199  39.275  -63.170  -4.228 0.4000000060
12216  38.451  -63.428  -5.091 0.5000000000
12901  34.195  -62.958  0.600 0.3000000119
12911  34.632  -62.850  -0.552 0.3000000119
12929  39.755  -62.559  -3.015 0.4000000060
12930  39.033  -63.008  -2.729 0.4000000060
12941  40.081  -61.818  -3.714 0.4000000060
12948  38.504  -62.971  -5.004 0.5000000000
12949  37.676  -62.757  -5.031 0.4000000060
12950  36.476  -62.665  -5.171 0.4000000060
12958  37.813  -63.293  -5.352 0.4000000060
12959  36.846  -63.140  -5.488 0.4000000060
13646  33.994  -61.452  0.518 0.3000000119
13661  39.502  -61.478  -1.977 0.4000000060
13672  39.362  -62.249  -2.355 0.4000000060
13682  38.864  -61.107  -3.804 0.4000000060
13685  36.490  -61.612  -3.787 0.4000000060
13701  34.018  -61.821  -4.991 0.3000000119
14403  33.940  -60.960  0.945 0.3000000119
14448  40.960  -60.779  -2.822 0.4000000060
14458  40.758  -60.679  -3.408 0.4000000060
14459  37.987  -60.908  -3.635 0.4000000060
14463  34.006  -60.760  -3.452 0.5000000000
14476  40.422  -60.456  -3.789 0.4000000060
14481  32.557  -60.894  -4.654 0.5000000000
15184  40.993  -59.825  -1.782 0.3000000119
15185  39.948  -59.793  -1.520 0.3000000119
15199  41.651  -59.738  -2.958 0.4000000060
15200  41.350  -60.158  -2.422 0.4000000060
15201  33.970  -59.183  -2.720 0.4000000060
15202  33.096  -59.355  -2.714 0.6000000238
15203  32.387  -59.430  -2.794 0.6000000238
15204  31.708  -59.058  -2.727 0.5000000000
15219  35.546  -59.880  -2.980 0.5000000000
15235  40.993  -59.096  -4.157 0.3000000119
15238  30.912  -60.130  -4.347 0.5000000000
15972  33.445  -58.426  -2.788 0.6000000238
15983  42.310  -58.491  -3.120 0.3000000119
15999  40.173  -59.035  -4.412 0.3000000119
16000  39.370  -58.841  -4.358 0.3000000119
16002  37.426  -58.040  -4.283 0.5000000000
16734  32.970  -57.615  -2.870 0.4000000060
16740  34.277  -56.731  -3.671 0.4000000060
16752  42.298  -57.155  -3.814 0.3000000119
16755  38.933  -57.972  -4.515 0.4000000060
16756  37.352  -57.281  -4.646 0.3000000119
16758  35.982  -57.015  -4.290 0.3000000119
17524  42.414  -56.227  -4.105 0.3000000119
17526  40.726  -56.825  -4.725 0.4000000060
17527  36.963  -56.713  -4.835 0.3000000119
17530  34.277  -55.521  -4.301 0.5000000000
17531  41.988  -56.000  -4.517 0.4000000060
17534  39.132  -56.233  -5.109 0.3000000119
17535  37.692  -56.858  -4.900 0.4000000060
17537  36.206  -55.586  -5.044 0.3000000119
18262  36.568  -55.451  -1.446 0.3000000119
18278  33.522  -55.517  -3.982 0.4000000060
18280  31.993  -55.344  -3.611 0.4000000060
18285  42.798  -54.923  -4.372 0.3000000119
18293  41.800  -55.487  -4.779 0.4000000060
18294  40.810  -55.478  -5.030 0.4000000060
18297  37.088  -55.655  -5.241 0.3000000119
19090  31.639  -54.272  -3.939 0.6000000238
19092  28.939  -55.009  -3.380 0.5000000000
19100  35.282  -54.563  -4.737 0.5000000000
19103  33.371  -54.966  -4.291 0.6999999881
19106  41.556  -54.204  -5.306 0.5000000000
19108  39.244  -54.797  -5.247 0.3000000119
19109  38.335  -54.820  -5.253 0.3000000119
19895  38.709  -53.345  -2.970 0.3000000119
19907  29.763  -53.606  -3.570 0.6000000238
19910  24.755  -53.470  -3.682 0.5000000000
19912  37.965  -53.207  -4.765 0.4000000060
19913  37.216  -53.471  -4.733 0.4000000060
19917  32.986  -53.620  -4.358 0.6999999881
19926  35.995  -54.460  -4.860 0.5000000000
20793  38.374  -52.555  -2.890 0.3000000119
20795  36.858  -52.618  -1.988 0.3000000119
20815  39.195  -52.354  -4.855 0.4000000060
20818  35.916  -52.825  -4.594 0.6000000238
20819  35.013  -52.781  -4.543 0.6000000238
20821  33.558  -52.496  -4.302 0.6999999881
21754  25.407  -50.786  -1.284 0.5000000000
21759  36.955  -51.916  -1.781 0.3000000119
21768  43.890  -51.197  -4.344 0.3000000119
21779  26.648  -51.274  -2.896 0.6999999881
21784  44.335  -50.966  -4.895 0.3000000119
21792  34.441  -51.150  -4.154 0.6000000238
21796  43.666  -51.285  -5.358 0.3000000119
21798  41.345  -51.870  -5.431 0.6000000238
22622  39.293  -50.098  -0.072 0.3000000119
22635  39.360  -50.031  -1.695 0.3000000119
22639  31.820  -50.561  -1.637 0.5000000000
22643  24.560  -50.257  -2.749 0.5000000000
22645  39.718  -50.724  -2.841 0.3000000119
22647  38.041  -50.994  -1.852 0.3000000119
22648  34.287  -50.192  -3.402 0.6999999881
22654  26.214  -49.755  -3.014 0.5000000000
22660  40.503  -50.813  -3.205 0.3000000119
22665  44.254  -50.372  -5.097 0.3000000119
22667  40.597  -50.328  -4.875 0.6000000238
22669  38.424  -50.046  -4.575 0.5000000000
22673  34.741  -50.430  -4.078 0.6999999881
22676  42.753  -50.737  -5.480 0.4000000060
23554  45.295  -49.014  -2.754 0.4000000060
23560  35.396  -49.587  -3.314 0.6000000238
23568  41.961  -49.782  -3.092 0.3000000119
23569  36.565  -49.081  -3.822 0.6000000238
23576  39.049  -48.873  -4.528 0.6000000238
23577  37.647  -48.737  -4.212 0.6000000238
23579  35.810  -49.672  -4.125 0.6000000238
24450  45.235  -49.274  -1.469 0.3000000119
24455  28.097  -48.564  -0.182 0.4000000060
25415  38.843  -47.849  -4.202 0.5000000000
25418  39.657  -47.570  -4.290 0.5000000000
26242  30.843  -46.545  3.097 0.4000000060
26294  43.828  -46.033  -3.585 0.4000000060
26299  43.120  -46.314  -4.145 0.4000000060
27160  28.771  -45.429  -0.450 0.6000000238
28022  31.044  -45.026  3.949 0.5000000000
28078  28.423  -44.465  -1.217 0.6999999881
28082  28.686  -43.776  -1.839 0.6999999881
28084  32.043  -43.853  -2.606 0.6999999881
28993  29.861  -43.672  -2.614 0.6000000238
29861  32.456  -41.921  1.534 0.4000000060
108007  39.515  -61.329  -3.869 0.4000000060
109072  35.121  -55.129  -4.732 0.5000000000
109179  35.613  -69.540  0.172 0.3000000119
109895  26.407  -48.403  -2.612 0.6000000238
110508  30.687  -59.601  -3.668 0.5000000000
110517  37.232  -56.311  -5.106 0.3000000119
110543  34.981  -61.980  -4.875 0.4000000060
110812  32.619  -50.603  -2.290 0.6000000238
111883  39.532  -53.711  -5.271 0.4000000060
112092  27.238  -55.646  -3.407 0.4000000060
112298  29.501  -55.531  -3.200 0.5000000000
114304  30.656  -47.957  2.779 0.5000000000
114585  35.966  -62.895  -5.646 0.4000000060
115101  36.067  -69.457  0.773 0.3000000119
115108  40.031  -47.963  -4.525 0.6000000238
115324  34.203  -54.120  -4.593 0.6999999881
115409  38.969  -49.593  -4.576 0.5000000000
115552  30.041  -58.080  -2.860 0.5000000000
115975  34.435  -62.097  -0.396 0.3000000119
116847  42.315  -53.179  -5.496 0.4000000060
118390  32.905  -49.965  -0.478 0.6000000238
118710  38.934  -63.076  -4.751 0.4000000060
118815  36.610  -49.085  -3.001 0.5000000000
119094  38.348  -53.880  -2.723 0.3000000119
119144  36.685  -52.894  -4.625 0.6000000238
119426  38.607  -48.126  -1.943 0.5000000000
120965  33.258  -55.284  -4.031 0.4000000060
121080  35.112  -56.869  -4.064 0.4000000060
122041  23.806  -52.828  -3.524 0.4000000060
122290  26.219  -47.742  -2.354 0.6000000238
122583  32.294  -56.033  -3.378 0.5000000000
122911  38.814  -61.767  -1.983 0.4000000060
123004  40.941  -59.742  -3.927 0.3000000119
123025  26.472  -47.734  -0.835 0.5000000000
124139  34.215  -62.626  -0.179 0.3000000119
124468  40.275  -61.143  -3.637 0.4000000060
124533  39.306  -62.750  -4.384 0.4000000060
124663  31.570  -57.328  -2.842 0.4000000060
125326  31.315  -59.567  -3.230 0.5000000000
125567  42.362  -54.452  -5.051 0.4000000060
126820  31.030  -54.414  -3.705 0.5000000000
126860  37.932  -52.073  -4.622 0.5000000000
127490  35.733  -49.533  -2.659 0.6000000238
127551  33.222  -53.075  -4.376 0.6999999881
