#!ascii label  , from subject sub-v1s1x0050648_ses-1 vox2ras=TkReg
1971
106755  39.997  -64.129  3.363 0.2000000030
11252  40.560  -63.678  4.049 0.2000000030
11271  40.021  -63.933  2.821 0.2000000030
11253  39.894  -64.109  4.185 0.2000000030
10508  38.987  -65.301  2.038 0.1000000015
12092  42.157  -62.774  3.949 0.3000000119
12106  40.935  -63.126  3.077 0.2000000030
10474  39.333  -65.193  2.646 0.1000000015
11273  39.444  -64.774  3.308 0.2000000030
11284  39.698  -63.977  2.467 0.1000000015
11299  39.232  -64.564  2.178 0.1000000015
127823  38.909  -64.903  1.945 0.1000000015
11300  38.498  -64.756  1.850 0.1000000015
118389  38.480  -65.445  1.755 0.1000000015
12133  36.835  -63.954  1.836 0.1000000015
11301  37.589  -64.926  1.680 0.1000000015
12888  35.228  -62.821  1.852 0.2000000030
12134  35.650  -63.772  1.670 0.1000000015
12870  40.116  -62.676  2.471 0.1000000015
109652  39.583  -62.254  2.542 0.1000000015
115873  40.448  -63.202  2.728 0.2000000030
12131  38.966  -64.155  2.036 0.1000000015
12119  40.005  -63.274  2.468 0.1000000015
12130  39.484  -63.892  2.295 0.1000000015
12120  38.439  -63.238  2.211 0.1000000015
12887  36.233  -63.046  2.083 0.1000000015
13626  34.478  -61.306  1.936 0.2000000030
12875  34.929  -62.008  2.091 0.2000000030
14402  34.216  -60.313  1.535 0.1000000015
12889  34.428  -62.506  1.359 0.2000000030
105283  34.433  -59.747  1.064 0.2000000030
14415  34.835  -59.828  0.401 0.1000000015
15156  35.438  -58.941  0.406 0.1000000015
12871  38.828  -62.501  2.440 0.1000000015
13622  38.733  -61.731  2.799 0.1000000015
12121  37.341  -63.171  2.187 0.1000000015
15146  34.551  -59.041  1.846 0.2000000030
15157  34.841  -58.963  1.025 0.2000000030
111797  35.248  -58.332  0.746 0.2000000030
15942  35.874  -58.323  0.199 0.1000000015
15952  36.632  -58.362  -0.373 0.2000000030
12872  37.826  -62.226  2.544 0.1000000015
13623  37.802  -61.217  3.162 0.1000000015
12873  36.784  -62.419  2.422 0.1000000015
12874  35.828  -62.034  2.426 0.2000000030
14392  34.810  -60.201  2.651 0.2000000030
16697  35.466  -57.492  0.346 0.3000000119
16696  36.165  -57.733  -0.069 0.2000000030
16709  36.996  -57.797  -0.702 0.2000000030
15951  37.617  -58.454  -0.964 0.2000000030
117266  34.666  -59.382  2.490 0.3000000119
13625  35.279  -61.119  2.598 0.2000000030
16698  34.782  -57.389  0.681 0.3000000119
17483  35.107  -56.827  0.113 0.3000000119
17500  34.933  -56.183  -0.385 0.3000000119
16710  35.868  -57.058  -0.166 0.3000000119
17498  36.546  -57.165  -0.604 0.2000000030
16724  37.867  -57.774  -1.150 0.2000000030
17485  33.607  -56.543  0.340 0.4000000060
16687  34.486  -57.822  1.268 0.3000000119
124175  34.376  -56.889  0.413 0.3000000119
15934  34.674  -58.367  1.418 0.2000000030
18253  36.029  -55.963  -0.950 0.3000000119
17497  37.281  -57.167  -1.091 0.2000000030
17507  36.788  -56.415  -1.132 0.2000000030
118573  37.554  -56.546  -1.456 0.2000000030
18251  33.487  -55.751  -0.116 0.3000000119
17484  34.305  -56.324  -0.087 0.3000000119
18263  35.728  -55.107  -1.312 0.2000000030
18273  37.885  -55.090  -2.201 0.2000000030
19073  37.109  -54.828  -1.895 0.2000000030
19082  38.531  -54.590  -2.550 0.1000000015
18261  37.443  -55.755  -1.720 0.2000000030
17514  39.135  -56.245  -2.219 0.2000000030
18260  38.253  -56.257  -1.892 0.2000000030
17506  38.103  -57.078  -1.471 0.2000000030
19070  34.069  -54.559  -0.781 0.3000000119
124916  34.854  -54.012  -1.301 0.3000000119
18255  34.334  -55.456  -0.553 0.3000000119
19890  34.887  -53.317  -1.303 0.2000000030
19075  35.489  -54.116  -1.465 0.3000000119
19889  35.746  -53.207  -1.570 0.2000000030
18254  35.261  -55.657  -0.791 0.3000000119
19074  36.312  -54.563  -1.647 0.1000000015
19084  36.794  -53.970  -2.013 0.1000000015
19894  39.095  -54.068  -2.903 0.1000000015
19083  37.650  -54.127  -2.376 0.1000000015
19897  37.173  -53.251  -2.281 0.1000000015
19081  39.606  -54.877  -2.775 0.1000000015
19880  33.550  -53.814  -0.538 0.3000000119
19879  34.110  -53.073  -0.867 0.2000000030
20788  34.694  -52.567  -0.973 0.2000000030
21753  35.914  -51.528  -0.756 0.2000000030
22624  36.617  -51.075  -0.737 0.1000000015
127036  35.766  -51.927  -1.171 0.1000000015
21752  36.404  -51.601  -1.286 0.1000000015
20786  36.201  -52.384  -1.584 0.1000000015
19888  36.477  -53.208  -1.880 0.1000000015
19896  37.913  -53.247  -2.684 0.1000000015
20803  39.098  -52.803  -3.143 0.1000000015
20777  34.273  -52.279  -0.291 0.2000000030
22623  37.393  -50.685  -0.657 0.1000000015
113294  37.853  -50.671  -1.259 0.1000000015
21751  37.230  -51.166  -1.409 0.1000000015
21758  37.585  -51.566  -2.019 0.1000000015
20794  37.540  -52.363  -2.391 0.1000000015
109382  38.306  -51.586  -2.546 0.1000000015
21772  39.072  -52.053  -3.098 0.1000000015
117524  38.314  -50.323  -0.563 0.1000000015
21757  39.139  -51.298  -2.855 0.1000000015
12132  37.993  -64.072  1.968 0.1000000015
12886  39.424  -63.178  2.304 0.1000000015
14416  34.215  -60.659  0.608 0.1000000015
14946  37.029  -60.551  17.423 0.5000000000
117658  37.455  -61.173  19.223 0.5000000000
14167  36.722  -61.081  18.330 0.5000000000
14947  36.111  -60.637  17.512 0.5000000000
14966  35.606  -60.355  16.809 0.5000000000
14899  38.255  -58.609  22.024 0.2000000030
14116  38.627  -59.626  21.399 0.2000000030
14117  37.609  -59.535  21.477 0.3000000119
14131  37.820  -60.454  20.768 0.3000000119
113350  37.306  -60.943  20.145 0.5000000000
14148  36.442  -61.160  19.598 0.5000000000
14149  35.355  -60.991  19.564 0.5000000000
14168  35.724  -61.017  18.473 0.5000000000
14169  34.779  -60.814  18.577 0.5000000000
14948  35.184  -60.593  17.642 0.5000000000
14981  36.105  -60.077  16.123 0.5000000000
14982  35.102  -60.063  16.188 0.5000000000
15748  36.706  -59.662  15.637 0.5000000000
16523  38.422  -58.654  14.762 0.5000000000
14900  37.410  -58.543  21.945 0.3000000119
14118  36.709  -59.460  21.510 0.3000000119
113349  35.889  -60.781  20.402 0.5000000000
14949  34.254  -60.490  17.757 0.5000000000
14967  34.679  -60.302  16.910 0.5000000000
15749  35.600  -59.697  15.458 0.5000000000
15770  36.467  -59.417  14.932 0.5000000000
17330  41.024  -57.075  13.384 0.4000000060
16574  40.036  -57.522  12.853 0.5000000000
16555  40.211  -57.475  13.968 0.5000000000
16539  38.928  -58.320  14.132 0.5000000000
16524  37.402  -59.077  14.527 0.5000000000
107019  41.499  -56.669  12.344 0.4000000060
15664  37.943  -58.104  22.365 0.3000000119
127282  35.968  -59.362  21.543 0.4000000060
14119  35.086  -59.735  21.261 0.4000000060
14133  35.124  -60.565  20.497 0.5000000000
14134  34.261  -60.259  20.552 0.5000000000
14150  34.445  -60.754  19.614 0.5000000000
14170  33.836  -60.639  18.688 0.5000000000
14950  33.394  -60.393  17.936 0.5000000000
14968  33.642  -60.075  16.987 0.5000000000
15750  34.434  -59.639  15.717 0.5000000000
15785  36.263  -59.108  14.077 0.6000000238
16556  39.470  -57.915  13.557 0.5000000000
16540  38.010  -58.610  13.859 0.5000000000
16541  37.014  -58.728  13.533 0.5000000000
17357  41.916  -56.307  11.438 0.4000000060
116972  40.580  -56.957  12.113 0.5000000000
14091  35.410  -60.117  23.895 0.1000000015
14856  34.992  -58.863  24.507 0.1000000015
15628  34.539  -58.072  24.635 0.1000000015
14855  35.826  -58.690  24.387 0.1000000015
15627  35.462  -57.954  24.489 0.1000000015
118531  35.026  -57.090  24.392 0.1000000015
15626  36.175  -57.958  24.272 0.1000000015
16416  35.921  -57.288  24.116 0.1000000015
15665  37.213  -57.894  22.448 0.2000000030
114202  37.340  -57.724  23.113 0.1000000015
14901  36.560  -58.529  21.898 0.3000000119
15666  36.173  -57.821  22.274 0.4000000060
117986  35.634  -58.693  21.834 0.4000000060
14916  33.367  -59.818  20.644 0.4000000060
14929  32.799  -60.104  19.804 0.5000000000
109025  32.827  -60.315  18.816 0.5000000000
14951  31.973  -59.747  18.620 0.5000000000
14969  32.553  -59.894  17.652 0.5000000000
125791  34.801  -59.449  15.020 0.5000000000
16557  38.594  -58.259  13.176 0.5000000000
16575  39.106  -57.736  12.482 0.5000000000
110527  43.541  -56.266  9.680 0.5000000000
12619  32.939  -62.999  24.232 0.1000000015
124143  33.286  -61.609  23.657 0.1000000015
14092  33.787  -60.773  23.765 0.1000000015
14074  34.553  -59.873  24.165 0.1000000015
14857  34.060  -59.102  24.537 0.1000000015
118341  33.472  -58.307  24.621 0.1000000015
13357  32.966  -60.989  23.923 0.1000000015
14075  33.519  -60.042  24.225 0.1000000015
16417  34.030  -57.302  24.614 0.1000000015
18016  33.506  -55.763  23.137 0.2000000030
18017  32.913  -55.329  23.364 0.2000000030
15644  36.674  -57.553  23.691 0.1000000015
16429  35.533  -56.747  23.780 0.1000000015
17206  35.031  -56.489  23.401 0.1000000015
117867  33.970  -56.121  22.794 0.2000000030
15654  36.461  -57.334  22.915 0.2000000030
16439  35.714  -56.824  23.128 0.1000000015
16450  34.741  -57.238  22.253 0.2000000030
16451  33.767  -57.313  21.996 0.2000000030
126117  33.447  -56.015  22.656 0.2000000030
17220  32.760  -55.790  22.555 0.2000000030
15655  35.618  -57.179  22.519 0.2000000030
15667  35.208  -57.923  22.040 0.2000000030
14902  34.664  -58.924  21.701 0.3000000119
14904  32.806  -59.133  21.055 0.3000000119
15679  32.097  -59.071  20.650 0.4000000060
14917  32.432  -59.622  20.324 0.5000000000
14930  32.152  -59.834  19.502 0.4000000060
17351  35.600  -56.482  12.191 0.5000000000
17331  35.766  -57.561  12.587 0.5000000000
16560  35.030  -58.017  13.134 0.5000000000
17350  36.574  -56.859  12.051 0.5000000000
16559  36.704  -58.106  12.645 0.5000000000
105649  35.965  -58.520  13.235 0.5000000000
15728  33.622  -59.562  16.205 0.5000000000
105501  32.778  -59.413  16.651 0.5000000000
17348  38.642  -57.028  11.655 0.5000000000
17349  37.632  -56.689  11.686 0.5000000000
16577  37.318  -57.591  12.249 0.5000000000
16542  35.236  -58.709  13.870 0.5000000000
17358  40.964  -56.285  11.408 0.5000000000
17347  39.634  -57.117  11.822 0.5000000000
16558  37.650  -58.328  12.909 0.5000000000
15771  35.497  -59.297  14.602 0.6000000238
16576  38.144  -57.721  12.276 0.5000000000
17368  42.230  -55.990  10.541 0.4000000060
12614  32.126  -63.071  25.394 0.1000000015
12628  32.728  -62.074  23.926 0.1000000015
13358  32.243  -61.477  24.187 0.1000000015
109238  31.783  -61.109  24.401 0.1000000015
14078  30.709  -60.649  24.864 0.1000000015
14076  32.480  -60.317  24.304 0.1000000015
122907  32.621  -58.987  24.525 0.1000000015
124278  33.207  -57.446  24.625 0.1000000015
17190  32.917  -56.135  24.506 0.1000000015
17188  34.269  -56.508  24.317 0.1000000015
17989  33.037  -55.567  24.248 0.2000000030
18004  33.359  -55.621  23.813 0.2000000030
17207  34.195  -56.126  23.623 0.1000000015
15668  33.190  -58.321  21.603 0.3000000119
16452  32.550  -57.485  21.729 0.3000000119
17234  31.664  -56.111  21.996 0.2000000030
15669  32.248  -58.492  21.191 0.3000000119
16453  31.422  -57.093  21.504 0.2000000030
14918  31.718  -59.303  20.047 0.4000000060
16464  30.897  -57.802  20.768 0.3000000119
14931  31.466  -59.380  19.304 0.4000000060
15692  31.051  -58.897  19.796 0.4000000060
17353  33.987  -55.899  12.603 0.5000000000
17334  33.440  -56.417  13.116 0.5000000000
16561  34.390  -57.464  13.139 0.5000000000
15708  31.317  -59.170  18.562 0.5000000000
18909  32.536  -54.603  13.196 0.5000000000
18112  32.381  -55.529  13.574 0.5000000000
17316  32.268  -56.265  14.064 0.5000000000
17315  32.992  -56.828  13.739 0.5000000000
16543  34.250  -58.111  13.782 0.6000000238
15729  31.939  -59.123  17.173 0.5000000000
15707  31.798  -59.377  17.931 0.5000000000
125131  31.890  -55.596  14.101 0.5000000000
16544  33.320  -57.658  14.090 0.6000000238
16525  34.559  -58.892  14.429 0.5000000000
120193  33.623  -59.266  15.623 0.5000000000
106028  33.677  -58.433  14.536 0.5000000000
15772  33.976  -59.206  15.009 0.5000000000
17389  44.122  -56.527  8.319 0.4000000060
17377  43.255  -56.172  8.952 0.4000000060
17367  43.301  -56.244  10.426 0.4000000060
14836  28.648  -59.352  26.401 0.1000000015
14845  30.185  -60.020  24.983 0.1000000015
15620  29.046  -58.670  25.285 0.1000000015
14077  31.523  -60.484  24.515 0.1000000015
115895  31.056  -58.780  24.517 0.1000000015
15631  29.713  -58.683  24.835 0.1000000015
14859  31.076  -59.683  24.579 0.1000000015
15630  30.520  -58.140  24.595 0.1000000015
120443  32.372  -57.038  24.579 0.1000000015
116489  32.239  -56.204  24.538 0.1000000015
17990  31.980  -55.194  24.354 0.2000000030
18778  32.263  -54.858  24.064 0.2000000030
18788  32.332  -54.939  23.561 0.2000000030
117442  32.218  -55.133  22.880 0.2000000030
18871  33.734  -54.076  17.867 0.2000000030
20558  32.533  -53.281  17.511 0.2000000030
19688  31.673  -53.525  17.715 0.2000000030
18873  30.700  -53.862  17.809 0.2000000030
18856  30.225  -54.426  18.284 0.2000000030
20559  31.533  -52.971  17.138 0.2000000030
19689  30.802  -53.390  17.067 0.2000000030
19690  30.320  -54.000  16.850 0.2000000030
119191  30.047  -54.813  17.424 0.2000000030
18081  29.876  -55.748  17.478 0.2000000030
109569  30.017  -56.498  17.474 0.4000000060
19702  30.556  -53.237  16.239 0.2000000030
113007  30.259  -53.926  16.141 0.3000000119
109163  30.142  -54.721  16.390 0.4000000060
18090  30.008  -55.410  16.828 0.3000000119
17291  30.124  -56.104  16.794 0.4000000060
16494  30.314  -57.240  17.515 0.5000000000
16470  30.113  -57.807  19.066 0.4000000060
15709  30.643  -58.452  18.567 0.5000000000
19726  31.365  -53.533  13.940 0.5000000000
19716  30.702  -53.481  14.661 0.4000000060
18899  30.525  -54.096  15.006 0.4000000060
18893  30.338  -54.335  15.629 0.4000000060
18097  30.933  -55.879  15.231 0.4000000060
16528  31.404  -56.876  15.584 0.5000000000
17290  30.671  -56.440  16.123 0.5000000000
16510  30.517  -56.846  16.863 0.5000000000
111025  31.283  -58.767  17.781 0.5000000000
18105  31.338  -55.273  14.509 0.5000000000
17317  31.634  -55.931  14.528 0.5000000000
17302  31.795  -56.599  14.802 0.5000000000
107713  32.842  -57.992  14.773 0.5000000000
16526  33.234  -58.690  15.230 0.5000000000
15751  32.950  -58.988  15.916 0.5000000000
15752  32.074  -58.563  16.347 0.5000000000
16393  27.661  -57.445  27.450 0.1000000015
112370  28.224  -58.831  26.953 0.1000000015
15611  27.984  -58.015  26.750 0.1000000015
17174  27.585  -56.456  26.325 0.1000000015
16408  28.674  -58.062  25.439 0.1000000015
16409  27.947  -56.904  25.748 0.1000000015
16419  29.232  -56.909  24.698 0.1000000015
17181  28.426  -56.555  25.052 0.1000000015
107428  30.350  -57.048  24.549 0.1000000015
120555  29.863  -56.343  24.552 0.1000000015
115344  31.476  -56.566  24.533 0.1000000015
17991  30.986  -55.107  24.499 0.2000000030
17221  31.878  -55.399  22.344 0.2000000030
117558  32.743  -53.876  18.230 0.2000000030
18872  31.906  -53.760  18.128 0.2000000030
18855  31.343  -53.790  18.344 0.2000000030
17235  30.717  -56.315  21.352 0.2000000030
18837  34.110  -54.011  18.701 0.1000000015
18854  33.827  -54.173  18.183 0.1000000015
18839  31.854  -53.781  18.531 0.1000000015
18069  29.859  -55.377  18.246 0.1000000015
17275  29.777  -56.211  18.212 0.2000000030
15681  30.727  -58.301  20.134 0.3000000119
16454  30.524  -57.075  20.895 0.2000000030
122899  31.103  -57.236  16.300 0.5000000000
127196  31.418  -57.920  16.477 0.5000000000
15730  30.728  -58.017  17.646 0.5000000000
120894  31.377  -58.349  17.032 0.5000000000
16509  31.723  -57.743  15.858 0.5000000000
16527  32.111  -57.445  15.143 0.5000000000
16389  27.766  -57.738  28.388 0.1000000015
112838  27.239  -56.123  28.162 0.1000000015
111729  27.102  -55.497  27.628 0.1000000015
17172  27.395  -56.478  27.262 0.1000000015
17968  27.325  -55.614  26.548 0.1000000015
108949  27.020  -54.653  27.038 0.1000000015
17182  27.787  -56.011  25.590 0.1000000015
18766  28.218  -54.576  24.848 0.1000000015
18767  27.590  -54.526  25.510 0.1000000015
17993  28.889  -55.182  24.627 0.1000000015
18781  29.935  -54.658  24.492 0.2000000030
18779  31.540  -54.571  24.212 0.2000000030
18790  31.086  -53.904  23.914 0.2000000030
18789  31.687  -54.444  23.708 0.2000000030
18802  31.668  -54.463  23.015 0.2000000030
18018  31.467  -54.760  22.290 0.2000000030
18031  31.036  -55.462  21.807 0.2000000030
18838  33.037  -53.939  18.508 0.1000000015
108991  30.573  -54.041  18.659 0.1000000015
110967  29.963  -54.904  18.912 0.1000000015
18032  30.217  -55.537  21.009 0.1000000015
17245  30.028  -56.432  20.553 0.2000000030
18056  29.750  -55.801  19.149 0.1000000015
17265  29.765  -56.914  18.940 0.2000000030
17254  29.751  -56.457  19.789 0.2000000030
110241  30.115  -57.459  19.999 0.2000000030
124260  27.141  -54.606  28.960 0.1000000015
113633  26.940  -54.653  28.079 0.1000000015
20411  27.443  -52.354  29.595 0.1000000015
18757  26.913  -53.853  27.621 0.1000000015
20429  27.108  -52.259  27.677 0.1000000015
19582  26.989  -53.018  27.108 0.1000000015
121098  27.502  -53.778  25.710 0.1000000015
18760  27.214  -54.187  26.287 0.1000000015
19606  28.976  -53.321  24.541 0.1000000015
118859  29.821  -53.778  24.363 0.1000000015
19605  29.642  -52.945  24.267 0.1000000015
19604  30.358  -53.424  24.064 0.1000000015
122256  31.141  -53.657  23.221 0.2000000030
18803  31.018  -53.908  22.150 0.2000000030
18816  30.435  -54.046  21.218 0.1000000015
117840  30.632  -54.708  21.519 0.2000000030
20534  34.462  -52.775  19.593 0.1000000015
20535  33.586  -52.734  19.422 0.1000000015
20536  32.569  -52.827  19.326 0.1000000015
19663  30.901  -53.645  19.166 0.1000000015
20537  31.485  -52.884  19.454 0.1000000015
107578  29.798  -54.929  19.747 0.1000000015
18043  29.753  -55.607  20.138 0.2000000030
21360  27.412  -51.520  29.015 0.1000000015
21375  27.353  -51.543  27.210 0.1000000015
21379  27.566  -51.714  26.396 0.1000000015
20440  27.727  -53.038  25.598 0.1000000015
111802  29.015  -52.614  24.516 0.1000000015
20451  30.008  -52.519  23.957 0.1000000015
19610  30.589  -53.137  23.642 0.2000000030
20457  30.236  -52.365  23.486 0.1000000015
109358  30.665  -52.801  23.054 0.2000000030
107321  30.503  -52.500  22.155 0.1000000015
126601  30.797  -53.170  22.469 0.2000000030
21443  32.392  -51.063  19.990 0.1000000015
21444  31.414  -51.314  20.234 0.1000000015
124601  30.828  -51.655  20.499 0.1000000015
20484  30.420  -52.392  21.225 0.1000000015
19634  30.496  -53.219  21.444 0.1000000015
21469  34.029  -51.879  19.742 0.1000000015
21470  32.982  -51.840  19.609 0.1000000015
21471  31.905  -51.940  19.656 0.1000000015
20512  31.033  -52.111  19.901 0.1000000015
19664  30.371  -53.468  19.999 0.1000000015
19647  30.265  -53.773  20.603 0.1000000015
18826  30.035  -54.676  20.603 0.1000000015
20538  30.778  -52.879  19.786 0.1000000015
124369  30.012  -54.217  20.043 0.1000000015
22312  27.599  -50.808  27.564 0.1000000015
22317  27.755  -50.948  26.687 0.1000000015
21378  28.049  -51.175  25.855 0.1000000015
21385  28.469  -51.421  25.219 0.1000000015
21394  29.618  -51.638  24.078 0.1000000015
21393  29.884  -51.891  23.733 0.1000000015
23240  31.916  -49.390  21.849 0.1000000015
22352  31.058  -49.728  22.236 0.1000000015
22353  30.488  -50.397  22.392 0.1000000015
21407  30.224  -51.185  22.620 0.1000000015
21400  30.038  -51.554  23.379 0.1000000015
23260  33.189  -49.670  20.849 0.1000000015
22361  32.268  -49.784  21.095 0.1000000015
109030  31.401  -50.088  21.393 0.1000000015
22362  30.804  -50.382  21.709 0.1000000015
114555  30.346  -51.755  21.932 0.1000000015
22380  32.842  -50.280  20.458 0.1000000015
22381  31.791  -50.480  20.631 0.1000000015
21415  30.902  -50.872  20.976 0.1000000015
21445  30.542  -51.649  21.087 0.1000000015
22325  29.143  -50.445  24.962 0.1000000015
23204  29.657  -50.053  24.589 0.1000000015
22337  29.838  -51.135  23.813 0.1000000015
124711  30.098  -49.704  24.253 0.1000000015
108594  29.976  -50.346  24.009 0.1000000015
23227  30.998  -49.311  23.057 0.1000000015
121274  30.149  -50.566  23.286 0.1000000015
23239  32.729  -49.187  21.493 0.1000000015
14132  36.789  -60.501  20.819 0.4000000060
15727  34.298  -59.936  16.378 0.5000000000
118489  35.899  -60.188  21.068 0.4000000060
14915  34.206  -59.604  21.160 0.4000000060
14874  35.387  -59.413  24.297 0.1000000015
14903  33.716  -59.071  21.444 0.4000000060
12620  32.202  -62.503  24.568 0.1000000015
14858  33.148  -59.381  24.455 0.1000000015
16442  33.365  -56.478  22.287 0.3000000119
18005  32.828  -55.196  23.947 0.2000000030
16440  35.071  -56.660  22.745 0.2000000030
16441  34.303  -56.606  22.478 0.2000000030
114823  34.234  -58.090  21.824 0.2000000030
17233  32.355  -56.566  22.009 0.2000000030
15680  31.427  -58.604  20.557 0.3000000119
17332  34.925  -57.092  12.655 0.5000000000
12621  31.718  -61.812  24.552 0.1000000015
13351  31.139  -61.444  24.804 0.1000000015
127730  32.584  -59.586  24.441 0.1000000015
115988  32.551  -58.084  24.570 0.1000000015
115161  31.834  -58.878  24.490 0.1000000015
16418  33.443  -56.683  24.551 0.1000000015
17189  33.602  -56.011  24.234 0.1000000015
119044  32.464  -55.668  24.423 0.1000000015
119526  32.591  -55.274  24.250 0.2000000030
15670  31.661  -57.950  21.212 0.3000000119
15693  30.536  -58.369  19.487 0.4000000060
120698  33.182  -55.486  12.947 0.5000000000
17335  32.809  -56.126  13.454 0.5000000000
107712  33.143  -53.788  12.825 0.5000000000
18898  31.135  -54.356  14.366 0.5000000000
14847  28.899  -59.198  25.727 0.1000000015
15621  28.460  -58.571  26.034 0.1000000015
14860  30.319  -59.140  24.685 0.1000000015
16407  29.386  -57.873  24.843 0.1000000015
15629  31.615  -58.038  24.542 0.1000000015
116710  31.284  -57.362  24.539 0.1000000015
17191  31.693  -55.779  24.511 0.1000000015
111711  32.810  -53.786  17.919 0.2000000030
19687  33.681  -53.597  17.535 0.2000000030
19701  30.908  -52.780  16.600 0.2000000030
16480  30.133  -57.580  18.267 0.4000000060
19710  30.410  -53.479  15.478 0.5000000000
18098  30.405  -55.090  15.657 0.4000000060
17303  30.273  -55.622  16.134 0.5000000000
20581  30.532  -52.718  14.992 0.5000000000
18106  30.707  -54.852  15.035 0.5000000000
106406  27.455  -56.890  28.236 0.1000000015
16398  27.732  -57.182  26.559 0.1000000015
16397  28.171  -57.708  25.941 0.1000000015
115922  28.376  -55.844  24.919 0.1000000015
17193  29.100  -56.083  24.649 0.1000000015
17192  30.738  -56.058  24.532 0.1000000015
17992  29.930  -55.566  24.540 0.2000000030
18780  30.709  -54.222  24.297 0.2000000030
17167  27.398  -56.269  28.988 0.1000000015
17962  27.147  -55.402  28.686 0.1000000015
17976  27.516  -55.265  25.776 0.1000000015
122485  27.020  -53.836  26.880 0.1000000015
18782  28.968  -54.197  24.563 0.1000000015
19660  34.759  -53.610  19.279 0.1000000015
119385  34.062  -53.396  19.217 0.1000000015
19661  33.291  -53.597  19.022 0.1000000015
19662  32.201  -53.611  18.931 0.1000000015
18840  30.175  -54.288  19.437 0.1000000015
18753  27.024  -53.870  28.543 0.1000000015
19559  27.567  -53.300  29.928 0.1000000015
19564  27.206  -53.126  29.055 0.1000000015
21353  27.563  -51.552  29.867 0.1000000015
20419  27.198  -52.291  28.600 0.1000000015
19575  26.969  -53.059  28.110 0.1000000015
21367  27.302  -51.504  28.094 0.1000000015
19584  27.253  -53.407  26.314 0.1000000015
20432  27.395  -52.558  26.293 0.1000000015
19592  28.099  -53.722  24.983 0.1000000015
19591  28.407  -52.772  24.959 0.1000000015
20452  29.349  -52.144  24.301 0.1000000015
22301  27.570  -50.757  28.470 0.1000000015
21386  27.985  -52.054  25.526 0.1000000015
20453  28.698  -52.011  24.806 0.1000000015
20465  30.295  -52.022  22.841 0.1000000015
21442  33.501  -50.982  19.974 0.1000000015
20513  30.614  -52.418  20.410 0.1000000015
111684  30.414  -53.030  20.678 0.1000000015
22311  28.032  -50.205  27.028 0.1000000015
22316  28.280  -50.465  26.190 0.1000000015
22326  28.610  -50.781  25.402 0.1000000015
21395  29.024  -51.281  24.648 0.1000000015
22338  29.525  -50.809  24.296 0.1000000015
24157  31.677  -48.982  22.622 0.1000000015
21416  30.467  -50.993  21.743 0.1000000015
23228  30.552  -49.869  22.894 0.1000000015
23217  30.435  -49.694  23.633 0.1000000015
23203  30.475  -49.083  24.204 0.1000000015
24156  32.396  -48.501  22.119 0.1000000015
110743  33.082  -48.480  21.527 0.1000000015
14895  42.587  -59.542  22.726 0.1000000015
14913  42.974  -59.434  21.758 0.1000000015
14914  41.808  -59.378  21.743 0.1000000015
14128  40.839  -59.894  20.691 0.1000000015
14129  39.933  -60.131  20.726 0.1000000015
14897  40.277  -58.983  22.586 0.1000000015
14882  43.127  -59.829  22.828 0.2000000030
14898  39.195  -58.713  22.189 0.1000000015
14127  41.835  -59.630  20.570 0.1000000015
106425  43.077  -59.301  20.521 0.2000000030
14130  38.562  -60.495  20.614 0.1000000015
14927  44.304  -58.924  20.298 0.2000000030
123301  42.051  -59.597  19.943 0.2000000030
14145  40.077  -60.398  19.902 0.2000000030
14928  41.311  -59.884  19.590 0.2000000030
14164  40.423  -60.266  19.251 0.2000000030
14146  39.103  -60.681  20.000 0.3000000119
14147  38.098  -60.898  19.995 0.3000000119
14165  39.432  -60.634  18.979 0.3000000119
14166  38.420  -61.008  19.091 0.3000000119
14943  40.962  -59.782  18.754 0.2000000030
15704  44.196  -58.391  19.431 0.2000000030
15705  42.716  -58.691  18.834 0.2000000030
15742  45.714  -58.393  16.709 0.1000000015
15691  44.845  -58.643  19.904 0.2000000030
14942  42.103  -59.400  19.345 0.2000000030
125584  43.326  -58.903  19.724 0.2000000030
14945  38.593  -60.604  18.114 0.3000000119
119358  37.695  -60.932  18.187 0.4000000060
109711  45.539  -58.132  18.340 0.1000000015
15703  45.005  -58.312  19.366 0.1000000015
14961  40.480  -59.317  17.858 0.2000000030
14944  40.040  -60.084  18.376 0.2000000030
14977  45.568  -58.629  17.727 0.1000000015
113566  37.909  -60.316  17.318 0.4000000060
16479  45.269  -58.000  18.638 0.2000000030
15706  41.504  -59.071  18.313 0.2000000030
15720  44.583  -57.948  18.674 0.2000000030
107397  46.192  -57.608  16.571 0.1000000015
17298  46.352  -56.899  15.572 0.2000000030
15741  46.047  -57.868  17.492 0.1000000015
17286  46.088  -56.968  16.447 0.1000000015
15721  43.321  -58.060  18.342 0.2000000030
15723  40.946  -58.605  17.412 0.2000000030
14962  39.588  -59.518  17.500 0.4000000060
16490  45.637  -57.594  17.781 0.1000000015
15724  40.023  -58.832  17.059 0.4000000060
14964  37.314  -60.137  16.785 0.4000000060
16492  43.823  -57.535  17.765 0.3000000119
16493  42.567  -57.719  17.373 0.3000000119
16491  44.934  -57.526  17.964 0.2000000030
16504  44.316  -57.092  17.204 0.4000000060
15725  39.121  -59.062  16.683 0.4000000060
14980  37.073  -59.886  16.241 0.4000000060
15743  41.448  -57.983  16.962 0.3000000119
17289  42.570  -56.906  15.929 0.4000000060
115323  43.129  -57.213  16.849 0.3000000119
111240  35.697  -53.981  17.379 0.1000000015
19686  34.386  -53.962  17.575 0.1000000015
15726  38.067  -59.649  16.545 0.4000000060
15744  40.485  -58.246  16.655 0.4000000060
15746  38.519  -59.037  15.951 0.5000000000
16519  41.547  -57.267  15.775 0.4000000060
16505  41.983  -57.423  16.491 0.3000000119
16506  40.991  -57.693  16.180 0.4000000060
16507  40.068  -58.101  15.880 0.4000000060
124599  35.050  -53.996  17.409 0.1000000015
19699  35.544  -53.435  17.083 0.1000000015
15747  37.642  -59.442  15.819 0.4000000060
15769  38.068  -59.056  15.278 0.5000000000
15768  38.823  -58.599  15.439 0.5000000000
105572  37.267  -59.352  15.243 0.5000000000
111688  34.049  -52.910  17.182 0.1000000015
125303  33.164  -52.932  17.283 0.1000000015
21522  34.411  -52.092  17.056 0.1000000015
20566  32.236  -52.467  17.161 0.1000000015
14883  42.605  -59.829  23.243 0.1000000015
14114  40.703  -59.426  21.612 0.1000000015
14115  39.686  -59.453  21.534 0.1000000015
107769  41.860  -59.505  23.238 0.1000000015
14885  40.158  -58.911  23.215 0.1000000015
15663  38.703  -58.235  22.636 0.1000000015
14965  36.525  -60.284  16.762 0.4000000060
14113  43.603  -59.950  22.471 0.1000000015
125870  39.286  -60.235  18.015 0.3000000119
15722  42.034  -58.340  17.849 0.2000000030
14963  38.742  -59.860  17.314 0.4000000060
15745  39.262  -58.536  16.004 0.4000000060
19700  34.648  -53.535  17.252 0.1000000015
14087  40.156  -59.666  23.565 0.1000000015
12025  30.950  -63.044  11.947 0.1000000015
111840  31.043  -63.272  11.067 0.1000000015
12040  33.420  -63.332  10.438 0.1000000015
12026  30.233  -63.368  11.664 0.1000000015
12023  33.002  -62.873  10.894 0.1000000015
12013  30.374  -63.353  12.643 0.1000000015
12027  29.293  -63.587  11.657 0.1000000015
12029  27.452  -63.881  11.524 0.1000000015
12044  29.077  -63.624  10.701 0.1000000015
7482  30.455  -70.193  16.603 0.1000000015
8281  27.208  -68.528  10.091 0.1000000015
8948  26.741  -66.924  10.257 0.1000000015
12776  32.364  -62.539  12.285 0.1000000015
9650  27.111  -66.415  10.775 0.1000000015
115932  31.515  -62.988  11.375 0.1000000015
10400  27.115  -65.131  11.737 0.1000000015
12790  33.028  -62.526  11.568 0.1000000015
11170  26.887  -64.384  11.535 0.1000000015
7459  30.272  -69.960  18.311 0.1000000015
6830  30.545  -71.170  15.898 0.1000000015
6182  30.451  -71.885  14.663 0.1000000015
6799  29.642  -71.323  19.941 0.1000000015
6798  30.059  -70.413  19.183 0.1000000015
114924  30.339  -70.540  17.583 0.1000000015
6820  30.393  -71.270  16.913 0.1000000015
5554  29.805  -73.916  13.664 0.1000000015
6223  28.360  -71.984  11.020 0.1000000015
7560  27.537  -69.315  10.224 0.1000000015
12777  31.610  -62.773  12.112 0.1000000015
12012  31.046  -63.000  12.837 0.1000000015
12014  29.613  -63.649  12.487 0.1000000015
12775  33.099  -62.301  12.521 0.1000000015
12788  35.376  -62.008  11.293 0.1000000015
118432  34.284  -63.235  10.310 0.1000000015
6144  30.403  -72.411  16.263 0.1000000015
6158  30.733  -72.039  15.217 0.1000000015
112494  29.350  -71.666  20.739 0.1000000015
6810  30.106  -71.008  18.341 0.1000000015
6131  30.063  -72.226  17.313 0.1000000015
5508  30.517  -73.326  15.445 0.1000000015
5539  30.358  -73.806  14.328 0.1000000015
4901  29.763  -74.204  13.316 0.1000000015
112814  29.106  -73.950  11.758 0.1000000015
107678  28.330  -73.589  11.581 0.1000000015
4948  29.115  -73.630  11.144 0.1000000015
5574  28.674  -73.042  10.972 0.1000000015
6901  28.788  -70.632  10.353 0.1000000015
6902  28.031  -70.166  10.353 0.1000000015
120191  28.190  -69.443  10.251 0.1000000015
8269  27.725  -67.950  10.315 0.1000000015
9622  28.811  -65.559  13.121 0.1000000015
12767  32.567  -62.582  13.229 0.1000000015
12002  31.297  -63.286  13.636 0.1000000015
12004  29.890  -63.851  13.244 0.1000000015
10373  28.858  -64.787  13.232 0.1000000015
10386  28.186  -65.065  12.753 0.1000000015
12774  34.365  -61.859  12.408 0.1000000015
12789  34.523  -62.105  11.525 0.1000000015
123710  30.782  -75.299  14.718 0.1000000015
109300  28.940  -72.517  22.039 0.1000000015
6095  29.098  -72.476  20.173 0.1000000015
6108  29.662  -71.684  18.957 0.1000000015
6120  29.721  -72.072  18.126 0.1000000015
105300  30.071  -74.034  16.407 0.1000000015
117326  30.403  -74.900  15.780 0.1000000015
4888  30.444  -74.589  14.009 0.1000000015
4395  30.489  -74.422  11.362 0.1000000015
4946  30.702  -73.307  10.252 0.1000000015
6221  30.295  -71.376  10.533 0.1000000015
5428  28.882  -72.696  21.059 0.1000000015
5445  28.704  -73.418  20.331 0.1000000015
6121  29.123  -73.066  18.655 0.1000000015
5480  29.415  -73.229  17.733 0.1000000015
121868  29.496  -74.482  17.367 0.1000000015
6231  29.701  -72.113  10.468 0.1000000015
6222  29.486  -71.028  10.377 0.1000000015
7559  28.704  -69.878  10.325 0.1000000015
8267  29.285  -68.901  11.097 0.1000000015
8268  28.561  -68.272  10.821 0.1000000015
8945  29.194  -68.114  11.676 0.1000000015
126238  28.689  -67.774  11.333 0.1000000015
9633  28.975  -66.574  12.619 0.1000000015
8937  28.807  -67.335  11.804 0.1000000015
10362  30.484  -65.273  14.287 0.1000000015
9621  29.504  -66.089  13.470 0.1000000015
9634  28.260  -66.616  11.797 0.1000000015
12001  32.064  -63.103  13.890 0.1000000015
11133  30.237  -64.183  13.847 0.1000000015
11147  29.553  -64.500  13.572 0.1000000015
12766  33.375  -62.396  13.379 0.1000000015
13496  35.928  -61.466  11.805 0.1000000015
13497  35.129  -61.680  12.063 0.1000000015
13478  37.250  -60.891  11.954 0.1000000015
13479  36.559  -61.016  12.377 0.1000000015
4356  31.112  -75.585  14.801 0.1000000015
3839  31.172  -75.442  14.081 0.1000000015
5413  28.560  -73.446  22.484 0.1000000015
4820  28.469  -74.485  21.489 0.1000000015
4832  28.610  -74.289  20.136 0.1000000015
4843  28.751  -74.637  19.393 0.1000000015
4866  29.220  -75.021  17.931 0.1000000015
4875  30.042  -75.175  16.764 0.1000000015
4340  30.622  -75.611  16.215 0.1000000015
3859  31.135  -75.072  12.731 0.1000000015
4933  30.701  -73.987  10.504 0.1000000015
113092  30.966  -71.913  10.649 0.1000000015
5429  28.550  -73.566  21.669 0.1000000015
107716  28.730  -74.207  18.818 0.1000000015
110392  31.005  -71.143  11.006 0.1000000015
6894  30.757  -70.264  11.420 0.1000000015
7548  29.977  -69.530  11.263 0.1000000015
7538  30.630  -69.315  12.036 0.1000000015
7539  29.885  -68.756  11.816 0.1000000015
9620  30.265  -66.492  13.798 0.1000000015
8924  30.573  -67.330  13.512 0.1000000015
12000  32.918  -62.967  14.076 0.1000000015
11984  33.395  -63.504  14.785 0.1000000015
11985  32.369  -63.725  14.704 0.1000000015
11132  31.491  -64.391  14.671 0.1000000015
9614  30.738  -65.960  14.282 0.1000000015
12754  33.833  -62.815  14.142 0.1000000015
114568  30.668  -64.614  14.308 0.1000000015
12753  34.721  -62.649  14.262 0.1000000015
12765  34.270  -62.081  13.421 0.1000000015
13480  35.724  -61.396  12.584 0.1000000015
14251  38.176  -60.512  12.783 0.1000000015
4786  28.149  -74.789  24.552 0.1000000015
5389  28.219  -74.192  23.934 0.1000000015
5399  28.578  -73.367  23.305 0.1000000015
127786  28.870  -74.916  20.699 0.1000000015
4310  29.070  -75.096  19.404 0.1000000015
3838  31.614  -75.493  14.222 0.1000000015
5400  28.276  -74.424  22.979 0.1000000015
4296  28.618  -74.664  20.760 0.1000000015
4321  28.975  -74.977  18.629 0.1000000015
4319  30.446  -75.282  17.821 0.1000000015
4348  31.310  -75.559  15.623 0.1000000015
4367  32.321  -75.120  12.838 0.1000000015
4915  32.898  -74.441  11.536 0.1000000015
5573  32.150  -72.827  10.628 0.1000000015
109861  32.834  -74.744  13.385 0.1000000015
6219  32.913  -72.419  11.087 0.1000000015
6884  31.725  -70.817  11.540 0.1000000015
7537  31.619  -69.881  12.236 0.1000000015
110670  32.439  -70.570  11.991 0.1000000015
8252  31.212  -68.929  12.755 0.1000000015
8242  31.687  -68.490  13.437 0.1000000015
8243  30.878  -68.141  13.187 0.1000000015
8918  31.052  -66.816  14.121 0.1000000015
11131  32.321  -64.664  15.101 0.1000000015
9613  31.623  -66.133  14.657 0.1000000015
11983  34.321  -63.368  14.805 0.1000000015
11130  33.080  -64.231  15.249 0.1000000015
12764  35.171  -61.965  13.750 0.1000000015
109628  35.616  -61.564  13.306 0.1000000015
14234  36.952  -60.931  13.155 0.1000000015
14252  37.414  -60.734  12.567 0.1000000015
4854  31.345  -74.466  18.207 0.1000000015
127300  31.879  -74.194  17.510 0.1000000015
4249  28.213  -75.084  24.313 0.1000000015
4274  28.427  -74.915  22.964 0.1000000015
4285  28.632  -75.006  22.132 0.1000000015
4284  29.273  -74.988  22.201 0.1000000015
4309  29.482  -75.224  18.843 0.1000000015
4865  31.275  -75.134  17.356 0.1000000015
5507  32.640  -73.849  16.279 0.1000000015
4882  32.778  -74.174  15.465 0.1000000015
4810  28.384  -74.813  22.165 0.1000000015
4855  30.327  -75.064  18.643 0.1000000015
4339  31.273  -75.439  16.535 0.1000000015
4887  33.602  -73.618  14.054 0.1000000015
5553  34.606  -72.845  12.827 0.1000000015
6882  34.618  -71.258  11.988 0.1000000015
121886  33.554  -73.991  11.905 0.1000000015
127595  33.852  -73.322  11.660 0.1000000015
117174  33.483  -70.086  12.651 0.1000000015
107434  32.563  -68.772  13.552 0.1000000015
8234  32.247  -67.991  13.957 0.1000000015
8923  31.371  -67.666  13.794 0.1000000015
9604  33.172  -66.261  14.987 0.1000000015
8917  31.921  -67.138  14.324 0.1000000015
11122  33.688  -64.862  15.373 0.1000000015
11123  32.973  -64.992  15.299 0.1000000015
10354  32.514  -65.664  15.073 0.1000000015
11969  33.943  -64.059  15.271 0.1000000015
11982  35.214  -63.251  14.888 0.1000000015
12752  35.586  -62.513  14.464 0.1000000015
4818  30.956  -73.398  21.926 0.1000000015
4247  29.338  -75.195  24.474 0.1000000015
4809  30.292  -74.354  22.464 0.1000000015
127233  31.110  -73.387  20.606 0.1000000015
4841  31.111  -74.018  19.273 0.1000000015
5494  32.079  -73.301  17.982 0.1000000015
4236  28.627  -74.998  25.605 0.1000000015
4235  29.035  -75.278  25.235 0.1000000015
4272  29.599  -74.891  23.080 0.1000000015
114248  30.721  -74.042  20.188 0.1000000015
109194  32.467  -73.290  17.096 0.1000000015
115489  32.883  -72.691  16.247 0.1000000015
5538  34.266  -72.878  13.876 0.1000000015
5521  33.433  -73.395  14.753 0.1000000015
6874  35.429  -70.983  12.365 0.1000000015
6875  34.408  -70.532  12.402 0.1000000015
7527  34.087  -69.708  13.034 0.1000000015
8233  33.272  -68.310  13.942 0.1000000015
8916  32.854  -67.471  14.368 0.1000000015
9611  33.480  -66.946  14.682 0.1000000015
116913  34.491  -64.763  15.378 0.1000000015
10353  33.426  -65.634  15.219 0.1000000015
11981  36.101  -63.181  15.027 0.1000000015
12738  36.991  -63.160  15.155 0.1000000015
4784  30.844  -73.753  24.525 0.1000000015
5427  31.381  -72.831  21.103 0.1000000015
5462  31.810  -72.747  19.363 0.1000000015
4261  30.119  -74.662  23.944 0.1000000015
5444  31.434  -72.998  20.164 0.1000000015
6130  32.680  -72.028  16.793 0.1000000015
6842  33.438  -71.176  15.690 0.1000000015
6181  34.811  -72.064  14.186 0.1000000015
6155  35.284  -71.519  14.415 0.1000000015
6873  36.140  -70.799  12.923 0.1000000015
121020  35.081  -70.317  12.684 0.1000000015
8240  34.317  -68.896  13.615 0.1000000015
121738  33.393  -69.010  13.480 0.1000000015
8914  35.695  -67.838  14.254 0.1000000015
125988  34.024  -68.256  13.959 0.1000000015
9603  33.987  -66.360  15.012 0.1000000015
119173  34.644  -67.216  14.556 0.1000000015
10351  35.278  -65.710  15.252 0.1000000015
10350  36.210  -65.632  15.237 0.1000000015
125172  34.855  -65.242  15.350 0.1000000015
10352  34.363  -65.591  15.284 0.1000000015
11966  36.717  -63.947  15.328 0.1000000015
12737  37.942  -63.249  15.345 0.1000000015
110250  39.730  -62.010  15.628 0.1000000015
4808  30.948  -73.353  22.918 0.1000000015
5412  31.460  -72.524  22.619 0.1000000015
6106  32.168  -71.829  19.465 0.1000000015
6119  32.438  -71.392  18.144 0.1000000015
116874  32.582  -71.241  17.237 0.1000000015
117591  31.361  -73.037  24.960 0.1000000015
5478  32.206  -72.312  18.622 0.1000000015
6156  34.323  -71.554  14.981 0.1000000015
6858  36.386  -70.525  13.773 0.1000000015
7525  36.250  -70.037  13.328 0.1000000015
8239  35.618  -69.155  13.630 0.1000000015
9601  36.052  -66.398  14.967 0.1000000015
9602  35.002  -66.414  15.009 0.1000000015
11120  36.454  -64.808  15.351 0.1000000015
111262  37.500  -63.869  15.378 0.1000000015
12735  40.382  -62.689  16.143 0.1000000015
14193  42.371  -61.256  16.522 0.1000000015
5397  31.853  -72.095  24.308 0.1000000015
5398  31.540  -72.501  23.558 0.1000000015
6075  31.795  -71.876  22.306 0.1000000015
108947  32.161  -71.539  20.242 0.1000000015
7447  32.423  -69.856  19.136 0.1000000015
6819  32.504  -70.460  17.668 0.1000000015
6093  32.085  -71.420  21.074 0.1000000015
109381  32.353  -71.424  18.918 0.1000000015
6829  33.335  -70.371  16.086 0.1000000015
108849  35.312  -71.059  14.920 0.1000000015
7497  35.309  -70.408  15.481 0.1000000015
8238  36.629  -69.395  13.840 0.1000000015
8913  36.809  -68.118  14.398 0.1000000015
11934  40.007  -63.721  18.604 0.1000000015
11087  39.841  -64.117  17.850 0.1000000015
11098  39.646  -64.512  17.155 0.1000000015
10340  38.649  -65.637  16.475 0.1000000015
10349  37.984  -65.544  15.495 0.1000000015
9609  36.918  -67.220  14.796 0.1000000015
9610  35.892  -67.159  14.577 0.1000000015
11933  40.515  -63.581  18.001 0.1000000015
11946  40.123  -64.034  17.085 0.1000000015
11108  39.054  -64.896  16.258 0.1000000015
111525  37.002  -66.392  15.091 0.1000000015
11919  40.494  -63.342  19.099 0.1000000015
12695  41.154  -63.036  18.719 0.1000000015
121783  40.651  -63.507  17.296 0.1000000015
11955  39.808  -64.007  16.504 0.1000000015
11118  38.303  -64.940  15.550 0.1000000015
116039  37.172  -65.586  15.292 0.1000000015
12682  41.843  -62.465  19.505 0.1000000015
12694  41.822  -62.620  18.407 0.1000000015
12708  41.062  -63.148  17.123 0.1000000015
11965  38.201  -64.240  15.528 0.1000000015
12721  41.545  -62.643  16.972 0.1000000015
11964  38.768  -63.745  15.703 0.1000000015
13438  44.063  -60.830  18.552 0.1000000015
13450  41.299  -62.303  16.391 0.1000000015
14192  43.348  -60.674  16.946 0.1000000015
6762  32.333  -71.146  24.189 0.1000000015
6065  31.975  -71.721  23.907 0.1000000015
6074  32.072  -71.356  22.748 0.1000000015
6767  32.317  -70.818  22.339 0.1000000015
6785  32.352  -70.848  20.600 0.1000000015
6081  32.055  -71.363  21.924 0.1000000015
116194  32.418  -70.029  20.088 0.1000000015
7458  32.492  -69.546  18.091 0.1000000015
7468  32.611  -69.690  17.225 0.1000000015
7481  33.180  -69.465  16.588 0.1000000015
114675  34.180  -69.886  15.933 0.1000000015
111437  36.155  -70.605  14.713 0.1000000015
6839  36.721  -69.983  14.473 0.1000000015
8230  37.358  -68.797  14.629 0.1000000015
8900  37.674  -67.838  15.702 0.1000000015
10309  39.147  -64.800  17.892 0.1000000015
10341  38.188  -66.077  15.911 0.1000000015
9600  37.546  -67.176  15.269 0.1000000015
11076  39.424  -64.165  18.759 0.1000000015
12666  42.773  -61.701  20.499 0.1000000015
108816  32.553  -70.611  24.708 0.1000000015
7415  32.470  -70.153  22.694 0.1000000015
105314  32.348  -70.844  23.267 0.1000000015
108043  32.408  -69.248  21.324 0.1000000015
8142  32.435  -69.069  19.614 0.1000000015
111327  32.437  -70.097  21.838 0.1000000015
111191  32.477  -68.862  18.734 0.1000000015
8180  32.795  -68.898  17.377 0.1000000015
8179  33.436  -68.568  17.030 0.1000000015
8199  34.264  -69.146  16.482 0.1000000015
7496  36.323  -70.045  15.399 0.1000000015
8197  36.992  -68.854  16.325 0.1000000015
7479  36.369  -69.459  16.138 0.1000000015
112916  37.676  -67.534  16.648 0.1000000015
8196  37.439  -68.288  16.227 0.1000000015
8216  37.412  -68.589  15.467 0.1000000015
10310  38.392  -65.469  18.420 0.1000000015
8912  37.526  -68.012  14.921 0.1000000015
11920  39.823  -63.608  19.429 0.1000000015
9599  37.899  -66.975  15.886 0.1000000015
11905  40.338  -63.103  20.058 0.1000000015
117839  32.484  -69.319  23.066 0.1000000015
106538  32.442  -69.216  22.178 0.1000000015
121853  32.419  -68.289  19.187 0.1000000015
106223  32.552  -67.968  18.464 0.1000000015
8864  32.936  -67.971  17.740 0.1000000015
8178  34.462  -68.476  17.060 0.1000000015
8198  35.452  -69.115  16.677 0.1000000015
8861  36.794  -68.176  17.770 0.1000000015
8860  37.236  -67.622  17.809 0.1000000015
9572  37.827  -66.801  17.388 0.1000000015
12668  40.930  -62.561  20.812 0.1000000015
109440  43.044  -60.805  22.381 0.1000000015
8810  32.294  -67.070  21.668 0.1000000015
8128  32.361  -68.481  20.840 0.1000000015
9516  32.452  -66.491  20.838 0.1000000015
8835  32.475  -67.038  20.019 0.1000000015
8849  32.892  -67.265  18.520 0.1000000015
118244  32.501  -67.517  19.211 0.1000000015
8863  33.684  -67.926  17.424 0.1000000015
8862  34.656  -67.750  17.687 0.1000000015
8177  35.661  -68.577  17.290 0.1000000015
8176  36.574  -68.552  17.262 0.1000000015
9559  38.012  -66.075  17.909 0.1000000015
9560  37.480  -66.817  18.398 0.1000000015
11060  39.136  -64.080  19.701 0.1000000015
11077  38.654  -64.867  19.170 0.1000000015
13393  42.306  -60.910  22.661 0.1000000015
13378  43.105  -60.226  22.950 0.1000000015
9532  32.737  -66.165  20.064 0.1000000015
9547  32.778  -66.668  19.306 0.1000000015
10297  33.086  -66.098  19.563 0.1000000015
109885  34.292  -66.112  19.300 0.1000000015
8848  33.558  -67.311  17.991 0.1000000015
123274  34.314  -66.997  18.237 0.1000000015
124523  36.040  -68.077  17.973 0.1000000015
112243  36.640  -67.801  18.356 0.1000000015
12650  40.776  -62.171  21.617 0.1000000015
12669  40.237  -62.874  20.852 0.1000000015
13394  41.307  -61.300  22.483 0.1000000015
10284  33.102  -65.796  20.072 0.1000000015
108618  35.215  -66.391  19.609 0.1000000015
9545  34.453  -65.804  19.989 0.1000000015
8834  36.737  -67.012  19.652 0.1000000015
9544  36.239  -66.745  20.124 0.1000000015
9562  34.755  -66.626  18.801 0.1000000015
112564  37.175  -66.652  20.218 0.1000000015
123989  36.141  -67.666  18.594 0.1000000015
8845  36.953  -67.286  18.778 0.1000000015
12651  40.047  -62.482  21.451 0.1000000015
11890  39.587  -63.205  20.821 0.1000000015
11906  39.679  -63.448  20.226 0.1000000015
112292  38.119  -65.588  19.314 0.1000000015
10311  37.784  -66.112  18.919 0.1000000015
13379  41.715  -60.469  23.220 0.1000000015
9528  37.427  -66.371  21.030 0.1000000015
8846  36.510  -67.392  18.879 0.1000000015
9561  35.941  -67.108  19.145 0.1000000015
10295  37.678  -66.123  19.969 0.1000000015
11061  38.375  -64.830  20.157 0.1000000015
10294  38.128  -65.441  19.891 0.1000000015
9543  37.265  -66.712  19.386 0.1000000015
6903  27.136  -69.966  10.505 0.1000000015
8280  28.003  -68.761  10.230 0.1000000015
8946  28.201  -67.389  11.028 0.1000000015
8964  26.796  -67.709  10.056 0.1000000015
9649  27.729  -66.694  11.119 0.1000000015
12042  31.802  -63.334  10.711 0.1000000015
9635  27.555  -65.921  11.663 0.1000000015
12024  32.243  -62.823  11.264 0.1000000015
11160  28.416  -64.392  12.644 0.1000000015
10387  27.698  -65.282  12.248 0.1000000015
12015  28.793  -63.853  12.262 0.1000000015
12028  28.337  -63.664  11.482 0.1000000015
11161  27.637  -64.581  12.160 0.1000000015
7469  30.347  -69.577  17.489 0.1000000015
7561  26.722  -69.110  10.214 0.1000000015
113047  26.875  -65.687  11.132 0.1000000015
122010  30.167  -71.392  17.691 0.1000000015
6232  28.971  -71.514  10.499 0.1000000015
6233  28.362  -71.025  10.538 0.1000000015
12768  31.764  -62.761  13.029 0.1000000015
11159  29.153  -64.134  12.985 0.1000000015
5495  29.857  -73.276  16.989 0.1000000015
4883  30.588  -74.825  14.852 0.1000000015
4384  29.558  -74.214  11.981 0.1000000015
4369  29.333  -74.183  12.801 0.1000000015
4383  30.349  -74.590  12.545 0.1000000015
4934  29.800  -73.995  11.106 0.1000000015
6895  29.933  -70.400  10.699 0.1000000015
10372  29.391  -65.219  13.684 0.1000000015
117025  28.213  -65.799  12.453 0.1000000015
11987  30.925  -63.894  14.116 0.1000000015
4381  32.106  -74.771  11.449 0.1000000015
5585  31.326  -72.707  10.381 0.1000000015
6230  30.491  -72.463  10.363 0.1000000015
5481  28.988  -74.272  18.143 0.1000000015
8936  29.449  -67.503  12.410 0.1000000015
8935  30.133  -67.794  12.875 0.1000000015
8925  29.813  -66.979  13.132 0.1000000015
10361  31.095  -65.273  14.590 0.1000000015
4320  29.610  -75.297  18.190 0.1000000015
123913  29.748  -75.333  17.508 0.1000000015
4393  32.473  -74.175  10.818 0.1000000015
6220  31.839  -71.861  10.956 0.1000000015
8253  30.419  -68.517  12.510 0.1000000015
10360  31.765  -65.220  14.914 0.1000000015
4295  29.147  -75.080  20.201 0.1000000015
4355  32.374  -75.168  14.291 0.1000000015
4338  32.118  -75.009  16.063 0.1000000015
4931  33.267  -73.717  11.216 0.1000000015
4346  32.982  -74.350  14.536 0.1000000015
6208  33.992  -71.922  11.574 0.1000000015
6209  32.743  -71.415  11.548 0.1000000015
6883  33.525  -70.836  12.033 0.1000000015
7528  32.073  -69.281  13.013 0.1000000015
13465  36.887  -61.753  14.322 0.1000000015
114181  36.709  -61.369  13.697 0.1000000015
5479  31.771  -73.353  18.693 0.1000000015
4864  32.018  -74.619  16.857 0.1000000015
4263  28.396  -75.128  23.741 0.1000000015
4831  29.825  -74.758  20.575 0.1000000015
4842  29.895  -74.959  19.552 0.1000000015
4900  33.971  -73.510  13.269 0.1000000015
5537  35.115  -72.228  13.286 0.1000000015
6207  35.043  -71.782  12.067 0.1000000015
8241  32.980  -69.483  13.115 0.1000000015
9612  32.566  -66.622  14.730 0.1000000015
11968  34.840  -64.006  15.266 0.1000000015
12751  36.438  -62.410  14.717 0.1000000015
4830  30.711  -73.846  20.986 0.1000000015
110748  32.435  -72.256  17.667 0.1000000015
6157  33.419  -72.076  15.537 0.1000000015
6200  35.643  -71.547  12.821 0.1000000015
7526  35.261  -69.766  13.117 0.1000000015
8915  33.819  -67.718  14.260 0.1000000015
11121  35.398  -64.887  15.368 0.1000000015
12750  37.282  -62.378  14.946 0.1000000015
6094  31.822  -72.114  20.677 0.1000000015
6082  31.796  -71.965  21.507 0.1000000015
109003  32.706  -70.332  16.796 0.1000000015
6840  35.991  -71.194  14.179 0.1000000015
8232  34.877  -68.210  14.011 0.1000000015
8231  36.211  -68.622  13.991 0.1000000015
12736  38.619  -62.907  15.504 0.1000000015
13460  38.876  -62.112  15.349 0.1000000015
13459  40.572  -61.745  15.797 0.1000000015
6066  31.845  -71.862  23.106 0.1000000015
6809  32.432  -70.621  18.614 0.1000000015
127438  36.742  -69.867  13.852 0.1000000015
124314  36.992  -68.905  14.123 0.1000000015
11119  37.516  -64.729  15.395 0.1000000015
127758  41.823  -61.838  16.465 0.1000000015
106857  39.423  -63.040  15.883 0.1000000015
12722  40.811  -63.037  16.639 0.1000000015
13449  42.065  -62.081  16.838 0.1000000015
6797  32.411  -70.909  19.606 0.1000000015
7480  35.341  -69.724  16.058 0.1000000015
7516  37.024  -69.406  14.277 0.1000000015
10326  39.253  -65.045  16.867 0.1000000015
11107  39.536  -64.473  16.619 0.1000000015
10348  38.536  -65.281  15.866 0.1000000015
106209  37.688  -66.333  15.468 0.1000000015
11954  40.394  -63.558  16.816 0.1000000015
11116  39.323  -64.393  16.252 0.1000000015
12683  41.044  -62.800  19.798 0.1000000015
11963  39.400  -63.964  16.111 0.1000000015
12723  40.041  -63.443  16.380 0.1000000015
12667  41.747  -62.226  20.673 0.1000000015
12707  41.705  -62.669  17.577 0.1000000015
13440  42.301  -62.178  17.389 0.1000000015
14181  43.763  -60.889  17.680 0.1000000015
13439  43.194  -61.635  17.867 0.1000000015
10327  38.694  -65.545  17.394 0.1000000015
122546  38.337  -66.140  17.096 0.1000000015
9587  38.143  -66.540  16.524 0.1000000015
13407  42.481  -61.484  21.650 0.1000000015
109469  36.307  -68.999  16.797 0.1000000015
12649  41.574  -61.825  21.692 0.1000000015
8847  35.302  -67.370  18.365 0.1000000015
15767  39.448  -58.269  15.498 0.4000000060
120958  42.670  -56.597  15.082 0.3000000119
17301  41.661  -56.991  15.158 0.3000000119
16520  40.726  -57.468  15.328 0.3000000119
16521  39.903  -57.872  15.127 0.4000000060
16522  39.227  -58.272  14.923 0.4000000060
17314  40.924  -57.206  14.519 0.3000000119
16538  39.705  -57.852  14.443 0.4000000060
12821  42.018  -62.719  7.373 0.1000000015
113359  43.536  -61.069  7.292 0.1000000015
15067  44.629  -59.457  6.536 0.2000000030
17412  44.703  -57.050  7.777 0.3000000119
17361  38.353  -56.075  11.444 0.4000000060
116207  43.700  -56.537  15.771 0.3000000119
18134  42.485  -55.895  9.623 0.4000000060
18125  41.306  -55.776  10.678 0.4000000060
15858  44.946  -58.126  7.465 0.2000000030
17390  43.011  -56.306  8.231 0.3000000119
18135  41.503  -55.453  9.885 0.4000000060
18126  40.514  -55.564  10.797 0.4000000060
17360  39.168  -56.101  11.342 0.4000000060
12061  41.156  -63.714  7.901 0.1000000015
15859  44.903  -58.663  6.789 0.3000000119
117227  40.886  -55.234  10.282 0.4000000060
18127  39.639  -55.220  10.922 0.4000000060
12067  41.803  -63.361  6.845 0.1000000015
18119  37.013  -55.937  11.659 0.5000000000
16633  44.617  -57.741  6.724 0.3000000119
17378  42.271  -55.896  8.829 0.3000000119
18136  40.281  -54.952  10.367 0.4000000060
18120  36.278  -55.743  11.827 0.4000000060
17352  34.773  -56.176  12.385 0.4000000060
18155  41.501  -55.627  8.766 0.4000000060
18144  41.241  -55.329  9.293 0.4000000060
18137  39.681  -54.706  10.409 0.4000000060
18128  38.612  -55.114  11.229 0.4000000060
12828  42.766  -62.623  6.154 0.2000000030
12820  43.191  -62.086  6.452 0.2000000030
13542  44.119  -60.971  6.172 0.2000000030
15877  44.783  -58.675  6.197 0.2000000030
13527  44.243  -60.397  6.875 0.2000000030
17414  42.781  -56.556  7.511 0.3000000119
17391  42.037  -56.037  8.185 0.3000000119
12075  41.394  -63.766  6.561 0.1000000015
108246  40.741  -55.003  9.707 0.4000000060
16618  43.699  -57.236  6.856 0.3000000119
17392  41.144  -55.810  8.160 0.4000000060
18933  40.023  -54.681  9.891 0.4000000060
18129  37.750  -55.377  11.455 0.5000000000
18917  36.970  -55.012  11.614 0.5000000000
18121  35.468  -55.464  12.094 0.4000000060
18156  40.731  -55.227  8.851 0.4000000060
18138  39.014  -54.641  10.671 0.4000000060
126175  38.018  -54.777  11.291 0.5000000000
112894  37.528  -54.515  11.365 0.5000000000
18918  36.231  -54.681  11.901 0.4000000060
127150  43.479  -61.991  5.534 0.2000000030
14323  44.419  -60.238  5.811 0.2000000030
15085  44.506  -59.435  5.608 0.2000000030
15878  43.149  -57.886  6.364 0.4000000060
108222  43.910  -58.645  5.814 0.2000000030
16619  42.399  -57.067  6.877 0.3000000119
17415  41.705  -56.395  7.510 0.3000000119
18924  38.130  -54.418  10.969 0.5000000000
18926  36.911  -54.050  11.643 0.5000000000
117288  35.393  -54.463  12.197 0.4000000060
18122  34.657  -55.254  12.315 0.4000000060
16620  41.265  -57.027  6.976 0.4000000060
17393  40.140  -55.632  8.106 0.4000000060
18145  39.625  -54.614  9.410 0.4000000060
18925  37.306  -53.942  11.117 0.5000000000
13564  44.180  -60.720  5.194 0.2000000030
12827  43.176  -62.257  5.041 0.2000000030
14341  44.246  -60.068  5.070 0.2000000030
18920  34.495  -54.372  12.413 0.4000000060
15086  43.561  -59.408  5.313 0.2000000030
17416  40.700  -56.359  7.520 0.3000000119
110925  39.418  -55.255  8.400 0.4000000060
18944  38.910  -54.374  9.574 0.4000000060
12074  42.266  -63.087  5.713 0.2000000030
110321  43.952  -60.486  4.813 0.2000000030
15879  42.645  -58.681  6.054 0.3000000119
15860  41.943  -57.866  6.654 0.4000000060
120858  33.941  -55.116  12.520 0.4000000060
113616  38.257  -54.201  9.815 0.5000000000
120523  31.780  -54.221  13.672 0.4000000060
120214  42.015  -63.122  4.899 0.2000000030
13565  43.554  -61.271  4.637 0.2000000030
17394  39.176  -55.962  7.925 0.4000000060
18960  39.159  -54.728  8.896 0.4000000060
19736  36.183  -53.539  11.950 0.5000000000
18919  35.236  -53.487  12.293 0.4000000060
20573  30.572  -52.720  15.612 0.4000000060
12084  41.353  -63.399  4.567 0.2000000030
14324  43.076  -59.882  5.080 0.2000000030
15068  42.062  -59.540  5.936 0.2000000030
16621  40.282  -57.129  7.165 0.4000000060
18945  37.654  -54.133  9.697 0.5000000000
19746  37.003  -53.577  10.636 0.5000000000
108549  40.544  -63.792  5.167 0.2000000030
117913  40.819  -57.922  6.908 0.4000000060
17417  39.769  -56.509  7.530 0.3000000119
18961  38.301  -54.535  9.120 0.5000000000
18936  37.705  -53.990  10.391 0.5000000000
20580  30.846  -52.028  14.656 0.4000000060
114074  30.697  -52.050  15.329 0.2000000030
19725  32.289  -53.508  13.256 0.4000000060
19739  34.170  -53.440  12.547 0.4000000060
12839  43.188  -61.972  4.212 0.2000000030
118072  41.447  -58.827  6.663 0.4000000060
19737  35.807  -52.632  11.915 0.4000000060
12073  42.702  -62.536  4.554 0.2000000030
14343  43.342  -60.511  4.613 0.2000000030
14325  42.114  -60.202  5.460 0.2000000030
105378  42.886  -61.751  3.788 0.2000000030
117943  32.493  -52.640  13.207 0.4000000060
19724  33.350  -52.829  12.820 0.4000000060
112421  34.335  -52.503  12.551 0.4000000060
18158  38.563  -55.325  8.386 0.3000000119
19756  37.102  -53.629  10.109 0.5000000000
19747  36.658  -53.275  11.215 0.5000000000
19738  35.069  -52.588  12.300 0.4000000060
108124  40.382  -58.969  7.195 0.4000000060
16622  38.917  -56.872  7.586 0.4000000060
111715  38.281  -56.329  7.908 0.3000000119
121729  37.848  -55.053  8.628 0.4000000060
15861  39.832  -58.027  7.278 0.4000000060
114371  36.981  -54.060  9.558 0.5000000000
13566  42.842  -61.218  3.977 0.2000000030
20588  33.124  -51.976  13.089 0.4000000060
19748  36.217  -52.711  11.448 0.5000000000
20608  36.149  -52.541  10.812 0.5000000000
17395  37.692  -55.784  8.256 0.4000000060
122424  37.459  -54.568  9.040 0.5000000000
19751  36.547  -53.131  10.434 0.5000000000
18962  36.686  -54.668  8.895 0.5000000000
18159  37.158  -55.226  8.521 0.5000000000
16537  40.272  -57.535  14.705 0.4000000060
17359  40.092  -56.230  11.331 0.4000000060
113131  31.700  -52.766  13.626 0.4000000060
19757  36.537  -53.382  9.972 0.5000000000
105982  44.415  -56.387  13.383 0.3000000119
106983  43.283  -56.449  13.331 0.3000000119
17329  42.117  -56.607  13.362 0.2000000030
17343  46.449  -56.863  12.998 0.2000000030
106206  44.933  -56.427  12.734 0.3000000119
17355  44.464  -56.490  11.889 0.3000000119
17356  43.156  -56.398  11.453 0.3000000119
17354  46.070  -57.109  11.335 0.2000000030
17365  45.679  -56.902  10.510 0.2000000030
122346  44.146  -56.430  11.070 0.2000000030
15066  44.662  -58.810  7.390 0.2000000030
11254  39.076  -64.452  4.340 0.1000000015
11255  38.023  -64.604  4.616 0.1000000015
13588  38.820  -61.215  4.490 0.1000000015
17299  45.793  -56.705  16.134 0.1000000015
115876  43.777  -56.383  14.917 0.2000000030
17312  42.900  -56.498  14.213 0.2000000030
107820  44.957  -56.342  14.094 0.2000000030
106696  43.994  -56.375  14.114 0.2000000030
15764  46.367  -57.448  15.672 0.1000000015
126734  46.633  -57.065  13.599 0.1000000015
17327  46.276  -56.662  13.636 0.2000000030
15782  46.418  -57.349  14.563 0.1000000015
113643  46.112  -57.657  13.375 0.1000000015
114505  41.415  -63.545  5.591 0.1000000015
107243  39.580  -64.085  5.182 0.1000000015
13585  42.143  -61.784  2.984 0.1000000015
118855  40.870  -61.416  4.019 0.1000000015
13567  40.244  -61.400  5.017 0.1000000015
13546  39.644  -61.425  6.007 0.1000000015
13604  41.424  -61.876  2.711 0.1000000015
13568  39.205  -61.486  5.306 0.1000000015
13530  39.155  -61.389  6.904 0.1000000015
13587  39.817  -61.407  4.390 0.1000000015
13548  37.707  -61.745  6.185 0.1000000015
14306  36.711  -61.119  7.738 0.1000000015
13532  37.196  -61.684  7.037 0.1000000015
14307  35.810  -61.023  7.644 0.1000000015
115384  45.847  -56.572  15.337 0.2000000030
16536  46.626  -56.963  14.635 0.1000000015
15069  40.865  -59.703  6.783 0.1000000015
16601  38.062  -57.312  7.907 0.3000000119
12851  42.420  -62.264  3.375 0.1000000015
121223  42.553  -61.721  3.447 0.1000000015
13544  42.053  -60.705  4.828 0.1000000015
14302  40.409  -60.431  6.820 0.1000000015
15071  39.041  -60.133  7.829 0.2000000030
15845  38.086  -58.403  8.157 0.3000000119
16602  36.641  -56.815  8.198 0.3000000119
17397  36.110  -56.207  8.337 0.3000000119
12105  41.844  -62.587  3.295 0.1000000015
13545  40.742  -61.148  5.553 0.1000000015
14303  39.564  -60.757  7.293 0.1000000015
121529  38.478  -59.341  8.092 0.2000000030
112303  36.444  -57.707  8.357 0.3000000119
12118  41.470  -62.423  2.850 0.1000000015
14305  37.675  -61.110  7.749 0.1000000015
15053  35.735  -59.567  8.407 0.2000000030
111321  35.756  -58.006  8.488 0.3000000119
14293  36.235  -60.358  8.214 0.1000000015
15054  34.745  -59.660  8.300 0.2000000030
16605  34.219  -57.852  8.762 0.4000000060
13550  35.895  -61.561  6.043 0.1000000015
14295  34.673  -60.390  7.900 0.1000000015
15055  33.798  -59.402  8.249 0.3000000119
14126  43.949  -59.736  21.892 0.1000000015
14926  44.786  -59.063  20.394 0.1000000015
19752  36.052  -52.695  10.301 0.4000000060
18946  36.257  -54.058  9.392 0.4000000060
17396  36.892  -56.006  8.234 0.3000000119
18160  36.380  -55.395  8.467 0.4000000060
18963  35.880  -54.794  8.761 0.4000000060
125325  35.408  -56.379  8.472 0.4000000060
18147  34.089  -55.295  9.211 0.4000000060
112269  34.882  -57.032  8.651 0.4000000060
17398  33.967  -57.018  8.985 0.5000000000
15849  34.439  -58.711  8.534 0.3000000119
16606  33.269  -57.802  8.894 0.5000000000
13551  35.017  -61.329  5.894 0.2000000030
116066  34.711  -61.174  6.768 0.1000000015
15056  32.945  -59.184  8.180 0.4000000060
14344  36.126  -60.386  4.736 0.1000000015
14345  34.529  -60.725  5.222 0.1000000015
14327  33.271  -60.593  6.456 0.2000000030
14309  33.569  -60.523  7.153 0.2000000030
14378  36.700  -59.932  3.916 0.1000000015
120388  36.349  -59.711  4.139 0.1000000015
14346  33.452  -60.576  5.491 0.2000000030
14379  35.837  -59.378  3.882 0.1000000015
20609  35.956  -52.044  11.220 0.4000000060
20600  35.511  -51.887  11.737 0.3000000119
20617  35.696  -51.931  10.543 0.4000000060
19759  35.071  -53.356  9.511 0.4000000060
19758  35.877  -53.280  9.758 0.4000000060
18948  34.542  -54.329  9.244 0.4000000060
20624  34.631  -52.646  9.792 0.4000000060
121528  34.676  -56.055  8.775 0.4000000060
17379  33.569  -56.228  9.316 0.4000000060
18148  33.091  -55.472  9.588 0.4000000060
16590  32.913  -57.033  9.240 0.5000000000
16607  32.212  -57.662  8.768 0.4000000060
14310  32.836  -60.224  6.994 0.3000000119
15073  32.479  -59.567  7.507 0.4000000060
15863  32.165  -58.884  7.960 0.4000000060
15126  34.457  -58.803  3.807 0.2000000030
15113  34.023  -59.133  4.178 0.2000000030
14328  32.660  -60.345  6.164 0.2000000030
15125  35.086  -58.989  3.713 0.1000000015
15111  35.589  -59.232  4.044 0.2000000030
12135  34.869  -63.467  1.388 0.1000000015
21566  35.560  -51.471  11.050 0.4000000060
21567  35.114  -51.271  11.599 0.4000000060
20618  35.142  -51.828  10.219 0.4000000060
19760  33.430  -53.029  9.848 0.4000000060
18949  32.954  -54.009  9.768 0.4000000060
17380  32.548  -56.235  9.486 0.4000000060
113066  32.721  -54.808  9.701 0.4000000060
16591  31.972  -56.846  9.176 0.3000000119
16634  30.921  -57.766  7.184 0.4000000060
16608  31.391  -57.752  8.124 0.4000000060
15101  31.567  -59.325  5.435 0.3000000119
15088  31.557  -59.319  6.339 0.3000000119
107202  31.763  -59.158  7.201 0.4000000060
15911  34.447  -58.743  3.205 0.2000000030
15912  33.845  -58.630  3.366 0.2000000030
15114  32.883  -59.282  4.159 0.2000000030
15100  32.277  -59.778  4.930 0.2000000030
15138  35.202  -59.278  3.308 0.2000000030
11317  34.437  -64.633  0.368 0.1000000015
11304  34.458  -63.634  0.852 0.1000000015
20602  34.068  -51.893  12.701 0.3000000119
22485  34.690  -50.596  11.639 0.4000000060
21568  34.577  -51.151  12.268 0.3000000119
21578  34.664  -51.231  10.542 0.4000000060
114468  33.208  -51.579  10.327 0.4000000060
20619  34.064  -52.044  10.052 0.4000000060
19761  32.275  -53.349  9.929 0.4000000060
19753  32.940  -52.486  10.063 0.4000000060
18951  31.493  -54.724  9.386 0.4000000060
18950  32.080  -54.401  9.767 0.4000000060
17400  30.876  -56.349  8.112 0.4000000060
18150  31.350  -55.575  9.112 0.3000000119
16672  30.839  -57.203  3.908 0.3000000119
17454  30.884  -56.830  4.758 0.3000000119
16646  30.767  -57.183  5.458 0.3000000119
16623  30.739  -56.853  6.947 0.3000000119
18181  30.824  -56.254  7.526 0.3000000119
16688  33.808  -57.865  1.646 0.2000000030
16681  32.889  -58.049  1.981 0.2000000030
15914  31.798  -58.479  3.289 0.3000000119
16671  31.025  -58.000  3.772 0.2000000030
15893  30.811  -58.002  5.631 0.3000000119
15881  30.868  -58.115  6.374 0.3000000119
15925  33.849  -58.405  2.469 0.2000000030
15901  32.105  -58.962  3.865 0.2000000030
15924  34.337  -58.669  2.284 0.2000000030
21559  32.800  -51.176  13.342 0.3000000119
22476  33.048  -50.238  13.462 0.3000000119
117924  33.612  -50.608  12.982 0.3000000119
113059  34.233  -50.526  12.415 0.4000000060
22493  33.688  -50.227  10.922 0.3000000119
22490  34.213  -50.141  11.461 0.4000000060
21581  31.989  -50.961  10.282 0.4000000060
22494  32.567  -50.227  10.581 0.4000000060
21579  33.926  -50.812  10.693 0.4000000060
111136  31.568  -51.615  9.887 0.4000000060
19754  32.193  -52.409  10.105 0.4000000060
19764  31.074  -53.400  9.163 0.3000000119
107936  31.537  -53.861  9.555 0.4000000060
19762  31.575  -52.975  9.755 0.4000000060
18214  31.428  -55.427  4.432 0.3000000119
18205  31.487  -55.191  5.389 0.2000000030
18194  31.231  -55.342  6.311 0.2000000030
115281  31.090  -53.983  7.822 0.2000000030
18964  31.042  -54.861  8.781 0.3000000119
116337  31.142  -54.194  9.156 0.3000000119
17460  30.926  -56.633  3.168 0.3000000119
124560  30.961  -56.482  5.410 0.3000000119
18206  31.126  -55.936  5.782 0.2000000030
18195  30.914  -56.068  6.625 0.2000000030
121275  31.018  -54.757  7.798 0.2000000030
16699  33.859  -57.302  0.881 0.2000000030
124421  32.224  -56.933  1.198 0.3000000119
16690  31.215  -57.094  2.290 0.3000000119
108795  31.119  -57.624  3.086 0.3000000119
21560  32.006  -50.738  13.885 0.3000000119
20590  31.371  -52.064  13.971 0.3000000119
20589  32.164  -52.029  13.452 0.3000000119
21588  31.526  -50.966  9.875 0.3000000119
20660  31.769  -52.869  6.711 0.2000000030
21622  31.852  -52.048  6.973 0.2000000030
105472  31.196  -52.016  8.530 0.2000000030
21594  31.243  -51.319  9.190 0.2000000030
19796  32.508  -53.386  5.187 0.2000000030
19787  31.688  -53.669  6.420 0.2000000030
112813  31.364  -53.449  7.324 0.2000000030
113170  31.316  -52.609  7.740 0.2000000030
21548  30.909  -51.320  15.033 0.2000000030
14391  35.923  -59.987  3.412 0.1000000015
17470  32.851  -56.799  0.757 0.3000000119
15935  34.257  -58.224  1.810 0.2000000030
17346  42.587  -56.501  12.399 0.3000000119
17376  44.383  -56.505  9.189 0.2000000030
107389  43.953  -59.501  21.236 0.1000000015
17288  44.816  -56.694  16.565 0.2000000030
17313  41.802  -56.735  14.340 0.2000000030
14301  41.223  -60.148  6.295 0.1000000015
15862  38.918  -57.922  7.723 0.3000000119
21547  31.321  -51.358  14.348 0.3000000119
13528  41.044  -60.631  6.014 0.1000000015
20601  34.877  -51.822  12.246 0.3000000119
114312  37.449  -56.612  8.051 0.2000000030
15050  39.323  -59.025  7.688 0.2000000030
106085  42.077  -61.478  3.480 0.1000000015
17328  45.416  -56.415  13.485 0.2000000030
17345  43.798  -56.458  12.519 0.3000000119
108389  46.184  -56.894  12.223 0.1000000015
115185  45.354  -56.669  11.319 0.2000000030
13569  38.244  -61.508  5.353 0.1000000015
17300  44.894  -56.415  15.484 0.2000000030
12860  42.206  -62.167  3.003 0.1000000015
13586  41.287  -61.573  3.143 0.1000000015
110696  41.521  -61.229  4.419 0.1000000015
13529  40.065  -61.039  6.552 0.1000000015
13547  38.661  -61.637  6.180 0.1000000015
13531  38.179  -61.606  7.036 0.1000000015
14292  37.176  -60.343  8.225 0.1000000015
15070  39.965  -59.927  7.411 0.2000000030
118400  37.217  -57.404  8.171 0.3000000119
14291  38.119  -60.287  8.113 0.2000000030
15846  37.127  -58.394  8.367 0.3000000119
16603  35.760  -57.119  8.392 0.4000000060
18161  35.580  -55.603  8.510 0.4000000060
15051  37.618  -59.385  8.333 0.3000000119
15847  36.173  -58.641  8.458 0.3000000119
15848  35.312  -58.753  8.486 0.3000000119
20623  35.515  -52.487  9.994 0.4000000060
107638  33.557  -54.616  9.525 0.4000000060
14361  35.411  -59.774  4.486 0.2000000030
14362  34.274  -59.908  4.608 0.2000000030
21577  35.318  -51.429  10.625 0.4000000060
107291  34.029  -53.654  9.578 0.4000000060
15127  33.754  -58.830  3.843 0.2000000030
21571  35.109  -51.011  10.978 0.4000000060
15903  31.182  -58.636  5.047 0.3000000119
15115  31.811  -59.216  4.525 0.2000000030
15926  32.881  -58.452  2.811 0.2000000030
22486  34.232  -50.008  12.069 0.4000000060
22489  34.522  -50.636  11.005 0.4000000060
17453  30.995  -56.295  4.120 0.3000000119
116860  32.939  -57.445  1.305 0.2000000030
16689  32.026  -57.441  1.707 0.2000000030
23395  33.648  -49.491  12.481 0.4000000060
20625  31.265  -52.364  9.371 0.4000000060
19778  31.069  -53.384  8.250 0.2000000030
121591  32.184  -54.198  4.423 0.2000000030
111529  31.793  -54.449  5.355 0.2000000030
116069  31.960  -53.859  5.621 0.2000000030
123792  31.343  -54.213  7.043 0.2000000030
23398  33.857  -49.592  11.817 0.3000000119
22475  33.782  -50.019  12.792 0.2000000030
24314  33.428  -48.933  12.159 0.3000000119
22463  32.290  -49.828  14.136 0.2000000030
17374  45.664  -57.332  10.122 0.1000000015
15833  45.486  -57.753  10.264 0.1000000015
15843  45.319  -57.593  9.358 0.1000000015
17375  45.314  -56.851  9.582 0.1000000015
15049  43.956  -58.967  8.644 0.1000000015
16600  45.013  -57.511  8.291 0.1000000015
15844  45.020  -57.762  8.575 0.1000000015
21536  30.969  -51.474  15.608 0.1000000015
22454  31.190  -50.735  15.546 0.1000000015
125176  31.889  -49.651  16.604 0.1000000015
22445  31.479  -50.028  16.133 0.1000000015
22464  31.398  -50.477  14.739 0.1000000015
23350  31.569  -49.376  15.726 0.1000000015
23369  31.700  -49.552  14.938 0.1000000015
24286  31.915  -48.851  15.248 0.1000000015
23385  33.164  -49.380  13.415 0.1000000015
23396  33.159  -48.779  13.000 0.2000000030
23368  32.454  -48.932  14.302 0.1000000015
25197  32.505  -47.502  14.215 0.2000000030
23399  33.283  -49.101  11.541 0.2000000030
25216  32.563  -47.667  13.261 0.2000000030
126936  32.847  -48.277  13.113 0.2000000030
24315  32.829  -48.246  12.468 0.2000000030
107442  32.418  -46.941  13.846 0.2000000030
24321  32.942  -48.542  11.772 0.2000000030
23403  32.875  -49.195  11.018 0.2000000030
118160  32.157  -49.525  10.497 0.2000000030
22495  31.763  -50.317  10.166 0.2000000030
23411  31.404  -49.706  8.839 0.1000000015
26099  32.578  -46.647  14.708 0.2000000030
24327  32.551  -48.470  11.098 0.2000000030
23404  32.202  -48.822  10.586 0.2000000030
23408  31.658  -48.910  10.026 0.1000000015
24335  31.600  -48.409  9.557 0.1000000015
117670  31.530  -49.643  9.759 0.1000000015
117111  31.355  -51.173  16.169 0.1000000015
22444  31.863  -50.428  16.639 0.1000000015
23336  31.787  -49.186  16.279 0.1000000015
106754  32.726  -48.278  13.757 0.2000000030
25227  32.437  -47.370  12.430 0.2000000030
18242  32.039  -55.349  0.743 0.2000000030
18232  31.114  -55.947  2.357 0.2000000030
18243  31.523  -55.651  1.481 0.2000000030
17486  32.729  -55.990  0.388 0.2000000030
122113  32.295  -54.447  0.666 0.2000000030
19031  31.531  -55.049  2.848 0.2000000030
19057  31.794  -54.684  1.512 0.2000000030
124618  31.471  -55.197  2.073 0.2000000030
18256  33.447  -54.824  -0.385 0.2000000030
109989  32.034  -54.085  2.163 0.1000000015
19860  32.371  -53.734  1.442 0.2000000030
19044  32.135  -54.176  3.036 0.2000000030
109011  31.819  -54.714  3.861 0.2000000030
19859  32.920  -53.139  0.939 0.1000000015
19842  33.017  -52.971  1.860 0.1000000015
19843  32.575  -53.512  2.480 0.1000000015
20766  34.248  -51.953  0.688 0.1000000015
118442  35.523  -51.505  -0.206 0.1000000015
121037  32.498  -47.416  14.970 0.1000000015
19030  32.446  -53.934  3.929 0.1000000015
109073  33.242  -52.905  2.839 0.1000000015
19828  32.794  -53.432  3.397 0.1000000015
20754  34.349  -51.940  1.644 0.1000000015
20739  33.753  -52.421  2.233 0.1000000015
21727  35.658  -51.372  0.620 0.1000000015
21711  34.952  -51.579  1.087 0.1000000015
21725  37.242  -50.921  0.926 0.1000000015
26973  32.792  -45.668  14.788 0.1000000015
26072  33.709  -45.990  15.934 0.1000000015
26073  33.006  -46.169  15.490 0.1000000015
20679  32.182  -53.121  5.880 0.1000000015
19827  33.463  -52.892  3.793 0.1000000015
21709  36.755  -51.356  1.514 0.1000000015
21695  36.084  -51.650  2.054 0.1000000015
26943  33.435  -45.425  15.271 0.1000000015
26130  32.332  -46.792  13.128 0.1000000015
20677  33.595  -52.248  4.997 0.1000000015
21647  32.822  -51.896  5.845 0.1000000015
20676  34.354  -51.981  4.697 0.1000000015
20701  33.869  -52.462  4.367 0.1000000015
123250  33.140  -52.966  4.663 0.1000000015
20678  32.853  -52.563  5.433 0.1000000015
20700  34.703  -52.314  4.227 0.1000000015
117997  34.189  -52.515  3.857 0.1000000015
20718  35.961  -52.332  3.581 0.1000000015
20719  34.935  -52.296  3.552 0.1000000015
20738  34.596  -52.089  2.597 0.1000000015
20720  33.978  -52.465  3.173 0.1000000015
20716  37.650  -52.820  3.504 0.1000000015
20736  36.429  -52.163  2.913 0.1000000015
20737  35.521  -52.018  2.808 0.1000000015
26972  33.112  -44.920  14.665 0.1000000015
26121  32.417  -46.042  13.905 0.1000000015
21621  32.451  -51.544  6.419 0.1000000015
113951  36.846  -52.358  4.233 0.1000000015
20699  35.585  -52.322  4.129 0.1000000015
20697  37.218  -52.654  3.950 0.1000000015
22518  32.617  -50.671  6.555 0.1000000015
19871  33.074  -53.410  0.177 0.1000000015
20767  33.746  -52.441  0.347 0.1000000015
21696  35.167  -51.703  1.959 0.1000000015
21694  36.973  -51.785  2.291 0.1000000015
21646  33.288  -51.871  5.472 0.1000000015
111142  38.643  -61.058  -1.691 0.1000000015
15186  39.028  -59.757  -1.381 0.1000000015
14436  39.497  -60.564  -1.611 0.1000000015
13662  38.014  -61.625  -1.808 0.1000000015
124234  38.615  -63.420  -2.809 0.1000000015
11371  37.707  -64.431  -3.241 0.1000000015
10585  37.442  -64.900  -4.303 0.1000000015
14438  37.659  -60.809  -1.416 0.1000000015
14437  38.392  -60.208  -1.349 0.1000000015
12919  38.506  -62.396  -2.151 0.1000000015
12931  38.224  -63.120  -2.401 0.1000000015
116988  39.140  -59.030  -1.343 0.1000000015
125049  38.331  -58.728  -1.222 0.1000000015
15169  37.051  -59.075  -0.652 0.1000000015
14426  36.471  -60.763  -1.005 0.1000000015
121106  37.153  -61.469  -1.506 0.1000000015
14435  40.384  -60.415  -1.755 0.1000000015
115447  36.151  -58.935  -0.156 0.1000000015
15962  40.377  -59.087  -1.556 0.1000000015
16723  38.825  -57.680  -1.498 0.1000000015
17505  39.005  -56.927  -1.862 0.1000000015
16721  40.759  -58.379  -1.781 0.1000000015
16722  40.013  -57.566  -1.851 0.1000000015
115670  39.959  -56.689  -2.227 0.1000000015
14425  37.342  -59.940  -1.014 0.1000000015
10598  37.327  -64.771  -5.055 0.1000000015
3850  32.152  -75.286  13.624 0.1000000015
3851  31.566  -75.362  13.348 0.1000000015
3852  30.853  -75.090  13.460 0.1000000015
3858  31.804  -75.170  12.333 0.1000000015
4231  28.669  -74.763  26.216 0.1000000015
4248  28.613  -75.263  24.442 0.1000000015
4262  29.063  -75.244  23.766 0.1000000015
4273  28.759  -75.165  22.959 0.1000000015
4286  28.675  -74.831  21.432 0.1000000015
4330  30.516  -75.399  17.020 0.1000000015
4347  32.262  -75.173  15.202 0.1000000015
4349  30.818  -75.467  15.418 0.1000000015
4357  30.795  -75.210  14.169 0.1000000015
4366  33.343  -74.143  13.700 0.1000000015
4368  30.280  -74.541  13.411 0.1000000015
4380  32.990  -74.605  12.392 0.1000000015
4382  31.193  -74.835  11.834 0.1000000015
4385  28.693  -74.037  12.465 0.1000000015
4394  31.501  -74.441  10.822 0.1000000015
4797  30.938  -73.511  23.742 0.1000000015
4798  30.448  -74.199  23.218 0.1000000015
4799  28.075  -74.921  23.778 0.1000000015
4819  30.051  -74.591  21.544 0.1000000015
4914  34.081  -73.415  12.335 0.1000000015
4932  31.721  -73.681  10.347 0.1000000015
4947  29.981  -73.499  10.533 0.1000000015
5414  28.393  -74.255  22.143 0.1000000015
5446  28.500  -73.930  20.869 0.1000000015
5463  28.758  -73.549  19.528 0.1000000015
5522  33.178  -73.104  15.560 0.1000000015
5523  30.547  -73.923  14.945 0.1000000015
5552  35.092  -72.229  12.521 0.1000000015
5561  34.451  -72.642  11.933 0.1000000015
5571  33.654  -72.913  11.242 0.1000000015
5572  32.774  -73.351  10.762 0.1000000015
5586  30.049  -72.971  10.313 0.1000000015
5587  29.426  -73.030  10.530 0.1000000015
6107  31.890  -72.190  19.974 0.1000000015
6109  29.257  -72.390  19.449 0.1000000015
6143  33.009  -71.767  16.108 0.1000000015
6179  36.123  -71.183  13.430 0.1000000015
6180  35.608  -71.642  13.709 0.1000000015
6774  32.309  -70.818  21.473 0.1000000015
6841  34.245  -70.697  15.477 0.1000000015
7401  32.502  -70.173  23.417 0.1000000015
7495  37.009  -69.349  15.205 0.1000000015
7536  32.654  -70.001  12.535 0.1000000015
7549  29.319  -69.670  10.657 0.1000000015
7550  28.692  -69.136  10.498 0.1000000015
8158  32.616  -68.572  18.009 0.1000000015
8282  25.982  -67.891  10.027 0.1000000015
8822  32.338  -67.556  20.817 0.1000000015
8880  37.139  -68.230  17.036 0.1000000015
8947  27.414  -67.162  10.463 0.1000000015
9546  33.594  -66.499  18.833 0.1000000015
9615  30.032  -65.646  13.989 0.1000000015
10296  33.625  -65.870  19.642 0.1000000015
11117  38.836  -64.553  15.861 0.1000000015
11134  30.004  -64.867  14.045 0.1000000015
11272  39.663  -64.620  2.805 0.2000000030
11285  39.376  -64.809  2.413 0.1000000015
11850  32.685  -63.215  24.894 0.1000000015
11932  41.169  -63.138  17.783 0.1000000015
11967  35.776  -63.990  15.273 0.1000000015
11986  31.595  -63.655  14.274 0.1000000015
12003  30.595  -63.553  13.441 0.1000000015
12016  28.070  -63.995  12.086 0.1000000015
12093  41.270  -63.216  3.674 0.1000000015
12144  34.198  -63.602  0.189 0.1000000015
12171  37.322  -63.390  -2.229 0.1000000015
12188  38.116  -63.797  -2.857 0.1000000015
12749  38.079  -62.256  15.101 0.1000000015
12763  36.051  -61.768  13.970 0.1000000015
12803  34.797  -62.561  10.747 0.1000000015
12804  33.798  -62.593  10.950 0.1000000015
12850  42.782  -62.159  3.740 0.2000000030
12859  42.515  -61.955  3.213 0.1000000015
12930  39.033  -63.008  -2.729 0.1000000015
13392  43.523  -60.395  22.376 0.1000000015
13448  42.882  -61.578  17.186 0.1000000015
13471  36.227  -61.260  13.200 0.1000000015
13472  35.003  -61.637  12.933 0.1000000015
13533  36.262  -61.581  6.940 0.1000000015
13534  35.408  -61.388  6.815 0.1000000015
13543  43.823  -61.441  5.683 0.2000000030
13603  42.013  -62.003  2.750 0.1000000015
13620  41.363  -62.120  2.651 0.1000000015
13624  36.110  -61.077  3.004 0.1000000015
13672  39.362  -62.249  -2.355 0.1000000015
14068  30.122  -60.795  25.468 0.1000000015
14069  29.636  -60.233  25.636 0.1000000015
14144  40.851  -60.100  19.953 0.1000000015
14151  33.546  -60.448  19.705 0.5000000000
14294  35.352  -60.362  8.106 0.1000000015
14304  38.643  -60.984  7.600 0.1000000015
14308  35.020  -60.897  7.494 0.1000000015
14326  34.029  -61.026  6.317 0.2000000030
14342  43.783  -60.111  4.862 0.2000000030
14347  32.665  -60.233  5.398 0.2000000030
14363  33.237  -59.949  4.677 0.2000000030
14403  33.940  -60.960  0.945 0.1000000015
14846  29.519  -59.423  25.234 0.1000000015
14896  41.452  -59.259  22.705 0.1000000015
15052  36.677  -59.459  8.428 0.2000000030
15072  34.022  -60.159  7.864 0.3000000119
15087  32.026  -59.950  5.829 0.2000000030
15112  34.929  -59.080  4.134 0.2000000030
15139  34.735  -58.913  2.904 0.2000000030
15185  39.948  -59.793  -1.520 0.1000000015
15187  38.118  -59.266  -1.163 0.1000000015
15719  45.893  -57.743  17.700 0.1000000015
15740  46.041  -57.412  17.035 0.1000000015
15753  30.873  -57.617  16.937 0.5000000000
15835  44.687  -58.255  8.468 0.1000000015
15850  33.541  -58.590  8.568 0.4000000060
15851  32.663  -58.421  8.484 0.4000000060
15852  31.942  -58.268  8.266 0.4000000060
15864  31.500  -58.436  7.632 0.4000000060
15876  44.956  -58.216  6.757 0.3000000119
15880  31.200  -58.610  6.804 0.3000000119
15892  31.114  -58.691  5.950 0.3000000119
15902  31.392  -58.585  4.155 0.2000000030
15913  32.906  -58.807  3.522 0.2000000030
15943  35.604  -57.926  0.476 0.3000000119
15944  35.080  -57.877  0.858 0.3000000119
15963  39.603  -58.351  -1.508 0.1000000015
15964  38.538  -58.330  -1.285 0.1000000015
16430  34.927  -56.418  24.000 0.1000000015
16438  36.110  -57.051  23.495 0.1000000015
16508  32.471  -58.256  15.530 0.5000000000
16518  46.330  -57.168  16.141 0.1000000015
16545  32.546  -57.126  14.426 0.5000000000
16554  46.605  -56.892  13.973 0.2000000030
16562  33.740  -57.244  13.426 0.5000000000
16572  46.588  -56.937  13.383 0.2000000030
16573  46.466  -57.098  12.710 0.2000000030
16583  45.707  -57.600  10.597 0.1000000015
16589  45.544  -57.559  9.951 0.1000000015
16604  35.076  -57.899  8.590 0.4000000060
16617  44.843  -57.694  7.302 0.2000000030
16635  30.721  -57.437  6.279 0.3000000119
16658  30.892  -57.797  4.663 0.3000000119
16682  31.884  -57.991  2.428 0.2000000030
16733  41.266  -57.795  -2.148 0.1000000015
17219  34.581  -56.311  22.987 0.2000000030
17274  45.206  -57.164  17.372 0.1000000015
17287  45.738  -57.108  16.942 0.1000000015
17309  46.249  -56.697  14.586 0.2000000030
17310  45.434  -56.413  14.732 0.2000000030
17311  44.621  -56.350  14.682 0.2000000030
17333  34.173  -56.743  12.821 0.5000000000
17344  45.894  -56.572  12.893 0.2000000030
17364  45.844  -57.376  10.801 0.2000000030
17366  44.598  -56.538  10.220 0.2000000030
17381  31.804  -56.137  9.317 0.4000000060
17387  45.374  -57.335  9.303 0.1000000015
17388  45.015  -56.879  8.632 0.4000000060
17399  31.265  -56.424  8.691 0.4000000060
17413  43.897  -56.719  7.569 0.3000000119
17418  30.914  -56.966  7.932 0.3000000119
17442  31.204  -56.023  5.000 0.3000000119
17443  30.799  -56.624  6.064 0.2000000030
17471  32.027  -56.247  0.916 0.2000000030
17499  35.589  -56.418  -0.453 0.3000000119
17513  40.809  -57.146  -2.271 0.1000000015
17975  27.935  -55.258  25.097 0.1000000015
18113  31.814  -54.952  13.869 0.5000000000
18146  35.029  -54.990  8.770 0.4000000060
18149  32.073  -55.387  9.629 0.4000000060
18157  39.925  -54.957  8.793 0.4000000060
18162  30.917  -55.690  8.212 0.4000000060
18180  30.998  -55.507  7.222 0.2000000030
18223  31.209  -55.661  3.461 0.3000000119
18262  36.568  -55.451  -1.446 0.2000000030
18272  38.740  -55.505  -2.342 0.2000000030
18908  33.547  -54.483  12.677 0.5000000000
18934  39.337  -54.454  10.045 0.4000000060
18935  38.575  -54.292  10.260 0.5000000000
18947  35.466  -54.132  9.220 0.4000000060
18982  30.985  -54.103  8.572 0.2000000030
19003  31.543  -54.511  6.123 0.2000000030
19016  31.815  -54.663  4.739 0.2000000030
19045  31.735  -54.615  2.325 0.2000000030
19064  32.837  -54.201  0.003 0.2000000030
19069  34.841  -54.707  -1.108 0.3000000119
19715  30.996  -52.760  14.295 0.5000000000
19812  32.574  -53.651  4.561 0.1000000015
19813  32.156  -54.037  4.977 0.2000000030
19895  38.709  -53.345  -2.970 0.1000000015
20620  32.147  -51.630  10.234 0.4000000060
20627  31.076  -52.765  8.681 0.2000000030
20659  32.330  -52.341  6.176 0.1000000015
20674  36.149  -52.120  4.338 0.1000000015
20698  36.434  -52.467  4.055 0.1000000015
20717  36.831  -52.511  3.561 0.1000000015
20755  33.580  -52.481  1.177 0.1000000015
20776  35.162  -51.941  -0.699 0.2000000030
20778  33.574  -52.907  -0.203 0.1000000015
20787  35.367  -52.500  -1.264 0.1000000015
20793  38.374  -52.555  -2.890 0.1000000015
20795  36.858  -52.618  -1.988 0.1000000015
21558  33.806  -51.197  12.845 0.3000000119
21580  32.880  -50.846  10.506 0.4000000060
21710  35.603  -51.499  1.423 0.1000000015
21726  36.463  -51.113  0.741 0.1000000015
21728  34.908  -51.655  0.169 0.1000000015
21759  36.955  -51.916  -1.781 0.1000000015
22497  31.391  -50.431  9.456 0.3000000119
22519  31.872  -51.149  7.230 0.2000000030
22611  36.880  -50.773  0.052 0.1000000015
22647  38.041  -50.994  -1.852 0.1000000015
23402  33.592  -49.681  11.305 0.4000000060
24261  31.770  -48.809  15.911 0.1000000015
25247  31.693  -47.778  9.430 0.1000000015
26048  32.750  -47.046  15.524 0.1000000015
106255  31.657  -75.504  14.875 0.1000000015
106657  32.920  -53.386  4.094 0.1000000015
106854  45.437  -56.583  12.226 0.1000000015
107525  29.066  -75.064  21.205 0.1000000015
107622  33.241  -59.895  7.717 0.4000000060
107635  30.543  -72.861  14.712 0.1000000015
107653  28.565  -57.372  25.217 0.1000000015
108123  46.509  -57.090  15.351 0.1000000015
108146  33.512  -74.078  12.811 0.1000000015
108449  40.507  -63.597  3.363 0.2000000030
108582  32.866  -71.093  16.402 0.1000000015
109395  32.154  -59.834  6.696 0.3000000119
109943  32.357  -68.145  20.012 0.1000000015
110810  33.870  -72.463  14.791 0.1000000015
110857  32.705  -55.105  0.100 0.2000000030
111162  33.741  -62.079  12.740 0.1000000015
113014  32.401  -70.079  20.981 0.1000000015
113218  28.685  -73.250  24.017 0.1000000015
113361  31.486  -57.166  8.589 0.4000000060
113634  28.858  -74.859  20.078 0.1000000015
113886  33.743  -62.177  11.900 0.1000000015
114679  32.030  -59.662  24.464 0.1000000015
114772  31.377  -50.019  15.445 0.1000000015
115321  27.361  -53.955  29.413 0.1000000015
115739  31.484  -48.960  9.212 0.1000000015
115925  45.728  -56.444  14.114 0.2000000030
116357  27.284  -54.856  26.241 0.1000000015
117147  31.507  -72.464  21.895 0.1000000015
117346  36.131  -51.375  1.303 0.1000000015
117838  39.758  -58.519  16.455 0.4000000060
118350  29.048  -72.371  10.678 0.1000000015
118420  34.299  -60.759  7.310 0.1000000015
118543  35.764  -70.457  12.815 0.1000000015
119033  39.188  -60.211  20.865 0.1000000015
119073  32.405  -69.191  20.484 0.1000000015
119082  44.248  -58.019  6.271 0.2000000030
119094  38.348  -53.880  -2.723 0.1000000015
119218  29.886  -56.894  18.051 0.4000000060
120376  31.534  -56.572  1.576 0.3000000119
120425  41.750  -55.603  9.262 0.4000000060
121129  34.329  -53.908  -1.080 0.2000000030
121131  39.514  -57.269  7.383 0.4000000060
121206  29.797  -68.155  12.287 0.1000000015
121601  31.690  -52.237  9.922 0.4000000060
121824  32.628  -53.752  0.609 0.2000000030
122103  32.456  -74.906  12.071 0.1000000015
122552  32.957  -48.813  13.621 0.2000000030
122629  44.461  -57.247  7.190 0.3000000119
122717  33.040  -49.742  10.930 0.2000000030
122911  38.814  -61.767  -1.983 0.1000000015
122964  27.199  -52.199  26.918 0.1000000015
123084  40.243  -54.844  9.327 0.4000000060
123282  30.917  -58.955  19.160 0.4000000060
123401  32.646  -45.229  14.228 0.1000000015
123840  32.098  -71.381  23.463 0.1000000015
123918  28.365  -75.079  24.950 0.1000000015
124661  33.328  -52.842  0.472 0.1000000015
125106  30.503  -70.771  10.868 0.1000000015
125260  36.175  -56.621  -0.622 0.2000000030
125322  29.231  -70.307  10.395 0.1000000015
125376  27.299  -55.058  29.256 0.1000000015
125556  38.686  -58.679  7.938 0.2000000030
126026  36.163  -53.816  -1.717 0.2000000030
126534  43.583  -61.531  6.610 0.1000000015
126590  37.626  -57.857  8.198 0.3000000119
126703  32.928  -74.620  14.002 0.1000000015
126826  35.354  -60.755  5.075 0.1000000015
127001  45.730  -58.093  12.579 0.1000000015
127079  35.624  -59.523  -0.040 0.1000000015
127090  38.044  -55.663  -2.071 0.2000000030
127112  31.251  -54.873  6.881 0.2000000030
127179  44.771  -58.157  6.419 0.3000000119
127345  31.851  -51.474  13.756 0.3000000119
127500  43.682  -56.795  16.486 0.4000000060
