#!ascii label  , from subject sub-v1s1x0050651_ses-1 vox2ras=TkReg
1004
56070  -45.243  -49.280  37.651 0.0000000000
48497  -27.630  -56.585  35.336 0.0000000000
52783  -35.840  -53.026  35.934 0.0000000000
80042  -53.865  -27.068  27.499 0.0000000000
143660  -60.912  -26.333  25.942 0.0000000000
166503  -23.369  -56.009  43.269 0.0000000000
78914  -48.485  -27.837  28.882 0.0000000000
59338  -46.395  -46.377  35.859 0.0000000000
53861  -40.243  -51.018  36.840 0.0000000000
48446  -24.546  -56.227  38.716 0.0000000000
41818  -24.199  -62.309  41.173 0.0000000000
149981  -40.972  -48.012  33.092 0.0000000000
59361  -42.679  -46.170  33.029 0.0000000000
52778  -31.146  -53.332  35.777 0.0000000000
57234  -37.683  -48.645  34.747 0.0000000000
170521  -42.265  -33.626  28.534 0.0000000000
75722  -47.197  -31.663  27.909 0.0000000000
75743  -52.921  -31.379  27.774 0.0000000000
40576  -17.522  -62.820  45.168 0.0000000000
156539  -15.535  -65.731  48.180 0.0000000000
63745  -41.307  -42.823  32.411 0.0000000000
66890  -38.391  -40.479  32.511 0.0000000000
70263  -39.052  -36.455  29.410 0.0000000000
41813  -19.764  -62.562  41.716 0.0000000000
45264  -28.564  -59.893  37.934 0.0000000000
48457  -29.808  -56.799  38.119 0.0000000000
54958  -42.476  -50.324  37.379 0.0000000000
150464  -25.382  -53.141  36.999 0.0000000000
163718  -25.849  -56.432  36.649 0.0000000000
44253  -26.443  -60.806  38.017 0.0000000000
58284  -40.016  -47.322  34.672 0.0000000000
57245  -39.110  -47.984  34.146 0.0000000000
76755  -42.150  -30.506  30.410 0.0000000000
74762  -44.746  -32.460  27.796 0.0000000000
168906  -44.857  -29.929  28.854 0.0000000000
152669  -50.117  -29.457  26.956 0.0000000000
77862  -53.154  -29.687  26.359 0.0000000000
144024  -54.857  -30.928  27.785 0.0000000000
77865  -55.939  -29.290  26.035 0.0000000000
77867  -57.920  -29.277  26.577 0.0000000000
164701  -41.921  -43.873  34.445 0.0000000000
61536  -42.301  -44.549  32.845 0.0000000000
151534  -39.780  -43.710  34.427 0.0000000000
66889  -35.559  -40.031  33.700 0.0000000000
69127  -36.289  -37.501  33.179 0.0000000000
68052  -38.889  -38.843  31.162 0.0000000000
71350  -37.429  -35.766  31.671 0.0000000000
73718  -38.543  -33.484  30.755 0.0000000000
52781  -34.137  -52.875  36.050 0.0000000000
45222  -20.003  -59.420  44.011 0.0000000000
44219  -20.933  -59.423  41.817 0.0000000000
34744  -13.698  -68.519  48.164 0.0000000000
32446  -13.087  -70.765  50.455 0.0000000000
76759  -46.432  -28.777  30.413 0.0000000000
61495  -46.349  -44.241  36.105 0.0000000000
52785  -38.483  -52.614  36.358 0.0000000000
47373  -23.765  -56.534  40.592 0.0000000000
45249  -22.665  -58.857  39.810 0.0000000000
44250  -23.797  -59.955  38.414 0.0000000000
83100  -61.396  -24.243  24.798 0.0000000000
56116  -43.116  -49.406  35.219 0.0000000000
57239  -43.876  -48.189  34.297 0.0000000000
148711  -41.976  -47.506  33.195 0.0000000000
51704  -26.753  -53.639  34.571 0.0000000000
50558  -29.329  -54.482  35.883 0.0000000000
52812  -29.112  -52.018  33.951 0.0000000000
53888  -32.009  -50.555  34.517 0.0000000000
53891  -34.977  -51.183  33.955 0.0000000000
57217  -35.266  -48.692  34.961 0.0000000000
53893  -37.068  -51.017  34.482 0.0000000000
56111  -38.860  -49.738  34.946 0.0000000000
56114  -41.236  -49.520  34.923 0.0000000000
71383  -43.215  -35.819  29.226 0.0000000000
77845  -47.420  -29.704  27.623 0.0000000000
75726  -50.268  -31.728  28.099 0.0000000000
162795  -60.005  -28.819  26.886 0.0000000000
38355  -16.416  -64.540  46.969 0.0000000000
35931  -14.545  -67.216  46.104 0.0000000000
59350  -44.434  -46.044  34.043 0.0000000000
62632  -44.240  -43.967  33.471 0.0000000000
64778  -43.057  -41.909  33.347 0.0000000000
63721  -37.545  -42.803  33.604 0.0000000000
64783  -39.298  -42.076  32.402 0.0000000000
64760  -41.565  -40.881  34.119 0.0000000000
66893  -41.183  -39.940  33.669 0.0000000000
68039  -41.555  -38.979  32.233 0.0000000000
70248  -42.446  -37.664  30.335 0.0000000000
146316  -40.973  -35.349  28.824 0.0000000000
74739  -40.070  -31.975  30.444 0.0000000000
49525  -30.859  -55.203  38.591 0.0000000000
44169  -19.693  -59.629  46.446 0.0000000000
40607  -18.249  -63.248  43.355 0.0000000000
158127  -21.810  -62.993  40.875 0.0000000000
30378  -11.918  -71.680  51.587 0.0000000000
46343  -28.263  -58.339  36.377 0.0000000000
47404  -29.342  -58.253  38.090 0.0000000000
48483  -28.834  -56.832  36.085 0.0000000000
56068  -43.656  -49.711  37.051 0.0000000000
152494  -26.245  -55.078  35.628 0.0000000000
50557  -25.780  -54.946  36.381 0.0000000000
147777  -26.452  -57.105  35.997 0.0000000000
45272  -26.995  -59.276  36.516 0.0000000000
76739  -43.361  -29.575  31.280 0.0000000000
76769  -43.397  -30.119  29.527 0.0000000000
153953  -44.669  -29.318  30.295 0.0000000000
78937  -52.101  -28.116  27.310 0.0000000000
77861  -51.845  -29.154  26.755 0.0000000000
78945  -53.558  -28.840  26.368 0.0000000000
77863  -54.042  -29.562  26.192 0.0000000000
78946  -54.422  -28.672  26.174 0.0000000000
80065  -55.669  -27.830  26.311 0.0000000000
62609  -40.648  -43.764  34.943 0.0000000000
69112  -36.144  -37.334  34.113 0.0000000000
159617  -37.116  -36.431  32.024 0.0000000000
71337  -37.784  -35.319  33.422 0.0000000000
72440  -38.240  -34.454  33.451 0.0000000000
52782  -34.978  -52.912  36.028 0.0000000000
51657  -34.820  -53.832  37.266 0.0000000000
51658  -35.629  -53.841  37.272 0.0000000000
45226  -22.267  -57.685  43.405 0.0000000000
147895  -22.499  -57.647  42.564 0.0000000000
148781  -61.032  -27.246  25.896 0.0000000000
155148  -13.406  -69.027  49.514 0.0000000000
58271  -47.320  -47.153  36.815 0.0000000000
172236  -46.238  -44.956  35.695 0.0000000000
53860  -39.617  -51.395  36.365 0.0000000000
52761  -40.355  -52.021  37.885 0.0000000000
50505  -24.732  -54.196  39.087 0.0000000000
50496  -24.845  -54.052  40.946 0.0000000000
172297  -23.949  -53.951  42.064 0.0000000000
48433  -24.194  -56.148  39.925 0.0000000000
46320  -23.330  -57.744  39.507 0.0000000000
46327  -24.162  -57.816  38.140 0.0000000000
44245  -27.626  -61.082  39.282 0.0000000000
44232  -26.009  -61.580  39.535 0.0000000000
56143  -41.897  -48.657  33.633 0.0000000000
56144  -42.371  -48.475  33.605 0.0000000000
57247  -41.675  -48.077  33.157 0.0000000000
53867  -27.045  -51.363  34.505 0.0000000000
154719  -27.746  -52.634  34.149 0.0000000000
55003  -28.485  -50.415  34.287 0.0000000000
56123  -30.664  -49.469  34.611 0.0000000000
169394  -32.233  -48.746  34.481 0.0000000000
53889  -32.949  -50.724  34.317 0.0000000000
56126  -33.955  -49.379  33.807 0.0000000000
57196  -36.853  -48.019  36.172 0.0000000000
57218  -36.734  -48.603  35.571 0.0000000000
56129  -36.621  -49.619  34.426 0.0000000000
55011  -37.201  -50.217  34.629 0.0000000000
54991  -37.752  -50.770  34.787 0.0000000000
165605  -38.105  -49.014  34.591 0.0000000000
58308  -39.837  -47.982  33.718 0.0000000000
56132  -39.521  -49.130  34.401 0.0000000000
56133  -40.562  -48.953  33.984 0.0000000000
56115  -42.201  -49.477  35.020 0.0000000000
72503  -42.493  -34.956  28.747 0.0000000000
72482  -44.642  -35.301  29.684 0.0000000000
72514  -43.542  -34.190  28.490 0.0000000000
172334  -45.946  -32.024  27.739 0.0000000000
74752  -46.156  -33.107  28.457 0.0000000000
77814  -47.546  -28.477  30.470 0.0000000000
77826  -46.552  -29.060  28.825 0.0000000000
146272  -47.823  -28.381  28.478 0.0000000000
76804  -51.089  -30.776  26.976 0.0000000000
76803  -50.173  -30.736  27.186 0.0000000000
75727  -51.160  -31.811  28.179 0.0000000000
75711  -51.374  -32.050  29.170 0.0000000000
77868  -58.752  -29.295  26.927 0.0000000000
78941  -58.795  -27.750  26.748 0.0000000000
78952  -59.686  -27.801  26.692 0.0000000000
40554  -17.451  -62.781  46.126 0.0000000000
40534  -17.776  -62.587  47.556 0.0000000000
148624  -16.888  -63.845  45.974 0.0000000000
162355  -14.858  -67.419  45.368 0.0000000000
33581  -14.143  -69.860  46.203 0.0000000000
58312  -43.176  -46.926  33.402 0.0000000000
148299  -44.611  -46.885  34.318 0.0000000000
59362  -43.512  -46.112  33.396 0.0000000000
62641  -42.119  -43.684  32.617 0.0000000000
62642  -42.795  -44.161  32.665 0.0000000000
63747  -42.722  -43.304  32.584 0.0000000000
63735  -44.144  -43.026  33.593 0.0000000000
63733  -42.575  -42.441  32.704 0.0000000000
64747  -35.789  -41.725  35.356 0.0000000000
65806  -36.642  -40.285  32.611 0.0000000000
64772  -37.191  -41.828  32.798 0.0000000000
65800  -38.550  -40.988  32.629 0.0000000000
64775  -40.160  -41.060  32.896 0.0000000000
65801  -40.147  -40.745  32.900 0.0000000000
65791  -41.692  -40.477  34.230 0.0000000000
66892  -40.293  -40.291  33.039 0.0000000000
69173  -38.354  -37.607  30.163 0.0000000000
68053  -40.038  -38.801  31.008 0.0000000000
69158  -40.815  -38.366  30.451 0.0000000000
69159  -41.920  -38.397  30.884 0.0000000000
69176  -41.409  -37.771  29.973 0.0000000000
70287  -41.465  -36.282  29.115 0.0000000000
71380  -39.523  -35.661  29.274 0.0000000000
73672  -39.526  -32.567  32.978 0.0000000000
172109  -39.503  -32.232  30.911 0.0000000000
74709  -39.872  -31.810  32.517 0.0000000000
50559  -29.939  -54.038  36.137 0.0000000000
50531  -30.020  -54.810  36.620 0.0000000000
50532  -31.156  -54.640  37.329 0.0000000000
43023  -19.424  -61.218  42.658 0.0000000000
41780  -19.032  -61.818  43.265 0.0000000000
41800  -19.338  -62.227  42.367 0.0000000000
43063  -22.596  -61.017  39.699 0.0000000000
43052  -22.046  -61.442  40.035 0.0000000000
41832  -22.411  -62.360  40.411 0.0000000000
45250  -28.546  -60.599  39.564 0.0000000000
159751  -29.180  -59.782  39.946 0.0000000000
47374  -29.806  -58.256  39.769 0.0000000000
48448  -30.185  -56.625  39.017 0.0000000000
54957  -41.697  -50.506  37.224 0.0000000000
53835  -41.125  -51.470  38.276 0.0000000000
51637  -25.173  -53.078  38.531 0.0000000000
50515  -24.805  -54.487  38.146 0.0000000000
47403  -24.951  -56.821  37.680 0.0000000000
46332  -25.192  -58.443  37.286 0.0000000000
46333  -25.999  -58.472  36.756 0.0000000000
45263  -27.433  -60.420  37.616 0.0000000000
58299  -40.275  -47.615  33.840 0.0000000000
58300  -41.048  -47.451  33.502 0.0000000000
58262  -37.482  -47.497  35.650 0.0000000000
57235  -38.454  -48.302  34.394 0.0000000000
58298  -39.443  -47.699  34.244 0.0000000000
167065  -41.958  -32.163  28.785 0.0000000000
160262  -43.778  -33.511  28.225 0.0000000000
75719  -43.171  -31.551  28.381 0.0000000000
75720  -44.933  -31.484  27.802 0.0000000000
170299  -46.004  -30.979  27.757 0.0000000000
78934  -49.592  -28.769  27.296 0.0000000000
78935  -50.368  -28.567  27.298 0.0000000000
76821  -51.629  -30.084  26.605 0.0000000000
149730  -52.808  -30.883  26.946 0.0000000000
76789  -54.174  -31.245  28.029 0.0000000000
76807  -54.333  -30.798  27.120 0.0000000000
76825  -55.522  -30.018  26.472 0.0000000000
77849  -56.444  -29.994  26.598 0.0000000000
77866  -56.968  -29.138  26.199 0.0000000000
78949  -56.992  -28.171  26.320 0.0000000000
39488  -17.367  -65.005  43.504 0.0000000000
150391  -16.668  -64.918  44.868 0.0000000000
37151  -16.607  -66.411  43.969 0.0000000000
61526  -42.124  -44.809  33.168 0.0000000000
60437  -42.761  -44.894  32.726 0.0000000000
61515  -41.781  -43.981  33.473 0.0000000000
62630  -41.135  -43.683  33.185 0.0000000000
62618  -39.825  -43.493  33.377 0.0000000000
65789  -35.301  -40.375  35.058 0.0000000000
67980  -35.491  -38.852  35.053 0.0000000000
66896  -36.036  -39.446  33.026 0.0000000000
66897  -36.885  -39.445  32.215 0.0000000000
68036  -38.522  -39.396  31.819 0.0000000000
168115  -37.558  -38.042  31.229 0.0000000000
69157  -37.714  -37.453  30.818 0.0000000000
147827  -38.181  -36.087  29.859 0.0000000000
70285  -38.683  -35.398  29.559 0.0000000000
72463  -38.120  -34.259  30.995 0.0000000000
52779  -32.483  -52.947  35.870 0.0000000000
51654  -32.263  -53.858  37.109 0.0000000000
51655  -33.138  -53.741  37.271 0.0000000000
45232  -20.808  -59.109  42.737 0.0000000000
43038  -20.284  -61.231  41.254 0.0000000000
35916  -14.453  -67.060  48.091 0.0000000000
37102  -15.096  -66.443  49.509 0.0000000000
35908  -14.157  -67.631  49.530 0.0000000000
34732  -13.835  -68.276  49.997 0.0000000000
33535  -13.370  -68.607  51.410 0.0000000000
163419  -46.084  -43.278  36.480 0.0000000000
52784  -37.602  -52.854  36.097 0.0000000000
51660  -37.380  -53.741  37.402 0.0000000000
50473  -23.476  -54.381  43.008 0.0000000000
48389  -23.487  -55.636  42.704 0.0000000000
46295  -22.832  -57.567  41.094 0.0000000000
46310  -23.239  -57.315  40.563 0.0000000000
45254  -23.146  -59.442  39.051 0.0000000000
43065  -24.034  -61.333  39.247 0.0000000000
44251  -24.679  -60.321  38.098 0.0000000000
43066  -24.950  -61.506  39.243 0.0000000000
145167  -24.721  -61.959  40.725 0.0000000000
144787  -61.191  -24.905  25.480 0.0000000000
56092  -44.217  -49.365  36.468 0.0000000000
57197  -44.758  -48.861  35.965 0.0000000000
57220  -43.532  -48.870  34.692 0.0000000000
57249  -43.241  -47.769  33.643 0.0000000000
58311  -42.353  -46.856  33.259 0.0000000000
59359  -41.887  -47.076  33.483 0.0000000000
59349  -42.150  -45.923  33.539 0.0000000000
61516  -42.123  -44.684  33.863 0.0000000000
49589  -27.073  -55.178  34.801 0.0000000000
49571  -28.163  -55.832  35.138 0.0000000000
50581  -28.129  -54.478  34.482 0.0000000000
51707  -29.027  -52.974  34.402 0.0000000000
52794  -30.574  -52.616  34.997 0.0000000000
55004  -29.369  -50.467  34.150 0.0000000000
53886  -30.372  -51.143  34.220 0.0000000000
148188  -31.423  -52.479  35.189 0.0000000000
52796  -32.920  -52.354  35.370 0.0000000000
53872  -34.321  -51.787  34.680 0.0000000000
53873  -35.197  -51.882  34.652 0.0000000000
57216  -34.306  -48.395  35.037 0.0000000000
56141  -35.335  -49.743  33.592 0.0000000000
55009  -35.735  -50.514  33.749 0.0000000000
53874  -36.773  -51.779  34.802 0.0000000000
53875  -37.551  -51.567  35.021 0.0000000000
53877  -38.847  -51.735  35.949 0.0000000000
54976  -39.958  -50.738  36.205 0.0000000000
56131  -38.707  -48.991  34.465 0.0000000000
56112  -39.584  -49.833  35.168 0.0000000000
54977  -40.580  -50.517  36.359 0.0000000000
54996  -41.781  -49.785  35.827 0.0000000000
56090  -42.645  -49.693  35.948 0.0000000000
51679  -25.988  -53.052  35.682 0.0000000000
148172  -44.967  -33.814  28.662 0.0000000000
76758  -45.583  -29.151  30.051 0.0000000000
77825  -46.020  -29.758  28.633 0.0000000000
75738  -47.686  -31.046  27.714 0.0000000000
172746  -48.657  -29.673  27.172 0.0000000000
75739  -48.543  -31.109  27.731 0.0000000000
75724  -48.778  -31.615  28.238 0.0000000000
75709  -49.622  -31.921  29.269 0.0000000000
163326  -60.562  -28.288  26.631 0.0000000000
80067  -60.390  -27.425  26.488 0.0000000000
81058  -60.336  -26.370  26.550 0.0000000000
40515  -17.152  -63.502  48.206 0.0000000000
38346  -15.924  -65.271  47.324 0.0000000000
37140  -15.839  -65.931  45.387 0.0000000000
37130  -15.486  -65.851  46.407 0.0000000000
37119  -14.906  -66.422  47.653 0.0000000000
35922  -14.020  -67.845  47.572 0.0000000000
57222  -45.183  -48.189  35.570 0.0000000000
58287  -45.547  -47.386  35.337 0.0000000000
59337  -45.770  -46.369  35.200 0.0000000000
156857  -43.920  -45.368  33.398 0.0000000000
60415  -44.682  -45.159  34.075 0.0000000000
144958  -45.851  -45.327  35.162 0.0000000000
62622  -45.477  -43.921  34.722 0.0000000000
62610  -45.262  -43.013  35.060 0.0000000000
63723  -44.597  -42.516  34.516 0.0000000000
62607  -38.155  -43.307  34.250 0.0000000000
62627  -39.242  -43.118  32.896 0.0000000000
64771  -36.472  -41.867  33.367 0.0000000000
63731  -37.787  -42.423  32.838 0.0000000000
63744  -40.483  -42.743  32.514 0.0000000000
64785  -40.871  -42.099  32.476 0.0000000000
64762  -42.903  -41.361  34.180 0.0000000000
66899  -40.126  -39.814  32.537 0.0000000000
68022  -40.890  -39.658  32.872 0.0000000000
162276  -42.778  -37.065  30.009 0.0000000000
71382  -42.058  -35.656  28.923 0.0000000000
161505  -41.267  -33.963  28.736 0.0000000000
72500  -39.478  -34.157  29.325 0.0000000000
73733  -39.952  -33.376  29.405 0.0000000000
155671  -41.268  -32.512  29.014 0.0000000000
153638  -41.394  -31.012  30.410 0.0000000000
76715  -41.856  -30.154  31.947 0.0000000000
49536  -29.453  -56.148  36.648 0.0000000000
48458  -30.180  -56.208  38.347 0.0000000000
50518  -32.252  -54.497  38.541 0.0000000000
42988  -18.317  -61.455  45.239 0.0000000000
45186  -19.792  -59.370  44.885 0.0000000000
42995  -18.435  -61.693  44.484 0.0000000000
40593  -17.852  -62.981  44.218 0.0000000000
152165  -17.992  -64.991  42.935 0.0000000000
45240  -22.090  -58.417  41.414 0.0000000000
44229  -20.839  -60.799  40.771 0.0000000000
41815  -20.931  -63.175  41.078 0.0000000000
164160  -13.087  -72.001  50.985 0.0000000000
32435  -12.780  -70.776  51.416 0.0000000000
32428  -12.489  -70.264  52.192 0.0000000000
56093  -45.009  -49.069  36.813 0.0000000000
47429  -27.787  -57.938  35.932 0.0000000000
47430  -28.624  -57.701  36.222 0.0000000000
47442  -28.089  -57.242  35.628 0.0000000000
56069  -44.408  -49.516  37.338 0.0000000000
48496  -26.862  -56.475  35.361 0.0000000000
49555  -26.217  -55.949  35.943 0.0000000000
47441  -27.263  -57.290  35.593 0.0000000000
76757  -43.780  -29.570  30.394 0.0000000000
76740  -44.379  -29.232  31.034 0.0000000000
78938  -53.088  -27.882  27.272 0.0000000000
78939  -53.959  -28.062  26.684 0.0000000000
80054  -54.789  -27.600  26.626 0.0000000000
70230  -37.264  -35.995  33.385 0.0000000000
51685  -35.310  -53.415  36.642 0.0000000000
51686  -36.160  -53.443  36.631 0.0000000000
48376  -23.354  -55.994  44.124 0.0000000000
46270  -22.993  -57.346  43.032 0.0000000000
46284  -23.259  -57.105  42.478 0.0000000000
81067  -61.442  -26.701  25.219 0.0000000000
59328  -47.335  -46.326  36.769 0.0000000000
146405  -46.836  -45.937  36.250 0.0000000000
53848  -39.932  -51.721  37.171 0.0000000000
53849  -40.632  -51.276  37.515 0.0000000000
152107  -24.419  -54.961  39.257 0.0000000000
50497  -24.535  -54.538  40.035 0.0000000000
164407  -24.427  -55.688  39.347 0.0000000000
49478  -24.227  -55.404  40.233 0.0000000000
47389  -24.164  -56.559  39.469 0.0000000000
47388  -24.187  -56.997  38.864 0.0000000000
154178  -24.485  -56.731  38.520 0.0000000000
56142  -41.169  -48.456  33.425 0.0000000000
53885  -27.893  -51.152  34.119 0.0000000000
57214  -32.412  -47.964  35.601 0.0000000000
56124  -31.913  -48.377  34.972 0.0000000000
57230  -32.778  -48.256  34.695 0.0000000000
56125  -32.963  -49.050  34.068 0.0000000000
57231  -33.848  -48.629  34.415 0.0000000000
57219  -37.201  -48.224  35.248 0.0000000000
57233  -37.041  -49.057  35.073 0.0000000000
56130  -37.457  -49.451  34.800 0.0000000000
57246  -40.484  -48.193  33.386 0.0000000000
56134  -41.622  -49.068  34.128 0.0000000000
72513  -42.765  -34.217  28.556 0.0000000000
149157  -43.339  -34.918  28.856 0.0000000000
74770  -46.561  -32.334  28.076 0.0000000000
74765  -48.192  -31.984  28.746 0.0000000000
157521  -48.013  -28.068  29.769 0.0000000000
77827  -47.248  -28.489  29.227 0.0000000000
166658  -52.253  -31.216  27.318 0.0000000000
75742  -51.521  -31.301  27.396 0.0000000000
157545  -52.062  -31.634  27.938 0.0000000000
152748  -51.887  -31.916  28.626 0.0000000000
40575  -17.143  -63.404  45.570 0.0000000000
58313  -43.960  -46.681  33.828 0.0000000000
62640  -41.617  -43.225  32.506 0.0000000000
63746  -42.028  -42.982  32.360 0.0000000000
65807  -37.483  -40.213  32.404 0.0000000000
65799  -37.539  -40.930  32.658 0.0000000000
66891  -39.345  -40.628  32.674 0.0000000000
158698  -39.204  -40.055  32.457 0.0000000000
69174  -39.239  -37.596  29.663 0.0000000000
68065  -39.884  -38.222  30.151 0.0000000000
69175  -40.327  -37.771  29.668 0.0000000000
69190  -39.839  -37.092  29.324 0.0000000000
70264  -40.788  -36.952  29.277 0.0000000000
70286  -39.916  -36.405  29.205 0.0000000000
51680  -30.643  -53.922  36.158 0.0000000000
51653  -31.391  -54.076  36.716 0.0000000000
43037  -19.801  -61.710  41.844 0.0000000000
40626  -19.383  -63.273  41.997 0.0000000000
39502  -19.271  -64.249  41.987 0.0000000000
40627  -19.993  -64.055  41.593 0.0000000000
43053  -23.010  -61.787  39.954 0.0000000000
41817  -23.358  -62.447  40.699 0.0000000000
38337  -16.470  -64.630  48.782 0.0000000000
38336  -16.046  -65.269  48.972 0.0000000000
58256  -47.033  -47.832  37.062 0.0000000000
45256  -28.173  -60.595  38.599 0.0000000000
45257  -28.983  -59.898  38.959 0.0000000000
147121  -29.460  -57.533  37.813 0.0000000000
47390  -29.561  -58.207  39.024 0.0000000000
48447  -29.717  -57.429  38.634 0.0000000000
48434  -30.004  -57.435  39.564 0.0000000000
167279  -41.940  -50.766  38.058 0.0000000000
52740  -25.061  -51.809  37.890 0.0000000000
51650  -25.179  -52.799  37.626 0.0000000000
49535  -25.409  -55.593  36.840 0.0000000000
50529  -25.077  -54.661  37.182 0.0000000000
49522  -24.877  -55.233  37.566 0.0000000000
48456  -24.998  -56.120  37.452 0.0000000000
48466  -25.789  -57.063  36.935 0.0000000000
47414  -25.543  -57.697  37.144 0.0000000000
47415  -26.296  -57.895  36.499 0.0000000000
45273  -27.807  -59.467  37.027 0.0000000000
144807  -40.898  -47.254  34.245 0.0000000000
58282  -38.243  -47.343  35.310 0.0000000000
75695  -41.933  -30.960  29.735 0.0000000000
75707  -42.328  -31.386  28.966 0.0000000000
170482  -42.938  -30.797  28.912 0.0000000000
76770  -44.190  -30.009  29.069 0.0000000000
76785  -43.653  -30.707  28.597 0.0000000000
76786  -44.599  -30.628  28.300 0.0000000000
75721  -45.415  -30.868  27.937 0.0000000000
78926  -49.802  -27.854  28.104 0.0000000000
78936  -51.227  -28.351  27.290 0.0000000000
167792  -52.399  -29.706  26.511 0.0000000000
76822  -52.600  -30.316  26.553 0.0000000000
76823  -53.580  -30.401  26.587 0.0000000000
77864  -54.968  -29.407  26.070 0.0000000000
76824  -54.608  -30.180  26.483 0.0000000000
78948  -56.226  -28.499  26.043 0.0000000000
62619  -40.496  -43.673  33.817 0.0000000000
62629  -40.472  -43.485  33.069 0.0000000000
68021  -36.005  -38.308  33.617 0.0000000000
68034  -36.390  -38.468  32.615 0.0000000000
68035  -37.051  -38.421  31.797 0.0000000000
69141  -36.643  -37.573  32.344 0.0000000000
70247  -37.462  -36.623  31.152 0.0000000000
70262  -37.895  -36.776  30.335 0.0000000000
71361  -37.730  -35.915  30.651 0.0000000000
71362  -38.079  -35.161  30.209 0.0000000000
71351  -37.809  -35.063  31.342 0.0000000000
72454  -38.578  -33.670  32.964 0.0000000000
52780  -33.291  -52.915  35.988 0.0000000000
51682  -32.789  -53.400  36.538 0.0000000000
51683  -33.640  -53.347  36.651 0.0000000000
50537  -35.135  -54.305  37.822 0.0000000000
50536  -34.359  -54.287  37.830 0.0000000000
45225  -21.964  -57.904  42.961 0.0000000000
45224  -21.375  -58.498  43.340 0.0000000000
157165  -20.289  -59.854  42.327 0.0000000000
164540  -20.500  -60.283  41.473 0.0000000000
35915  -14.065  -67.711  48.588 0.0000000000
35909  -14.568  -67.032  49.045 0.0000000000
147111  -13.166  -69.845  49.923 0.0000000000
33545  -13.392  -68.905  50.442 0.0000000000
34724  -13.884  -68.121  50.859 0.0000000000
33544  -12.998  -69.730  50.895 0.0000000000
170796  -46.865  -44.549  36.669 0.0000000000
148590  -45.844  -43.580  35.579 0.0000000000
52758  -37.959  -53.299  36.831 0.0000000000
50481  -23.742  -54.386  42.206 0.0000000000
51567  -23.605  -53.822  42.622 0.0000000000
49469  -23.658  -55.110  42.019 0.0000000000
49462  -23.478  -54.932  42.903 0.0000000000
146532  -23.647  -56.477  41.541 0.0000000000
47360  -23.542  -56.717  41.391 0.0000000000
46311  -23.481  -56.898  40.864 0.0000000000
45255  -23.538  -58.765  38.708 0.0000000000
46319  -23.087  -58.510  39.406 0.0000000000
44241  -23.502  -60.555  38.951 0.0000000000
45270  -25.386  -59.550  37.291 0.0000000000
45262  -24.841  -59.769  37.702 0.0000000000
44252  -25.496  -60.360  37.728 0.0000000000
43055  -26.390  -61.688  40.656 0.0000000000
43054  -25.359  -61.822  40.149 0.0000000000
56117  -43.935  -49.171  35.580 0.0000000000
57248  -42.504  -47.976  33.328 0.0000000000
172464  -42.619  -47.409  33.315 0.0000000000
59348  -41.703  -46.961  33.900 0.0000000000
60404  -42.348  -45.313  34.680 0.0000000000
50580  -27.310  -54.477  34.550 0.0000000000
51705  -27.726  -53.558  34.283 0.0000000000
52811  -28.226  -51.943  34.023 0.0000000000
51706  -28.408  -52.815  34.169 0.0000000000
52793  -29.720  -52.729  34.699 0.0000000000
52813  -30.029  -51.856  34.341 0.0000000000
55006  -31.263  -49.936  34.452 0.0000000000
55005  -30.298  -50.400  34.307 0.0000000000
53887  -31.109  -50.865  34.440 0.0000000000
53868  -30.906  -51.765  34.583 0.0000000000
53869  -31.725  -51.622  34.830 0.0000000000
52795  -32.157  -52.354  35.323 0.0000000000
53870  -32.497  -51.586  34.866 0.0000000000
53890  -33.996  -50.787  34.129 0.0000000000
53871  -33.386  -51.655  34.786 0.0000000000
52798  -34.644  -52.443  35.338 0.0000000000
56109  -35.673  -48.761  35.817 0.0000000000
56088  -35.902  -49.128  36.661 0.0000000000
57194  -34.786  -48.517  35.702 0.0000000000
57232  -34.766  -48.803  34.466 0.0000000000
56128  -35.638  -49.237  34.161 0.0000000000
55010  -36.529  -50.369  34.110 0.0000000000
55020  -36.033  -49.820  33.789 0.0000000000
53892  -36.341  -51.146  34.228 0.0000000000
52801  -37.208  -52.384  35.385 0.0000000000
54992  -38.430  -50.435  35.033 0.0000000000
53876  -38.325  -51.246  35.264 0.0000000000
54993  -39.210  -50.658  35.567 0.0000000000
57236  -39.243  -48.374  34.080 0.0000000000
56113  -40.298  -49.599  35.001 0.0000000000
54994  -40.100  -50.188  35.738 0.0000000000
54995  -40.905  -49.961  35.758 0.0000000000
54978  -41.377  -50.278  36.474 0.0000000000
56091  -43.449  -49.574  36.161 0.0000000000
159492  -26.249  -52.667  34.824 0.0000000000
52777  -25.892  -52.035  35.591 0.0000000000
147368  -26.233  -53.627  35.085 0.0000000000
50579  -26.527  -54.577  34.989 0.0000000000
71352  -44.291  -36.496  30.927 0.0000000000
173390  -44.876  -35.659  30.467 0.0000000000
74761  -43.662  -32.592  28.038 0.0000000000
73743  -44.453  -33.320  28.149 0.0000000000
76742  -46.150  -28.759  30.771 0.0000000000
76741  -45.332  -28.896  30.847 0.0000000000
77837  -47.178  -28.960  28.067 0.0000000000
77836  -46.663  -29.806  27.936 0.0000000000
76799  -46.591  -30.712  27.733 0.0000000000
76800  -47.260  -30.440  27.624 0.0000000000
77839  -48.829  -28.939  27.318 0.0000000000
77847  -49.353  -29.595  27.036 0.0000000000
75740  -49.595  -31.330  27.741 0.0000000000
76802  -49.186  -30.459  27.281 0.0000000000
75725  -49.604  -31.805  28.510 0.0000000000
75697  -50.852  -31.979  29.959 0.0000000000
77869  -59.469  -29.287  27.058 0.0000000000
39438  -16.818  -63.909  46.735 0.0000000000
40533  -17.206  -63.269  47.409 0.0000000000
39424  -16.831  -63.992  47.631 0.0000000000
38347  -16.434  -64.582  47.916 0.0000000000
38365  -16.342  -65.700  44.642 0.0000000000
173701  -16.267  -65.221  45.407 0.0000000000
35941  -15.654  -66.671  44.840 0.0000000000
37139  -15.151  -66.645  45.617 0.0000000000
37129  -14.908  -66.480  46.677 0.0000000000
35923  -14.385  -67.105  47.082 0.0000000000
35930  -14.159  -67.965  46.517 0.0000000000
152269  -13.802  -70.037  47.170 0.0000000000
57221  -44.365  -48.539  35.116 0.0000000000
58286  -44.724  -47.686  34.745 0.0000000000
58302  -45.179  -46.962  34.823 0.0000000000
59351  -45.094  -46.395  34.583 0.0000000000
61528  -44.279  -44.706  33.536 0.0000000000
61517  -44.808  -44.332  34.138 0.0000000000
61518  -45.432  -44.807  34.591 0.0000000000
62621  -44.799  -43.455  34.226 0.0000000000
63722  -43.748  -42.011  34.019 0.0000000000
63706  -37.294  -42.959  34.697 0.0000000000
62617  -39.019  -43.486  33.792 0.0000000000
63732  -38.382  -42.986  33.191 0.0000000000
65797  -35.390  -40.467  34.298 0.0000000000
64757  -35.510  -41.108  34.675 0.0000000000
65790  -35.765  -41.040  33.662 0.0000000000
64773  -38.036  -41.819  32.585 0.0000000000
63743  -39.621  -42.656  32.594 0.0000000000
64784  -40.017  -41.941  32.448 0.0000000000
64776  -41.238  -41.366  33.098 0.0000000000
64761  -42.091  -41.076  34.603 0.0000000000
66882  -41.125  -40.377  33.568 0.0000000000
68051  -37.890  -38.709  31.371 0.0000000000
68037  -39.611  -39.445  31.843 0.0000000000
68054  -41.155  -38.780  31.365 0.0000000000
68038  -40.593  -39.336  31.957 0.0000000000
69160  -42.781  -37.883  31.299 0.0000000000
70239  -43.231  -37.311  30.796 0.0000000000
72502  -41.540  -34.730  28.706 0.0000000000
72501  -40.518  -34.247  28.890 0.0000000000
72480  -38.594  -34.327  29.803 0.0000000000
73719  -39.121  -33.433  29.901 0.0000000000
74738  -39.643  -32.701  30.125 0.0000000000
74750  -40.402  -32.585  29.593 0.0000000000
145081  -40.809  -31.747  29.886 0.0000000000
75685  -40.572  -31.319  30.932 0.0000000000
159321  -28.806  -55.186  35.453 0.0000000000
49556  -28.915  -56.009  35.800 0.0000000000
50530  -29.412  -55.269  36.332 0.0000000000
50516  -30.657  -55.065  37.490 0.0000000000
49537  -30.012  -55.497  37.145 0.0000000000
49524  -30.381  -55.655  38.035 0.0000000000
49507  -30.487  -55.864  38.874 0.0000000000
50534  -32.645  -54.188  37.858 0.0000000000
50533  -31.752  -54.376  37.772 0.0000000000
50539  -36.835  -54.184  38.099 0.0000000000
42978  -18.411  -61.212  46.181 0.0000000000
42989  -18.825  -60.674  45.524 0.0000000000
45209  -20.449  -59.086  44.435 0.0000000000
45187  -20.624  -59.010  45.170 0.0000000000
170297  -19.557  -59.835  44.217 0.0000000000
41760  -18.832  -61.550  44.015 0.0000000000
41759  -18.388  -62.290  43.820 0.0000000000
159203  -17.831  -63.668  43.759 0.0000000000
147259  -18.181  -64.106  43.111 0.0000000000
45241  -22.527  -58.240  40.740 0.0000000000
45248  -21.971  -59.362  40.421 0.0000000000
41831  -21.544  -62.095  40.426 0.0000000000
43051  -21.304  -61.327  40.373 0.0000000000
41830  -20.829  -61.708  40.708 0.0000000000
166115  -21.055  -62.496  40.763 0.0000000000
30381  -11.728  -72.090  51.037 0.0000000000
30382  -12.229  -72.164  51.057 0.0000000000
30379  -12.392  -71.684  51.474 0.0000000000
31433  -12.518  -71.162  51.859 0.0000000000
31429  -12.313  -70.794  52.256 0.0000000000
46335  -28.279  -58.778  36.835 0.0000000000
46328  -28.774  -58.996  37.540 0.0000000000
47416  -28.944  -58.157  37.078 0.0000000000
48467  -29.354  -57.072  37.053 0.0000000000
54980  -42.944  -49.900  36.803 0.0000000000
50567  -26.027  -54.126  35.859 0.0000000000
151718  -25.419  -54.031  36.763 0.0000000000
47428  -26.995  -57.973  36.072 0.0000000000
46334  -27.501  -58.672  36.385 0.0000000000
144855  -40.909  -47.205  35.278 0.0000000000
76756  -42.906  -30.013  30.401 0.0000000000
76768  -42.551  -30.572  29.624 0.0000000000
172852  -44.132  -29.627  29.774 0.0000000000
150649  -44.801  -29.579  29.548 0.0000000000
78944  -52.692  -28.961  26.624 0.0000000000
78947  -55.324  -28.547  26.030 0.0000000000
62620  -41.276  -43.802  34.169 0.0000000000
63708  -39.844  -43.889  35.735 0.0000000000
70229  -36.631  -36.629  33.570 0.0000000000
70238  -36.823  -36.901  32.323 0.0000000000
160998  -36.846  -36.343  32.808 0.0000000000
71336  -37.278  -35.737  32.626 0.0000000000
71345  -37.664  -35.014  32.499 0.0000000000
51684  -34.478  -53.359  36.665 0.0000000000
50538  -35.932  -54.264  37.896 0.0000000000
45227  -22.731  -57.485  42.910 0.0000000000
45234  -22.167  -57.908  42.191 0.0000000000
80072  -61.868  -27.498  25.288 0.0000000000
33557  -13.597  -69.425  47.989 0.0000000000
169788  -13.463  -69.020  48.721 0.0000000000
159494  -13.379  -69.874  48.851 0.0000000000
32459  -13.326  -70.780  49.450 0.0000000000
61496  -46.672  -45.110  36.188 0.0000000000
52786  -39.287  -52.233  36.719 0.0000000000
52760  -39.684  -52.538  37.497 0.0000000000
52744  -40.748  -52.309  38.565 0.0000000000
50504  -25.115  -53.833  39.921 0.0000000000
51609  -25.186  -53.175  40.439 0.0000000000
51586  -24.934  -53.195  41.446 0.0000000000
51566  -24.165  -53.492  42.054 0.0000000000
51587  -24.409  -53.962  41.665 0.0000000000
49477  -23.923  -55.297  41.202 0.0000000000
48418  -23.963  -56.054  40.926 0.0000000000
162341  -23.520  -57.113  40.033 0.0000000000
160276  -23.780  -56.806  39.870 0.0000000000
156618  -23.610  -57.911  38.632 0.0000000000
46326  -23.962  -58.531  38.194 0.0000000000
44244  -26.653  -61.328  38.897 0.0000000000
56135  -42.590  -49.001  34.259 0.0000000000
165234  -26.661  -52.063  34.453 0.0000000000
160473  -27.018  -52.771  34.295 0.0000000000
52810  -27.374  -51.969  34.179 0.0000000000
155575  -28.802  -51.124  33.845 0.0000000000
56108  -31.153  -48.871  35.115 0.0000000000
161450  -31.503  -49.047  34.548 0.0000000000
153344  -32.090  -49.497  34.344 0.0000000000
55007  -32.655  -49.898  34.157 0.0000000000
155805  -33.412  -49.933  33.891 0.0000000000
55008  -34.151  -50.018  33.638 0.0000000000
57195  -36.264  -48.608  36.012 0.0000000000
56110  -36.238  -48.986  35.142 0.0000000000
55012  -38.059  -49.808  34.779 0.0000000000
57237  -39.909  -48.462  33.789 0.0000000000
71363  -44.236  -35.991  30.056 0.0000000000
72481  -43.944  -35.420  29.298 0.0000000000
72504  -44.156  -34.796  28.938 0.0000000000
74763  -45.709  -32.654  27.818 0.0000000000
73744  -45.316  -33.293  28.239 0.0000000000
76760  -47.166  -28.748  31.038 0.0000000000
77813  -46.747  -28.710  29.900 0.0000000000
77846  -47.977  -29.131  27.472 0.0000000000
76820  -50.623  -30.117  26.807 0.0000000000
76819  -49.874  -30.094  26.960 0.0000000000
75741  -50.628  -31.331  27.535 0.0000000000
169202  -57.627  -28.622  26.381 0.0000000000
78950  -58.383  -28.556  26.613 0.0000000000
78951  -59.192  -28.613  26.856 0.0000000000
166954  -17.449  -62.844  46.870 0.0000000000
40553  -17.112  -63.322  46.453 0.0000000000
38366  -16.547  -64.488  45.911 0.0000000000
34758  -14.238  -68.881  45.899 0.0000000000
58301  -43.960  -47.382  34.021 0.0000000000
62631  -43.495  -43.648  32.955 0.0000000000
63734  -43.377  -42.703  33.060 0.0000000000
63705  -36.419  -42.482  35.098 0.0000000000
65805  -35.950  -40.415  33.051 0.0000000000
65798  -36.503  -41.105  32.917 0.0000000000
146498  -39.543  -41.293  32.588 0.0000000000
64759  -40.915  -40.750  33.424 0.0000000000
68064  -39.063  -38.297  30.338 0.0000000000
171252  -41.777  -38.676  31.560 0.0000000000
70265  -41.949  -37.091  29.574 0.0000000000
71381  -40.438  -35.947  29.109 0.0000000000
151439  -39.991  -35.025  29.104 0.0000000000
167403  -38.741  -32.968  31.577 0.0000000000
74724  -39.031  -32.777  30.798 0.0000000000
74708  -39.319  -32.413  31.853 0.0000000000
74725  -39.870  -31.722  31.449 0.0000000000
51652  -30.654  -54.530  36.672 0.0000000000
169076  -31.141  -54.782  37.993 0.0000000000
44211  -19.721  -60.291  42.905 0.0000000000
43010  -19.240  -60.719  43.755 0.0000000000
40608  -18.824  -62.763  42.861 0.0000000000
39501  -18.710  -63.710  42.564 0.0000000000
44240  -22.670  -60.098  39.498 0.0000000000
44231  -22.120  -60.482  39.911 0.0000000000
59327  -46.806  -46.749  36.316 0.0000000000
44222  -28.166  -60.974  41.023 0.0000000000
44235  -28.778  -60.555  40.447 0.0000000000
46298  -29.836  -58.905  40.380 0.0000000000
46322  -29.207  -59.084  38.481 0.0000000000
46312  -29.502  -59.041  39.417 0.0000000000
54956  -40.911  -50.713  37.069 0.0000000000
146482  -41.213  -50.887  37.691 0.0000000000
51651  -25.085  -53.729  37.720 0.0000000000
166843  -25.017  -53.811  38.576 0.0000000000
51638  -25.129  -53.634  39.178 0.0000000000
170857  -24.575  -54.726  38.683 0.0000000000
159782  -24.612  -55.348  38.438 0.0000000000
47402  -24.738  -57.354  37.884 0.0000000000
44259  -26.296  -60.120  37.309 0.0000000000
45278  -26.679  -58.678  36.421 0.0000000000
164027  -26.939  -59.786  36.930 0.0000000000
44254  -27.286  -60.963  38.443 0.0000000000
58309  -40.653  -47.871  33.336 0.0000000000
58296  -37.864  -47.883  34.843 0.0000000000
58297  -38.649  -47.752  34.587 0.0000000000
58283  -39.112  -47.341  35.056 0.0000000000
74759  -42.083  -32.912  28.494 0.0000000000
150096  -42.975  -33.364  28.331 0.0000000000
74760  -42.668  -32.337  28.364 0.0000000000
149999  -44.066  -31.550  27.993 0.0000000000
74769  -45.383  -32.040  27.687 0.0000000000
75736  -45.672  -31.490  27.736 0.0000000000
75737  -46.435  -31.484  27.752 0.0000000000
78925  -49.026  -28.051  27.946 0.0000000000
77848  -50.940  -29.304  26.773 0.0000000000
76805  -51.984  -30.804  26.857 0.0000000000
76806  -53.565  -31.025  27.321 0.0000000000
76808  -55.183  -30.658  27.065 0.0000000000
77850  -57.402  -29.971  26.879 0.0000000000
39474  -17.131  -64.593  44.258 0.0000000000
39454  -16.963  -64.151  45.192 0.0000000000
60424  -42.366  -45.470  32.927 0.0000000000
61525  -41.830  -43.970  32.990 0.0000000000
161863  -41.516  -43.546  32.758 0.0000000000
62639  -40.944  -43.267  32.680 0.0000000000
66880  -35.342  -39.702  34.611 0.0000000000
66881  -35.682  -39.050  34.090 0.0000000000
68003  -35.790  -38.106  34.606 0.0000000000
66898  -38.003  -39.847  32.160 0.0000000000
146456  -37.602  -39.186  31.808 0.0000000000
69142  -37.143  -37.349  31.631 0.0000000000
68063  -38.177  -38.197  30.758 0.0000000000
156789  -38.472  -36.926  29.806 0.0000000000
72453  -37.980  -34.229  32.253 0.0000000000
73670  -38.373  -33.525  31.888 0.0000000000
73671  -38.951  -33.041  32.502 0.0000000000
165172  -31.833  -52.936  35.715 0.0000000000
51681  -31.977  -53.456  36.295 0.0000000000
50535  -33.535  -54.237  37.871 0.0000000000
51656  -34.002  -53.766  37.304 0.0000000000
45210  -21.094  -58.538  44.405 0.0000000000
147465  -21.691  -57.995  43.872 0.0000000000
44212  -20.151  -59.556  43.194 0.0000000000
43024  -19.961  -60.740  42.057 0.0000000000
41802  -24.457  -62.555  42.045 0.0000000000
37111  -15.019  -66.421  48.608 0.0000000000
37112  -15.562  -65.893  49.164 0.0000000000
35899  -14.653  -66.982  49.963 0.0000000000
34738  -13.740  -68.344  49.099 0.0000000000
35898  -14.220  -67.541  50.437 0.0000000000
168347  -14.268  -67.400  51.251 0.0000000000
164706  -13.933  -67.870  51.542 0.0000000000
76743  -46.898  -28.904  31.317 0.0000000000
77815  -48.539  -28.668  30.972 0.0000000000
63711  -45.516  -42.669  36.004 0.0000000000
144416  -36.710  -53.013  35.945 0.0000000000
51687  -37.057  -53.421  36.669 0.0000000000
51661  -38.154  -53.618  37.495 0.0000000000
51524  -22.575  -53.659  44.185 0.0000000000
50463  -23.283  -54.692  43.822 0.0000000000
150288  -23.485  -56.388  42.468 0.0000000000
46297  -23.374  -57.004  41.789 0.0000000000
46309  -22.925  -57.932  40.168 0.0000000000
43064  -23.259  -61.147  39.456 0.0000000000
157225  -23.888  -61.991  40.338 0.0000000000
45269  -24.562  -58.921  37.680 0.0000000000
45261  -24.194  -59.400  38.072 0.0000000000
44243  -25.496  -61.035  38.521 0.0000000000
44242  -24.391  -60.862  38.661 0.0000000000
149703  -24.432  -61.771  39.853 0.0000000000
82070  -60.983  -25.517  26.228 0.0000000000
57238  -43.073  -48.457  33.909 0.0000000000
58310  -41.279  -47.707  33.202 0.0000000000
59360  -42.247  -46.264  33.182 0.0000000000
61503  -42.214  -44.117  35.312 0.0000000000
49570  -27.319  -55.829  35.042 0.0000000000
48498  -28.331  -56.552  35.531 0.0000000000
49590  -27.736  -55.172  34.739 0.0000000000
156654  -28.335  -55.068  34.829 0.0000000000
50568  -28.751  -54.464  34.917 0.0000000000
150140  -28.588  -53.714  34.421 0.0000000000
51693  -29.384  -53.649  35.145 0.0000000000
51694  -30.185  -53.362  35.568 0.0000000000
161049  -29.616  -51.111  33.941 0.0000000000
52797  -33.777  -52.382  35.381 0.0000000000
52799  -35.492  -52.490  35.302 0.0000000000
57215  -33.371  -48.021  35.183 0.0000000000
55018  -34.625  -49.718  33.584 0.0000000000
55019  -34.837  -50.336  33.560 0.0000000000
166255  -35.680  -51.338  34.170 0.0000000000
52814  -35.994  -51.913  34.669 0.0000000000
52800  -36.341  -52.491  35.304 0.0000000000
53859  -38.053  -52.124  35.605 0.0000000000
54979  -42.191  -50.065  36.622 0.0000000000
52756  -25.204  -52.028  36.979 0.0000000000
52757  -25.542  -52.455  36.281 0.0000000000
164876  -25.692  -53.399  36.369 0.0000000000
49569  -26.678  -55.559  35.210 0.0000000000
73735  -44.329  -34.042  28.552 0.0000000000
72505  -45.045  -34.525  29.294 0.0000000000
76771  -45.470  -29.635  29.151 0.0000000000
76772  -46.068  -29.228  29.496 0.0000000000
76787  -45.390  -30.182  28.421 0.0000000000
76788  -46.017  -30.384  27.999 0.0000000000
161016  -47.041  -31.077  27.668 0.0000000000
77838  -48.390  -28.393  27.894 0.0000000000
76801  -48.092  -30.235  27.433 0.0000000000
75723  -47.954  -31.612  28.116 0.0000000000
75708  -48.955  -31.913  29.027 0.0000000000
75710  -50.412  -31.950  28.991 0.0000000000
78953  -61.371  -28.589  26.412 0.0000000000
159809  -61.017  -27.952  26.294 0.0000000000
39408  -16.888  -64.048  48.503 0.0000000000
147854  -16.124  -65.118  48.238 0.0000000000
38354  -16.047  -65.182  46.232 0.0000000000
37120  -15.309  -65.902  47.252 0.0000000000
33566  -13.830  -68.923  47.036 0.0000000000
58288  -46.214  -47.062  35.825 0.0000000000
60425  -43.074  -45.464  32.876 0.0000000000
61527  -43.515  -44.629  32.942 0.0000000000
60416  -45.286  -45.684  34.559 0.0000000000
60405  -46.299  -45.675  35.713 0.0000000000
61504  -45.918  -44.465  35.288 0.0000000000
63710  -44.850  -42.149  35.539 0.0000000000
62608  -38.895  -43.725  34.938 0.0000000000
63707  -37.996  -43.394  35.429 0.0000000000
62628  -40.089  -43.167  32.781 0.0000000000
64758  -36.017  -41.858  34.333 0.0000000000
63720  -36.731  -42.487  34.001 0.0000000000
63730  -37.097  -42.361  33.174 0.0000000000
64786  -41.716  -42.229  32.579 0.0000000000
64777  -42.173  -41.470  33.418 0.0000000000
163631  -44.088  -41.724  35.143 0.0000000000
65792  -41.997  -40.730  34.901 0.0000000000
70249  -43.548  -36.701  30.175 0.0000000000
70266  -42.556  -36.525  29.364 0.0000000000
72512  -41.981  -34.162  28.648 0.0000000000
150846  -39.199  -34.881  29.363 0.0000000000
73734  -40.774  -33.309  28.927 0.0000000000
73742  -41.578  -33.414  28.649 0.0000000000
74751  -41.585  -31.621  29.433 0.0000000000
75686  -41.168  -30.752  31.495 0.0000000000
76754  -41.787  -30.478  31.091 0.0000000000
76738  -42.445  -30.062  31.172 0.0000000000
164440  -42.642  -29.691  31.857 0.0000000000
49523  -29.868  -56.190  37.603 0.0000000000
50517  -31.519  -54.749  38.576 0.0000000000
50507  -32.654  -54.810  39.104 0.0000000000
172627  -31.965  -54.731  39.119 0.0000000000
50506  -31.350  -55.010  39.304 0.0000000000
49508  -30.821  -55.546  39.478 0.0000000000
51659  -36.483  -53.819  37.332 0.0000000000
150727  -18.180  -61.741  46.695 0.0000000000
41726  -17.931  -62.084  45.862 0.0000000000
44181  -19.400  -59.833  45.693 0.0000000000
44192  -19.228  -60.216  44.789 0.0000000000
41741  -17.995  -62.193  44.780 0.0000000000
39455  -17.402  -63.693  44.533 0.0000000000
39489  -17.620  -64.324  43.651 0.0000000000
38408  -18.632  -64.603  42.419 0.0000000000
46282  -22.854  -57.431  42.003 0.0000000000
45239  -21.558  -59.106  41.343 0.0000000000
44230  -21.505  -60.523  40.326 0.0000000000
44220  -21.196  -59.896  41.015 0.0000000000
41814  -20.315  -62.309  41.164 0.0000000000
40642  -20.171  -63.247  41.425 0.0000000000
41816  -22.837  -62.999  41.162 0.0000000000
40644  -21.530  -63.771  41.349 0.0000000000
40643  -20.775  -63.922  41.415 0.0000000000
82077  -61.249  -25.767  25.174 0.0000000000
30385  -13.106  -72.340  50.527 0.0000000000
31437  -13.003  -71.633  50.855 0.0000000000
30383  -12.664  -72.179  50.992 0.0000000000
31435  -12.689  -71.669  51.276 0.0000000000
33534  -12.842  -69.539  51.781 0.0000000000
30377  -11.450  -71.553  51.562 0.0000000000
31430  -11.174  -71.006  51.991 0.0000000000
31431  -11.680  -71.225  52.085 0.0000000000
32420  -12.240  -70.196  52.597 0.0000000000
29297  -12.596  -72.745  50.682 0.0000000000
31428  -11.999  -70.757  52.453 0.0000000000
31432  -12.177  -71.294  52.044 0.0000000000
31434  -11.051  -71.268  51.430 0.0000000000
31438  -13.308  -71.659  50.034 0.0000000000
37150  -16.082  -66.386  44.560 0.0000000000
42996  -18.792  -61.058  44.636 0.0000000000
44204  -19.688  -59.908  43.607 0.0000000000
44233  -27.013  -61.435  39.933 0.0000000000
44234  -27.901  -61.018  40.196 0.0000000000
45223  -20.687  -59.061  43.688 0.0000000000
45233  -21.627  -58.622  42.264 0.0000000000
45235  -22.536  -57.752  41.681 0.0000000000
45271  -26.188  -59.261  36.769 0.0000000000
46271  -23.165  -57.145  43.142 0.0000000000
46283  -23.140  -57.231  42.319 0.0000000000
46296  -23.215  -57.181  41.488 0.0000000000
46321  -23.741  -57.280  39.167 0.0000000000
47336  -23.314  -56.628  43.388 0.0000000000
47348  -23.463  -56.824  42.026 0.0000000000
48404  -23.731  -55.896  41.828 0.0000000000
51525  -23.122  -54.071  43.561 0.0000000000
56127  -34.730  -49.217  33.929 0.0000000000
63742  -38.715  -42.450  32.628 0.0000000000
64774  -38.821  -41.612  32.450 0.0000000000
70237  -36.575  -36.913  32.834 0.0000000000
145761  -12.877  -72.679  50.723 0.0000000000
149921  -17.814  -62.326  46.775 0.0000000000
151298  -40.541  -41.341  32.845 0.0000000000
153954  -44.106  -29.274  31.724 0.0000000000
156013  -23.021  -53.298  43.149 0.0000000000
158062  -23.357  -56.834  42.660 0.0000000000
160577  -39.247  -40.921  32.654 0.0000000000
161397  -23.964  -54.570  41.422 0.0000000000
165203  -24.207  -54.770  40.766 0.0000000000
173101  -23.715  -61.642  39.736 0.0000000000
173122  -53.567  -31.348  27.914 0.0000000000
