#!ascii label  , from subject sub-v1s1x0050651_ses-1 vox2ras=TkReg
1399
33587  -26.778  -68.517  47.513 0.0000000000
58130  -52.439  -47.817  49.001 0.0000000000
64653  -52.878  -41.144  45.152 0.0000000000
71244  -49.166  -34.887  41.836 0.0000000000
55908  -48.173  -50.585  48.143 0.0000000000
70128  -48.045  -36.894  43.144 0.0000000000
143631  -57.088  -34.444  37.943 0.0000000000
74633  -63.803  -32.390  39.281 0.0000000000
53709  -56.588  -51.040  44.891 0.0000000000
58215  -60.427  -47.657  41.820 0.0000000000
143309  -56.642  -44.257  46.917 0.0000000000
33539  -27.167  -68.824  51.081 0.0000000000
37062  -32.046  -66.459  54.124 0.0000000000
167092  -33.842  -60.322  50.696 0.0000000000
47291  -37.842  -57.493  50.298 0.0000000000
46160  -42.678  -57.934  53.083 0.0000000000
48320  -47.593  -56.630  51.242 0.0000000000
51451  -51.659  -53.045  49.298 0.0000000000
62580  -56.771  -43.806  40.039 0.0000000000
149345  -65.115  -30.792  35.930 0.0000000000
55896  -56.225  -49.002  48.773 0.0000000000
57077  -57.046  -48.272  45.513 0.0000000000
60258  -54.496  -46.070  47.818 0.0000000000
151873  -26.732  -66.153  50.082 0.0000000000
34700  -30.407  -67.893  54.097 0.0000000000
50378  -43.388  -54.936  51.477 0.0000000000
47255  -45.260  -57.151  52.209 0.0000000000
52498  -45.751  -53.320  51.781 0.0000000000
57053  -49.909  -48.994  47.624 0.0000000000
53637  -49.855  -50.957  51.050 0.0000000000
142545  -52.330  -49.928  48.570 0.0000000000
142542  -54.675  -50.077  47.505 0.0000000000
162870  -58.869  -42.331  44.841 0.0000000000
61451  -57.763  -45.031  42.515 0.0000000000
163113  -56.289  -41.013  43.330 0.0000000000
167511  -48.146  -35.943  41.362 0.0000000000
66782  -50.492  -39.459  41.464 0.0000000000
66805  -48.446  -38.827  40.417 0.0000000000
162897  -49.542  -36.524  39.370 0.0000000000
162892  -60.325  -38.081  42.227 0.0000000000
72320  -56.423  -34.409  41.574 0.0000000000
53673  -45.823  -51.791  48.595 0.0000000000
72365  -47.154  -34.413  39.420 0.0000000000
72370  -61.730  -35.016  39.270 0.0000000000
69062  -63.548  -37.459  40.027 0.0000000000
160113  -66.100  -33.223  33.523 0.0000000000
53757  -56.485  -50.623  43.653 0.0000000000
54856  -59.082  -49.856  43.051 0.0000000000
164310  -58.580  -46.051  44.334 0.0000000000
32475  -27.340  -69.321  48.957 0.0000000000
37080  -34.885  -66.298  52.413 0.0000000000
41639  -33.226  -62.826  52.346 0.0000000000
41667  -35.729  -63.294  51.903 0.0000000000
44137  -34.939  -60.249  48.412 0.0000000000
46213  -36.908  -58.359  48.009 0.0000000000
45135  -40.043  -58.817  48.724 0.0000000000
47277  -40.520  -57.438  51.185 0.0000000000
44093  -44.572  -60.299  51.157 0.0000000000
52515  -47.716  -52.047  51.869 0.0000000000
50395  -49.797  -54.340  50.065 0.0000000000
48340  -51.124  -56.125  48.528 0.0000000000
50436  -53.396  -53.979  46.829 0.0000000000
54840  -54.398  -50.751  45.487 0.0000000000
66785  -54.069  -40.069  42.342 0.0000000000
74617  -52.974  -33.283  40.302 0.0000000000
71247  -51.586  -34.956  42.092 0.0000000000
33570  -25.446  -69.100  47.911 0.0000000000
57032  -54.709  -48.576  50.001 0.0000000000
169508  -55.868  -48.157  48.637 0.0000000000
59194  -53.492  -46.989  48.308 0.0000000000
154189  -43.456  -53.690  49.532 0.0000000000
51412  -44.533  -54.218  52.303 0.0000000000
52530  -44.662  -52.706  50.418 0.0000000000
58140  -51.585  -48.220  47.960 0.0000000000
143149  -51.513  -49.545  48.821 0.0000000000
57029  -52.775  -49.389  48.579 0.0000000000
54748  -53.890  -50.677  50.057 0.0000000000
163114  -58.049  -41.017  44.180 0.0000000000
65690  -55.687  -40.625  44.474 0.0000000000
71261  -48.687  -35.303  41.541 0.0000000000
67875  -48.513  -37.546  41.582 0.0000000000
70194  -48.584  -36.506  40.310 0.0000000000
69070  -48.275  -37.226  39.928 0.0000000000
71281  -49.689  -35.699  41.115 0.0000000000
143173  -61.547  -41.012  41.744 0.0000000000
143018  -60.430  -38.277  42.002 0.0000000000
67902  -61.030  -37.639  40.288 0.0000000000
73577  -60.603  -33.353  37.500 0.0000000000
73530  -62.301  -33.613  39.344 0.0000000000
71271  -62.376  -36.202  40.932 0.0000000000
71286  -63.674  -35.431  39.951 0.0000000000
70198  -64.449  -36.451  38.821 0.0000000000
73553  -64.331  -33.608  38.852 0.0000000000
74673  -65.785  -32.185  35.076 0.0000000000
52650  -57.266  -51.939  44.112 0.0000000000
52667  -58.783  -52.550  41.807 0.0000000000
53723  -58.465  -50.729  43.759 0.0000000000
60301  -57.177  -45.817  46.235 0.0000000000
59238  -57.699  -46.363  45.159 0.0000000000
61403  -57.690  -44.706  45.525 0.0000000000
156637  -58.197  -43.276  45.668 0.0000000000
143476  -57.132  -43.249  45.709 0.0000000000
148132  -28.694  -69.388  49.345 0.0000000000
159745  -28.666  -69.093  50.173 0.0000000000
35868  -30.804  -67.245  54.101 0.0000000000
45092  -33.404  -60.407  51.226 0.0000000000
42904  -33.947  -61.842  51.953 0.0000000000
41658  -35.001  -63.052  52.336 0.0000000000
42916  -34.938  -61.706  50.996 0.0000000000
44108  -35.649  -61.472  49.938 0.0000000000
44121  -34.655  -60.451  49.265 0.0000000000
144703  -37.769  -58.400  48.916 0.0000000000
168756  -38.539  -58.572  48.767 0.0000000000
46203  -38.598  -58.268  49.492 0.0000000000
48290  -41.701  -56.680  51.991 0.0000000000
48302  -40.263  -56.520  50.986 0.0000000000
46166  -40.916  -58.110  52.751 0.0000000000
45110  -41.438  -58.053  51.384 0.0000000000
44074  -41.822  -59.247  52.375 0.0000000000
145775  -43.009  -60.994  51.347 0.0000000000
45096  -43.818  -59.217  51.991 0.0000000000
48306  -46.673  -56.750  51.890 0.0000000000
47266  -46.859  -58.065  51.271 0.0000000000
156128  -46.767  -57.234  49.878 0.0000000000
158563  -46.680  -57.389  48.786 0.0000000000
53646  -46.663  -51.962  50.011 0.0000000000
54756  -48.254  -52.080  49.996 0.0000000000
52533  -51.113  -52.225  50.197 0.0000000000
52518  -49.701  -52.642  50.632 0.0000000000
51449  -50.433  -53.683  49.920 0.0000000000
49395  -50.527  -55.198  49.409 0.0000000000
50410  -51.615  -53.853  48.782 0.0000000000
51475  -52.744  -52.882  48.146 0.0000000000
52585  -55.257  -50.476  46.607 0.0000000000
143160  -54.689  -51.444  46.521 0.0000000000
51522  -55.737  -52.716  45.150 0.0000000000
53738  -55.146  -51.578  44.616 0.0000000000
35902  -25.239  -67.392  50.735 0.0000000000
33538  -25.407  -69.024  50.902 0.0000000000
32462  -25.841  -69.577  49.542 0.0000000000
56047  -60.163  -50.200  40.947 0.0000000000
57125  -57.831  -48.124  42.315 0.0000000000
167603  -57.456  -44.664  40.490 0.0000000000
148104  -49.017  -37.621  44.021 0.0000000000
67846  -52.446  -39.058  43.902 0.0000000000
67861  -51.529  -38.560  43.647 0.0000000000
163030  -51.042  -40.489  40.014 0.0000000000
142529  -52.614  -40.569  40.462 0.0000000000
70142  -56.164  -35.697  41.917 0.0000000000
166572  -54.745  -33.467  41.050 0.0000000000
72305  -53.762  -34.257  42.358 0.0000000000
73451  -52.208  -33.777  42.095 0.0000000000
71265  -52.934  -35.494  42.073 0.0000000000
70178  -52.330  -36.294  40.273 0.0000000000
76616  -62.729  -30.692  37.578 0.0000000000
75620  -63.475  -31.565  37.697 0.0000000000
78855  -63.725  -29.240  36.718 0.0000000000
78869  -64.807  -28.466  35.746 0.0000000000
53688  -55.606  -49.843  46.654 0.0000000000
55957  -57.125  -49.374  45.028 0.0000000000
57066  -55.898  -48.806  46.471 0.0000000000
59197  -55.337  -47.480  47.060 0.0000000000
144846  -55.703  -45.438  47.225 0.0000000000
35893  -26.814  -67.356  51.294 0.0000000000
33530  -29.368  -67.425  51.361 0.0000000000
155287  -30.649  -66.105  51.863 0.0000000000
49351  -42.558  -56.147  53.188 0.0000000000
46162  -44.085  -57.791  52.402 0.0000000000
156869  -43.834  -55.661  53.384 0.0000000000
49357  -45.456  -55.265  52.621 0.0000000000
50365  -46.572  -54.696  52.175 0.0000000000
150011  -48.776  -49.935  47.628 0.0000000000
54770  -49.430  -51.266  49.463 0.0000000000
55894  -50.018  -50.778  48.611 0.0000000000
169519  -51.212  -50.701  50.298 0.0000000000
143974  -51.930  -51.081  49.126 0.0000000000
167480  -53.276  -51.027  47.986 0.0000000000
55895  -53.920  -49.770  47.985 0.0000000000
53663  -55.875  -50.229  49.072 0.0000000000
37106  -25.232  -66.456  49.709 0.0000000000
60338  -59.365  -45.160  43.160 0.0000000000
59297  -59.627  -46.581  42.033 0.0000000000
162930  -59.556  -43.812  42.917 0.0000000000
163176  -58.333  -42.880  42.583 0.0000000000
143016  -56.986  -42.450  41.794 0.0000000000
69034  -48.329  -36.858  42.527 0.0000000000
67860  -50.270  -38.084  43.044 0.0000000000
67876  -49.103  -38.303  41.987 0.0000000000
66781  -49.498  -39.117  41.389 0.0000000000
71282  -59.188  -35.854  40.314 0.0000000000
73527  -57.468  -34.517  39.930 0.0000000000
143182  -59.742  -36.164  40.921 0.0000000000
162900  -58.415  -36.647  40.629 0.0000000000
171221  -51.563  -47.307  46.659 0.0000000000
57075  -50.299  -48.188  46.691 0.0000000000
65672  -51.049  -39.985  45.394 0.0000000000
70153  -46.967  -36.785  41.101 0.0000000000
71260  -47.313  -35.848  40.947 0.0000000000
71280  -47.349  -35.057  40.632 0.0000000000
170722  -48.004  -33.949  40.592 0.0000000000
72368  -59.587  -35.261  39.093 0.0000000000
72323  -60.885  -35.501  41.120 0.0000000000
67880  -62.450  -38.234  41.130 0.0000000000
153383  -63.607  -40.417  39.455 0.0000000000
74652  -63.938  -32.601  36.913 0.0000000000
73617  -65.286  -33.364  35.003 0.0000000000
53776  -57.548  -51.561  42.274 0.0000000000
53778  -59.530  -51.838  41.640 0.0000000000
55995  -59.962  -49.357  42.439 0.0000000000
57092  -58.200  -48.458  44.263 0.0000000000
154407  -58.855  -47.895  43.733 0.0000000000
58186  -59.338  -46.583  43.717 0.0000000000
61415  -58.507  -44.117  44.278 0.0000000000
65663  -58.084  -41.231  46.220 0.0000000000
59224  -53.631  -46.827  46.419 0.0000000000
60299  -54.814  -45.963  45.849 0.0000000000
61412  -56.430  -43.858  44.346 0.0000000000
33572  -27.357  -68.891  48.079 0.0000000000
32489  -28.903  -69.248  48.407 0.0000000000
38310  -35.633  -66.076  51.631 0.0000000000
40471  -30.159  -63.704  51.663 0.0000000000
39344  -31.869  -64.931  52.375 0.0000000000
39346  -32.411  -64.636  52.271 0.0000000000
39367  -36.231  -65.016  52.340 0.0000000000
44174  -36.285  -59.674  46.841 0.0000000000
46224  -37.090  -58.605  47.071 0.0000000000
49373  -37.799  -56.509  50.420 0.0000000000
48319  -39.321  -56.734  50.751 0.0000000000
165255  -38.963  -57.460  50.443 0.0000000000
46190  -40.273  -57.882  50.308 0.0000000000
45137  -42.305  -58.245  50.001 0.0000000000
45097  -45.139  -59.051  51.693 0.0000000000
52531  -45.540  -52.314  50.454 0.0000000000
52499  -46.586  -52.942  52.112 0.0000000000
50367  -47.854  -53.746  51.510 0.0000000000
53636  -49.098  -50.889  51.544 0.0000000000
51430  -48.525  -52.991  51.563 0.0000000000
145147  -48.439  -55.071  50.834 0.0000000000
49393  -48.999  -56.303  50.168 0.0000000000
48333  -49.903  -57.223  48.970 0.0000000000
50460  -52.657  -53.785  46.314 0.0000000000
162939  -53.979  -52.074  47.060 0.0000000000
143087  -54.313  -51.988  46.615 0.0000000000
52617  -52.036  -51.918  45.742 0.0000000000
53736  -53.624  -50.189  44.589 0.0000000000
32474  -25.652  -69.657  49.062 0.0000000000
66730  -53.542  -39.631  44.465 0.0000000000
66786  -54.832  -40.240  42.584 0.0000000000
163172  -55.575  -41.620  41.046 0.0000000000
66761  -52.008  -39.290  42.298 0.0000000000
163130  -54.179  -40.779  41.091 0.0000000000
162839  -55.668  -43.295  39.116 0.0000000000
73519  -48.234  -33.521  39.399 0.0000000000
149459  -49.119  -33.516  41.189 0.0000000000
73524  -54.710  -33.775  39.540 0.0000000000
73548  -53.420  -34.007  38.545 0.0000000000
74627  -50.708  -32.975  39.849 0.0000000000
166535  -50.526  -33.082  41.404 0.0000000000
71245  -49.859  -34.883  41.899 0.0000000000
70156  -50.646  -35.790  40.973 0.0000000000
33603  -26.049  -68.330  46.727 0.0000000000
171961  -54.178  -49.080  48.881 0.0000000000
59167  -54.116  -48.119  48.426 0.0000000000
59182  -53.251  -47.467  48.549 0.0000000000
166186  -42.938  -54.050  49.009 0.0000000000
52529  -43.934  -53.110  49.978 0.0000000000
52545  -44.010  -53.144  49.230 0.0000000000
164858  -52.016  -48.807  48.911 0.0000000000
57045  -52.602  -48.405  49.120 0.0000000000
57030  -53.909  -49.207  48.805 0.0000000000
169271  -55.716  -41.102  44.875 0.0000000000
65691  -56.570  -40.920  44.788 0.0000000000
65675  -53.934  -40.564  45.017 0.0000000000
70174  -48.468  -36.159  41.095 0.0000000000
70155  -48.920  -35.771  41.413 0.0000000000
70175  -49.193  -36.036  40.703 0.0000000000
162796  -49.349  -35.293  41.647 0.0000000000
66825  -61.987  -40.055  40.374 0.0000000000
67893  -61.232  -38.999  40.857 0.0000000000
75609  -62.640  -32.091  38.250 0.0000000000
74632  -63.163  -32.937  39.187 0.0000000000
72345  -63.228  -34.777  40.272 0.0000000000
73503  -63.564  -33.843  40.113 0.0000000000
72371  -64.450  -34.484  39.015 0.0000000000
73532  -64.019  -33.075  39.413 0.0000000000
53721  -57.122  -51.716  44.284 0.0000000000
53740  -57.731  -51.417  43.685 0.0000000000
53722  -57.460  -50.666  44.323 0.0000000000
60281  -56.952  -45.470  46.698 0.0000000000
60282  -57.358  -45.023  46.103 0.0000000000
61389  -57.244  -44.587  46.637 0.0000000000
62499  -57.248  -43.311  45.783 0.0000000000
143407  -56.707  -43.703  45.796 0.0000000000
166077  -26.828  -69.347  50.665 0.0000000000
37052  -31.310  -66.639  54.111 0.0000000000
169065  -31.633  -67.811  54.083 0.0000000000
44088  -33.815  -60.725  51.067 0.0000000000
44072  -33.688  -61.120  51.564 0.0000000000
44073  -34.308  -61.601  51.404 0.0000000000
44089  -34.331  -61.011  50.755 0.0000000000
44107  -34.935  -61.180  50.211 0.0000000000
44106  -34.212  -60.348  50.191 0.0000000000
46188  -36.908  -57.748  49.967 0.0000000000
143634  -37.751  -58.086  49.846 0.0000000000
46189  -38.644  -57.855  50.160 0.0000000000
47241  -41.268  -57.419  53.984 0.0000000000
47240  -40.803  -57.485  54.027 0.0000000000
45080  -41.163  -58.194  53.941 0.0000000000
45083  -41.321  -58.507  53.015 0.0000000000
45084  -41.792  -58.713  53.035 0.0000000000
171280  -42.582  -59.806  52.093 0.0000000000
46161  -43.432  -58.420  52.326 0.0000000000
49365  -47.118  -56.354  51.733 0.0000000000
48307  -47.415  -57.125  51.370 0.0000000000
166758  -47.460  -57.314  50.461 0.0000000000
54755  -47.139  -51.768  49.451 0.0000000000
54768  -47.753  -51.329  48.786 0.0000000000
52534  -51.449  -52.409  49.567 0.0000000000
51450  -51.009  -53.004  49.731 0.0000000000
50397  -51.069  -53.795  49.440 0.0000000000
165338  -52.337  -53.583  48.466 0.0000000000
51463  -52.227  -52.959  48.789 0.0000000000
52619  -56.118  -51.334  45.559 0.0000000000
52602  -55.620  -51.435  46.052 0.0000000000
52635  -56.560  -52.036  44.821 0.0000000000
51542  -56.312  -52.767  44.529 0.0000000000
34718  -26.255  -67.987  51.239 0.0000000000
35891  -24.965  -68.033  50.965 0.0000000000
145796  -26.235  -68.642  51.139 0.0000000000
32439  -26.186  -69.265  50.874 0.0000000000
157274  -59.926  -49.666  41.605 0.0000000000
56012  -58.698  -49.069  41.784 0.0000000000
58225  -59.446  -47.769  41.963 0.0000000000
62581  -57.287  -44.027  40.521 0.0000000000
61477  -57.341  -45.122  39.851 0.0000000000
61485  -56.786  -44.964  39.228 0.0000000000
62587  -56.538  -44.188  39.434 0.0000000000
165251  -48.714  -37.324  43.290 0.0000000000
148778  -50.006  -37.693  43.962 0.0000000000
69020  -49.272  -37.516  43.573 0.0000000000
146340  -56.404  -34.261  38.711 0.0000000000
70160  -55.809  -36.198  41.422 0.0000000000
163794  -55.156  -34.617  42.241 0.0000000000
154414  -53.390  -34.960  42.449 0.0000000000
54786  -56.951  -49.551  47.687 0.0000000000
55927  -56.214  -49.090  46.272 0.0000000000
55909  -56.998  -49.235  47.947 0.0000000000
59195  -54.588  -47.478  47.978 0.0000000000
58142  -55.063  -48.446  47.442 0.0000000000
59196  -54.918  -47.825  47.568 0.0000000000
60260  -55.456  -46.434  47.337 0.0000000000
60259  -54.907  -46.118  47.718 0.0000000000
37088  -26.605  -66.940  51.045 0.0000000000
38298  -29.591  -65.116  51.597 0.0000000000
51447  -42.707  -54.552  50.352 0.0000000000
50377  -42.635  -55.069  50.963 0.0000000000
49363  -42.515  -55.798  52.073 0.0000000000
50353  -43.031  -55.553  52.812 0.0000000000
49356  -43.067  -55.778  53.316 0.0000000000
50354  -43.789  -55.207  53.066 0.0000000000
52497  -44.925  -53.596  51.604 0.0000000000
51395  -45.003  -54.459  53.013 0.0000000000
51396  -45.690  -54.340  52.980 0.0000000000
49358  -45.982  -54.773  52.898 0.0000000000
153899  -46.115  -53.646  52.407 0.0000000000
150278  -49.561  -49.850  47.900 0.0000000000
171543  -51.303  -50.090  49.240 0.0000000000
143150  -51.563  -50.558  49.463 0.0000000000
142546  -52.580  -50.357  48.511 0.0000000000
171487  -53.436  -50.274  48.167 0.0000000000
143298  -53.538  -49.864  48.193 0.0000000000
54760  -55.308  -50.011  49.740 0.0000000000
53649  -55.174  -50.774  49.186 0.0000000000
164190  -56.059  -49.691  48.839 0.0000000000
146305  -56.217  -50.324  47.943 0.0000000000
38317  -26.039  -66.344  49.938 0.0000000000
37087  -25.928  -67.074  50.803 0.0000000000
62534  -58.746  -43.282  43.737 0.0000000000
163085  -59.373  -44.736  42.865 0.0000000000
163179  -58.972  -42.907  43.578 0.0000000000
162848  -57.345  -41.179  43.914 0.0000000000
162853  -57.853  -42.130  43.609 0.0000000000
163181  -57.539  -41.851  42.963 0.0000000000
163112  -57.710  -42.531  42.294 0.0000000000
163174  -57.196  -42.002  42.390 0.0000000000
69045  -47.933  -36.559  41.900 0.0000000000
69046  -49.018  -37.408  42.236 0.0000000000
159740  -48.451  -36.545  41.923 0.0000000000
67891  -48.234  -38.090  40.645 0.0000000000
67892  -48.696  -38.626  41.123 0.0000000000
66806  -48.994  -39.349  40.647 0.0000000000
143448  -48.121  -38.429  39.882 0.0000000000
71253  -59.991  -35.989  42.719 0.0000000000
71267  -59.810  -35.901  40.988 0.0000000000
142528  -59.859  -36.506  42.560 0.0000000000
162946  -57.643  -36.883  40.718 0.0000000000
58162  -50.938  -47.646  46.632 0.0000000000
171218  -47.013  -36.319  41.044 0.0000000000
72339  -47.481  -34.314  40.158 0.0000000000
72317  -47.952  -34.561  40.927 0.0000000000
73552  -60.964  -33.596  38.256 0.0000000000
73551  -60.267  -34.212  37.764 0.0000000000
72399  -59.412  -34.441  37.546 0.0000000000
72369  -60.570  -35.108  39.158 0.0000000000
72343  -60.875  -35.625  39.838 0.0000000000
158692  -61.810  -35.553  39.735 0.0000000000
70183  -63.320  -36.861  40.149 0.0000000000
69049  -62.351  -37.505  41.163 0.0000000000
67894  -63.110  -38.076  40.409 0.0000000000
65728  -62.921  -39.100  40.842 0.0000000000
66810  -64.099  -38.955  39.600 0.0000000000
143491  -64.184  -40.289  38.442 0.0000000000
67903  -64.163  -38.384  39.448 0.0000000000
71316  -63.340  -35.001  38.172 0.0000000000
76637  -64.473  -30.707  36.548 0.0000000000
75621  -63.692  -31.949  37.411 0.0000000000
75636  -64.894  -31.506  36.057 0.0000000000
74685  -65.926  -32.782  34.647 0.0000000000
74672  -65.384  -32.854  35.288 0.0000000000
54871  -56.078  -48.848  43.476 0.0000000000
54886  -55.741  -49.513  42.576 0.0000000000
53758  -57.166  -50.843  43.132 0.0000000000
53742  -58.674  -51.083  42.952 0.0000000000
52668  -59.048  -52.362  41.879 0.0000000000
54873  -59.360  -50.864  42.175 0.0000000000
54890  -59.680  -50.992  41.593 0.0000000000
54857  -59.441  -49.981  42.607 0.0000000000
55942  -56.761  -48.998  45.460 0.0000000000
55971  -57.813  -49.260  44.469 0.0000000000
57084  -57.462  -48.749  44.970 0.0000000000
59239  -58.149  -46.551  44.584 0.0000000000
58176  -58.312  -47.428  44.358 0.0000000000
146448  -58.719  -46.614  44.100 0.0000000000
58195  -59.412  -47.367  43.211 0.0000000000
59255  -59.076  -45.969  43.986 0.0000000000
60324  -58.988  -45.167  43.712 0.0000000000
61414  -58.351  -44.820  44.628 0.0000000000
142589  -56.786  -42.024  46.270 0.0000000000
64636  -57.723  -41.884  46.315 0.0000000000
32488  -26.892  -69.185  48.607 0.0000000000
33561  -27.870  -69.150  48.559 0.0000000000
170215  -29.470  -69.277  49.496 0.0000000000
34710  -30.504  -67.098  52.147 0.0000000000
32422  -31.155  -67.994  52.934 0.0000000000
35896  -34.026  -67.560  51.642 0.0000000000
37089  -34.396  -66.816  51.758 0.0000000000
37099  -34.257  -66.133  51.169 0.0000000000
37090  -35.543  -66.476  51.924 0.0000000000
40472  -30.514  -63.234  51.897 0.0000000000
39354  -30.721  -64.098  52.226 0.0000000000
148664  -32.917  -63.915  52.191 0.0000000000
166870  -33.199  -64.627  52.316 0.0000000000
148893  -33.614  -64.109  52.459 0.0000000000
41659  -35.964  -62.886  53.097 0.0000000000
40464  -36.065  -63.909  53.149 0.0000000000
41660  -36.749  -63.261  52.825 0.0000000000
39368  -36.836  -64.801  51.852 0.0000000000
41668  -36.542  -63.652  51.664 0.0000000000
40490  -36.220  -63.892  50.461 0.0000000000
145240  -35.570  -60.931  48.974 0.0000000000
44138  -35.517  -60.403  47.923 0.0000000000
44158  -36.143  -60.369  47.292 0.0000000000
44157  -35.671  -59.699  47.334 0.0000000000
46212  -35.877  -58.298  48.149 0.0000000000
46223  -36.281  -58.740  47.348 0.0000000000
46214  -37.907  -58.572  47.911 0.0000000000
46204  -39.340  -58.544  49.120 0.0000000000
46215  -39.004  -58.852  48.200 0.0000000000
45145  -40.805  -59.080  48.371 0.0000000000
173539  -40.843  -58.779  49.058 0.0000000000
47262  -40.357  -57.176  51.261 0.0000000000
47276  -39.607  -57.177  50.779 0.0000000000
47275  -38.513  -57.124  50.545 0.0000000000
164687  -40.087  -57.515  50.750 0.0000000000
171303  -39.435  -57.745  50.332 0.0000000000
46191  -40.838  -57.731  50.943 0.0000000000
45124  -42.213  -58.355  51.073 0.0000000000
45123  -41.343  -57.924  50.412 0.0000000000
44122  -43.193  -58.570  49.415 0.0000000000
44092  -43.557  -60.751  51.209 0.0000000000
42919  -43.256  -61.471  51.033 0.0000000000
42920  -44.460  -61.193  51.009 0.0000000000
47264  -44.799  -57.767  52.164 0.0000000000
46167  -44.467  -58.534  52.061 0.0000000000
167569  -45.538  -57.779  51.924 0.0000000000
53659  -45.194  -52.161  49.065 0.0000000000
53660  -45.805  -51.759  49.315 0.0000000000
53634  -47.738  -51.826  51.479 0.0000000000
53633  -47.038  -52.351  50.789 0.0000000000
52500  -47.335  -52.687  52.097 0.0000000000
51414  -47.259  -53.419  52.091 0.0000000000
171408  -47.817  -53.019  51.988 0.0000000000
54746  -49.636  -50.592  51.083 0.0000000000
54745  -48.945  -50.645  51.455 0.0000000000
51432  -49.822  -53.509  50.361 0.0000000000
51431  -49.230  -53.323  50.902 0.0000000000
50381  -49.268  -54.048  50.457 0.0000000000
144723  -48.617  -54.116  50.957 0.0000000000
50380  -49.034  -54.954  50.321 0.0000000000
49406  -50.921  -55.485  48.874 0.0000000000
154830  -50.421  -56.125  49.492 0.0000000000
164325  -50.672  -56.334  48.857 0.0000000000
50435  -53.110  -54.097  47.470 0.0000000000
142539  -53.393  -53.923  46.548 0.0000000000
143417  -53.661  -50.351  47.697 0.0000000000
53686  -53.505  -51.401  47.561 0.0000000000
162959  -53.969  -51.148  47.268 0.0000000000
162954  -54.586  -50.911  46.454 0.0000000000
143098  -54.344  -51.491  46.801 0.0000000000
143201  -53.156  -51.097  46.257 0.0000000000
54839  -53.609  -50.399  45.497 0.0000000000
52632  -52.732  -50.766  45.306 0.0000000000
53739  -55.827  -50.619  44.288 0.0000000000
54854  -55.036  -49.872  44.110 0.0000000000
54855  -55.708  -49.220  44.033 0.0000000000
147199  -26.670  -69.457  49.282 0.0000000000
149843  -26.496  -69.415  48.915 0.0000000000
60360  -58.005  -45.816  42.773 0.0000000000
59287  -58.105  -46.458  42.553 0.0000000000
59296  -57.350  -45.943  41.885 0.0000000000
66709  -50.908  -39.252  45.350 0.0000000000
66711  -52.505  -39.653  45.050 0.0000000000
67863  -53.058  -39.289  43.352 0.0000000000
66747  -53.740  -39.535  43.543 0.0000000000
162984  -55.171  -40.718  42.072 0.0000000000
143021  -54.490  -40.478  41.840 0.0000000000
67877  -50.121  -38.683  42.263 0.0000000000
67878  -51.148  -39.074  42.171 0.0000000000
168443  -53.463  -40.630  40.795 0.0000000000
143188  -54.442  -41.625  39.830 0.0000000000
162850  -55.235  -41.744  40.400 0.0000000000
63661  -55.290  -42.647  39.242 0.0000000000
73496  -48.607  -33.397  40.375 0.0000000000
166097  -49.358  -32.979  40.031 0.0000000000
73501  -56.783  -34.325  40.799 0.0000000000
73525  -55.662  -33.945  39.472 0.0000000000
73500  -56.006  -33.846  40.603 0.0000000000
166669  -53.725  -33.353  40.503 0.0000000000
73523  -53.752  -33.669  39.582 0.0000000000
73522  -52.822  -33.645  39.235 0.0000000000
73547  -52.493  -34.040  38.294 0.0000000000
73521  -51.999  -33.532  39.044 0.0000000000
74639  -51.164  -33.374  39.054 0.0000000000
74628  -51.609  -33.206  39.808 0.0000000000
72303  -51.907  -34.428  42.238 0.0000000000
74603  -51.130  -32.991  41.383 0.0000000000
73450  -51.209  -33.935  42.076 0.0000000000
73449  -50.323  -33.873  41.935 0.0000000000
71246  -50.723  -34.895  41.936 0.0000000000
71263  -51.160  -35.365  41.575 0.0000000000
55879  -55.894  -48.708  49.572 0.0000000000
57046  -55.981  -48.314  49.152 0.0000000000
58120  -55.250  -48.017  49.973 0.0000000000
161154  -54.084  -47.926  48.321 0.0000000000
173553  -54.013  -46.278  48.173 0.0000000000
51427  -43.495  -54.304  50.962 0.0000000000
51428  -43.918  -54.508  51.827 0.0000000000
51448  -44.038  -53.470  50.663 0.0000000000
169851  -44.560  -53.245  51.024 0.0000000000
57054  -50.735  -48.715  47.705 0.0000000000
163028  -50.545  -49.700  48.140 0.0000000000
57044  -51.411  -48.899  48.239 0.0000000000
170041  -53.932  -49.879  48.305 0.0000000000
55862  -54.011  -50.349  49.038 0.0000000000
57020  -54.219  -49.579  49.982 0.0000000000
160258  -58.985  -40.715  45.961 0.0000000000
163137  -58.662  -41.753  44.584 0.0000000000
163175  -57.743  -40.775  44.792 0.0000000000
163110  -57.337  -41.041  44.265 0.0000000000
170156  -56.340  -40.889  43.769 0.0000000000
69060  -48.265  -37.085  40.828 0.0000000000
143765  -48.143  -37.751  40.118 0.0000000000
70195  -49.170  -36.292  39.935 0.0000000000
70176  -50.009  -36.091  40.163 0.0000000000
143041  -61.061  -39.037  42.342 0.0000000000
163071  -60.672  -38.802  42.257 0.0000000000
162899  -60.772  -40.108  41.872 0.0000000000
163158  -60.671  -38.035  40.678 0.0000000000
74630  -61.764  -33.250  38.691 0.0000000000
73529  -61.845  -33.943  39.286 0.0000000000
173320  -62.164  -35.576  39.945 0.0000000000
72344  -62.617  -35.102  40.242 0.0000000000
157120  -63.174  -36.181  40.283 0.0000000000
148203  -63.842  -36.946  39.727 0.0000000000
69071  -64.182  -37.480  39.479 0.0000000000
71301  -64.281  -35.261  39.249 0.0000000000
72372  -64.361  -35.153  38.735 0.0000000000
72386  -63.785  -34.316  38.239 0.0000000000
76672  -65.560  -30.434  35.386 0.0000000000
75649  -65.446  -31.432  35.456 0.0000000000
75650  -65.913  -31.417  34.863 0.0000000000
158116  -66.171  -32.111  34.633 0.0000000000
73687  -66.481  -33.298  32.533 0.0000000000
51563  -57.370  -52.806  43.519 0.0000000000
51583  -58.022  -52.805  42.702 0.0000000000
52651  -58.258  -52.100  43.194 0.0000000000
53741  -58.321  -51.431  43.190 0.0000000000
157872  -57.094  -46.871  45.588 0.0000000000
58175  -57.514  -47.269  45.042 0.0000000000
145190  -57.460  -46.149  45.767 0.0000000000
60313  -57.808  -45.753  45.328 0.0000000000
61413  -57.987  -45.137  45.210 0.0000000000
61404  -58.135  -44.420  45.143 0.0000000000
62510  -58.059  -44.058  45.369 0.0000000000
63574  -57.741  -42.395  45.839 0.0000000000
143405  -56.875  -42.678  44.916 0.0000000000
32463  -26.876  -69.489  49.783 0.0000000000
32464  -27.753  -69.403  49.453 0.0000000000
32454  -27.755  -69.469  50.014 0.0000000000
32455  -29.285  -69.086  49.972 0.0000000000
37073  -34.114  -66.294  53.027 0.0000000000
41647  -34.529  -63.219  52.500 0.0000000000
42905  -34.590  -62.428  51.912 0.0000000000
165333  -34.861  -62.292  51.515 0.0000000000
42917  -35.300  -62.554  51.191 0.0000000000
42936  -35.873  -62.121  50.360 0.0000000000
154099  -35.381  -61.795  50.556 0.0000000000
173598  -35.223  -61.047  49.618 0.0000000000
49377  -41.406  -55.736  50.962 0.0000000000
49376  -40.558  -55.921  50.741 0.0000000000
48303  -40.845  -56.980  51.556 0.0000000000
157851  -40.786  -57.421  52.138 0.0000000000
46178  -40.707  -57.924  51.722 0.0000000000
44090  -41.901  -59.527  51.815 0.0000000000
44076  -42.901  -60.391  51.913 0.0000000000
44077  -43.988  -59.940  51.690 0.0000000000
48305  -45.749  -56.540  52.145 0.0000000000
47265  -46.160  -57.403  51.885 0.0000000000
167202  -47.010  -57.392  51.448 0.0000000000
47267  -47.466  -57.931  51.036 0.0000000000
47279  -46.629  -58.011  47.743 0.0000000000
47292  -47.211  -57.410  48.122 0.0000000000
53674  -46.338  -51.465  48.769 0.0000000000
53661  -46.400  -51.633  49.358 0.0000000000
53647  -47.568  -51.973  50.487 0.0000000000
143155  -50.656  -50.821  50.677 0.0000000000
52532  -50.378  -51.846  50.609 0.0000000000
51433  -50.441  -52.855  50.274 0.0000000000
49394  -49.845  -55.403  49.857 0.0000000000
50396  -50.433  -54.487  49.619 0.0000000000
50409  -51.025  -54.608  49.141 0.0000000000
49407  -51.466  -54.806  48.577 0.0000000000
50422  -52.089  -54.336  48.284 0.0000000000
50423  -52.673  -53.852  47.979 0.0000000000
51476  -53.156  -53.384  47.665 0.0000000000
52567  -54.885  -49.902  47.427 0.0000000000
164157  -54.760  -50.539  46.877 0.0000000000
51491  -55.121  -51.674  46.366 0.0000000000
143170  -55.057  -52.517  46.167 0.0000000000
52633  -54.963  -52.979  45.407 0.0000000000
53720  -54.749  -52.308  45.164 0.0000000000
51541  -55.521  -52.809  44.737 0.0000000000
51562  -56.442  -52.902  44.045 0.0000000000
153861  -24.394  -67.729  50.536 0.0000000000
34716  -24.757  -68.717  50.863 0.0000000000
32452  -26.141  -69.476  50.190 0.0000000000
61463  -57.580  -44.899  41.289 0.0000000000
60366  -57.520  -45.804  40.741 0.0000000000
148162  -57.516  -45.262  40.590 0.0000000000
67826  -49.766  -38.252  44.579 0.0000000000
67828  -51.106  -38.356  44.682 0.0000000000
69008  -50.479  -37.970  44.315 0.0000000000
67845  -50.986  -38.132  44.146 0.0000000000
67862  -52.265  -39.076  43.144 0.0000000000
66807  -50.816  -40.007  40.716 0.0000000000
66783  -51.568  -39.739  41.428 0.0000000000
71251  -56.501  -35.158  41.972 0.0000000000
73477  -55.380  -33.712  41.406 0.0000000000
72307  -55.431  -34.317  42.132 0.0000000000
73476  -54.551  -33.575  41.656 0.0000000000
169285  -53.093  -33.173  41.673 0.0000000000
74605  -52.678  -32.997  41.201 0.0000000000
73452  -53.181  -33.647  42.087 0.0000000000
72304  -52.821  -34.328  42.351 0.0000000000
71248  -52.450  -34.962  42.320 0.0000000000
71264  -52.082  -35.455  41.795 0.0000000000
76605  -62.950  -31.527  38.088 0.0000000000
75611  -63.896  -31.844  38.839 0.0000000000
76617  -63.127  -30.802  37.681 0.0000000000
76618  -63.862  -30.322  37.081 0.0000000000
76636  -64.306  -29.791  36.652 0.0000000000
77759  -64.636  -29.192  36.273 0.0000000000
76657  -64.953  -29.979  36.145 0.0000000000
77767  -65.856  -29.621  34.945 0.0000000000
143905  -55.987  -50.315  45.674 0.0000000000
54826  -56.552  -49.979  44.960 0.0000000000
54814  -56.079  -49.558  45.896 0.0000000000
55941  -56.343  -49.228  45.776 0.0000000000
58163  -56.487  -48.234  46.159 0.0000000000
158077  -55.450  -48.868  47.024 0.0000000000
58154  -55.812  -48.181  46.541 0.0000000000
152709  -56.535  -47.433  46.156 0.0000000000
147285  -56.591  -46.246  46.647 0.0000000000
60261  -56.376  -45.990  47.022 0.0000000000
61375  -56.333  -45.028  46.997 0.0000000000
33529  -28.068  -68.030  51.231 0.0000000000
34708  -27.230  -67.918  51.313 0.0000000000
35884  -27.940  -67.238  51.589 0.0000000000
35876  -30.686  -66.908  52.527 0.0000000000
35867  -29.992  -67.007  53.901 0.0000000000
37051  -30.945  -66.914  53.154 0.0000000000
38270  -31.725  -66.103  52.591 0.0000000000
47290  -36.933  -57.284  50.247 0.0000000000
49362  -41.800  -56.055  51.539 0.0000000000
49350  -42.135  -56.503  52.524 0.0000000000
47252  -42.701  -57.186  53.106 0.0000000000
150877  -43.420  -57.600  52.867 0.0000000000
47253  -43.349  -56.894  52.912 0.0000000000
48292  -43.753  -56.305  53.178 0.0000000000
170873  -45.068  -56.552  52.535 0.0000000000
51394  -44.369  -54.629  52.995 0.0000000000
160514  -44.712  -55.335  52.973 0.0000000000
160646  -45.245  -55.822  52.392 0.0000000000
49364  -46.258  -55.674  52.189 0.0000000000
49378  -47.313  -55.432  51.736 0.0000000000
55893  -48.587  -51.204  48.646 0.0000000000
145142  -49.093  -50.733  48.205 0.0000000000
164243  -50.001  -50.536  49.835 0.0000000000
55861  -50.226  -50.070  50.776 0.0000000000
55876  -50.613  -50.423  49.231 0.0000000000
143358  -50.921  -50.219  50.449 0.0000000000
143325  -51.479  -51.683  49.659 0.0000000000
52548  -51.995  -52.063  49.030 0.0000000000
172444  -52.465  -52.161  48.447 0.0000000000
53675  -52.590  -51.218  48.392 0.0000000000
54784  -53.926  -49.607  47.816 0.0000000000
143357  -54.037  -51.129  49.602 0.0000000000
54785  -54.021  -49.989  47.646 0.0000000000
53676  -54.511  -49.535  47.741 0.0000000000
52568  -54.899  -50.113  47.054 0.0000000000
53699  -55.677  -50.420  46.312 0.0000000000
37097  -25.606  -66.819  50.375 0.0000000000
35892  -25.859  -67.588  51.072 0.0000000000
59281  -59.597  -46.443  42.603 0.0000000000
58226  -59.893  -47.332  41.835 0.0000000000
59289  -59.412  -46.613  42.196 0.0000000000
164043  -59.261  -45.210  42.690 0.0000000000
162931  -58.569  -44.654  42.654 0.0000000000
163173  -58.836  -42.654  43.291 0.0000000000
162849  -58.975  -42.758  42.827 0.0000000000
162934  -58.187  -44.059  42.538 0.0000000000
165674  -57.619  -44.070  41.852 0.0000000000
162991  -57.272  -43.012  41.553 0.0000000000
163156  -56.756  -42.768  41.174 0.0000000000
70129  -48.669  -37.101  43.004 0.0000000000
69036  -49.886  -37.703  43.503 0.0000000000
69035  -49.104  -37.259  43.067 0.0000000000
67859  -49.533  -37.870  42.795 0.0000000000
163166  -49.877  -39.730  40.764 0.0000000000
72367  -58.680  -35.194  39.522 0.0000000000
73550  -57.287  -34.450  38.940 0.0000000000
72341  -58.405  -35.275  40.271 0.0000000000
72340  -57.640  -34.796  40.638 0.0000000000
71252  -57.734  -35.711  41.184 0.0000000000
162891  -59.832  -36.965  42.093 0.0000000000
163126  -58.607  -36.191  40.661 0.0000000000
164660  -57.155  -35.192  41.587 0.0000000000
70143  -56.953  -35.707  41.627 0.0000000000
70161  -56.643  -36.228  41.371 0.0000000000
58153  -52.185  -47.757  47.964 0.0000000000
59208  -52.236  -47.469  47.047 0.0000000000
55924  -48.037  -50.379  47.673 0.0000000000
55925  -49.096  -49.411  47.082 0.0000000000
55926  -49.366  -49.349  47.412 0.0000000000
57065  -50.212  -48.469  47.243 0.0000000000
58151  -50.848  -48.125  47.226 0.0000000000
64651  -51.285  -40.854  45.101 0.0000000000
65673  -52.305  -40.294  45.224 0.0000000000
65671  -50.345  -39.619  45.182 0.0000000000
66728  -49.667  -39.095  44.830 0.0000000000
69019  -48.367  -37.486  43.305 0.0000000000
67841  -47.849  -37.358  42.771 0.0000000000
69033  -47.839  -36.890  42.423 0.0000000000
145080  -47.379  -36.889  41.702 0.0000000000
70154  -47.371  -36.396  41.267 0.0000000000
154448  -47.986  -35.247  41.184 0.0000000000
72318  -48.603  -34.723  41.565 0.0000000000
72398  -58.604  -34.542  37.515 0.0000000000
152189  -58.952  -35.109  38.772 0.0000000000
71300  -59.908  -35.659  39.767 0.0000000000
71283  -60.141  -35.816  40.755 0.0000000000
143338  -60.728  -37.076  42.395 0.0000000000
71270  -61.546  -35.760  41.548 0.0000000000
69048  -61.614  -37.410  41.720 0.0000000000
67879  -61.603  -38.823  41.884 0.0000000000
65727  -61.993  -39.795  41.539 0.0000000000
154355  -62.706  -41.542  40.315 0.0000000000
160091  -62.717  -40.091  39.627 0.0000000000
69072  -64.530  -37.079  39.060 0.0000000000
74643  -63.596  -32.552  37.933 0.0000000000
169225  -63.548  -33.383  37.791 0.0000000000
73578  -63.988  -33.454  36.546 0.0000000000
149378  -65.219  -32.203  35.638 0.0000000000
73596  -64.726  -33.433  35.647 0.0000000000
52684  -57.884  -52.832  41.982 0.0000000000
53795  -58.667  -52.197  41.412 0.0000000000
53796  -59.406  -52.015  40.807 0.0000000000
53798  -60.472  -51.066  40.728 0.0000000000
54875  -59.771  -50.030  41.972 0.0000000000
57112  -60.757  -48.240  41.888 0.0000000000
54827  -57.373  -49.820  44.537 0.0000000000
54842  -58.100  -49.947  44.088 0.0000000000
55972  -58.556  -49.282  43.984 0.0000000000
165524  -57.694  -48.030  44.805 0.0000000000
57099  -58.855  -48.656  43.773 0.0000000000
55982  -59.042  -49.172  43.376 0.0000000000
57100  -59.397  -48.337  43.112 0.0000000000
58204  -60.054  -47.775  42.691 0.0000000000
59280  -60.005  -47.093  42.587 0.0000000000
146346  -59.395  -45.934  43.539 0.0000000000
61421  -58.750  -44.452  43.797 0.0000000000
147953  -58.553  -43.415  44.282 0.0000000000
62511  -58.403  -43.663  45.249 0.0000000000
63596  -59.015  -42.504  45.568 0.0000000000
64658  -59.114  -41.952  45.929 0.0000000000
64655  -54.688  -41.209  45.074 0.0000000000
59209  -52.946  -47.443  47.704 0.0000000000
60257  -54.432  -45.964  47.540 0.0000000000
60297  -53.819  -46.254  45.936 0.0000000000
60279  -54.907  -45.626  46.772 0.0000000000
61387  -55.632  -45.093  46.548 0.0000000000
61388  -55.934  -44.667  45.710 0.0000000000
62509  -56.447  -43.924  45.415 0.0000000000
62522  -56.743  -43.381  44.659 0.0000000000
64669  -51.729  -41.678  44.738 0.0000000000
33573  -28.366  -68.961  47.975 0.0000000000
33540  -28.393  -68.283  50.945 0.0000000000
32441  -29.103  -68.243  50.642 0.0000000000
39353  -30.129  -64.548  52.027 0.0000000000
38276  -30.880  -65.802  51.948 0.0000000000
38271  -32.067  -65.934  52.491 0.0000000000
38277  -32.429  -66.026  52.908 0.0000000000
37074  -34.794  -66.009  53.043 0.0000000000
39347  -34.469  -64.291  53.089 0.0000000000
38299  -35.280  -65.749  52.619 0.0000000000
38311  -36.191  -66.080  51.828 0.0000000000
45134  -34.553  -59.572  48.577 0.0000000000
44156  -35.048  -59.632  47.864 0.0000000000
45157  -36.052  -59.195  47.112 0.0000000000
172319  -38.426  -58.756  47.544 0.0000000000
46225  -38.905  -58.900  47.095 0.0000000000
48317  -37.041  -56.707  50.421 0.0000000000
50390  -38.787  -55.766  50.186 0.0000000000
48318  -38.321  -56.740  50.558 0.0000000000
143748  -39.439  -58.115  49.843 0.0000000000
45122  -40.359  -58.362  49.529 0.0000000000
45136  -41.408  -58.315  49.625 0.0000000000
45146  -41.925  -58.687  49.002 0.0000000000
162014  -44.519  -59.318  51.838 0.0000000000
44078  -44.862  -59.673  51.523 0.0000000000
151542  -46.064  -58.170  51.624 0.0000000000
44079  -46.517  -60.076  51.863 0.0000000000
162695  -46.143  -60.341  51.144 0.0000000000
52546  -44.562  -52.572  49.591 0.0000000000
52513  -45.221  -52.907  51.073 0.0000000000
53632  -46.226  -52.161  50.426 0.0000000000
149750  -46.266  -52.712  51.143 0.0000000000
143606  -46.750  -53.888  52.402 0.0000000000
50366  -47.263  -54.296  51.827 0.0000000000
50379  -47.954  -54.744  51.347 0.0000000000
54757  -48.850  -50.890  50.799 0.0000000000
53648  -48.390  -51.323  51.218 0.0000000000
53635  -48.344  -51.398  51.659 0.0000000000
52517  -49.413  -51.741  51.082 0.0000000000
52516  -48.694  -51.912  51.515 0.0000000000
49379  -47.875  -55.945  50.860 0.0000000000
48321  -48.075  -57.099  50.255 0.0000000000
48331  -48.410  -57.338  49.517 0.0000000000
156751  -48.659  -57.807  48.838 0.0000000000
48332  -49.491  -56.739  49.599 0.0000000000
52566  -53.036  -51.872  48.075 0.0000000000
143231  -53.348  -52.536  47.550 0.0000000000
51490  -53.495  -53.234  47.184 0.0000000000
163048  -54.415  -51.132  46.970 0.0000000000
143396  -53.770  -52.956  46.795 0.0000000000
52663  -53.482  -52.326  42.533 0.0000000000
54853  -54.226  -50.126  44.658 0.0000000000
53737  -54.360  -49.994  44.062 0.0000000000
32487  -25.805  -69.385  48.578 0.0000000000
33571  -26.387  -68.922  48.111 0.0000000000
58214  -58.278  -47.358  42.259 0.0000000000
66712  -53.328  -39.890  44.858 0.0000000000
66732  -55.075  -40.098  44.096 0.0000000000
163115  -55.834  -40.605  43.591 0.0000000000
67830  -53.007  -39.307  44.230 0.0000000000
66748  -54.400  -39.759  43.782 0.0000000000
163170  -56.163  -41.140  42.759 0.0000000000
163138  -55.814  -41.152  42.197 0.0000000000
163182  -56.075  -41.651  41.557 0.0000000000
143129  -56.291  -42.705  40.529 0.0000000000
149611  -50.925  -38.502  42.929 0.0000000000
165636  -51.588  -38.894  42.835 0.0000000000
143400  -53.287  -39.923  42.063 0.0000000000
143186  -52.992  -40.196  41.250 0.0000000000
162908  -53.759  -40.333  41.549 0.0000000000
163139  -55.139  -41.391  41.005 0.0000000000
64708  -55.638  -42.366  40.044 0.0000000000
143262  -55.933  -42.957  39.754 0.0000000000
73518  -47.554  -33.920  39.378 0.0000000000
73495  -47.906  -33.740  40.011 0.0000000000
73470  -48.459  -34.028  41.187 0.0000000000
153129  -49.032  -34.194  41.672 0.0000000000
162804  -55.012  -34.034  38.828 0.0000000000
154750  -54.287  -33.999  38.701 0.0000000000
73499  -55.179  -33.625  40.429 0.0000000000
74638  -50.435  -33.263  39.093 0.0000000000
74637  -49.876  -33.009  39.538 0.0000000000
74615  -51.350  -32.952  40.625 0.0000000000
74614  -50.587  -32.908  40.806 0.0000000000
74626  -49.951  -32.888  40.322 0.0000000000
74602  -49.879  -33.066  41.165 0.0000000000
72301  -49.621  -34.430  41.907 0.0000000000
71262  -50.220  -35.296  41.547 0.0000000000
70157  -51.667  -35.927  41.074 0.0000000000
70177  -51.167  -36.121  40.172 0.0000000000
70196  -50.674  -36.393  39.259 0.0000000000
33522  -31.000  -67.828  53.137 0.0000000000
33588  -27.769  -68.562  47.434 0.0000000000
34684  -30.306  -67.180  54.149 0.0000000000
34693  -31.268  -67.741  54.216 0.0000000000
34709  -28.832  -67.298  51.482 0.0000000000
34717  -25.528  -68.337  51.085 0.0000000000
35862  -30.700  -66.775  54.011 0.0000000000
35869  -30.875  -67.133  54.119 0.0000000000
35870  -31.603  -67.263  54.128 0.0000000000
37050  -30.121  -66.963  53.812 0.0000000000
37053  -31.922  -66.339  53.032 0.0000000000
37060  -30.584  -66.649  52.343 0.0000000000
37063  -32.360  -65.656  53.397 0.0000000000
37072  -33.756  -66.418  53.196 0.0000000000
37081  -35.856  -66.081  52.077 0.0000000000
37100  -35.047  -66.340  51.620 0.0000000000
38269  -31.086  -66.164  52.038 0.0000000000
38279  -33.429  -65.023  52.572 0.0000000000
38284  -30.180  -65.412  51.917 0.0000000000
38285  -30.583  -64.885  52.230 0.0000000000
38288  -34.795  -65.507  53.186 0.0000000000
38300  -35.721  -65.518  52.328 0.0000000000
38301  -36.594  -65.827  52.066 0.0000000000
38318  -26.503  -66.582  50.566 0.0000000000
38321  -34.934  -65.664  51.158 0.0000000000
39343  -31.202  -64.868  52.329 0.0000000000
39357  -35.565  -64.505  53.098 0.0000000000
39358  -36.257  -64.549  52.834 0.0000000000
39366  -29.950  -64.398  51.684 0.0000000000
40454  -33.435  -63.358  52.366 0.0000000000
40455  -34.187  -63.626  52.577 0.0000000000
40460  -30.286  -63.835  51.998 0.0000000000
40463  -35.225  -63.823  53.230 0.0000000000
40465  -36.744  -63.740  52.953 0.0000000000
40473  -37.236  -63.802  52.179 0.0000000000
40482  -36.997  -63.795  51.322 0.0000000000
41640  -33.823  -63.087  52.393 0.0000000000
41648  -35.699  -63.284  53.327 0.0000000000
41649  -36.276  -63.479  53.097 0.0000000000
42895  -34.199  -62.576  52.150 0.0000000000
42906  -35.141  -62.837  51.949 0.0000000000
44065  -42.299  -59.340  52.353 0.0000000000
44094  -45.487  -60.049  51.380 0.0000000000
45085  -42.572  -58.716  52.880 0.0000000000
45094  -41.607  -58.905  52.188 0.0000000000
45095  -43.023  -59.369  52.189 0.0000000000
45098  -46.017  -58.989  51.505 0.0000000000
46150  -41.137  -57.822  54.001 0.0000000000
46151  -41.323  -57.873  54.064 0.0000000000
46152  -42.000  -57.508  53.829 0.0000000000
46158  -40.665  -58.083  54.090 0.0000000000
46159  -41.806  -58.168  53.452 0.0000000000
46168  -46.696  -58.768  51.696 0.0000000000
47242  -42.104  -56.835  53.665 0.0000000000
47243  -42.558  -56.708  53.142 0.0000000000
47251  -40.796  -57.752  53.041 0.0000000000
47254  -44.334  -57.032  52.681 0.0000000000
47263  -40.699  -57.741  52.076 0.0000000000
47274  -37.559  -57.019  50.482 0.0000000000
48283  -41.004  -57.183  52.565 0.0000000000
48284  -41.283  -56.964  53.192 0.0000000000
48285  -41.905  -56.728  53.159 0.0000000000
48291  -43.065  -56.113  53.446 0.0000000000
48293  -44.466  -56.095  53.013 0.0000000000
48304  -41.329  -56.679  51.664 0.0000000000
49354  -42.179  -56.075  51.938 0.0000000000
49355  -42.590  -55.922  52.902 0.0000000000
49361  -41.077  -56.320  51.121 0.0000000000
49380  -48.530  -55.836  50.572 0.0000000000
50355  -44.547  -55.017  53.015 0.0000000000
50356  -45.188  -54.724  52.957 0.0000000000
50363  -42.971  -55.455  51.769 0.0000000000
50364  -43.603  -55.147  52.188 0.0000000000
51397  -46.225  -54.227  52.590 0.0000000000
51411  -44.073  -54.711  52.580 0.0000000000
51413  -45.358  -53.910  52.429 0.0000000000
51429  -44.208  -53.841  51.408 0.0000000000
51505  -55.463  -52.331  45.868 0.0000000000
51543  -57.028  -52.884  43.934 0.0000000000
51564  -57.611  -52.904  43.318 0.0000000000
51584  -58.161  -53.027  42.801 0.0000000000
51606  -58.085  -52.929  42.190 0.0000000000
52501  -48.040  -52.304  51.916 0.0000000000
52514  -47.162  -52.379  51.817 0.0000000000
52547  -45.224  -52.074  49.881 0.0000000000
52549  -55.116  -49.999  48.144 0.0000000000
52550  -55.635  -50.793  48.516 0.0000000000
52565  -44.597  -52.714  48.719 0.0000000000
52584  -54.963  -50.564  46.717 0.0000000000
52618  -56.050  -52.194  45.350 0.0000000000
52634  -55.175  -52.842  44.825 0.0000000000
52648  -55.730  -52.850  44.384 0.0000000000
52649  -56.569  -52.826  43.679 0.0000000000
52665  -57.572  -52.770  43.313 0.0000000000
52666  -58.188  -52.636  42.974 0.0000000000
52685  -58.465  -52.537  41.828 0.0000000000
52686  -59.607  -52.148  41.139 0.0000000000
52710  -60.001  -52.148  40.943 0.0000000000
52711  -60.051  -51.641  40.634 0.0000000000
52737  -59.935  -52.157  40.718 0.0000000000
53645  -45.903  -51.829  49.960 0.0000000000
53662  -55.332  -51.036  48.656 0.0000000000
53677  -56.035  -50.101  48.577 0.0000000000
53687  -55.360  -49.954  46.970 0.0000000000
53759  -58.657  -51.877  42.634 0.0000000000
53760  -59.073  -51.571  42.319 0.0000000000
53777  -57.734  -52.118  41.848 0.0000000000
53779  -59.916  -51.950  41.259 0.0000000000
53780  -60.222  -51.190  41.031 0.0000000000
53797  -60.111  -51.575  40.887 0.0000000000
53820  -59.821  -51.431  40.511 0.0000000000
53821  -60.314  -51.122  40.575 0.0000000000
54747  -53.671  -50.948  49.821 0.0000000000
54758  -49.507  -50.479  50.776 0.0000000000
54759  -54.600  -50.871  50.059 0.0000000000
54761  -55.855  -49.467  49.525 0.0000000000
54769  -48.685  -51.664  49.493 0.0000000000
54771  -54.655  -51.212  49.143 0.0000000000
54772  -55.793  -50.059  49.271 0.0000000000
54781  -46.313  -51.448  48.263 0.0000000000
54797  -53.967  -49.764  47.677 0.0000000000
54798  -53.908  -49.431  47.915 0.0000000000
54799  -56.655  -50.184  48.043 0.0000000000
54800  -56.684  -49.746  47.106 0.0000000000
54841  -54.809  -50.517  44.976 0.0000000000
54843  -59.012  -49.967  43.896 0.0000000000
54870  -55.362  -49.309  43.427 0.0000000000
54872  -57.028  -49.465  43.149 0.0000000000
54874  -59.687  -50.051  42.163 0.0000000000
54891  -60.122  -50.545  41.271 0.0000000000
54907  -58.635  -51.603  41.184 0.0000000000
54909  -59.856  -50.669  40.661 0.0000000000
54910  -60.491  -50.647  40.884 0.0000000000
54926  -60.387  -50.704  40.654 0.0000000000
55863  -53.689  -50.517  50.045 0.0000000000
55864  -54.162  -50.273  50.114 0.0000000000
55865  -54.752  -49.177  49.858 0.0000000000
55877  -54.872  -49.813  49.973 0.0000000000
55878  -55.467  -48.992  49.983 0.0000000000
55910  -56.958  -49.207  47.258 0.0000000000
55956  -56.519  -49.423  45.397 0.0000000000
55983  -59.663  -49.053  43.020 0.0000000000
55996  -60.617  -49.204  42.009 0.0000000000
56013  -59.286  -49.051  41.642 0.0000000000
56014  -60.214  -49.219  41.697 0.0000000000
56031  -59.513  -50.371  40.922 0.0000000000
56032  -60.111  -50.125  41.275 0.0000000000
57018  -52.898  -49.942  48.478 0.0000000000
57019  -54.224  -49.685  48.592 0.0000000000
57031  -54.396  -49.369  48.537 0.0000000000
57033  -55.148  -48.338  49.967 0.0000000000
57034  -55.672  -48.190  49.896 0.0000000000
57055  -56.167  -48.741  48.192 0.0000000000
57064  -49.660  -48.754  46.999 0.0000000000
57076  -56.377  -48.895  46.011 0.0000000000
57111  -60.148  -48.481  42.378 0.0000000000
57126  -58.933  -48.286  42.045 0.0000000000
57127  -60.415  -48.424  41.724 0.0000000000
57143  -59.846  -48.715  41.688 0.0000000000
57158  -59.649  -49.545  41.538 0.0000000000
58117  -53.849  -48.005  48.559 0.0000000000
58118  -54.498  -48.174  49.540 0.0000000000
58119  -54.979  -47.752  49.739 0.0000000000
58129  -51.948  -48.095  48.998 0.0000000000
58131  -54.622  -48.496  47.769 0.0000000000
58132  -55.634  -47.962  49.477 0.0000000000
58141  -52.141  -47.874  48.799 0.0000000000
58143  -55.398  -48.112  46.912 0.0000000000
58152  -51.553  -47.760  47.223 0.0000000000
58185  -58.871  -47.192  43.768 0.0000000000
58205  -60.467  -47.698  42.065 0.0000000000
59166  -53.828  -47.432  48.531 0.0000000000
59181  -52.684  -47.599  48.624 0.0000000000
59183  -53.987  -47.285  48.476 0.0000000000
59211  -55.954  -47.221  46.546 0.0000000000
59225  -56.802  -46.594  46.160 0.0000000000
59268  -59.609  -46.565  43.184 0.0000000000
59269  -59.501  -45.967  43.078 0.0000000000
59288  -58.965  -47.038  42.330 0.0000000000
59298  -59.188  -45.921  42.482 0.0000000000
60242  -54.246  -46.755  48.260 0.0000000000
60280  -56.474  -45.248  46.924 0.0000000000
60298  -54.269  -46.317  46.634 0.0000000000
60302  -57.559  -45.408  45.681 0.0000000000
60323  -58.612  -45.426  44.226 0.0000000000
60361  -58.982  -45.876  42.435 0.0000000000
60367  -57.471  -45.367  41.781 0.0000000000
60378  -57.516  -45.770  39.863 0.0000000000
61373  -55.655  -45.178  47.086 0.0000000000
61374  -56.017  -44.906  47.015 0.0000000000
61420  -58.634  -44.786  44.098 0.0000000000
61427  -59.163  -44.402  43.410 0.0000000000
61428  -59.518  -44.283  43.052 0.0000000000
61450  -57.615  -44.619  42.107 0.0000000000
61476  -57.089  -44.439  39.918 0.0000000000
61484  -56.291  -44.503  38.870 0.0000000000
62484  -56.003  -44.657  46.712 0.0000000000
62485  -56.972  -43.791  46.602 0.0000000000
62497  -56.161  -44.360  46.001 0.0000000000
62498  -57.136  -44.145  46.913 0.0000000000
62500  -57.816  -43.415  45.616 0.0000000000
62521  -56.252  -44.290  44.934 0.0000000000
62523  -58.580  -43.359  44.931 0.0000000000
62531  -56.296  -43.455  43.925 0.0000000000
62533  -58.755  -43.861  43.727 0.0000000000
62543  -59.386  -43.563  43.254 0.0000000000
62579  -56.227  -43.559  39.566 0.0000000000
63582  -56.804  -43.280  45.218 0.0000000000
63583  -57.970  -42.320  45.840 0.0000000000
63597  -58.721  -42.923  45.010 0.0000000000
63611  -58.555  -42.872  44.268 0.0000000000
63662  -56.896  -43.342  40.725 0.0000000000
64643  -58.759  -41.821  46.106 0.0000000000
64652  -52.074  -41.028  45.155 0.0000000000
64654  -53.739  -41.229  45.133 0.0000000000
64659  -59.168  -41.782  45.357 0.0000000000
64697  -63.163  -40.102  40.400 0.0000000000
64709  -63.084  -41.265  39.901 0.0000000000
64710  -63.826  -40.226  39.569 0.0000000000
64720  -63.330  -40.569  39.533 0.0000000000
64721  -64.127  -40.313  38.963 0.0000000000
65654  -57.362  -41.248  46.709 0.0000000000
65664  -58.958  -41.317  45.988 0.0000000000
65674  -53.114  -40.428  45.091 0.0000000000
65676  -54.670  -40.651  44.913 0.0000000000
65678  -59.080  -41.278  45.722 0.0000000000
65686  -49.034  -39.698  44.273 0.0000000000
65689  -54.954  -40.354  44.601 0.0000000000
65737  -63.560  -39.635  40.200 0.0000000000
65745  -61.880  -41.255  40.792 0.0000000000
65746  -62.671  -41.149  39.868 0.0000000000
65747  -64.232  -40.047  38.947 0.0000000000
65756  -63.258  -40.492  38.888 0.0000000000
65758  -64.299  -39.760  38.641 0.0000000000
66710  -51.621  -39.515  45.267 0.0000000000
66713  -54.134  -40.103  44.721 0.0000000000
66716  -57.754  -40.365  45.875 0.0000000000
66717  -58.315  -40.602  45.641 0.0000000000
66731  -54.331  -39.824  44.300 0.0000000000
66734  -56.825  -40.709  45.412 0.0000000000
66749  -55.124  -40.168  43.432 0.0000000000
66762  -52.801  -39.460  42.601 0.0000000000
66763  -53.565  -39.670  42.879 0.0000000000
66764  -54.300  -39.899  43.138 0.0000000000
66784  -52.496  -39.792  41.774 0.0000000000
66787  -62.132  -38.989  41.377 0.0000000000
66788  -62.959  -38.696  40.798 0.0000000000
66808  -61.129  -40.585  41.434 0.0000000000
66809  -63.339  -38.574  40.227 0.0000000000
66827  -64.246  -39.132  39.117 0.0000000000
66842  -62.874  -39.395  39.264 0.0000000000
67827  -50.465  -38.227  44.762 0.0000000000
67829  -51.693  -38.650  44.346 0.0000000000
67831  -53.737  -39.482  44.044 0.0000000000
67832  -57.193  -40.956  44.983 0.0000000000
67844  -50.676  -38.039  43.621 0.0000000000
67847  -53.230  -39.320  43.835 0.0000000000
67895  -63.771  -38.075  39.912 0.0000000000
68994  -57.392  -40.649  45.307 0.0000000000
69007  -49.855  -37.848  44.205 0.0000000000
69021  -50.415  -37.822  43.959 0.0000000000
69061  -62.878  -37.509  40.525 0.0000000000
69078  -64.367  -37.767  39.235 0.0000000000
69079  -64.504  -37.691  39.068 0.0000000000
70141  -55.164  -35.685  41.994 0.0000000000
70144  -60.219  -36.400  42.669 0.0000000000
70158  -53.566  -35.885  41.723 0.0000000000
70162  -57.494  -36.337  41.099 0.0000000000
70163  -61.519  -36.465  41.775 0.0000000000
70164  -62.160  -36.872  41.270 0.0000000000
70182  -62.538  -36.851  40.513 0.0000000000
70197  -63.906  -36.181  39.614 0.0000000000
71249  -54.832  -34.972  42.318 0.0000000000
71250  -55.659  -35.009  42.206 0.0000000000
71254  -60.667  -36.040  42.394 0.0000000000
71266  -58.658  -35.881  40.544 0.0000000000
71268  -60.141  -35.782  41.965 0.0000000000
71269  -60.707  -35.603  42.007 0.0000000000
71284  -62.493  -35.627  40.436 0.0000000000
71285  -63.026  -35.635  40.341 0.0000000000
71308  -64.230  -35.892  38.703 0.0000000000
72302  -50.461  -34.452  42.029 0.0000000000
72306  -54.679  -34.281  42.290 0.0000000000
72308  -56.674  -34.817  41.756 0.0000000000
72319  -55.792  -34.036  41.870 0.0000000000
72321  -57.100  -34.774  41.323 0.0000000000
72322  -57.844  -35.234  40.955 0.0000000000
72324  -61.573  -35.373  41.004 0.0000000000
72342  -59.126  -35.492  39.784 0.0000000000
72346  -64.031  -34.585  39.765 0.0000000000
72366  -58.165  -34.777  39.087 0.0000000000
72382  -57.956  -34.577  38.136 0.0000000000
72383  -58.776  -34.840  38.149 0.0000000000
72384  -59.619  -34.838  38.238 0.0000000000
72385  -60.479  -34.656  38.473 0.0000000000
73453  -54.192  -33.804  42.102 0.0000000000
73454  -55.051  -33.861  42.034 0.0000000000
73471  -49.682  -33.729  41.645 0.0000000000
73472  -50.841  -33.406  41.738 0.0000000000
73473  -51.633  -33.346  41.784 0.0000000000
73474  -52.460  -33.226  41.787 0.0000000000
73475  -53.752  -33.399  41.682 0.0000000000
73478  -56.100  -33.986  41.348 0.0000000000
73497  -49.373  -33.091  40.618 0.0000000000
73498  -54.110  -33.309  41.116 0.0000000000
73502  -62.289  -34.175  40.068 0.0000000000
73526  -56.626  -34.164  39.767 0.0000000000
73528  -61.250  -34.187  38.832 0.0000000000
73531  -63.240  -33.241  40.021 0.0000000000
73637  -66.202  -32.979  34.106 0.0000000000
74604  -51.904  -32.971  41.307 0.0000000000
74616  -52.139  -33.035  40.549 0.0000000000
74618  -62.704  -33.452  40.027 0.0000000000
74629  -52.302  -33.368  39.785 0.0000000000
74640  -61.107  -32.736  37.904 0.0000000000
74642  -64.184  -32.154  38.954 0.0000000000
74662  -64.760  -32.842  36.009 0.0000000000
74699  -66.388  -32.367  34.112 0.0000000000
75610  -63.165  -32.537  38.691 0.0000000000
75619  -63.201  -31.611  38.067 0.0000000000
75626  -64.260  -31.685  36.720 0.0000000000
76619  -63.865  -31.143  37.187 0.0000000000
77751  -63.862  -29.823  36.966 0.0000000000
77758  -64.130  -29.281  36.643 0.0000000000
77766  -65.297  -29.276  35.690 0.0000000000
78868  -64.202  -28.783  36.331 0.0000000000
142527  -57.421  -43.689  41.247 0.0000000000
142541  -53.477  -52.065  46.525 0.0000000000
142543  -51.451  -51.019  49.929 0.0000000000
142544  -53.272  -50.069  48.400 0.0000000000
142587  -56.686  -43.882  46.548 0.0000000000
142588  -56.355  -44.145  46.153 0.0000000000
142590  -56.977  -42.998  45.298 0.0000000000
143019  -59.965  -37.579  42.581 0.0000000000
143026  -58.492  -41.082  44.528 0.0000000000
143039  -58.633  -40.808  45.185 0.0000000000
143052  -53.936  -41.055  40.343 0.0000000000
143069  -59.300  -43.868  42.724 0.0000000000
143112  -56.549  -40.770  44.503 0.0000000000
143138  -57.016  -42.466  46.227 0.0000000000
143174  -61.206  -38.197  42.259 0.0000000000
143251  -63.147  -40.750  40.029 0.0000000000
143292  -62.507  -41.102  41.137 0.0000000000
143355  -57.788  -40.587  45.365 0.0000000000
143430  -56.423  -43.267  40.113 0.0000000000
143479  -58.990  -45.220  42.561 0.0000000000
143546  -59.801  -36.044  42.209 0.0000000000
143700  -55.045  -45.491  47.334 0.0000000000
143821  -43.427  -53.903  50.202 0.0000000000
143965  -60.237  -47.004  41.978 0.0000000000
144072  -56.233  -34.262  37.747 0.0000000000
144652  -51.179  -51.378  50.344 0.0000000000
144743  -58.094  -34.854  39.971 0.0000000000
144933  -32.151  -65.371  52.536 0.0000000000
145762  -55.311  -45.506  47.395 0.0000000000
145892  -60.159  -47.976  41.702 0.0000000000
146235  -62.625  -34.055  40.455 0.0000000000
146908  -48.587  -36.979  42.626 0.0000000000
148296  -50.256  -33.403  41.603 0.0000000000
149494  -58.378  -44.078  44.833 0.0000000000
149689  -48.033  -50.360  47.296 0.0000000000
149824  -36.193  -63.747  50.852 0.0000000000
149844  -58.179  -45.418  42.743 0.0000000000
151053  -55.271  -52.911  45.534 0.0000000000
151239  -63.374  -30.996  37.583 0.0000000000
151343  -60.020  -36.902  42.817 0.0000000000
152019  -63.457  -38.999  40.216 0.0000000000
152555  -56.356  -44.331  46.811 0.0000000000
152742  -56.187  -41.334  44.847 0.0000000000
153318  -59.155  -42.237  45.444 0.0000000000
153386  -64.355  -36.677  39.278 0.0000000000
154143  -61.832  -38.030  41.634 0.0000000000
154659  -63.525  -32.033  37.976 0.0000000000
155082  -28.579  -69.407  49.762 0.0000000000
155231  -64.176  -33.913  39.453 0.0000000000
155240  -59.029  -42.464  46.068 0.0000000000
155429  -54.376  -33.499  40.359 0.0000000000
155598  -64.302  -32.848  38.771 0.0000000000
155680  -30.997  -67.931  54.176 0.0000000000
156454  -50.629  -56.868  48.614 0.0000000000
157061  -56.417  -50.066  48.107 0.0000000000
157194  -58.217  -45.729  44.810 0.0000000000
157310  -55.001  -47.971  49.971 0.0000000000
157336  -61.572  -35.255  40.500 0.0000000000
157346  -51.172  -34.547  42.106 0.0000000000
157415  -60.022  -47.044  41.886 0.0000000000
157768  -56.122  -34.564  42.022 0.0000000000
157991  -53.034  -47.239  46.670 0.0000000000
158432  -45.366  -58.385  51.881 0.0000000000
158707  -64.625  -32.187  36.207 0.0000000000
158909  -53.850  -46.739  48.315 0.0000000000
159785  -64.575  -37.322  38.736 0.0000000000
159974  -46.758  -53.252  52.241 0.0000000000
160047  -30.712  -67.210  52.035 0.0000000000
160132  -49.171  -52.535  51.188 0.0000000000
160343  -56.179  -40.855  44.405 0.0000000000
160797  -53.404  -33.119  41.138 0.0000000000
161132  -51.666  -40.293  45.312 0.0000000000
161145  -56.917  -52.527  44.270 0.0000000000
161238  -54.164  -34.760  42.422 0.0000000000
161260  -30.906  -66.881  52.612 0.0000000000
162112  -45.563  -59.524  51.578 0.0000000000
162851  -56.750  -41.059  43.998 0.0000000000
162852  -54.809  -41.017  41.407 0.0000000000
162857  -60.906  -39.932  42.276 0.0000000000
162858  -59.612  -36.440  40.744 0.0000000000
162868  -58.142  -40.669  45.066 0.0000000000
162869  -56.528  -41.523  42.364 0.0000000000
162871  -57.797  -43.400  42.211 0.0000000000
162893  -61.463  -39.676  42.151 0.0000000000
162935  -55.889  -42.049  40.791 0.0000000000
162981  -61.995  -40.661  41.676 0.0000000000
162994  -59.315  -44.567  42.750 0.0000000000
163016  -55.083  -42.097  39.687 0.0000000000
163019  -60.753  -38.772  41.515 0.0000000000
163060  -50.299  -50.341  50.921 0.0000000000
163076  -64.829  -40.059  37.896 0.0000000000
163107  -57.874  -42.225  43.987 0.0000000000
163108  -55.433  -41.261  41.556 0.0000000000
163109  -56.997  -41.580  42.779 0.0000000000
163111  -59.499  -43.111  43.103 0.0000000000
163116  -56.677  -41.267  42.969 0.0000000000
163117  -57.845  -40.908  44.324 0.0000000000
163118  -58.016  -41.614  44.186 0.0000000000
163119  -55.595  -40.647  42.847 0.0000000000
163125  -60.617  -39.392  42.059 0.0000000000
163127  -61.522  -40.482  42.246 0.0000000000
163133  -56.168  -40.769  44.025 0.0000000000
163134  -55.709  -40.415  44.001 0.0000000000
163140  -56.819  -41.085  43.792 0.0000000000
163141  -58.209  -42.418  42.848 0.0000000000
163142  -57.502  -41.557  43.757 0.0000000000
163143  -56.639  -41.967  41.880 0.0000000000
163144  -58.821  -43.311  42.661 0.0000000000
163157  -60.858  -40.713  42.022 0.0000000000
163167  -58.381  -42.501  44.196 0.0000000000
163168  -54.623  -41.266  40.666 0.0000000000
163169  -58.203  -40.795  44.610 0.0000000000
163171  -57.044  -41.386  43.285 0.0000000000
163177  -56.433  -42.256  41.272 0.0000000000
163178  -59.457  -43.143  42.893 0.0000000000
163180  -56.836  -41.221  43.463 0.0000000000
163212  -53.273  -48.226  48.922 0.0000000000
163782  -47.383  -57.297  48.882 0.0000000000
164417  -59.034  -50.794  43.071 0.0000000000
164872  -54.695  -47.799  49.684 0.0000000000
165085  -57.504  -44.270  45.821 0.0000000000
165403  -36.793  -64.310  52.263 0.0000000000
165571  -64.068  -39.621  39.751 0.0000000000
165983  -57.547  -44.339  41.129 0.0000000000
166194  -59.360  -45.686  42.694 0.0000000000
166455  -60.295  -33.109  36.950 0.0000000000
166520  -58.689  -43.011  45.465 0.0000000000
166661  -56.123  -49.230  46.948 0.0000000000
166751  -62.374  -40.090  41.160 0.0000000000
167038  -58.882  -46.317  42.438 0.0000000000
167393  -64.419  -35.951  38.951 0.0000000000
167536  -57.054  -36.693  41.018 0.0000000000
167768  -34.602  -66.848  52.076 0.0000000000
168050  -52.329  -39.079  44.427 0.0000000000
168147  -55.818  -46.641  46.821 0.0000000000
168853  -31.646  -65.696  52.201 0.0000000000
169470  -58.858  -50.442  43.355 0.0000000000
169914  -56.915  -47.589  45.673 0.0000000000
169953  -49.091  -34.598  41.792 0.0000000000
170427  -61.370  -32.985  38.279 0.0000000000
170461  -53.500  -35.450  42.165 0.0000000000
170464  -64.102  -40.632  38.910 0.0000000000
170847  -31.472  -65.862  52.003 0.0000000000
171248  -62.930  -35.290  40.318 0.0000000000
171370  -58.472  -35.521  40.442 0.0000000000
171464  -59.763  -36.358  41.960 0.0000000000
171724  -57.354  -43.908  46.051 0.0000000000
171855  -58.106  -52.502  41.735 0.0000000000
171866  -43.375  -59.746  51.989 0.0000000000
171962  -56.577  -49.517  48.187 0.0000000000
172156  -57.743  -42.174  42.594 0.0000000000
172187  -43.838  -57.289  52.710 0.0000000000
172480  -58.834  -41.244  44.924 0.0000000000
172825  -63.329  -31.648  38.070 0.0000000000
172968  -45.211  -60.559  51.014 0.0000000000
173563  -63.634  -31.912  38.739 0.0000000000
173670  -37.441  -64.096  51.691 0.0000000000
