#!ascii label  , from subject sub-v1s1x0050651_ses-1 vox2ras=TkReg
1179
87676  -20.543  -20.070  -25.665 0.5555555820
88635  -21.292  -19.770  -26.334 0.6666666865
89611  -21.829  -18.700  -27.645 0.7777777910
171338  -22.429  -18.692  -28.265 0.7777777910
90550  -21.988  -17.265  -28.195 0.8888888955
90574  -24.785  -17.400  -29.208 0.8888888955
87665  -19.486  -20.832  -24.701 0.5555555820
88604  -19.756  -20.036  -25.127 0.5555555820
89575  -20.410  -18.731  -25.845 0.6666666865
89595  -20.887  -18.481  -26.338 0.8888888955
88654  -23.040  -18.079  -28.456 0.8888888955
152945  -22.727  -17.167  -28.410 0.8888888955
163672  -23.407  -15.929  -28.715 1.0000000000
91572  -25.089  -16.721  -29.560 0.8888888955
166888  -24.852  -15.349  -29.904 1.0000000000
89563  -19.416  -18.214  -24.855 0.7777777910
90535  -20.377  -17.141  -26.271 1.0000000000
92567  -19.899  -15.311  -26.103 1.0000000000
91548  -21.144  -16.116  -27.336 1.0000000000
158851  -22.447  -15.127  -28.104 1.0000000000
92568  -20.626  -15.786  -26.738 1.0000000000
93598  -21.756  -14.821  -27.699 1.0000000000
94571  -22.285  -14.266  -28.095 1.0000000000
93609  -22.897  -14.504  -28.523 1.0000000000
164769  -24.701  -14.498  -30.000 1.0000000000
94581  -22.688  -13.838  -28.506 1.0000000000
94582  -23.222  -13.778  -29.059 1.0000000000
94603  -24.947  -13.491  -30.137 1.0000000000
95511  -23.803  -12.367  -29.802 1.0000000000
94593  -24.837  -12.775  -30.025 0.7777777910
93579  -19.345  -14.479  -25.665 0.8888888955
154566  -20.506  -14.891  -26.767 1.0000000000
156409  -21.544  -13.926  -27.742 1.0000000000
93589  -20.479  -14.150  -26.849 1.0000000000
94570  -21.403  -13.188  -27.794 1.0000000000
95500  -22.493  -12.499  -28.776 1.0000000000
95501  -23.263  -12.877  -29.203 1.0000000000
95512  -24.460  -12.194  -29.995 1.0000000000
95513  -25.291  -12.326  -29.945 0.8888888955
96488  -25.110  -11.661  -29.818 1.0000000000
96490  -26.671  -11.244  -29.977 0.7777777910
155697  -18.769  -13.136  -25.425 0.5555555820
96452  -19.434  -11.485  -26.380 0.7777777910
95480  -19.607  -12.363  -26.456 0.8888888955
95490  -20.952  -12.643  -27.586 1.0000000000
95499  -21.661  -12.536  -28.138 1.0000000000
156755  -20.578  -12.064  -27.369 0.8888888955
96464  -21.155  -11.851  -27.897 1.0000000000
96473  -21.792  -11.754  -28.680 1.0000000000
158991  -22.672  -10.959  -29.835 1.0000000000
96487  -24.263  -11.359  -29.985 0.8888888955
171161  -23.414  -10.314  -30.071 1.0000000000
97433  -24.066  -10.383  -29.882 0.8888888955
98304  -25.717  -9.689  -29.592 0.7777777910
145172  -27.381  -10.186  -29.561 0.6666666865
98305  -26.604  -10.056  -29.535 0.6666666865
96423  -17.593  -11.111  -24.645 0.4444444478
96440  -18.725  -11.463  -25.676 0.7777777910
97385  -18.391  -10.521  -25.648 0.6666666865
97412  -19.926  -10.499  -27.176 0.7777777910
96472  -21.204  -10.960  -28.417 0.8888888955
97421  -21.895  -11.020  -29.330 1.0000000000
97419  -21.068  -10.115  -28.431 1.0000000000
97431  -22.225  -10.257  -29.675 1.0000000000
149978  -22.915  -10.272  -30.087 1.0000000000
99297  -22.971  -8.886  -30.098 0.8888888955
98303  -24.182  -9.377  -29.904 0.7777777910
99300  -24.962  -9.147  -29.722 0.7777777910
98287  -27.478  -9.408  -29.465 0.5555555820
99281  -25.149  -8.449  -29.307 0.7777777910
99283  -27.029  -8.545  -29.117 0.6666666865
98233  -17.843  -8.999  -25.772 0.6666666865
98234  -18.075  -9.707  -25.705 0.6666666865
98252  -19.209  -9.954  -26.703 0.7777777910
98251  -18.460  -9.193  -26.291 0.7777777910
98270  -19.853  -9.527  -27.546 0.8888888955
98284  -20.624  -9.514  -28.226 0.8888888955
99266  -20.155  -8.679  -28.220 1.0000000000
156218  -20.814  -8.931  -28.663 1.0000000000
99296  -21.969  -8.764  -29.627 1.0000000000
98301  -22.533  -9.422  -29.936 0.8888888955
156912  -22.940  -8.117  -29.788 0.8888888955
100225  -23.734  -7.887  -29.681 0.8888888955
99299  -24.326  -8.533  -29.727 0.7777777910
100224  -22.418  -7.362  -29.629 0.8888888955
101183  -23.158  -7.254  -29.636 0.7777777910
161568  -24.543  -7.752  -29.268 0.7777777910
100211  -25.559  -7.707  -28.768 0.7777777910
100212  -26.611  -7.719  -28.724 0.6666666865
99223  -17.376  -8.407  -25.485 0.6666666865
98224  -17.474  -9.307  -25.285 0.5555555820
99247  -17.893  -8.426  -26.100 0.7777777910
99248  -18.498  -8.318  -26.684 0.8888888955
147353  -19.558  -8.662  -27.614 0.8888888955
99278  -19.984  -7.943  -28.584 1.0000000000
99279  -20.730  -8.165  -28.870 1.0000000000
100223  -21.720  -7.411  -29.500 1.0000000000
155307  -22.164  -8.065  -29.670 0.8888888955
100210  -23.912  -7.079  -29.411 0.7777777910
101154  -24.405  -5.880  -28.547 0.7777777910
101171  -26.186  -6.773  -28.378 0.6666666865
173240  -27.410  -6.548  -28.735 0.5555555820
156093  -27.167  -7.005  -28.591 0.5555555820
170101  -17.542  -7.985  -25.919 0.7777777910
100164  -17.189  -7.465  -25.674 0.6666666865
100198  -19.039  -7.494  -27.843 1.0000000000
100209  -20.280  -7.375  -28.851 1.0000000000
101167  -21.262  -6.169  -29.254 0.8888888955
101181  -21.900  -6.745  -29.515 0.8888888955
102097  -21.628  -5.472  -29.051 0.8888888955
101182  -22.588  -6.688  -29.540 0.8888888955
102099  -23.382  -5.815  -28.873 0.7777777910
102087  -23.945  -5.149  -28.186 0.7777777910
101156  -26.320  -5.894  -28.185 0.5555555820
102900  -22.965  -5.023  -28.382 0.7777777910
102089  -25.934  -5.297  -27.893 0.5555555820
102100  -27.383  -5.417  -28.684 0.5555555820
102888  -25.588  -4.681  -27.376 0.6666666865
101107  -15.890  -6.614  -23.465 0.4444444478
100163  -16.640  -7.068  -25.060 0.5555555820
101151  -17.775  -6.023  -26.907 0.7777777910
151547  -18.638  -6.985  -27.602 1.0000000000
101145  -18.147  -6.856  -26.966 0.8888888955
101164  -19.268  -5.927  -28.386 1.0000000000
158009  -19.832  -5.738  -28.794 0.8888888955
102095  -20.069  -5.184  -29.027 0.8888888955
158191  -20.434  -5.957  -28.955 0.8888888955
102096  -20.805  -5.395  -28.954 0.8888888955
102098  -22.464  -5.556  -29.013 0.8888888955
102887  -24.538  -4.574  -27.505 0.6666666865
102889  -26.398  -4.695  -27.827 0.5555555820
102876  -16.788  -4.268  -26.043 0.6666666865
102068  -16.632  -5.653  -25.567 0.6666666865
102882  -17.819  -4.420  -27.269 0.7777777910
102086  -18.776  -5.230  -28.179 0.8888888955
102883  -18.447  -4.484  -27.843 0.7777777910
102895  -19.040  -4.466  -28.428 0.7777777910
102896  -19.698  -4.491  -28.739 0.8888888955
103837  -20.024  -3.741  -28.494 0.7777777910
102897  -20.346  -4.653  -28.835 0.8888888955
103821  -20.919  -3.343  -27.900 0.7777777910
102884  -21.556  -4.174  -28.176 0.7777777910
102885  -22.511  -4.300  -27.891 0.6666666865
104822  -21.633  -2.608  -27.341 0.6666666865
104823  -22.634  -2.777  -27.085 0.6666666865
103823  -23.068  -3.633  -27.289 0.6666666865
102886  -23.511  -4.434  -27.670 0.5555555820
104808  -23.286  -2.014  -27.033 0.6666666865
104825  -24.744  -2.887  -26.799 0.5555555820
147757  -26.209  -3.891  -27.325 0.4444444478
104809  -24.261  -2.083  -26.763 0.5555555820
104785  -15.657  -2.024  -24.423 0.3333333433
104797  -15.662  -2.396  -25.021 0.3333333433
103809  -16.454  -3.062  -25.768 0.5555555820
103810  -16.920  -3.433  -26.369 0.6666666865
104805  -16.653  -2.506  -26.213 0.5555555820
103818  -17.585  -3.472  -27.212 0.7777777910
103819  -18.220  -3.105  -27.785 0.7777777910
104819  -18.363  -2.160  -27.737 0.6666666865
170554  -19.428  -3.084  -28.306 0.6666666865
104820  -19.200  -2.224  -28.063 0.6666666865
104821  -19.971  -2.763  -28.136 0.6666666865
149717  -20.655  -2.325  -27.588 0.6666666865
105805  -21.354  -1.649  -27.243 0.6666666865
105793  -22.979  -1.245  -27.309 0.6666666865
105795  -24.752  -1.344  -26.644 0.5555555820
105794  -23.917  -1.319  -26.887 0.6666666865
154246  -16.295  -0.975  -25.277 0.4444444478
105738  -15.823  -1.550  -24.173 0.4444444478
105769  -15.773  -1.708  -25.090 0.4444444478
105784  -16.343  -1.727  -25.856 0.5555555820
164620  -17.401  -1.258  -26.818 0.6666666865
105790  -17.647  -1.902  -27.205 0.6666666865
105802  -18.770  -1.444  -27.697 0.6666666865
147831  -19.870  -2.000  -27.887 0.6666666865
105804  -20.317  -1.476  -27.401 0.6666666865
106790  -20.908  -0.803  -27.025 0.6666666865
154380  -22.977  0.065  -27.127 0.6666666865
153712  -24.012  0.164  -27.142 0.5555555820
106779  -24.485  -0.635  -26.794 0.6666666865
149567  -16.407  -0.401  -24.749 0.4444444478
106773  -18.215  -0.160  -26.742 0.6666666865
105791  -18.076  -1.073  -27.307 0.6666666865
106788  -18.857  -0.574  -27.320 0.6666666865
105803  -19.412  -1.378  -27.678 0.6666666865
106776  -21.789  -0.627  -27.158 0.6666666865
90549  -21.656  -17.760  -27.715 0.8888888955
90524  -20.298  -17.897  -25.912 1.0000000000
91537  -20.843  -16.780  -26.867 1.0000000000
91550  -22.214  -16.554  -28.228 1.0000000000
92599  -24.268  -15.255  -29.538 1.0000000000
97384  -17.678  -10.245  -25.125 0.5555555820
156765  -22.519  -8.661  -29.870 0.8888888955
99222  -16.896  -7.907  -24.937 0.5555555820
102049  -16.243  -5.705  -24.637 0.5555555820
100183  -17.850  -7.637  -26.411 0.7777777910
101165  -19.851  -6.561  -28.731 1.0000000000
102038  -15.673  -5.864  -23.117 0.2222222239
160708  -25.197  -4.009  -26.954 0.6666666865
103835  -18.670  -3.745  -28.109 0.7777777910
103825  -25.527  -3.304  -26.963 0.4444444478
169512  -17.209  -9.649  -24.741 0.4444444478
99205  -16.918  -8.846  -24.744 0.4444444478
106780  -25.095  -0.668  -26.683 0.5555555820
106791  -25.532  -0.745  -27.093 0.5555555820
105739  -16.006  -1.040  -24.468 0.2222222239
105770  -15.960  -1.050  -24.492 0.3333333433
157610  -24.862  0.086  -26.780 0.5555555820
152220  -20.858  -22.099  -25.535 0.5555555820
86736  -22.147  -21.645  -26.647 0.5555555820
87692  -21.217  -20.576  -25.990 0.6666666865
87700  -22.349  -20.026  -27.230 0.5555555820
87701  -22.887  -20.185  -27.661 0.5555555820
89622  -24.424  -17.996  -28.802 0.7777777910
85683  -20.256  -22.134  -25.098 0.5555555820
88647  -23.134  -19.745  -28.169 0.6666666865
169574  -23.030  -19.075  -28.496 0.6666666865
151045  -23.870  -18.640  -28.567 0.8888888955
90575  -25.590  -17.539  -29.735 0.7777777910
91573  -25.788  -16.709  -30.048 0.7777777910
92613  -25.528  -15.038  -30.261 0.8888888955
87651  -18.644  -21.182  -23.400 0.4444444478
148171  -18.789  -19.445  -24.086 0.5555555820
90502  -18.556  -17.327  -23.976 0.2222222239
90512  -19.643  -17.628  -25.273 0.6666666865
94604  -25.807  -13.572  -30.343 0.8888888955
150928  -26.353  -13.015  -30.322 0.6666666865
96489  -25.934  -11.785  -29.925 0.7777777910
96499  -27.545  -11.360  -30.011 0.6666666865
92550  -18.949  -15.762  -24.853 0.5555555820
93568  -18.439  -14.268  -24.760 0.4444444478
97436  -27.650  -10.532  -29.680 0.5555555820
98307  -28.871  -8.834  -29.936 0.5555555820
96407  -17.464  -11.921  -24.237 0.2222222239
99284  -27.907  -8.539  -29.612 0.5555555820
97370  -17.176  -10.337  -24.417 0.4444444478
100213  -27.477  -7.779  -29.103 0.5555555820
151572  -16.402  -8.845  -23.854 0.3333333433
101173  -27.756  -6.979  -29.360 0.5555555820
101118  -16.397  -6.792  -24.658 0.4444444478
102101  -27.724  -5.631  -29.565 0.4444444478
101094  -15.549  -6.603  -22.300 0.3333333433
102902  -27.515  -4.633  -28.972 0.5555555820
103839  -26.841  -3.296  -28.000 0.4444444478
154656  -15.711  -2.301  -23.930 0.3333333433
142880  -15.697  -2.931  -24.122 0.3333333433
103784  -15.809  -3.687  -24.546 0.4444444478
104826  -25.581  -2.568  -26.983 0.4444444478
105806  -25.796  -1.460  -27.363 0.4444444478
107782  -25.778  -0.046  -27.606 0.2222222239
106759  -16.874  -0.192  -25.539 0.6666666865
149483  -18.777  0.127  -26.675 0.6666666865
106789  -19.814  -0.691  -27.147 0.6666666865
106775  -20.290  -0.003  -26.703 0.6666666865
162473  -20.636  0.679  -26.478 0.6666666865
107772  -22.232  0.582  -26.869 0.6666666865
107775  -25.038  0.843  -26.767 0.4444444478
107790  -25.805  0.757  -27.892 0.3333333433
107767  -17.694  0.227  -25.971 0.5555555820
87675  -20.009  -20.662  -25.246 0.5555555820
86716  -20.562  -20.961  -25.487 0.5555555820
87693  -21.825  -20.284  -26.687 0.6666666865
169795  -20.784  -19.247  -26.051 0.6666666865
88636  -21.901  -19.522  -27.050 0.7777777910
88646  -22.467  -19.458  -27.857 0.7777777910
164049  -21.354  -19.005  -26.743 0.7777777910
89596  -21.419  -18.183  -26.962 0.8888888955
91549  -21.504  -16.840  -27.704 1.0000000000
164779  -22.201  -17.961  -28.235 0.8888888955
90537  -21.269  -17.471  -27.157 1.0000000000
91561  -24.327  -16.669  -29.087 1.0000000000
90563  -24.011  -17.281  -28.769 0.8888888955
86715  -19.904  -21.435  -25.022 0.5555555820
86697  -19.277  -21.544  -24.318 0.4444444478
87664  -18.949  -21.009  -24.054 0.4444444478
88603  -19.154  -20.177  -24.437 0.5555555820
157398  -19.424  -19.159  -24.821 0.6666666865
88618  -20.118  -19.317  -25.518 0.6666666865
89574  -19.860  -18.520  -25.420 0.8888888955
90536  -20.909  -17.674  -26.550 0.8888888955
153934  -23.751  -17.829  -28.556 0.8888888955
91560  -23.485  -16.675  -28.693 1.0000000000
92600  -24.636  -15.981  -29.493 1.0000000000
91559  -22.896  -16.295  -28.452 1.0000000000
92589  -23.071  -15.384  -28.532 1.0000000000
92601  -25.310  -15.963  -29.973 1.0000000000
93619  -23.987  -14.540  -29.533 1.0000000000
89562  -18.910  -18.322  -24.200 0.5555555820
90511  -19.168  -17.440  -24.563 0.6666666865
91515  -19.386  -16.715  -25.006 0.8888888955
91525  -19.621  -16.046  -25.525 0.8888888955
150697  -19.840  -16.972  -25.762 1.0000000000
91536  -20.203  -16.336  -26.190 1.0000000000
92578  -21.810  -15.816  -27.851 1.0000000000
92577  -21.117  -15.317  -27.315 1.0000000000
92579  -22.508  -15.870  -28.245 1.0000000000
153605  -23.681  -15.269  -29.039 1.0000000000
93628  -25.405  -14.153  -30.280 0.8888888955
155246  -24.257  -13.761  -29.849 1.0000000000
165271  -22.795  -13.268  -28.715 1.0000000000
94580  -22.138  -13.355  -28.223 1.0000000000
94591  -23.815  -13.275  -29.619 1.0000000000
94592  -24.388  -12.932  -29.937 1.0000000000
95522  -25.514  -12.926  -30.176 0.8888888955
95523  -26.101  -12.393  -30.087 0.7777777910
93578  -18.848  -14.192  -25.225 0.5555555820
92557  -19.304  -15.286  -25.453 0.6666666865
93588  -19.949  -14.353  -26.345 1.0000000000
149560  -18.803  -14.850  -25.097 0.5555555820
94569  -20.782  -13.520  -27.304 1.0000000000
94560  -19.566  -13.679  -26.064 0.8888888955
95510  -23.135  -12.170  -29.354 1.0000000000
96485  -23.314  -11.585  -29.753 1.0000000000
96486  -23.894  -11.678  -30.033 1.0000000000
156456  -24.983  -10.877  -29.772 0.8888888955
155651  -25.849  -11.143  -29.942 0.7777777910
97435  -26.652  -10.723  -29.780 0.6666666865
94542  -18.136  -13.559  -24.578 0.5555555820
94548  -18.599  -13.643  -25.096 0.5555555820
95456  -18.343  -12.930  -25.015 0.6666666865
95468  -18.710  -12.431  -25.504 0.6666666865
94549  -19.076  -13.679  -25.532 0.7777777910
95469  -19.222  -12.927  -25.901 0.7777777910
95479  -19.140  -12.134  -25.980 0.7777777910
97401  -19.020  -10.690  -26.160 0.6666666865
97402  -19.528  -10.755  -26.633 0.8888888955
95489  -20.068  -11.836  -26.907 0.8888888955
96453  -19.925  -11.161  -26.881 0.8888888955
155696  -19.705  -13.057  -26.444 0.8888888955
95481  -20.209  -12.728  -27.008 1.0000000000
96463  -20.489  -11.248  -27.495 0.8888888955
98302  -23.349  -9.610  -30.104 0.8888888955
147362  -24.925  -9.997  -29.772 0.8888888955
97434  -25.762  -10.475  -29.787 0.7777777910
98286  -26.436  -9.224  -29.304 0.6666666865
98306  -28.174  -9.643  -29.705 0.5555555820
160756  -18.108  -11.057  -25.208 0.5555555820
96422  -17.032  -11.146  -24.072 0.3333333433
95467  -18.119  -11.957  -24.952 0.4444444478
149163  -18.623  -10.015  -26.109 0.6666666865
97413  -20.541  -10.319  -27.852 0.8888888955
97420  -21.558  -10.260  -29.057 1.0000000000
98300  -21.801  -9.517  -29.440 1.0000000000
99298  -23.569  -8.710  -30.006 0.7777777910
98269  -19.147  -8.949  -26.976 0.8888888955
99295  -21.492  -8.098  -29.351 1.0000000000
150629  -24.827  -6.817  -28.754 0.7777777910
98223  -16.784  -9.597  -24.249 0.4444444478
99264  -19.045  -8.167  -27.371 0.8888888955
101180  -21.314  -6.883  -29.355 0.8888888955
101168  -22.743  -6.144  -29.320 0.7777777910
101155  -25.450  -5.954  -28.285 0.6666666865
160874  -27.624  -6.167  -29.001 0.5555555820
101144  -17.435  -6.749  -26.319 0.6666666865
100197  -18.537  -7.577  -27.128 0.8888888955
101166  -20.676  -6.727  -29.103 1.0000000000
102106  -22.080  -6.099  -29.432 0.8888888955
102899  -22.047  -4.870  -28.591 0.8888888955
168042  -27.052  -4.805  -28.336 0.5555555820
146072  -16.445  -6.204  -25.054 0.5555555820
101131  -16.838  -6.523  -25.652 0.5555555820
101152  -18.542  -6.153  -27.672 1.0000000000
156479  -17.124  -5.884  -26.223 0.7777777910
102094  -19.438  -5.143  -28.727 0.8888888955
102901  -26.971  -4.109  -28.168 0.5555555820
155862  -16.115  -4.033  -25.070 0.5555555820
102871  -16.436  -4.711  -25.427 0.5555555820
157665  -16.461  -3.795  -25.629 0.4444444478
102079  -16.910  -5.021  -26.119 0.6666666865
102877  -17.254  -4.301  -26.626 0.6666666865
102080  -17.512  -5.158  -26.735 0.7777777910
102050  -16.278  -5.384  -24.953 0.6666666865
157548  -18.144  -3.835  -27.655 0.7777777910
102085  -18.168  -5.243  -27.406 0.7777777910
103838  -20.763  -4.155  -28.459 0.7777777910
103822  -22.039  -3.492  -27.573 0.6666666865
104807  -22.355  -1.875  -27.248 0.6666666865
104824  -23.666  -2.879  -26.876 0.5555555820
103824  -24.200  -3.741  -27.028 0.5555555820
171954  -25.570  -1.927  -27.059 0.4444444478
103826  -26.201  -2.982  -27.396 0.4444444478
105796  -25.308  -1.347  -26.817 0.5555555820
103802  -15.984  -3.181  -25.176 0.4444444478
104798  -16.049  -2.405  -25.546 0.5555555820
104806  -17.277  -2.612  -26.874 0.6666666865
104818  -17.793  -2.624  -27.440 0.7777777910
105792  -22.149  -1.182  -27.326 0.6666666865
106778  -23.508  -0.589  -27.175 0.6666666865
106771  -16.818  -1.039  -26.183 0.5555555820
106772  -17.477  -0.519  -26.528 0.6666666865
107771  -21.327  0.104  -26.851 0.6666666865
99204  -16.630  -8.239  -24.426 0.4444444478
154257  -15.980  -4.844  -24.325 0.3333333433
98222  -16.497  -8.870  -24.124 0.4444444478
106792  -26.045  -0.931  -27.851 0.3333333433
107781  -25.390  0.746  -27.185 0.3333333433
86734  -21.109  -21.384  -25.743 0.5555555820
89638  -25.852  -18.354  -29.632 0.6666666865
85663  -19.667  -22.103  -24.588 0.5555555820
93629  -26.120  -14.312  -30.490 0.7777777910
86696  -18.852  -21.625  -23.667 0.3333333433
95524  -27.062  -12.385  -30.311 0.6666666865
95455  -17.796  -12.760  -24.441 0.3333333433
95442  -17.359  -12.622  -23.827 0.1111111119
167483  -17.067  -11.861  -23.664 0.1111111119
98211  -16.548  -9.591  -23.812 0.4444444478
99203  -16.468  -8.157  -24.107 0.3333333433
100154  -16.539  -7.571  -24.509 0.3333333433
170483  -15.805  -4.256  -24.225 0.3333333433
107773  -23.327  0.960  -26.868 0.6666666865
108717  -24.794  1.600  -26.618 0.4444444478
85729  -26.189  -22.279  -28.386 0.4444444478
85699  -28.266  -22.779  -26.200 0.2222222239
85697  -21.885  -22.411  -26.327 0.4444444478
84679  -22.986  -22.782  -27.009 0.4444444478
86747  -22.783  -21.463  -27.147 0.4444444478
169615  -23.280  -21.413  -27.501 0.4444444478
157109  -25.620  -21.997  -28.671 0.4444444478
86764  -26.188  -21.637  -28.832 0.4444444478
86750  -28.138  -21.203  -27.598 0.2222222239
87702  -23.626  -20.326  -28.120 0.4444444478
86762  -24.445  -20.947  -28.437 0.4444444478
87712  -25.159  -20.469  -28.939 0.4444444478
87704  -28.338  -20.381  -27.822 0.1111111119
88637  -28.917  -19.893  -27.063 0.1111111119
87731  -25.914  -19.945  -29.319 0.4444444478
87714  -27.238  -20.347  -29.096 0.3333333433
87711  -24.359  -20.035  -28.622 0.4444444478
167611  -26.635  -20.463  -29.281 0.3333333433
88658  -27.466  -19.575  -29.165 0.3333333433
88648  -28.532  -19.574  -28.010 0.2222222239
87732  -26.777  -19.800  -29.399 0.3333333433
88655  -23.742  -19.524  -28.429 0.5555555820
88657  -24.966  -19.637  -29.034 0.4444444478
89641  -28.147  -18.295  -29.389 0.2222222239
90564  -29.074  -17.629  -28.570 0.1111111119
91551  -29.667  -16.742  -27.806 0.1111111119
89640  -27.439  -18.326  -29.557 0.3333333433
90577  -27.953  -17.629  -29.761 0.3333333433
145366  -26.172  -17.294  -30.044 0.4444444478
91574  -26.676  -16.610  -30.213 0.5555555820
91586  -27.523  -16.067  -30.377 0.6666666865
92604  -29.551  -15.461  -29.883 0.4444444478
92614  -27.377  -15.243  -30.582 0.6666666865
93632  -30.109  -15.008  -31.119 0.3333333433
93630  -27.057  -14.414  -30.605 0.6666666865
94616  -29.270  -13.772  -31.294 0.5555555820
144705  -26.673  -13.687  -30.481 0.6666666865
94606  -27.841  -12.971  -30.752 0.5555555820
95536  -28.747  -12.887  -30.557 0.5555555820
94607  -29.405  -14.401  -31.219 0.4444444478
167362  -29.238  -12.552  -30.253 0.3333333433
164868  -27.110  -13.167  -30.493 0.5555555820
96501  -29.366  -10.922  -30.101 0.4444444478
97449  -28.311  -10.501  -29.761 0.5555555820
95526  -28.946  -11.843  -30.107 0.4444444478
97437  -28.575  -9.707  -29.715 0.4444444478
106774  -19.385  0.064  -26.749 0.5555555820
107769  -19.150  0.709  -26.150 0.5555555820
151657  -21.386  1.061  -26.556 0.5555555820
156597  -22.328  1.450  -26.676 0.5555555820
109627  -22.480  2.394  -26.671 0.5555555820
84680  -25.267  -23.330  -27.818 0.4444444478
86749  -27.489  -21.885  -27.596 0.2222222239
86735  -21.711  -21.100  -26.381 0.4444444478
87715  -27.889  -20.003  -28.580 0.2222222239
168193  -28.306  -18.757  -28.992 0.2222222239
89624  -29.147  -18.242  -28.064 0.1111111119
91576  -28.546  -16.807  -29.756 0.4444444478
91562  -29.086  -17.000  -29.037 0.3333333433
91575  -27.673  -16.860  -30.089 0.4444444478
92615  -28.369  -15.539  -30.643 0.6666666865
151256  -28.946  -15.534  -30.921 0.4444444478
95527  -29.652  -11.794  -30.197 0.3333333433
155385  -29.098  -10.121  -29.919 0.4444444478
99301  -28.753  -8.384  -30.126 0.4444444478
108712  -19.492  1.548  -25.958 0.5555555820
108697  -19.853  2.320  -25.775 0.5555555820
93611  -29.859  -14.999  -29.426 0.2222222239
108715  -23.166  1.746  -26.722 0.5555555820
83691  -23.892  -24.559  -27.149 0.4444444478
83713  -24.513  -23.995  -27.595 0.4444444478
83714  -25.419  -24.253  -27.446 0.4444444478
84668  -27.452  -23.397  -26.539 0.2222222239
84658  -28.721  -23.247  -25.446 0.1111111119
85685  -21.185  -22.704  -25.749 0.4444444478
84666  -22.754  -23.597  -26.713 0.4444444478
86738  -28.617  -21.151  -26.788 0.1111111119
86739  -29.131  -20.642  -26.417 0.1111111119
166224  -28.907  -22.552  -25.617 0.1111111119
144189  -29.422  -19.915  -26.309 0.1111111119
88649  -29.196  -18.966  -27.485 0.1111111119
158484  -29.806  -17.987  -26.501 0.1111111119
91552  -30.144  -16.265  -27.156 0.1111111119
92580  -29.844  -15.931  -28.016 0.1111111119
92592  -30.044  -15.150  -28.365 0.2222222239
94595  -30.009  -13.882  -30.214 0.1111111119
93621  -30.066  -14.505  -29.937 0.2222222239
95514  -30.337  -11.822  -30.043 0.2222222239
96502  -30.077  -10.925  -30.209 0.2222222239
161738  -29.726  -10.278  -29.928 0.3333333433
99302  -29.340  -8.127  -30.327 0.3333333433
100228  -29.557  -7.640  -30.677 0.3333333433
100226  -28.293  -7.816  -29.877 0.4444444478
100227  -29.050  -7.754  -30.560 0.3333333433
102854  -16.052  -4.636  -24.695 0.4444444478
155640  -26.689  -2.632  -27.961 0.3333333433
107756  -17.316  0.574  -25.141 0.4444444478
108716  -24.031  1.635  -26.612 0.5555555820
107768  -18.523  0.638  -25.981 0.5555555820
108711  -19.001  1.377  -25.793 0.5555555820
108713  -20.464  1.558  -26.100 0.5555555820
108714  -21.495  2.000  -26.278 0.5555555820
109615  -19.080  2.240  -25.755 0.5555555820
85696  -21.494  -21.918  -26.043 0.4444444478
85707  -22.543  -22.192  -26.818 0.4444444478
88656  -24.701  -18.824  -28.974 0.5555555820
88673  -25.485  -19.023  -29.304 0.5555555820
165163  -26.167  -17.847  -29.874 0.6666666865
92602  -26.050  -15.888  -30.317 0.6666666865
95525  -28.100  -12.065  -30.197 0.5555555820
96500  -28.576  -11.076  -29.988 0.4444444478
101184  -28.582  -7.164  -30.417 0.4444444478
104827  -26.143  -2.176  -27.565 0.3333333433
86748  -23.133  -20.848  -27.557 0.4444444478
89639  -26.587  -18.373  -29.615 0.3333333433
88674  -26.285  -19.103  -29.451 0.3333333433
85728  -25.497  -22.523  -28.221 0.4444444478
85711  -26.841  -22.502  -27.818 0.4444444478
84682  -26.843  -23.231  -27.314 0.3333333433
85710  -26.150  -22.979  -27.904 0.4444444478
85698  -27.504  -22.593  -27.019 0.3333333433
86737  -28.228  -21.857  -26.746 0.1111111119
84665  -22.313  -22.919  -26.526 0.4444444478
85708  -23.133  -22.008  -27.273 0.4444444478
83712  -23.575  -23.575  -27.311 0.4444444478
84701  -24.300  -23.066  -27.773 0.4444444478
86761  -23.700  -21.116  -27.901 0.4444444478
85727  -24.216  -22.242  -27.935 0.4444444478
155270  -24.146  -21.584  -28.097 0.4444444478
86763  -25.372  -21.334  -28.810 0.4444444478
85730  -26.841  -21.824  -28.356 0.4444444478
168478  -27.448  -21.375  -28.218 0.4444444478
87713  -26.036  -20.873  -29.128 0.4444444478
87703  -27.707  -20.778  -28.436 0.4444444478
87694  -28.618  -20.652  -27.109 0.1111111119
88638  -29.479  -19.264  -26.603 0.1111111119
87680  -29.694  -20.295  -25.607 0.1111111119
88676  -27.801  -18.915  -29.317 0.3333333433
88675  -27.052  -19.036  -29.435 0.3333333433
88659  -28.156  -19.311  -28.810 0.2222222239
89612  -28.687  -18.861  -28.361 0.2222222239
90578  -28.566  -17.613  -29.253 0.2222222239
167357  -29.386  -17.090  -28.387 0.1111111119
90551  -29.454  -17.517  -27.845 0.1111111119
91563  -29.479  -16.460  -28.605 0.1111111119
91542  -29.834  -17.218  -26.967 0.1111111119
90576  -26.929  -17.561  -29.845 0.3333333433
91587  -28.232  -16.253  -30.236 0.4444444478
93620  -30.059  -15.176  -30.598 0.3333333433
92603  -28.957  -15.784  -30.170 0.4444444478
91577  -29.190  -16.218  -29.402 0.3333333433
94583  -30.444  -13.722  -29.213 0.1111111119
93642  -30.128  -14.802  -31.246 0.4444444478
94605  -27.647  -13.750  -30.871 0.5555555820
93641  -28.917  -14.466  -31.427 0.5555555820
94594  -29.586  -12.976  -30.132 0.3333333433
98323  -29.258  -9.199  -29.819 0.4444444478
107770  -19.865  0.734  -26.284 0.5555555820
165835  -26.138  -23.762  -27.484 0.4444444478
152325  -29.495  -18.102  -27.265 0.1111111119
92591  -29.609  -15.681  -28.921 0.2222222239
83692  -24.782  -24.770  -27.153 0.4444444478
84667  -26.736  -23.938  -26.818 0.4444444478
83681  -27.261  -24.238  -26.051 0.2222222239
83689  -22.016  -23.617  -26.217 0.4444444478
84656  -21.331  -23.463  -25.699 0.4444444478
86717  -28.964  -21.454  -26.211 0.1111111119
150726  -29.370  -21.859  -25.415 0.1111111119
77336  -26.113  -30.309  -22.834 0.1111111119
78429  -22.608  -29.275  -24.843 0.3333333433
78417  -24.695  -29.683  -23.724 0.2222222239
77353  -25.292  -29.971  -23.286 0.2222222239
77337  -26.988  -30.214  -22.404 0.1111111119
78420  -26.879  -29.478  -23.130 0.1111111119
81573  -20.296  -26.543  -24.063 0.3333333433
79523  -20.657  -28.144  -24.059 0.3333333433
78427  -21.088  -28.832  -24.358 0.3333333433
172832  -23.097  -27.882  -25.569 0.3333333433
79543  -23.783  -27.912  -25.350 0.3333333433
78418  -25.417  -29.168  -23.868 0.2222222239
80576  -25.531  -27.719  -24.735 0.2222222239
78419  -26.423  -28.919  -23.721 0.2222222239
79504  -25.967  -28.345  -24.220 0.2222222239
172031  -19.301  -25.265  -23.383 0.2222222239
81572  -19.804  -25.628  -23.703 0.2222222239
80573  -21.430  -27.239  -24.952 0.3333333433
79542  -22.603  -28.059  -25.455 0.3333333433
79528  -26.899  -28.220  -24.092 0.1111111119
83639  -19.849  -23.886  -24.072 0.2222222239
82625  -20.205  -24.730  -24.109 0.3333333433
83659  -20.390  -24.036  -24.607 0.3333333433
155376  -20.877  -24.787  -24.616 0.3333333433
83677  -20.948  -24.009  -25.157 0.3333333433
82636  -21.468  -24.888  -25.226 0.3333333433
82626  -21.239  -25.657  -24.852 0.3333333433
82638  -22.426  -25.845  -25.967 0.3333333433
81609  -23.925  -26.663  -26.051 0.3333333433
82650  -22.980  -25.778  -26.341 0.3333333433
81610  -24.781  -26.686  -25.910 0.3333333433
81622  -25.196  -26.197  -26.214 0.3333333433
81611  -25.563  -26.546  -25.692 0.3333333433
81598  -27.037  -26.790  -24.861 0.1111111119
85648  -19.071  -22.508  -23.582 0.2222222239
84625  -19.492  -23.128  -23.882 0.2222222239
84638  -20.084  -23.289  -24.566 0.3333333433
83678  -21.687  -24.240  -25.760 0.3333333433
83679  -22.027  -25.096  -25.913 0.3333333433
82651  -23.248  -25.139  -26.695 0.3333333433
82652  -24.178  -25.373  -26.828 0.3333333433
81612  -26.373  -26.279  -25.444 0.3333333433
81613  -27.175  -25.919  -25.235 0.1111111119
146899  -18.468  -22.587  -23.013 0.3333333433
85684  -20.582  -22.613  -25.279 0.3333333433
83690  -22.461  -24.481  -26.399 0.3333333433
82653  -25.189  -25.511  -26.651 0.3333333433
83693  -25.565  -24.862  -27.011 0.3333333433
83694  -26.601  -24.539  -26.500 0.3333333433
97450  -29.703  -9.630  -29.788 0.2222222239
98308  -29.548  -8.530  -30.063 0.2222222239
98325  -30.085  -9.444  -29.855 0.2222222239
158814  -28.127  -6.413  -30.069 0.3333333433
102108  -28.808  -6.520  -31.017 0.2222222239
78430  -23.550  -29.274  -24.658 0.3333333433
78431  -24.463  -29.194  -24.303 0.3333333433
78405  -26.043  -29.587  -23.393 0.2222222239
79505  -27.260  -28.708  -23.588 0.1111111119
82604  -19.474  -24.587  -23.569 0.3333333433
81595  -20.567  -25.641  -24.316 0.3333333433
81607  -22.230  -26.503  -25.594 0.3333333433
80591  -23.441  -27.265  -25.711 0.3333333433
80575  -24.643  -27.852  -25.040 0.3333333433
80594  -25.987  -26.958  -25.014 0.3333333433
84655  -20.630  -23.211  -25.198 0.3333333433
82654  -26.135  -25.141  -26.504 0.3333333433
76237  -25.187  -30.961  -22.907 0.1111111119
160081  -25.946  -31.134  -22.517 0.1111111119
150607  -20.483  -28.936  -23.733 0.3333333433
77361  -22.068  -30.041  -24.662 0.3333333433
77362  -23.003  -29.991  -24.362 0.3333333433
78416  -23.930  -29.851  -23.997 0.3333333433
76224  -27.206  -31.063  -21.837 0.1111111119
77338  -27.775  -30.177  -21.974 0.1111111119
80552  -20.116  -27.415  -23.781 0.3333333433
78406  -27.644  -29.548  -22.654 0.1111111119
157376  -27.976  -28.556  -23.492 0.1111111119
83638  -18.834  -23.928  -23.157 0.2222222239
80578  -27.415  -27.553  -24.398 0.1111111119
81599  -27.851  -26.277  -24.842 0.1111111119
84624  -18.918  -23.100  -23.279 0.2222222239
82640  -26.607  -25.524  -25.781 0.1111111119
85646  -18.104  -22.215  -22.800 0.1111111119
99303  -29.783  -8.126  -30.391 0.2222222239
102107  -28.283  -5.773  -30.897 0.2222222239
102115  -28.842  -5.803  -31.458 0.2222222239
172210  -18.453  -20.696  -23.133 0.2222222239
91514  -18.767  -16.584  -24.391 0.5555555820
88589  -18.676  -20.408  -23.784 0.3333333433
85662  -19.133  -22.073  -23.967 0.3333333433
147638  -19.581  -22.611  -24.250 0.4444444478
85664  -20.131  -22.680  -24.826 0.4444444478
85647  -18.700  -22.092  -23.321 0.2222222239
101186  -29.693  -6.965  -30.877 0.2222222239
78428  -21.745  -29.119  -24.717 0.3333333433
79524  -22.212  -28.534  -25.152 0.3333333433
162007  -21.380  -28.162  -24.788 0.3333333433
80572  -20.761  -27.344  -24.434 0.3333333433
147643  -19.576  -26.691  -23.509 0.2222222239
79525  -23.142  -28.559  -25.241 0.3333333433
79526  -24.109  -28.577  -24.886 0.3333333433
80590  -22.611  -27.325  -25.591 0.3333333433
79527  -25.017  -28.471  -24.486 0.2222222239
81596  -20.945  -26.494  -24.661 0.3333333433
80553  -27.711  -28.118  -23.947 0.1111111119
80577  -26.481  -27.599  -24.544 0.1111111119
170116  -20.488  -23.601  -24.912 0.3333333433
81597  -21.600  -26.463  -25.130 0.3333333433
81608  -23.015  -26.512  -26.016 0.3333333433
81620  -23.620  -25.977  -26.481 0.3333333433
80593  -25.150  -27.200  -25.363 0.3333333433
173354  -22.604  -25.287  -26.307 0.3333333433
156279  -27.883  -26.957  -24.590 0.1111111119
82641  -27.390  -25.075  -25.497 0.1111111119
76222  -25.580  -31.818  -22.522 0.1111111119
77352  -24.464  -30.381  -23.454 0.2222222239
78415  -21.172  -29.744  -24.159 0.3333333433
153790  -19.587  -28.976  -23.252 0.2222222239
77350  -22.503  -30.721  -24.139 0.3333333433
77351  -23.496  -30.726  -23.781 0.3333333433
80550  -18.890  -26.988  -23.026 0.2222222239
80551  -19.378  -27.602  -23.292 0.2222222239
99304  -30.266  -8.266  -30.087 0.1111111119
98288  -30.686  -8.863  -29.611 0.1111111119
99267  -31.259  -7.918  -28.298 0.1111111119
99285  -30.994  -8.209  -29.393 0.1111111119
146686  -30.558  -7.103  -29.577 0.1111111119
101174  -30.657  -6.511  -28.813 0.1111111119
101185  -29.270  -7.093  -30.850 0.1111111119
154734  -30.473  -6.352  -29.533 0.1111111119
173477  -29.881  -6.348  -31.133 0.1111111119
101196  -30.105  -5.921  -30.960 0.1111111119
103847  -27.325  -4.129  -29.737 0.2222222239
101194  -29.380  -6.386  -31.283 0.1111111119
101195  -29.588  -5.891  -31.299 0.1111111119
104853  -27.238  -3.215  -29.615 0.1111111119
104839  -27.133  -2.787  -28.732 0.2222222239
104838  -26.712  -2.067  -28.452 0.1111111119
104865  -27.113  -3.758  -30.506 0.1111111119
156119  -26.504  -2.566  -30.687 0.1111111119
105815  -26.349  -1.380  -28.870 0.1111111119
108688  -17.839  1.232  -24.749 0.4444444478
108696  -18.555  1.577  -25.317 0.4444444478
106806  -25.940  -0.828  -29.470 0.1111111119
108698  -20.740  2.534  -25.860 0.4444444478
109630  -25.008  2.303  -26.730 0.3333333433
108718  -25.187  1.525  -26.855 0.2222222239
165824  -25.772  1.378  -28.128 0.1111111119
107801  -25.986  -0.001  -28.890 0.1111111119
107800  -25.736  0.049  -29.469 0.1111111119
109616  -20.139  3.036  -25.621 0.4444444478
110587  -21.067  3.704  -26.045 0.4444444478
110596  -21.749  3.734  -26.468 0.4444444478
160034  -22.285  3.189  -26.656 0.4444444478
159278  -23.130  3.043  -26.730 0.4444444478
110598  -23.562  3.748  -26.865 0.4444444478
109629  -24.166  2.878  -26.842 0.2222222239
110608  -25.097  3.668  -27.379 0.2222222239
109639  -25.348  2.812  -27.379 0.2222222239
109641  -25.635  2.794  -28.288 0.2222222239
114882  -23.373  8.556  -30.341 0.1111111119
113246  -24.369  6.289  -30.419 0.1111111119
109646  -25.309  2.675  -30.177 0.1111111119
109606  -17.894  2.989  -24.514 0.4444444478
110570  -18.609  3.290  -25.044 0.4444444478
109614  -18.595  2.536  -25.137 0.4444444478
110585  -19.494  3.450  -25.419 0.3333333433
157151  -21.192  4.167  -26.323 0.4444444478
111520  -21.822  4.507  -26.660 0.4444444478
110597  -22.617  3.798  -26.665 0.4444444478
152473  -21.099  5.273  -26.753 0.3333333433
112356  -23.476  5.305  -26.951 0.3333333433
112375  -24.490  5.646  -27.819 0.1111111119
169848  -24.624  5.051  -27.601 0.1111111119
112393  -25.231  4.924  -28.662 0.1111111119
110609  -25.437  3.586  -27.924 0.2222222239
111547  -25.335  4.284  -28.376 0.1111111119
112404  -25.107  5.305  -29.249 0.1111111119
110572  -19.687  4.269  -25.566 0.3333333433
111519  -20.765  4.650  -26.456 0.3333333433
168097  -22.361  5.461  -26.826 0.4444444478
113196  -22.405  6.383  -26.944 0.2222222239
112374  -23.921  5.926  -27.237 0.2222222239
156867  -24.158  6.545  -27.766 0.1111111119
168664  -22.544  6.982  -27.121 0.1111111119
173293  -23.014  6.671  -27.015 0.1111111119
113214  -23.143  7.224  -27.271 0.1111111119
113228  -24.489  6.392  -28.560 0.1111111119
114052  -22.465  7.642  -27.261 0.1111111119
114066  -23.852  8.023  -28.339 0.1111111119
114067  -24.208  7.173  -28.263 0.1111111119
110571  -18.749  4.054  -24.968 0.3333333433
111493  -19.061  4.768  -24.447 0.3333333433
111505  -19.343  4.902  -25.339 0.3333333433
111506  -19.922  4.748  -26.061 0.3333333433
113194  -20.272  5.861  -26.822 0.2222222239
113195  -21.387  6.085  -26.952 0.2222222239
114032  -21.647  7.010  -27.128 0.1111111119
114849  -22.417  8.329  -27.605 0.1111111119
114870  -23.403  8.685  -28.809 0.1111111119
115702  -21.679  9.988  -30.403 0.1111111119
111483  -19.509  4.462  -22.294 0.1111111119
112336  -19.458  5.255  -23.642 0.1111111119
112340  -19.304  5.378  -24.505 0.2222222239
112344  -19.349  5.241  -25.560 0.3333333433
113179  -19.164  5.943  -25.036 0.2222222239
112355  -20.100  5.197  -26.507 0.3333333433
160528  -19.276  5.831  -26.232 0.3333333433
113193  -19.235  6.812  -26.246 0.2222222239
114029  -19.255  7.646  -26.294 0.1111111119
114030  -19.812  7.139  -26.816 0.1111111119
149187  -20.614  8.095  -27.357 0.1111111119
114051  -21.540  8.003  -27.344 0.1111111119
150511  -21.724  8.589  -27.729 0.1111111119
114868  -21.383  9.122  -28.071 0.1111111119
115687  -22.751  9.140  -28.774 0.1111111119
114881  -22.755  8.985  -31.046 0.1111111119
114891  -23.031  8.236  -31.229 0.1111111119
112330  -19.881  5.261  -22.756 0.1111111119
170931  -20.604  5.756  -22.858 0.1111111119
114014  -19.871  7.429  -24.381 0.1111111119
159063  -19.347  6.713  -24.604 0.1111111119
152318  -18.936  6.643  -25.495 0.2222222239
114013  -19.021  7.516  -25.017 0.1111111119
114017  -18.878  7.317  -25.751 0.1111111119
115639  -18.626  9.084  -25.534 0.1111111119
114826  -19.191  8.481  -26.519 0.1111111119
115668  -19.304  9.438  -27.075 0.1111111119
114847  -19.995  8.697  -27.328 0.1111111119
112332  -21.202  5.956  -22.413 0.1111111119
113172  -21.805  6.781  -22.705 0.1111111119
154582  -21.225  7.179  -23.484 0.1111111119
114010  -20.683  7.478  -23.952 0.1111111119
114810  -20.458  8.230  -24.145 0.1111111119
114809  -19.419  8.239  -24.540 0.1111111119
150747  -20.029  8.894  -24.330 0.1111111119
114006  -22.099  7.717  -23.281 0.1111111119
114007  -22.617  7.499  -22.548 0.1111111119
114804  -21.229  8.772  -23.983 0.1111111119
99286  -31.344  -8.791  -28.780 0.1111111119
169359  -30.609  -7.792  -29.834 0.1111111119
100214  -30.959  -7.625  -29.150 0.1111111119
146801  -30.900  -7.110  -28.500 0.1111111119
102120  -28.572  -5.042  -32.058 0.1111111119
101200  -29.077  -5.713  -31.491 0.1111111119
102114  -28.290  -5.254  -31.840 0.1111111119
105825  -26.311  -1.786  -30.097 0.1111111119
109628  -23.611  2.289  -26.642 0.4444444478
109638  -24.890  3.082  -27.028 0.3333333433
159333  -25.364  2.047  -27.118 0.2222222239
167886  -25.518  1.417  -27.437 0.1111111119
152715  -25.666  1.815  -28.834 0.1111111119
106805  -25.424  -0.741  -30.175 0.1111111119
109617  -20.804  3.229  -25.827 0.4444444478
110614  -25.512  3.566  -28.816 0.2222222239
112392  -24.864  5.509  -28.540 0.1111111119
166790  -24.785  5.916  -29.098 0.1111111119
165601  -24.611  4.793  -30.757 0.1111111119
111507  -20.514  4.210  -26.112 0.3333333433
114077  -24.071  7.899  -29.986 0.1111111119
113180  -19.449  6.085  -24.153 0.2222222239
115650  -18.789  9.178  -26.307 0.1111111119
115634  -20.843  9.428  -24.160 0.1111111119
114805  -22.110  8.699  -23.575 0.1111111119
155276  -30.805  -6.616  -26.759 0.1111111119
100199  -31.041  -7.203  -27.471 0.1111111119
102907  -27.605  -5.128  -30.318 0.2222222239
103840  -27.355  -3.622  -28.811 0.2222222239
110586  -20.306  3.692  -25.807 0.4444444478
111521  -22.998  4.563  -26.782 0.4444444478
113168  -21.800  6.028  -21.662 0.1111111119
113173  -22.371  6.812  -21.969 0.1111111119
153845  -21.345  8.007  -23.762 0.1111111119
100186  -31.248  -7.949  -27.097 0.1111111119
98309  -30.456  -9.481  -29.789 0.1111111119
98289  -31.159  -9.560  -29.287 0.1111111119
101146  -30.658  -6.167  -26.035 0.1111111119
100185  -30.957  -7.325  -26.536 0.1111111119
102091  -30.497  -5.264  -27.657 0.1111111119
102102  -30.465  -5.730  -28.778 0.1111111119
102903  -30.322  -4.753  -28.516 0.1111111119
102109  -29.880  -5.225  -30.244 0.1111111119
102920  -28.308  -4.485  -33.016 0.1111111119
102914  -29.148  -4.706  -31.613 0.1111111119
102116  -29.553  -5.314  -31.114 0.1111111119
102919  -27.896  -4.658  -32.780 0.1111111119
103867  -27.386  -4.116  -33.969 0.1111111119
104872  -26.378  -3.274  -31.908 0.1111111119
107757  -18.036  0.826  -25.399 0.4444444478
105840  -25.981  -2.427  -31.327 0.1111111119
106818  -25.631  -1.592  -30.685 0.1111111119
108736  -25.535  0.957  -29.603 0.1111111119
106817  -24.866  -1.258  -31.217 0.1111111119
108689  -17.954  2.131  -24.684 0.4444444478
108745  -24.370  1.576  -31.355 0.1111111119
110627  -24.628  3.332  -31.159 0.1111111119
109597  -17.685  3.348  -23.558 0.2222222239
110559  -18.096  3.678  -24.156 0.3333333433
110560  -18.698  4.173  -23.684 0.2222222239
112421  -24.162  5.096  -31.340 0.1111111119
110552  -18.969  4.011  -22.642 0.1111111119
114096  -23.183  7.303  -31.492 0.1111111119
114095  -22.464  7.821  -31.934 0.1111111119
109586  -19.242  3.960  -22.171 0.1111111119
110543  -20.134  3.849  -20.790 0.1111111119
112325  -20.612  5.380  -21.202 0.1111111119
112326  -21.207  5.608  -20.857 0.1111111119
114890  -22.292  8.769  -31.699 0.1111111119
112320  -21.379  5.534  -20.099 0.1111111119
113169  -22.602  6.365  -21.173 0.1111111119
115649  -19.035  9.986  -26.692 0.1111111119
115683  -19.475  10.060  -27.749 0.1111111119
116473  -20.435  10.419  -29.209 0.1111111119
116486  -20.612  10.434  -30.245 0.1111111119
115633  -19.955  9.551  -24.378 0.1111111119
117183  -18.756  10.841  -25.806 0.1111111119
115627  -21.625  9.348  -23.844 0.1111111119
107791  -25.967  0.231  -28.328 0.1111111119
100229  -30.078  -7.573  -30.472 0.1111111119
104852  -26.868  -2.335  -29.589 0.2222222239
164058  -19.533  2.794  -25.546 0.4444444478
101187  -30.197  -6.607  -30.517 0.1111111119
101157  -30.699  -6.318  -27.790 0.1111111119
102909  -30.199  -5.169  -29.378 0.1111111119
103853  -27.308  -4.482  -31.054 0.1111111119
104864  -26.886  -3.118  -30.659 0.1111111119
103852  -26.867  -3.939  -31.648 0.1111111119
107809  -25.106  -0.031  -30.291 0.1111111119
111522  -23.931  4.511  -26.996 0.2222222239
110599  -24.429  3.725  -27.070 0.2222222239
111531  -25.184  4.195  -27.769 0.1111111119
109643  -25.562  2.725  -29.301 0.2222222239
156861  -25.370  1.889  -29.846 0.1111111119
114088  -23.678  7.674  -30.701 0.1111111119
115697  -23.147  9.028  -29.559 0.1111111119
112414  -24.502  5.498  -30.607 0.1111111119
114089  -24.291  7.167  -30.165 0.1111111119
113245  -23.869  6.812  -31.000 0.1111111119
113254  -23.980  5.921  -31.212 0.1111111119
109645  -24.835  2.576  -30.901 0.1111111119
158893  -25.025  1.978  -30.573 0.1111111119
110620  -25.391  3.472  -29.786 0.2222222239
111558  -25.316  4.409  -29.340 0.2222222239
113215  -23.576  6.638  -27.272 0.2222222239
114053  -23.784  7.299  -27.700 0.1111111119
152565  -23.060  8.599  -28.105 0.1111111119
146599  -20.556  6.631  -27.014 0.1111111119
114031  -20.665  7.430  -27.200 0.1111111119
114869  -22.216  8.895  -28.135 0.1111111119
115696  -22.313  9.579  -29.534 0.1111111119
115686  -21.870  9.494  -28.686 0.1111111119
115703  -22.612  9.333  -30.413 0.1111111119
115695  -21.369  10.047  -29.384 0.1111111119
111478  -19.815  4.576  -21.773 0.1111111119
111487  -19.282  4.627  -23.161 0.1111111119
169947  -19.477  5.657  -23.886 0.1111111119
173471  -19.643  5.174  -26.135 0.3333333433
166278  -19.705  6.429  -26.730 0.1111111119
114827  -19.963  7.924  -26.891 0.1111111119
114848  -20.967  8.619  -27.623 0.1111111119
115685  -20.945  9.798  -28.532 0.1111111119
115670  -20.485  9.293  -27.891 0.1111111119
112337  -20.107  5.827  -23.538 0.1111111119
111484  -20.053  5.104  -21.791 0.1111111119
113177  -20.955  6.327  -23.228 0.1111111119
112331  -20.590  5.474  -22.117 0.1111111119
113176  -20.333  6.665  -23.990 0.1111111119
114808  -18.891  8.399  -25.040 0.1111111119
114814  -18.737  8.128  -25.701 0.1111111119
171228  -18.633  8.669  -26.035 0.1111111119
115638  -18.710  9.697  -26.105 0.1111111119
115669  -19.814  9.497  -27.635 0.1111111119
143574  -21.090  5.645  -21.635 0.1111111119
115632  -19.132  9.104  -24.691 0.1111111119
154223  -18.807  9.707  -25.088 0.1111111119
99268  -31.475  -8.688  -27.635 0.1111111119
102913  -27.764  -5.119  -31.718 0.1111111119
111567  -25.021  4.097  -30.464 0.1111111119
111577  -24.304  4.197  -31.412 0.1111111119
156379  -20.438  10.250  -24.130 0.1111111119
148058  -30.639  -5.759  -26.809 0.1111111119
112327  -21.985  5.746  -20.584 0.1111111119
103860  -27.323  -4.502  -32.461 0.1111111119
104878  -26.645  -3.449  -33.003 0.1111111119
108746  -24.928  1.001  -30.603 0.1111111119
110635  -23.805  3.248  -31.858 0.1111111119
155972  -23.366  5.358  -31.937 0.1111111119
113253  -23.277  6.354  -31.736 0.1111111119
111479  -20.314  5.207  -21.159 0.1111111119
116457  -19.154  10.438  -27.486 0.1111111119
115684  -19.986  10.105  -28.334 0.1111111119
116429  -18.983  10.458  -25.127 0.1111111119
116428  -18.625  9.992  -25.676 0.1111111119
77349  -21.645  -30.694  -24.183 0.2222222239
92549  -18.219  -15.083  -24.445 0.2222222239
93567  -17.922  -14.233  -24.214 0.2222222239
89551  -18.593  -18.822  -23.626 0.3333333433
92542  -18.363  -15.903  -24.273 0.3333333433
107741  -16.909  0.409  -24.557 0.2222222239
108666  -17.669  1.479  -23.175 0.1111111119
108667  -17.721  2.243  -22.679 0.1111111119
108683  -17.659  2.532  -24.176 0.2222222239
144161  -15.656  -3.666  -23.943 0.2222222239
163075  -15.414  -5.125  -22.777 0.1111111119
91505  -18.148  -16.473  -23.909 0.2222222239
143447  -15.330  -4.420  -22.389 0.1111111119
106717  -17.334  0.128  -23.269 0.1111111119
168808  -18.083  1.538  -22.311 0.1111111119
169975  -17.869  3.613  -22.892 0.1111111119
107755  -16.792  0.213  -24.687 0.2222222239
89550  -18.369  -18.769  -23.213 0.2222222239
90501  -18.079  -17.237  -23.584 0.2222222239
97369  -16.761  -10.372  -23.892 0.2222222239
106746  -16.453  -0.336  -24.548 0.1111111119
158987  -16.768  -11.138  -23.645 0.1111111119
97359  -16.637  -10.371  -23.630 0.3333333433
107742  -17.097  0.947  -24.609 0.3333333433
108682  -17.636  1.584  -24.445 0.3333333433
107729  -16.967  0.326  -23.627 0.1111111119
107730  -17.335  0.909  -24.729 0.1111111119
105740  -16.856  -1.232  -22.881 0.1111111119
106728  -16.967  -0.401  -23.356 0.1111111119
106718  -17.693  0.023  -22.978 0.1111111119
107718  -17.539  0.606  -23.163 0.1111111119
149696  -21.284  -31.266  -23.929 0.1111111119
76235  -23.478  -31.615  -23.491 0.1111111119
155081  -19.407  -31.000  -22.683 0.1111111119
78404  -19.168  -29.624  -22.786 0.1111111119
78414  -20.179  -29.844  -23.435 0.1111111119
79502  -19.170  -28.370  -23.028 0.1111111119
80544  -18.747  -27.840  -22.793 0.1111111119
79503  -19.927  -28.222  -23.489 0.1111111119
88575  -17.102  -19.421  -22.057 0.1111111119
169859  -17.517  -14.763  -23.522 0.1111111119
159157  -17.685  -14.866  -23.821 0.1111111119
100145  -16.440  -7.468  -24.322 0.2222222239
100132  -15.481  -7.253  -21.717 0.2222222239
101074  -15.141  -6.605  -21.096 0.2222222239
77335  -19.647  -30.439  -22.985 0.1111111119
93558  -17.581  -14.103  -23.717 0.1111111119
76232  -20.563  -31.439  -23.672 0.1111111119
76234  -22.074  -31.489  -23.856 0.1111111119
77321  -18.331  -30.407  -22.017 0.1111111119
162002  -18.949  -28.924  -22.793 0.1111111119
79491  -18.549  -28.534  -22.601 0.1111111119
80543  -18.262  -27.261  -22.421 0.1111111119
81571  -19.020  -25.917  -23.170 0.1111111119
82603  -18.869  -24.887  -23.085 0.1111111119
164931  -17.392  -18.105  -22.102 0.1111111119
99183  -15.940  -8.025  -22.361 0.2222222239
143216  -14.899  -5.857  -21.185 0.1111111119
76236  -24.234  -31.290  -23.273 0.1111111119
76233  -21.280  -31.945  -23.786 0.1111111119
143189  -15.511  -6.072  -22.151 0.2222222239
151009  -18.466  -18.074  -23.519 0.1111111119
94541  -17.629  -13.440  -24.033 0.1111111119
153879  -18.434  -19.707  -23.292 0.1111111119
82592  -18.316  -25.399  -22.516 0.1111111119
83623  -18.270  -24.205  -22.641 0.1111111119
84612  -18.224  -23.260  -22.757 0.1111111119
88588  -18.005  -20.598  -22.760 0.1111111119
81560  -18.535  -26.413  -22.656 0.1111111119
77348  -20.853  -30.632  -23.822 0.1111111119
92541  -17.900  -15.635  -23.860 0.1111111119
147576  -18.234  -18.284  -23.178 0.1111111119
89534  -18.229  -19.304  -22.972 0.1111111119
91504  -17.819  -16.152  -23.579 0.1111111119
77347  -20.237  -30.712  -23.426 0.1111111119
76220  -20.038  -31.902  -23.403 0.1111111119
161986  -18.537  -29.849  -22.326 0.1111111119
150452  -16.696  -19.113  -20.649 0.1111111119
100117  -15.447  -7.335  -20.882 0.1111111119
78403  -18.377  -29.201  -22.390 0.1111111119
156231  -18.204  -28.064  -22.416 0.1111111119
146638  -17.588  -21.196  -22.430 0.1111111119
88574  -16.728  -19.297  -21.413 0.1111111119
90489  -17.226  -17.401  -22.169 0.1111111119
143502  -15.238  -5.882  -20.775 0.1111111119
163087  -14.468  -5.003  -20.895 0.1111111119
143224  -15.649  -3.124  -23.760 0.1111111119
98203  -15.951  -9.392  -22.465 0.1111111119
163068  -15.422  -3.743  -21.989 0.1111111119
163069  -15.784  -1.941  -22.556 0.1111111119
76231  -19.899  -31.225  -23.183 0.1111111119
77334  -18.973  -30.406  -22.493 0.1111111119
80574  -21.996  -27.776  -25.307 0.3333333433
80589  -21.951  -27.080  -25.348 0.3333333433
80592  -24.296  -27.274  -25.570 0.3333333433
81621  -24.477  -26.116  -26.434 0.3333333433
82637  -21.827  -25.741  -25.429 0.3333333433
82639  -25.865  -25.908  -26.097 0.3333333433
83680  -26.790  -24.894  -26.050 0.1111111119
84664  -21.691  -23.027  -26.133 0.4444444478
84681  -26.138  -24.480  -27.061 0.4444444478
85686  -28.762  -22.097  -26.041 0.1111111119
85709  -23.607  -22.564  -27.529 0.4444444478
85726  -23.655  -21.790  -27.702 0.4444444478
86680  -17.907  -21.784  -22.730 0.1111111119
86746  -22.444  -20.769  -27.037 0.4444444478
88552  -16.805  -19.588  -20.518 0.1111111119
88622  -29.802  -19.416  -25.836 0.1111111119
89623  -28.652  -18.237  -28.778 0.2222222239
89637  -25.153  -18.201  -29.340 0.6666666865
90562  -23.362  -17.355  -28.552 0.8888888955
92581  -30.373  -15.415  -27.444 0.1111111119
92590  -23.986  -15.955  -29.012 1.0000000000
92616  -29.858  -15.346  -30.775 0.4444444478
92617  -30.323  -14.959  -31.171 0.4444444478
92618  -30.559  -14.536  -31.195 0.4444444478
92627  -28.945  -15.188  -31.277 0.4444444478
92628  -29.664  -15.126  -31.238 0.4444444478
93597  -21.001  -14.441  -27.309 1.0000000000
93610  -23.445  -14.572  -29.021 1.0000000000
93631  -28.080  -14.643  -30.917 0.5555555820
93633  -30.423  -14.673  -31.195 0.4444444478
94561  -20.088  -13.582  -26.674 1.0000000000
94615  -28.461  -13.639  -31.208 0.5555555820
94617  -30.043  -14.205  -31.293 0.4444444478
96474  -22.551  -11.647  -29.309 1.0000000000
96498  -26.614  -11.833  -30.109 0.7777777910
97432  -23.482  -10.945  -30.052 1.0000000000
98285  -21.225  -9.525  -28.818 1.0000000000
98324  -29.753  -9.006  -29.893 0.4444444478
99265  -19.531  -8.051  -28.055 1.0000000000
99280  -21.349  -8.818  -29.150 1.0000000000
99282  -26.088  -8.454  -29.037 0.6666666865
99317  -30.046  -8.799  -30.104 0.2222222239
100144  -15.838  -7.298  -22.860 0.2222222239
100208  -19.573  -7.382  -28.453 1.0000000000
100222  -21.027  -7.434  -29.197 1.0000000000
101062  -14.964  -5.981  -20.969 0.1111111119
101153  -19.084  -6.777  -28.202 1.0000000000
101169  -23.287  -6.554  -29.391 0.7777777910
101170  -23.941  -6.432  -29.046 0.7777777910
101172  -27.101  -6.155  -28.394 0.5555555820
102088  -24.966  -5.219  -28.009 0.7777777910
102090  -26.712  -5.350  -28.250 0.5555555820
102110  -30.271  -5.833  -29.944 0.1111111119
102121  -29.053  -5.244  -31.642 0.1111111119
102898  -21.171  -4.793  -28.709 0.8888888955
102921  -28.691  -4.623  -32.397 0.1111111119
103801  -15.692  -2.846  -24.657 0.3333333433
103820  -18.820  -2.976  -28.203 0.7777777910
103836  -19.290  -3.753  -28.395 0.7777777910
103859  -26.933  -4.005  -32.979 0.1111111119
104810  -25.068  -2.032  -26.718 0.4444444478
105789  -17.002  -1.832  -26.580 0.5555555820
105807  -26.287  -1.580  -27.998 0.1111111119
106777  -22.610  -0.626  -27.295 0.6666666865
106798  -26.064  -0.454  -28.505 0.1111111119
107774  -24.450  0.930  -26.813 0.4444444478
108726  -25.624  2.064  -27.798 0.1111111119
108729  -25.907  0.769  -28.753 0.1111111119
109626  -21.514  2.991  -26.323 0.4444444478
110584  -19.092  2.873  -25.418 0.4444444478
110628  -25.134  3.251  -30.518 0.1111111119
111530  -24.678  4.468  -27.415 0.2222222239
111546  -25.003  4.896  -27.983 0.1111111119
111557  -25.007  5.027  -30.056 0.1111111119
112357  -24.234  5.172  -27.254 0.1111111119
112403  -24.725  5.769  -29.816 0.1111111119
113197  -23.189  6.097  -26.893 0.2222222239
113236  -24.543  6.503  -29.528 0.1111111119
114078  -24.310  7.412  -29.162 0.1111111119
114850  -23.217  7.954  -27.574 0.1111111119
114874  -23.792  8.315  -29.370 0.1111111119
142878  -15.673  -4.167  -23.921 0.3333333433
143061  -14.330  -5.020  -20.347 0.1111111119
143815  -26.452  -15.104  -30.496 0.6666666865
145803  -24.852  -21.915  -28.412 0.4444444478
153842  -22.877  -31.301  -23.761 0.1111111119
154134  -22.176  -0.108  -27.088 0.6666666865
155522  -28.374  -9.019  -29.859 0.5555555820
156092  -25.232  0.006  -26.938 0.5555555820
157113  -27.416  -4.298  -33.478 0.1111111119
158539  -24.422  2.128  -26.563 0.5555555820
159917  -26.964  -21.148  -28.949 0.4444444478
160669  -26.509  -30.876  -22.318 0.1111111119
162873  -14.618  -5.474  -20.972 0.1111111119
162915  -15.311  -3.352  -21.216 0.1111111119
162920  -14.520  -5.118  -21.162 0.1111111119
162961  -14.599  -5.295  -20.751 0.1111111119
163008  -15.574  -3.679  -23.706 0.2222222239
163424  -26.790  -15.782  -30.409 0.6666666865
163959  -20.674  8.848  -24.171 0.1111111119
164569  -24.823  -22.597  -28.014 0.4444444478
165350  -24.310  -19.345  -28.717 0.4444444478
165994  -29.600  -13.361  -30.871 0.5555555820
167363  -29.507  -14.379  -31.397 0.4444444478
167523  -19.337  -23.700  -23.580 0.2222222239
168222  -25.651  -9.011  -29.379 0.6666666865
169193  -23.751  -13.982  -29.456 1.0000000000
169229  -21.551  -1.075  -27.211 0.6666666865
170345  -16.140  -5.184  -24.589 0.6666666865
171181  -23.181  -24.282  -26.863 0.4444444478
173002  -30.795  -6.834  -26.054 0.1111111119
173022  -20.531  -21.622  -25.378 0.5555555820
173253  -24.918  -3.486  -26.869 0.4444444478
173418  -30.387  -9.844  -29.861 0.1111111119
173684  -28.231  -14.111  -31.243 0.5555555820
