#!ascii label  , from subject sub-v1s1x0050651_ses-1 vox2ras=TkReg
619
153289  -35.138  -70.792  -27.451 0.6999999881
35752  -35.759  -68.970  -27.827 0.6000000238
35753  -36.451  -68.680  -28.597 0.6000000238
35770  -37.284  -68.645  -30.118 0.4000000060
33489  -32.012  -69.881  -36.147 0.6999999881
34657  -32.615  -69.173  -36.049 0.6999999881
33479  -32.405  -70.288  -35.569 0.6999999881
33490  -32.859  -69.455  -35.893 0.6000000238
33468  -32.549  -70.742  -34.361 0.6999999881
33480  -33.197  -69.976  -34.342 0.6000000238
33469  -32.814  -70.790  -33.308 0.6000000238
33470  -33.242  -69.981  -33.234 0.6000000238
32345  -32.814  -70.807  -30.867 0.6000000238
33461  -33.269  -69.806  -32.150 0.6000000238
34616  -33.507  -69.164  -31.414 0.5000000000
34602  -33.405  -69.417  -30.283 0.5000000000
35783  -33.552  -68.536  -30.704 0.5000000000
169041  -33.659  -67.744  -28.299 0.6000000238
35737  -34.405  -68.904  -27.496 0.6000000238
161276  -34.358  -68.143  -27.539 0.6000000238
36932  -35.446  -67.427  -27.706 0.6000000238
36933  -36.149  -67.286  -28.337 0.6000000238
35831  -31.523  -68.666  -35.678 0.6000000238
165121  -32.879  -67.900  -35.537 0.6000000238
35824  -33.516  -68.116  -35.538 0.6000000238
35825  -34.019  -68.089  -34.959 0.6000000238
35815  -34.120  -67.338  -34.350 0.6000000238
160018  -33.962  -68.312  -33.803 0.6000000238
148510  -33.743  -68.734  -32.615 0.6000000238
36968  -33.700  -67.519  -31.213 0.6000000238
143558  -33.546  -66.856  -30.369 0.6000000238
35768  -33.467  -68.832  -29.567 0.6000000238
36950  -33.492  -67.432  -29.133 0.6999999881
36931  -33.632  -67.054  -28.342 0.6000000238
38133  -34.473  -66.215  -27.544 0.6000000238
36951  -36.711  -67.176  -29.043 0.5000000000
36952  -37.113  -67.159  -29.763 0.5000000000
35823  -30.797  -68.402  -34.878 0.6000000238
34636  -31.309  -68.063  -34.350 0.6000000238
34637  -32.259  -67.654  -34.698 0.6000000238
35814  -33.378  -67.414  -35.089 0.6000000238
37007  -33.967  -67.359  -34.976 0.6000000238
37006  -33.662  -66.878  -34.488 0.6000000238
38215  -33.792  -66.443  -33.754 0.6000000238
36984  -34.134  -66.241  -32.889 0.6000000238
150411  -34.072  -67.033  -32.537 0.6000000238
150385  -33.877  -66.507  -31.855 0.6000000238
38164  -33.419  -65.973  -30.040 0.6999999881
38134  -35.025  -66.737  -27.477 0.6000000238
38146  -35.727  -66.585  -27.974 0.6000000238
36969  -37.456  -67.225  -30.528 0.4000000060
33459  -30.044  -69.764  -32.464 0.6000000238
34624  -30.792  -68.923  -33.147 0.6000000238
34625  -31.503  -68.188  -33.601 0.6000000238
37005  -32.841  -66.913  -34.397 0.6000000238
36996  -33.123  -66.141  -33.765 0.5000000000
38207  -33.535  -65.636  -33.181 0.6000000238
39273  -33.740  -65.074  -32.025 0.6999999881
39223  -33.494  -65.552  -28.468 0.6000000238
171658  -33.394  -65.963  -29.075 0.6000000238
38145  -33.598  -66.292  -28.390 0.6000000238
39208  -34.464  -65.392  -27.561 0.6000000238
39224  -35.304  -65.761  -27.658 0.6000000238
169075  -36.423  -65.167  -28.744 0.6000000238
159771  -36.672  -65.808  -28.999 0.6000000238
154267  -37.466  -65.747  -30.527 0.4000000060
158257  -37.056  -65.790  -29.787 0.5000000000
33450  -29.334  -70.132  -31.732 0.5000000000
33451  -30.101  -70.057  -31.591 0.6000000238
157153  -30.607  -69.610  -32.195 0.6000000238
35782  -31.366  -68.459  -31.796 0.6000000238
35793  -31.625  -67.979  -32.710 0.5000000000
36983  -31.580  -67.456  -32.282 0.5000000000
38195  -31.997  -66.323  -32.862 0.5000000000
38206  -32.566  -65.347  -32.985 0.6000000238
40387  -32.988  -64.259  -32.391 0.6000000238
39282  -33.248  -64.924  -32.668 0.6999999881
148551  -32.983  -64.633  -30.359 0.6999999881
39259  -33.350  -65.203  -30.880 0.6999999881
41539  -32.778  -63.422  -29.179 0.6000000238
39242  -33.220  -65.276  -29.499 0.6999999881
152296  -33.112  -64.086  -28.773 0.6000000238
40331  -33.747  -64.194  -27.929 0.6000000238
40314  -33.818  -65.075  -27.874 0.6000000238
173153  -34.832  -64.392  -27.520 0.6000000238
41521  -35.869  -63.763  -28.245 0.6000000238
39243  -36.824  -65.116  -29.407 0.5000000000
39244  -37.213  -65.089  -30.156 0.4000000060
33444  -29.466  -70.312  -30.829 0.6000000238
34586  -30.216  -69.618  -29.863 0.6000000238
34600  -30.708  -69.384  -30.703 0.5000000000
35781  -31.057  -68.644  -30.891 0.6000000238
156216  -30.743  -67.090  -30.708 0.5000000000
38179  -31.271  -66.793  -31.734 0.6000000238
38178  -30.664  -66.052  -31.113 0.5000000000
38194  -31.435  -65.741  -32.336 0.5000000000
150939  -31.742  -64.991  -32.543 0.5000000000
41565  -32.257  -63.623  -31.986 0.5000000000
40376  -33.004  -63.856  -32.022 0.6000000238
42774  -31.317  -62.428  -31.572 0.5000000000
42775  -32.047  -62.783  -30.747 0.5000000000
40362  -32.732  -63.988  -31.030 0.6000000238
42756  -31.754  -61.955  -30.455 0.4000000060
40348  -32.758  -64.056  -29.784 0.6999999881
43934  -32.274  -61.422  -29.439 0.4000000060
42736  -33.537  -61.636  -28.307 0.5000000000
41519  -33.418  -63.346  -28.251 0.6000000238
43915  -34.497  -61.484  -28.080 0.5000000000
42737  -34.035  -62.483  -27.829 0.6000000238
43916  -35.309  -61.515  -28.465 0.5000000000
42739  -35.847  -62.824  -28.403 0.6000000238
40364  -37.346  -64.287  -30.636 0.5000000000
42738  -35.140  -62.202  -28.034 0.6000000238
41522  -36.431  -63.336  -28.996 0.6000000238
41540  -36.903  -63.752  -29.763 0.6000000238
33429  -29.525  -70.224  -29.792 0.5000000000
35767  -30.556  -68.770  -30.057 0.5000000000
36966  -30.730  -67.946  -30.363 0.5000000000
38163  -30.196  -66.552  -30.090 0.4000000060
39271  -30.751  -65.039  -31.946 0.4000000060
40375  -30.611  -64.092  -31.950 0.5000000000
41564  -31.456  -63.624  -32.126 0.5000000000
41563  -30.318  -63.290  -32.041 0.5000000000
44960  -31.220  -60.372  -30.056 0.4000000060
165742  -30.894  -60.952  -30.759 0.4000000060
43933  -31.512  -61.159  -30.101 0.4000000060
44961  -32.263  -60.417  -29.266 0.5000000000
154523  -33.006  -60.961  -28.661 0.5000000000
44962  -33.360  -60.061  -28.793 0.5000000000
43914  -33.942  -60.724  -28.345 0.5000000000
44963  -34.321  -59.955  -28.908 0.5000000000
42776  -36.761  -62.332  -30.582 0.5000000000
41553  -37.059  -63.241  -30.596 0.5000000000
42759  -35.898  -62.007  -28.713 0.6000000238
42760  -36.683  -62.852  -29.759 0.5000000000
40374  -29.696  -63.779  -31.669 0.4000000060
42788  -29.968  -62.601  -32.228 0.5000000000
42773  -30.396  -62.033  -32.275 0.5000000000
43947  -30.446  -61.165  -31.850 0.5000000000
46013  -31.832  -59.558  -29.617 0.4000000060
43949  -36.473  -61.465  -30.702 0.5000000000
42803  -36.878  -61.787  -32.176 0.3000000119
46015  -33.707  -59.301  -29.288 0.5000000000
44964  -35.127  -60.095  -29.615 0.5000000000
166607  -36.115  -61.059  -30.011 0.5000000000
43959  -29.682  -61.398  -32.813 0.4000000060
44973  -30.513  -60.358  -31.067 0.4000000060
46044  -29.440  -59.985  -32.631 0.4000000060
150339  -30.522  -58.710  -30.547 0.4000000060
46030  -30.819  -59.554  -30.292 0.4000000060
47102  -32.353  -58.879  -29.584 0.4000000060
166524  -31.965  -57.660  -30.310 0.4000000060
47103  -33.116  -58.678  -29.681 0.5000000000
44993  -35.569  -60.225  -32.516 0.4000000060
167217  -36.520  -61.243  -32.739 0.4000000060
46016  -34.489  -59.489  -29.894 0.5000000000
44985  -35.693  -60.313  -31.418 0.5000000000
160763  -33.912  -58.776  -30.278 0.5000000000
46032  -35.150  -59.718  -30.799 0.5000000000
44974  -35.688  -60.436  -30.364 0.5000000000
48189  -31.623  -57.259  -30.639 0.4000000060
48190  -32.501  -57.462  -30.667 0.4000000060
46057  -35.026  -59.555  -32.994 0.4000000060
46046  -35.098  -59.734  -32.017 0.5000000000
170001  -33.827  -58.361  -31.013 0.5000000000
47132  -34.294  -58.720  -31.507 0.5000000000
48201  -31.791  -56.605  -30.851 0.4000000060
47146  -34.529  -58.864  -33.381 0.4000000060
153055  -35.192  -59.220  -33.812 0.3000000119
48203  -33.128  -57.345  -31.525 0.5000000000
169288  -33.805  -57.920  -31.793 0.5000000000
46045  -34.613  -59.147  -32.436 0.5000000000
47159  -34.169  -58.035  -33.551 0.3000000119
47160  -34.879  -58.173  -34.333 0.3000000119
48202  -32.504  -56.800  -31.289 0.4000000060
47145  -34.229  -58.430  -32.673 0.5000000000
49268  -33.234  -56.699  -32.112 0.4000000060
48213  -33.587  -57.287  -32.479 0.5000000000
48214  -33.918  -57.146  -33.373 0.5000000000
50254  -32.079  -55.199  -31.208 0.4000000060
49284  -35.092  -56.397  -34.068 0.3000000119
49285  -36.129  -56.334  -33.884 0.3000000119
159898  -32.278  -56.037  -31.303 0.4000000060
173811  -34.381  -55.448  -33.136 0.4000000060
49275  -32.904  -55.274  -31.856 0.4000000060
154308  -33.615  -56.627  -32.845 0.4000000060
51272  -31.775  -54.331  -30.941 0.5000000000
49278  -35.625  -55.882  -33.352 0.3000000119
49279  -36.479  -56.116  -32.802 0.4000000060
49270  -36.555  -56.348  -31.745 0.4000000060
49280  -37.079  -56.491  -32.199 0.4000000060
51282  -32.662  -54.376  -31.583 0.4000000060
50265  -34.439  -55.089  -32.358 0.5000000000
50266  -35.275  -55.473  -31.870 0.4000000060
51284  -33.340  -54.241  -31.760 0.5000000000
50271  -33.519  -55.090  -32.286 0.5000000000
51285  -34.030  -54.546  -31.706 0.5000000000
50255  -34.721  -55.051  -31.342 0.4000000060
49245  -35.422  -55.610  -30.735 0.4000000060
49246  -36.102  -56.187  -30.219 0.4000000060
48191  -37.211  -56.815  -31.370 0.3000000119
51273  -32.554  -53.850  -31.222 0.5000000000
52380  -32.984  -53.780  -31.343 0.5000000000
51247  -35.427  -54.606  -28.683 0.4000000060
51248  -36.205  -54.705  -28.587 0.3000000119
53509  -31.543  -52.805  -30.060 0.5000000000
165935  -34.772  -54.468  -28.980 0.4000000060
50241  -34.911  -55.086  -30.255 0.4000000060
50242  -35.654  -55.569  -29.596 0.4000000060
50243  -36.462  -55.877  -29.408 0.4000000060
50244  -37.331  -55.804  -29.357 0.3000000119
52372  -31.836  -53.432  -30.612 0.5000000000
51274  -33.618  -54.129  -30.990 0.5000000000
51275  -34.305  -54.634  -30.886 0.5000000000
52373  -32.489  -53.470  -30.764 0.5000000000
156772  -35.041  -54.019  -28.419 0.4000000060
153363  -35.770  -54.088  -28.329 0.4000000060
54621  -30.598  -51.780  -29.318 0.5000000000
51249  -37.098  -54.426  -28.653 0.3000000119
53501  -32.016  -52.661  -29.759 0.5000000000
53502  -32.737  -52.820  -29.029 0.5000000000
52349  -33.681  -53.159  -28.608 0.5000000000
51259  -33.593  -54.011  -29.928 0.5000000000
52374  -33.032  -53.605  -30.545 0.5000000000
53478  -35.949  -52.522  -27.745 0.4000000060
54609  -30.750  -51.262  -28.844 0.5000000000
155486  -33.125  -51.293  -27.881 0.5000000000
162008  -36.479  -52.797  -28.097 0.3000000119
52352  -36.475  -53.669  -28.272 0.3000000119
53487  -31.355  -51.667  -28.905 0.5000000000
54610  -32.197  -51.469  -28.414 0.5000000000
146302  -32.852  -52.007  -28.437 0.5000000000
161536  -35.086  -69.201  -27.409 0.6000000238
35769  -36.976  -68.348  -29.365 0.5000000000
33452  -32.888  -70.574  -31.545 0.6000000238
39283  -33.720  -65.293  -32.689 0.6999999881
39225  -35.809  -64.822  -28.133 0.6000000238
40363  -33.316  -64.444  -31.626 0.6999999881
40332  -36.546  -64.340  -28.962 0.6000000238
169203  -33.027  -64.599  -29.358 0.6999999881
43935  -32.784  -61.751  -28.827 0.5000000000
42719  -35.032  -63.210  -27.724 0.6000000238
42789  -30.857  -62.843  -32.023 0.5000000000
43948  -31.029  -61.652  -31.188 0.5000000000
41538  -32.437  -63.446  -30.272 0.4000000060
43936  -35.782  -61.298  -29.137 0.5000000000
43937  -36.386  -61.903  -29.671 0.5000000000
166837  -31.461  -58.790  -29.866 0.4000000060
46014  -32.828  -59.389  -29.206 0.5000000000
46029  -30.123  -59.498  -31.699 0.4000000060
165871  -34.347  -56.552  -33.825 0.4000000060
49269  -35.876  -55.866  -32.320 0.4000000060
49247  -36.930  -56.399  -29.951 0.3000000119
53488  -32.028  -52.180  -29.004 0.5000000000
53489  -33.442  -52.462  -28.390 0.5000000000
28154  -26.624  -75.329  -25.551 0.5000000000
27182  -28.230  -76.342  -26.172 0.5000000000
28173  -27.806  -75.753  -25.586 0.5000000000
27208  -31.674  -76.928  -28.106 0.5000000000
156522  -29.938  -76.681  -27.433 0.5000000000
169356  -29.860  -76.518  -26.797 0.4000000060
29171  -26.671  -74.494  -25.615 0.5000000000
28174  -28.753  -75.629  -25.636 0.6000000238
28156  -28.215  -75.005  -25.273 0.6000000238
27196  -30.553  -76.522  -26.942 0.5000000000
27184  -30.226  -76.150  -26.320 0.5000000000
27220  -33.882  -77.037  -29.417 0.4000000060
144007  -25.880  -73.385  -28.619 0.6999999881
30250  -26.992  -73.153  -27.237 0.6999999881
30224  -28.108  -73.755  -25.637 0.6999999881
28158  -30.045  -74.955  -25.684 0.5000000000
168949  -28.448  -74.339  -25.367 0.6999999881
27198  -32.372  -76.438  -27.583 0.5000000000
28184  -32.177  -76.043  -26.972 0.5000000000
153902  -30.691  -75.467  -26.098 0.5000000000
28192  -34.931  -75.644  -29.197 0.5000000000
27210  -33.559  -76.780  -28.571 0.5000000000
30305  -26.492  -73.699  -31.367 0.5000000000
30289  -26.471  -73.482  -30.478 0.6999999881
30290  -27.423  -73.332  -30.285 0.6999999881
144756  -26.755  -73.274  -29.801 0.6999999881
30278  -27.375  -73.050  -29.506 0.6999999881
30235  -27.592  -73.372  -26.324 0.6000000238
29172  -30.633  -74.531  -25.948 0.6999999881
30237  -29.472  -73.638  -26.088 0.6000000238
151412  -33.576  -75.658  -27.728 0.5000000000
28177  -32.236  -75.338  -26.819 0.6000000238
29173  -31.519  -74.805  -26.400 0.6000000238
170793  -34.523  -75.678  -28.487 0.5000000000
29209  -36.226  -74.183  -30.250 0.5000000000
30318  -27.689  -73.855  -32.286 0.5000000000
30306  -27.795  -73.450  -30.977 0.6999999881
30262  -27.407  -72.909  -28.358 0.6999999881
31324  -28.972  -72.647  -28.943 0.6999999881
30280  -28.549  -72.887  -29.825 0.6999999881
30236  -28.667  -73.362  -26.338 0.8000000119
158271  -30.128  -72.799  -27.793 0.6999999881
29183  -32.218  -74.561  -26.883 0.6000000238
30253  -31.711  -73.865  -26.929 0.6999999881
152380  -33.507  -75.074  -27.513 0.6999999881
29184  -32.829  -74.835  -27.182 0.6000000238
28193  -35.394  -74.991  -29.169 0.6000000238
29191  -35.030  -74.966  -28.496 0.6000000238
30293  -36.549  -73.325  -29.990 0.6000000238
153313  -28.437  -73.692  -34.337 0.5000000000
31381  -29.155  -73.011  -34.632 0.6000000238
30328  -27.970  -73.918  -33.216 0.5000000000
30319  -28.357  -73.433  -32.462 0.6000000238
165187  -28.657  -73.142  -31.797 0.6000000238
30307  -28.485  -73.192  -31.098 0.6999999881
31338  -29.430  -72.611  -29.757 0.6999999881
31351  -29.861  -72.627  -30.599 0.6000000238
30263  -28.441  -72.812  -28.179 0.6999999881
31325  -29.993  -72.534  -28.790 0.6999999881
165351  -30.793  -73.275  -27.163 0.6999999881
30257  -35.055  -73.646  -27.839 0.6999999881
30281  -36.389  -73.316  -29.052 0.6999999881
29187  -35.369  -74.098  -28.298 0.6999999881
31392  -29.206  -72.913  -36.049 0.5000000000
170287  -29.380  -72.787  -33.496 0.6000000238
30320  -29.188  -72.906  -32.478 0.6000000238
30308  -29.346  -72.861  -31.385 0.6000000238
31340  -31.608  -72.105  -29.398 0.5000000000
31352  -30.733  -72.312  -30.689 0.6000000238
30266  -31.695  -73.149  -27.709 0.6999999881
30268  -33.110  -72.601  -28.222 0.6999999881
31319  -35.509  -72.879  -27.741 0.6999999881
31318  -34.859  -72.472  -27.634 0.6999999881
146136  -36.775  -71.957  -30.016 0.5000000000
31343  -36.592  -72.518  -29.300 0.6999999881
33446  -37.078  -70.376  -30.521 0.5000000000
30348  -28.673  -73.031  -36.991 0.5000000000
31393  -29.792  -72.492  -35.585 0.5000000000
32379  -30.902  -71.323  -36.008 0.6000000238
31383  -30.739  -71.927  -33.953 0.6000000238
32370  -31.705  -71.460  -33.817 0.6000000238
31372  -30.624  -72.340  -32.074 0.6000000238
31384  -31.108  -72.002  -32.861 0.6000000238
31341  -32.227  -71.890  -29.273 0.6000000238
31354  -32.004  -71.712  -29.964 0.5000000000
31373  -31.330  -71.971  -31.986 0.5000000000
31330  -34.216  -72.029  -27.837 0.6000000238
32324  -33.533  -71.495  -28.490 0.6000000238
32316  -35.709  -71.533  -27.677 0.6000000238
32315  -34.938  -71.704  -27.522 0.6000000238
34588  -36.644  -70.132  -28.937 0.5000000000
32401  -29.323  -71.731  -37.149 0.5000000000
172675  -30.517  -71.140  -36.685 0.6000000238
32369  -31.311  -71.510  -35.010 0.6000000238
32344  -31.900  -71.576  -30.857 0.5000000000
33415  -33.655  -70.776  -28.432 0.4000000060
152686  -33.398  -70.379  -29.230 0.5000000000
33431  -33.044  -70.684  -30.009 0.5000000000
33416  -35.664  -69.927  -27.644 0.6000000238
33495  -29.091  -71.078  -36.868 0.5000000000
33487  -29.590  -70.180  -36.393 0.6000000238
34655  -30.420  -69.606  -36.211 0.6000000238
32391  -31.058  -70.594  -36.347 0.6000000238
34571  -33.649  -69.940  -28.406 0.5000000000
34587  -33.442  -69.636  -29.297 0.4000000060
34653  -28.250  -69.576  -35.546 0.5000000000
34654  -28.990  -69.326  -35.732 0.5000000000
151167  -29.735  -69.218  -35.826 0.6000000238
34656  -31.926  -69.227  -36.078 0.6000000238
33478  -27.508  -69.327  -35.099 0.5000000000
34645  -28.461  -68.725  -35.079 0.5000000000
34646  -29.329  -68.708  -35.173 0.6000000238
169895  -31.118  -69.180  -36.032 0.6000000238
34644  -26.829  -68.831  -34.367 0.5000000000
35820  -27.837  -68.083  -34.345 0.5000000000
35821  -28.693  -68.164  -34.412 0.5000000000
35802  -29.138  -68.186  -33.729 0.6000000238
35830  -30.402  -68.840  -35.460 0.6000000238
37004  -27.642  -67.309  -33.791 0.5000000000
36994  -28.070  -67.364  -33.573 0.5000000000
36992  -26.850  -66.720  -33.061 0.5000000000
34635  -30.533  -68.388  -34.114 0.5000000000
35791  -27.506  -67.154  -32.145 0.5000000000
35801  -28.576  -67.781  -33.223 0.5000000000
38205  -26.485  -66.232  -32.713 0.5000000000
35790  -27.113  -67.334  -31.440 0.5000000000
35792  -28.052  -68.009  -32.339 0.5000000000
33458  -29.246  -69.583  -32.533 0.4000000060
36965  -26.541  -66.900  -30.982 0.5000000000
35780  -27.471  -68.261  -31.531 0.5000000000
33442  -27.906  -70.155  -31.097 0.4000000060
33449  -28.542  -69.903  -31.790 0.4000000060
35779  -26.798  -68.365  -30.675 0.4000000060
34598  -26.837  -69.585  -30.226 0.4000000060
33427  -28.019  -70.537  -30.219 0.4000000060
170185  -34.471  -70.517  -27.578 0.6000000238
157825  -36.291  -70.291  -28.203 0.5000000000
34603  -37.206  -69.476  -30.321 0.4000000060
32354  -31.890  -71.596  -31.791 0.6000000238
33443  -28.638  -70.379  -31.004 0.4000000060
33428  -28.593  -70.457  -29.307 0.4000000060
149044  -27.995  -73.052  -27.257 0.6999999881
30265  -30.865  -72.649  -28.163 0.6999999881
30256  -34.176  -73.824  -27.768 0.6999999881
30255  -33.289  -73.445  -27.769 0.6999999881
172000  -30.971  -72.166  -29.873 0.6000000238
31364  -30.887  -72.245  -31.443 0.6000000238
31331  -36.222  -72.894  -28.316 0.6999999881
31328  -32.296  -72.272  -28.666 0.6999999881
31317  -34.049  -72.879  -27.845 0.6999999881
32326  -36.463  -71.009  -28.548 0.6000000238
33432  -36.764  -70.720  -29.547 0.6000000238
27181  -26.959  -75.936  -25.577 0.5000000000
27183  -29.235  -76.284  -26.364 0.4000000060
27185  -30.928  -76.137  -26.555 0.5000000000
27195  -29.280  -76.778  -27.304 0.5000000000
27197  -31.463  -76.500  -27.136 0.5000000000
27199  -33.186  -76.282  -27.904 0.5000000000
27207  -30.611  -76.836  -27.876 0.5000000000
27209  -32.632  -76.924  -28.370 0.5000000000
27211  -34.325  -76.346  -28.863 0.5000000000
27221  -34.547  -76.387  -29.837 0.4000000060
28155  -27.328  -75.168  -25.361 0.6000000238
28157  -29.184  -74.805  -25.395 0.5000000000
28175  -29.746  -75.563  -25.810 0.6000000238
28176  -31.555  -75.769  -26.567 0.5000000000
28185  -32.880  -75.687  -27.314 0.6000000238
28186  -34.230  -75.244  -27.933 0.6999999881
28191  -33.994  -76.074  -28.123 0.5000000000
28199  -35.400  -75.261  -29.788 0.5000000000
29155  -27.687  -74.383  -25.350 0.5000000000
29156  -28.956  -73.936  -25.614 0.6999999881
29157  -29.783  -74.257  -25.746 0.6999999881
29185  -33.397  -74.313  -27.533 0.6999999881
29186  -34.671  -74.423  -27.942 0.6999999881
29192  -35.676  -74.404  -28.887 0.6999999881
29193  -36.007  -73.711  -28.611 0.6999999881
29199  -35.805  -74.634  -29.638 0.6000000238
29200  -36.200  -73.962  -29.351 0.6999999881
30223  -27.308  -73.816  -25.728 0.6999999881
30238  -30.276  -73.740  -26.282 0.6000000238
30239  -31.065  -73.961  -26.428 0.6999999881
30251  -28.820  -73.056  -27.325 0.6999999881
30252  -29.645  -73.226  -26.969 0.6999999881
30254  -32.534  -73.869  -27.414 0.6999999881
30261  -26.405  -73.181  -28.058 0.6999999881
30264  -29.333  -72.758  -27.985 0.6999999881
30267  -32.445  -72.963  -28.033 0.6999999881
30269  -35.670  -73.450  -28.106 0.6999999881
30277  -25.697  -73.500  -29.534 0.6999999881
30279  -28.089  -72.850  -29.176 0.6999999881
30291  -28.180  -73.198  -30.421 0.6999999881
30292  -28.955  -72.886  -30.519 0.6000000238
30329  -28.705  -73.234  -33.392 0.6000000238
31320  -36.042  -72.174  -27.866 0.6999999881
31326  -30.896  -72.361  -29.115 0.5000000000
31327  -31.645  -72.501  -28.497 0.6999999881
31329  -33.549  -72.171  -28.185 0.6000000238
31332  -36.446  -71.969  -28.432 0.6999999881
31339  -30.311  -72.378  -29.804 0.6000000238
31342  -32.873  -71.848  -28.831 0.6000000238
31353  -31.377  -71.929  -30.339 0.6000000238
31363  -30.265  -72.569  -31.355 0.6000000238
31365  -31.346  -71.948  -31.207 0.6000000238
31371  -30.143  -72.476  -32.978 0.6000000238
31382  -29.953  -72.482  -34.256 0.6000000238
31394  -30.553  -72.039  -35.200 0.6000000238
31404  -29.464  -72.274  -36.887 0.5000000000
31405  -30.187  -71.799  -36.273 0.5000000000
32317  -36.207  -71.525  -27.992 0.6000000238
32325  -34.228  -71.130  -27.769 0.6000000238
32335  -33.017  -71.279  -29.432 0.6000000238
32336  -36.659  -71.568  -29.326 0.5000000000
32362  -31.867  -71.643  -32.648 0.5000000000
32363  -32.391  -71.279  -32.461 0.6000000238
32371  -32.341  -71.266  -33.254 0.6000000238
32380  -31.643  -70.770  -35.830 0.6000000238
32390  -29.942  -71.445  -37.005 0.6000000238
33403  -34.017  -70.274  -27.825 0.6000000238
33404  -36.013  -70.852  -27.818 0.6000000238
33426  -27.237  -70.269  -29.801 0.4000000060
33430  -30.202  -70.046  -30.693 0.6000000238
33433  -36.884  -69.993  -29.748 0.4000000060
33445  -33.185  -70.115  -30.882 0.5000000000
33460  -32.832  -70.685  -32.349 0.5000000000
33485  -27.703  -70.324  -35.873 0.5000000000
33486  -28.629  -70.231  -36.163 0.5000000000
33488  -30.420  -70.684  -36.719 0.6000000238
34558  -33.936  -69.423  -27.836 0.6000000238
34559  -34.589  -69.859  -27.494 0.6000000238
34572  -36.360  -69.538  -28.359 0.5000000000
34585  -29.716  -69.714  -28.991 0.5000000000
34589  -36.888  -69.268  -29.343 0.5000000000
34599  -27.356  -69.400  -30.958 0.4000000060
34601  -31.112  -69.112  -31.452 0.5000000000
34612  -27.960  -69.277  -31.706 0.4000000060
34613  -28.573  -68.995  -32.476 0.4000000060
34614  -30.708  -69.628  -31.503 0.5000000000
34615  -31.249  -68.838  -32.443 0.6000000238
34622  -29.140  -68.697  -33.118 0.4000000060
34623  -29.919  -69.007  -33.450 0.5000000000
34626  -33.637  -69.214  -33.181 0.6000000238
34638  -33.635  -69.086  -34.192 0.6000000238
34647  -31.962  -68.165  -35.339 0.6000000238
34648  -33.519  -69.032  -35.407 0.6000000238
34658  -33.152  -68.834  -35.948 0.6999999881
35736  -33.863  -68.446  -27.916 0.6000000238
35738  -35.097  -68.330  -27.474 0.6000000238
35751  -33.535  -68.261  -28.837 0.6000000238
35794  -33.738  -68.117  -31.948 0.6000000238
35800  -27.904  -67.153  -32.893 0.5000000000
35803  -31.879  -67.705  -33.605 0.6000000238
35804  -34.071  -67.637  -33.219 0.6000000238
35811  -26.974  -67.628  -34.024 0.5000000000
35812  -28.716  -67.957  -33.962 0.5000000000
35813  -29.725  -68.367  -34.277 0.6000000238
35822  -29.614  -68.466  -34.594 0.6000000238
35832  -32.630  -68.552  -35.890 0.6999999881
36917  -33.977  -67.496  -27.750 0.6000000238
36918  -34.699  -67.515  -27.462 0.6000000238
36967  -31.249  -67.813  -31.225 0.5000000000
36981  -27.004  -66.513  -31.951 0.5000000000
36982  -27.189  -66.773  -32.680 0.5000000000
36993  -27.456  -67.023  -33.297 0.5000000000
36995  -32.202  -67.003  -33.369 0.6000000238
36997  -34.132  -66.655  -33.619 0.6000000238
37011  -28.189  -67.647  -33.934 0.5000000000
38132  -33.926  -66.647  -27.802 0.6000000238
38147  -36.415  -66.522  -28.635 0.6000000238
38165  -36.884  -66.494  -29.405 0.5000000000
38166  -37.287  -66.486  -30.171 0.4000000060
38180  -33.739  -65.830  -31.341 0.6999999881
38196  -33.975  -65.705  -32.485 0.6999999881
38208  -34.007  -65.915  -33.191 0.6999999881
39207  -33.889  -65.858  -27.842 0.6000000238
39272  -31.633  -64.357  -32.386 0.5000000000
39281  -32.474  -64.659  -32.576 0.6000000238
40315  -34.393  -64.638  -27.579 0.6000000238
40316  -35.041  -64.840  -27.516 0.6000000238
40349  -37.000  -64.511  -29.776 0.5000000000
40377  -33.422  -64.599  -32.299 0.6999999881
40386  -32.369  -64.285  -32.464 0.6000000238
41501  -34.553  -63.980  -27.569 0.6000000238
41502  -35.221  -64.154  -27.662 0.6000000238
41520  -34.108  -63.413  -27.687 0.6000000238
41551  -31.726  -63.222  -31.733 0.5000000000
41552  -32.348  -63.504  -31.447 0.5000000000
41576  -32.351  -63.936  -32.287 0.6000000238
42757  -32.354  -62.232  -29.605 0.4000000060
42758  -32.946  -62.544  -28.673 0.5000000000
42790  -36.753  -61.832  -31.355 0.5000000000
44951  -35.017  -60.726  -28.689 0.5000000000
44972  -29.992  -60.519  -32.450 0.4000000060
44975  -36.158  -60.804  -30.848 0.5000000000
44986  -36.308  -61.011  -31.850 0.5000000000
46031  -34.527  -59.220  -30.801 0.5000000000
47119  -31.347  -58.025  -30.245 0.4000000060
47120  -32.325  -58.138  -29.989 0.4000000060
48222  -34.463  -57.195  -34.174 0.3000000119
48223  -35.529  -56.900  -34.639 0.3000000119
49258  -35.942  -56.121  -31.243 0.4000000060
49259  -36.666  -56.548  -30.801 0.3000000119
49267  -32.895  -56.163  -31.833 0.4000000060
49276  -33.434  -55.869  -32.525 0.4000000060
49277  -33.905  -56.052  -33.363 0.4000000060
50231  -35.697  -55.125  -28.929 0.4000000060
50232  -36.143  -55.387  -28.979 0.3000000119
50233  -36.829  -55.226  -28.942 0.3000000119
50264  -33.235  -54.477  -31.967 0.5000000000
50272  -33.855  -55.289  -32.805 0.5000000000
50273  -35.104  -55.502  -32.857 0.4000000060
50277  -34.740  -55.901  -33.578 0.3000000119
51260  -34.313  -54.507  -29.867 0.5000000000
51283  -32.983  -53.982  -31.742 0.4000000060
51292  -33.744  -54.738  -32.198 0.5000000000
52351  -35.629  -53.325  -28.031 0.4000000060
52360  -32.515  -53.217  -30.008 0.5000000000
52361  -33.239  -53.486  -29.479 0.5000000000
53500  -31.361  -52.268  -29.494 0.5000000000
53510  -32.068  -53.046  -30.355 0.5000000000
144199  -26.590  -73.134  -29.033 0.6999999881
144978  -35.116  -54.941  -29.333 0.4000000060
145812  -33.271  -58.018  -30.582 0.5000000000
145889  -28.845  -70.487  -30.225 0.4000000060
147581  -33.327  -70.960  -29.177 0.5000000000
147829  -28.064  -73.512  -31.674 0.6000000238
148207  -32.525  -71.240  -30.351 0.5000000000
151936  -33.473  -67.933  -29.946 0.5000000000
152203  -26.132  -75.859  -25.729 0.5000000000
152237  -36.082  -65.776  -28.328 0.6000000238
152314  -31.221  -69.922  -36.276 0.6000000238
153247  -33.458  -66.621  -29.191 0.6000000238
156999  -32.442  -71.156  -31.498 0.6000000238
158230  -29.948  -72.693  -32.023 0.6000000238
158508  -33.604  -69.100  -28.539 0.5000000000
159355  -29.292  -62.188  -32.732 0.5000000000
159363  -33.879  -57.818  -32.874 0.5000000000
160413  -34.719  -59.338  -31.546 0.5000000000
160687  -26.173  -73.384  -27.226 0.6999999881
160720  -31.954  -70.995  -34.950 0.6999999881
160812  -33.990  -74.595  -27.742 0.6000000238
161068  -37.277  -67.861  -29.987 0.4000000060
161581  -36.542  -67.884  -28.799 0.6000000238
161584  -35.922  -68.100  -28.057 0.6000000238
161586  -36.966  -67.692  -29.391 0.5000000000
161796  -34.374  -66.925  -27.517 0.6000000238
161891  -35.458  -72.160  -27.636 0.6000000238
162057  -27.366  -73.681  -31.561 0.5000000000
162174  -27.792  -70.513  -29.359 0.4000000060
162291  -33.341  -64.808  -28.565 0.6000000238
162773  -34.775  -73.159  -27.723 0.6999999881
165979  -33.300  -70.063  -29.943 0.4000000060
166199  -27.927  -73.137  -29.881 0.6999999881
167402  -32.529  -71.546  -29.560 0.5000000000
167434  -27.411  -70.121  -30.489 0.4000000060
167692  -32.476  -62.898  -29.658 0.4000000060
167736  -27.142  -73.525  -30.929 0.6999999881
168490  -36.304  -62.571  -29.084 0.6000000238
168832  -30.334  -67.328  -29.981 0.5000000000
170261  -34.019  -66.916  -34.375 0.6000000238
171347  -36.127  -53.072  -28.018 0.3000000119
171659  -29.754  -71.106  -37.055 0.6000000238
171675  -33.021  -69.918  -35.278 0.6000000238
173636  -35.608  -60.701  -29.510 0.5000000000
