#!ascii label  , from subject sub-v1s1x0050651_ses-1 vox2ras=TkReg
460
89599  -29.560  -18.615  -26.789 0.0000000000
93630  -27.057  -14.414  -30.605 0.0000000000
105793  -22.979  -1.245  -27.309 0.0000000000
102089  -25.934  -5.297  -27.893 0.0000000000
98308  -29.548  -8.530  -30.063 0.0000000000
155388  -31.506  -12.812  -26.094 0.0000000000
162473  -20.636  0.679  -26.478 0.0000000000
100213  -27.477  -7.779  -29.103 0.0000000000
97435  -26.652  -10.723  -29.780 0.0000000000
91562  -29.086  -17.000  -29.037 0.0000000000
94583  -30.444  -13.722  -29.213 0.0000000000
92572  -30.653  -15.680  -26.575 0.0000000000
84667  -26.736  -23.938  -26.818 0.0000000000
88658  -27.466  -19.575  -29.165 0.0000000000
160528  -19.276  5.831  -26.232 0.0000000000
168097  -22.361  5.461  -26.826 0.0000000000
110598  -23.562  3.748  -26.865 0.0000000000
108718  -25.187  1.525  -26.855 0.0000000000
106792  -26.045  -0.931  -27.851 0.0000000000
103824  -24.200  -3.741  -27.028 0.0000000000
104853  -27.238  -3.215  -29.615 0.0000000000
102114  -28.290  -5.254  -31.840 0.0000000000
101196  -30.105  -5.921  -30.960 0.0000000000
100199  -31.041  -7.203  -27.471 0.0000000000
95526  -28.946  -11.843  -30.107 0.0000000000
97422  -31.429  -10.348  -28.938 0.0000000000
99300  -24.962  -9.147  -29.722 0.0000000000
97433  -24.066  -10.383  -29.882 0.0000000000
90551  -29.454  -17.517  -27.845 0.0000000000
92580  -29.844  -15.931  -28.016 0.0000000000
91543  -30.437  -16.602  -26.233 0.0000000000
80553  -27.711  -28.118  -23.947 0.0000000000
156279  -27.883  -26.957  -24.590 0.0000000000
81599  -27.851  -26.277  -24.842 0.0000000000
89639  -26.587  -18.373  -29.615 0.0000000000
87731  -25.914  -19.945  -29.319 0.0000000000
111521  -22.998  4.563  -26.782 0.0000000000
106776  -21.789  -0.627  -27.158 0.0000000000
107773  -23.327  0.960  -26.868 0.0000000000
153712  -24.012  0.164  -27.142 0.0000000000
107790  -25.805  0.757  -27.892 0.0000000000
105795  -24.752  -1.344  -26.644 0.0000000000
102888  -25.588  -4.681  -27.376 0.0000000000
103826  -26.201  -2.982  -27.396 0.0000000000
102901  -26.971  -4.109  -28.168 0.0000000000
103853  -27.308  -4.482  -31.054 0.0000000000
102101  -27.724  -5.631  -29.565 0.0000000000
99301  -28.753  -8.384  -30.126 0.0000000000
101185  -29.270  -7.093  -30.850 0.0000000000
100229  -30.078  -7.573  -30.472 0.0000000000
101174  -30.657  -6.511  -28.813 0.0000000000
99285  -30.994  -8.209  -29.393 0.0000000000
94604  -25.807  -13.572  -30.343 0.0000000000
95524  -27.062  -12.385  -30.311 0.0000000000
94606  -27.841  -12.971  -30.752 0.0000000000
94573  -31.225  -13.339  -27.661 0.0000000000
167737  -31.095  -12.425  -28.955 0.0000000000
95491  -31.535  -11.862  -27.678 0.0000000000
156810  -31.494  -10.123  -27.085 0.0000000000
96458  -31.483  -11.307  -25.747 0.0000000000
84657  -28.051  -23.654  -25.819 0.0000000000
84682  -26.843  -23.231  -27.314 0.0000000000
85699  -28.266  -22.779  -26.200 0.0000000000
86738  -28.617  -21.151  -26.788 0.0000000000
150629  -24.827  -6.817  -28.754 0.0000000000
173240  -27.410  -6.548  -28.735 0.0000000000
100211  -25.559  -7.707  -28.768 0.0000000000
98287  -27.478  -9.408  -29.465 0.0000000000
98306  -28.174  -9.643  -29.705 0.0000000000
92615  -28.369  -15.539  -30.643 0.0000000000
93642  -30.128  -14.802  -31.246 0.0000000000
93611  -29.859  -14.999  -29.426 0.0000000000
93599  -30.564  -14.624  -27.793 0.0000000000
93594  -31.295  -14.318  -26.369 0.0000000000
82642  -28.118  -25.028  -24.956 0.0000000000
92602  -26.050  -15.888  -30.317 0.0000000000
91575  -27.673  -16.860  -30.089 0.0000000000
89641  -28.147  -18.295  -29.389 0.0000000000
89612  -28.687  -18.861  -28.361 0.0000000000
114029  -19.255  7.646  -26.294 0.0000000000
111506  -19.922  4.748  -26.061 0.0000000000
113194  -20.272  5.861  -26.822 0.0000000000
113215  -23.576  6.638  -27.272 0.0000000000
112375  -24.490  5.646  -27.819 0.0000000000
111531  -25.184  4.195  -27.769 0.0000000000
109627  -22.480  2.394  -26.671 0.0000000000
109638  -24.890  3.082  -27.028 0.0000000000
109641  -25.635  2.794  -28.288 0.0000000000
152715  -25.666  1.815  -28.834 0.0000000000
107800  -25.736  0.049  -29.469 0.0000000000
106818  -25.631  -1.592  -30.685 0.0000000000
104823  -22.634  -2.777  -27.085 0.0000000000
171954  -25.570  -1.927  -27.059 0.0000000000
104838  -26.712  -2.067  -28.452 0.0000000000
105840  -25.981  -2.427  -31.327 0.0000000000
104878  -26.645  -3.449  -33.003 0.0000000000
103862  -28.881  -4.301  -32.315 0.0000000000
158814  -28.127  -6.413  -30.069 0.0000000000
101200  -29.077  -5.713  -31.491 0.0000000000
96488  -25.110  -11.661  -29.818 0.0000000000
96499  -27.545  -11.360  -30.011 0.0000000000
155385  -29.098  -10.121  -29.919 0.0000000000
94594  -29.586  -12.976  -30.132 0.0000000000
96502  -30.077  -10.925  -30.209 0.0000000000
98309  -30.456  -9.481  -29.789 0.0000000000
99268  -31.475  -8.688  -27.635 0.0000000000
100173  -30.987  -8.019  -26.156 0.0000000000
87703  -27.707  -20.778  -28.436 0.0000000000
87704  -28.338  -20.381  -27.822 0.0000000000
144189  -29.422  -19.915  -26.309 0.0000000000
152325  -29.495  -18.102  -27.265 0.0000000000
91542  -29.834  -17.218  -26.967 0.0000000000
158484  -29.806  -17.987  -26.501 0.0000000000
90541  -30.169  -17.409  -26.207 0.0000000000
89600  -30.221  -17.999  -25.831 0.0000000000
173549  -28.270  -28.060  -23.721 0.0000000000
80578  -27.415  -27.553  -24.398 0.0000000000
80579  -28.270  -27.462  -24.108 0.0000000000
105792  -22.149  -1.182  -27.326 0.0000000000
154380  -22.977  0.065  -27.127 0.0000000000
106778  -23.508  -0.589  -27.175 0.0000000000
106779  -24.485  -0.635  -26.794 0.0000000000
105794  -23.917  -1.319  -26.887 0.0000000000
101154  -24.405  -5.880  -28.547 0.0000000000
102087  -23.945  -5.149  -28.186 0.0000000000
102889  -26.398  -4.695  -27.827 0.0000000000
168042  -27.052  -4.805  -28.336 0.0000000000
102902  -27.515  -4.633  -28.972 0.0000000000
102100  -27.383  -5.417  -28.684 0.0000000000
99302  -29.340  -8.127  -30.327 0.0000000000
100228  -29.557  -7.640  -30.677 0.0000000000
99303  -29.783  -8.126  -30.391 0.0000000000
169359  -30.609  -7.792  -29.834 0.0000000000
99304  -30.266  -8.266  -30.087 0.0000000000
144705  -26.673  -13.687  -30.481 0.0000000000
164868  -27.110  -13.167  -30.493 0.0000000000
94605  -27.647  -13.750  -30.871 0.0000000000
154717  -31.399  -12.665  -27.101 0.0000000000
94584  -31.355  -12.557  -28.137 0.0000000000
152777  -31.515  -11.869  -26.493 0.0000000000
169856  -31.483  -11.194  -26.362 0.0000000000
96446  -31.498  -11.438  -24.876 0.0000000000
152778  -31.539  -12.114  -25.466 0.0000000000
161568  -24.543  -7.752  -29.268 0.0000000000
98304  -25.717  -9.689  -29.592 0.0000000000
98286  -26.436  -9.224  -29.304 0.0000000000
98305  -26.604  -10.056  -29.535 0.0000000000
145172  -27.381  -10.186  -29.561 0.0000000000
92603  -28.957  -15.784  -30.170 0.0000000000
92604  -29.551  -15.461  -29.883 0.0000000000
91577  -29.190  -16.218  -29.402 0.0000000000
92581  -30.373  -15.415  -27.444 0.0000000000
92592  -30.044  -15.150  -28.365 0.0000000000
93593  -30.867  -14.863  -26.890 0.0000000000
93600  -31.048  -14.095  -27.247 0.0000000000
93586  -31.446  -14.520  -25.504 0.0000000000
92573  -31.139  -15.105  -26.068 0.0000000000
79504  -25.967  -28.345  -24.220 0.0000000000
78419  -26.423  -28.919  -23.721 0.0000000000
82627  -27.789  -25.609  -25.045 0.0000000000
83660  -28.625  -24.472  -24.892 0.0000000000
91574  -26.676  -16.610  -30.213 0.0000000000
88675  -27.052  -19.036  -29.435 0.0000000000
89640  -27.439  -18.326  -29.557 0.0000000000
88676  -27.801  -18.915  -29.317 0.0000000000
168193  -28.306  -18.757  -28.992 0.0000000000
88659  -28.156  -19.311  -28.810 0.0000000000
113193  -19.235  6.812  -26.246 0.0000000000
114030  -19.812  7.139  -26.816 0.0000000000
166278  -19.705  6.429  -26.730 0.0000000000
111519  -20.765  4.650  -26.456 0.0000000000
152473  -21.099  5.273  -26.753 0.0000000000
113195  -21.387  6.085  -26.952 0.0000000000
113196  -22.405  6.383  -26.944 0.0000000000
173293  -23.014  6.671  -27.015 0.0000000000
112356  -23.476  5.305  -26.951 0.0000000000
111522  -23.931  4.511  -26.996 0.0000000000
169848  -24.624  5.051  -27.601 0.0000000000
110599  -24.429  3.725  -27.070 0.0000000000
156597  -22.328  1.450  -26.676 0.0000000000
108717  -24.794  1.600  -26.618 0.0000000000
108716  -24.031  1.635  -26.612 0.0000000000
109630  -25.008  2.303  -26.730 0.0000000000
109639  -25.348  2.812  -27.379 0.0000000000
159333  -25.364  2.047  -27.118 0.0000000000
167886  -25.518  1.417  -27.437 0.0000000000
107782  -25.778  -0.046  -27.606 0.0000000000
107791  -25.967  0.231  -28.328 0.0000000000
107801  -25.986  -0.001  -28.890 0.0000000000
106805  -25.424  -0.741  -30.175 0.0000000000
106806  -25.940  -0.828  -29.470 0.0000000000
102886  -23.511  -4.434  -27.670 0.0000000000
103823  -23.068  -3.633  -27.289 0.0000000000
104824  -23.666  -2.879  -26.876 0.0000000000
104809  -24.261  -2.083  -26.763 0.0000000000
104825  -24.744  -2.887  -26.799 0.0000000000
104839  -27.133  -2.787  -28.732 0.0000000000
155640  -26.689  -2.632  -27.961 0.0000000000
104852  -26.868  -2.335  -29.589 0.0000000000
105825  -26.311  -1.786  -30.097 0.0000000000
156119  -26.504  -2.566  -30.687 0.0000000000
104872  -26.378  -3.274  -31.908 0.0000000000
104864  -26.886  -3.118  -30.659 0.0000000000
102913  -27.764  -5.119  -31.718 0.0000000000
103860  -27.323  -4.502  -32.461 0.0000000000
102919  -27.896  -4.658  -32.780 0.0000000000
103861  -28.414  -4.199  -33.231 0.0000000000
102920  -28.308  -4.485  -33.016 0.0000000000
156093  -27.167  -7.005  -28.591 0.0000000000
160874  -27.624  -6.167  -29.001 0.0000000000
101173  -27.756  -6.979  -29.360 0.0000000000
173477  -29.881  -6.348  -31.133 0.0000000000
101194  -29.380  -6.386  -31.283 0.0000000000
101195  -29.588  -5.891  -31.299 0.0000000000
102116  -29.553  -5.314  -31.114 0.0000000000
102109  -29.880  -5.225  -30.244 0.0000000000
146801  -30.900  -7.110  -28.500 0.0000000000
155276  -30.805  -6.616  -26.759 0.0000000000
95525  -28.100  -12.065  -30.197 0.0000000000
96500  -28.576  -11.076  -29.988 0.0000000000
97449  -28.311  -10.501  -29.761 0.0000000000
96501  -29.366  -10.922  -30.101 0.0000000000
93632  -30.109  -15.008  -31.119 0.0000000000
94607  -29.405  -14.401  -31.219 0.0000000000
94595  -30.009  -13.882  -30.214 0.0000000000
95503  -31.427  -11.815  -28.789 0.0000000000
95515  -31.065  -11.812  -29.685 0.0000000000
96492  -31.350  -11.064  -29.474 0.0000000000
97451  -30.253  -10.149  -29.917 0.0000000000
97438  -30.925  -10.232  -29.849 0.0000000000
98289  -31.159  -9.560  -29.287 0.0000000000
98271  -31.515  -9.600  -28.100 0.0000000000
148348  -31.445  -9.249  -26.189 0.0000000000
99253  -31.367  -8.653  -26.588 0.0000000000
99233  -31.216  -8.757  -25.587 0.0000000000
86717  -28.964  -21.454  -26.211 0.0000000000
87694  -28.618  -20.652  -27.109 0.0000000000
86739  -29.131  -20.642  -26.417 0.0000000000
88637  -28.917  -19.893  -27.063 0.0000000000
87680  -29.694  -20.295  -25.607 0.0000000000
99299  -24.326  -8.533  -29.727 0.0000000000
147362  -24.925  -9.997  -29.772 0.0000000000
97434  -25.762  -10.475  -29.787 0.0000000000
167357  -29.386  -17.090  -28.387 0.0000000000
91563  -29.479  -16.460  -28.605 0.0000000000
91551  -29.667  -16.742  -27.806 0.0000000000
91552  -30.144  -16.265  -27.156 0.0000000000
92563  -30.916  -15.881  -25.769 0.0000000000
173532  -30.711  -17.446  -25.067 0.0000000000
79505  -27.260  -28.708  -23.588 0.0000000000
81613  -27.175  -25.919  -25.235 0.0000000000
81600  -28.610  -26.499  -24.333 0.0000000000
165163  -26.167  -17.847  -29.874 0.0000000000
89638  -25.852  -18.354  -29.632 0.0000000000
88674  -26.285  -19.103  -29.451 0.0000000000
87732  -26.777  -19.800  -29.399 0.0000000000
111520  -21.822  4.507  -26.660 0.0000000000
110596  -21.749  3.734  -26.468 0.0000000000
110597  -22.617  3.798  -26.665 0.0000000000
159278  -23.130  3.043  -26.730 0.0000000000
107772  -22.232  0.582  -26.869 0.0000000000
107775  -25.038  0.843  -26.767 0.0000000000
107781  -25.390  0.746  -27.185 0.0000000000
157610  -24.862  0.086  -26.780 0.0000000000
106780  -25.095  -0.668  -26.683 0.0000000000
106791  -25.532  -0.745  -27.093 0.0000000000
160708  -25.197  -4.009  -26.954 0.0000000000
103825  -25.527  -3.304  -26.963 0.0000000000
147757  -26.209  -3.891  -27.325 0.0000000000
103839  -26.841  -3.296  -28.000 0.0000000000
103840  -27.355  -3.622  -28.811 0.0000000000
104865  -27.113  -3.758  -30.506 0.0000000000
103847  -27.325  -4.129  -29.737 0.0000000000
102907  -27.605  -5.128  -30.318 0.0000000000
100226  -28.293  -7.816  -29.877 0.0000000000
101184  -28.582  -7.164  -30.417 0.0000000000
100227  -29.050  -7.754  -30.560 0.0000000000
101186  -29.693  -6.965  -30.877 0.0000000000
101187  -30.197  -6.607  -30.517 0.0000000000
154734  -30.473  -6.352  -29.533 0.0000000000
146686  -30.558  -7.103  -29.577 0.0000000000
100214  -30.959  -7.625  -29.150 0.0000000000
99267  -31.259  -7.918  -28.298 0.0000000000
95523  -26.101  -12.393  -30.087 0.0000000000
150928  -26.353  -13.015  -30.322 0.0000000000
95536  -28.747  -12.887  -30.557 0.0000000000
164161  -30.964  -13.157  -28.604 0.0000000000
95502  -30.380  -12.826  -29.418 0.0000000000
96475  -31.555  -11.114  -28.369 0.0000000000
97414  -31.536  -10.444  -27.915 0.0000000000
96465  -31.504  -11.028  -27.132 0.0000000000
97392  -31.480  -10.553  -26.182 0.0000000000
98242  -31.438  -9.770  -25.553 0.0000000000
99210  -31.291  -9.342  -24.724 0.0000000000
97375  -31.456  -10.654  -25.232 0.0000000000
83681  -27.261  -24.238  -26.051 0.0000000000
84668  -27.452  -23.397  -26.539 0.0000000000
85698  -27.504  -22.593  -27.019 0.0000000000
86749  -27.489  -21.885  -27.596 0.0000000000
86737  -28.228  -21.857  -26.746 0.0000000000
150726  -29.370  -21.859  -25.415 0.0000000000
101155  -25.450  -5.954  -28.285 0.0000000000
101156  -26.320  -5.894  -28.185 0.0000000000
101171  -26.186  -6.773  -28.378 0.0000000000
100212  -26.611  -7.719  -28.724 0.0000000000
99281  -25.149  -8.449  -29.307 0.0000000000
99283  -27.029  -8.545  -29.117 0.0000000000
99284  -27.907  -8.539  -29.612 0.0000000000
98307  -28.871  -8.834  -29.936 0.0000000000
93641  -28.917  -14.466  -31.427 0.0000000000
151256  -28.946  -15.534  -30.921 0.0000000000
93620  -30.059  -15.176  -30.598 0.0000000000
93621  -30.066  -14.505  -29.937 0.0000000000
92591  -29.609  -15.681  -28.921 0.0000000000
93612  -30.283  -14.446  -28.809 0.0000000000
94572  -30.826  -13.895  -28.221 0.0000000000
94565  -31.360  -13.512  -26.697 0.0000000000
94556  -31.523  -12.972  -25.149 0.0000000000
163281  -31.508  -13.687  -25.770 0.0000000000
91531  -31.149  -16.127  -25.041 0.0000000000
78405  -26.043  -29.587  -23.393 0.0000000000
83694  -26.601  -24.539  -26.500 0.0000000000
82640  -26.607  -25.524  -25.781 0.0000000000
82641  -27.390  -25.075  -25.497 0.0000000000
83682  -28.000  -24.388  -25.405 0.0000000000
155343  -28.523  -23.910  -25.273 0.0000000000
92614  -27.377  -15.243  -30.582 0.0000000000
91586  -27.523  -16.067  -30.377 0.0000000000
91587  -28.232  -16.253  -30.236 0.0000000000
91576  -28.546  -16.807  -29.756 0.0000000000
90576  -26.929  -17.561  -29.845 0.0000000000
90577  -27.953  -17.629  -29.761 0.0000000000
90578  -28.566  -17.613  -29.253 0.0000000000
90564  -29.074  -17.629  -28.570 0.0000000000
89624  -29.147  -18.242  -28.064 0.0000000000
88649  -29.196  -18.966  -27.485 0.0000000000
114017  -18.878  7.317  -25.751 0.0000000000
112344  -19.349  5.241  -25.560 0.0000000000
173471  -19.643  5.174  -26.135 0.0000000000
112355  -20.100  5.197  -26.507 0.0000000000
146599  -20.556  6.631  -27.014 0.0000000000
114032  -21.647  7.010  -27.128 0.0000000000
112374  -23.921  5.926  -27.237 0.0000000000
156867  -24.158  6.545  -27.766 0.0000000000
112392  -24.864  5.509  -28.540 0.0000000000
112393  -25.231  4.924  -28.662 0.0000000000
111547  -25.335  4.284  -28.376 0.0000000000
108715  -23.166  1.746  -26.722 0.0000000000
109628  -23.611  2.289  -26.642 0.0000000000
109629  -24.166  2.878  -26.842 0.0000000000
110608  -25.097  3.668  -27.379 0.0000000000
110609  -25.437  3.586  -27.924 0.0000000000
110614  -25.512  3.566  -28.816 0.0000000000
109643  -25.562  2.725  -29.301 0.0000000000
156861  -25.370  1.889  -29.846 0.0000000000
165824  -25.772  1.378  -28.128 0.0000000000
108736  -25.535  0.957  -29.603 0.0000000000
104822  -21.633  -2.608  -27.341 0.0000000000
104808  -23.286  -2.014  -27.033 0.0000000000
105796  -25.308  -1.347  -26.817 0.0000000000
105806  -25.796  -1.460  -27.363 0.0000000000
104826  -25.581  -2.568  -26.983 0.0000000000
104827  -26.143  -2.176  -27.565 0.0000000000
105815  -26.349  -1.380  -28.870 0.0000000000
103852  -26.867  -3.939  -31.648 0.0000000000
103867  -27.386  -4.116  -33.969 0.0000000000
159039  -28.311  -3.693  -33.324 0.0000000000
103854  -28.731  -3.618  -32.293 0.0000000000
102107  -28.283  -5.773  -30.897 0.0000000000
102108  -28.808  -6.520  -31.017 0.0000000000
102115  -28.842  -5.803  -31.458 0.0000000000
102120  -28.572  -5.042  -32.058 0.0000000000
102914  -29.148  -4.706  -31.613 0.0000000000
102102  -30.465  -5.730  -28.778 0.0000000000
156456  -24.983  -10.877  -29.772 0.0000000000
155651  -25.849  -11.143  -29.942 0.0000000000
96489  -25.934  -11.785  -29.925 0.0000000000
96490  -26.671  -11.244  -29.977 0.0000000000
97436  -27.650  -10.532  -29.680 0.0000000000
97437  -28.575  -9.707  -29.715 0.0000000000
98323  -29.258  -9.199  -29.819 0.0000000000
94616  -29.270  -13.772  -31.294 0.0000000000
167362  -29.238  -12.552  -30.253 0.0000000000
95514  -30.337  -11.822  -30.043 0.0000000000
95527  -29.652  -11.794  -30.197 0.0000000000
161738  -29.726  -10.278  -29.928 0.0000000000
97450  -29.703  -9.630  -29.788 0.0000000000
98325  -30.085  -9.444  -29.855 0.0000000000
98288  -30.686  -8.863  -29.611 0.0000000000
99286  -31.344  -8.791  -28.780 0.0000000000
100186  -31.248  -7.949  -27.097 0.0000000000
167611  -26.635  -20.463  -29.281 0.0000000000
87714  -27.238  -20.347  -29.096 0.0000000000
86750  -28.138  -21.203  -27.598 0.0000000000
87715  -27.889  -20.003  -28.580 0.0000000000
88648  -28.532  -19.574  -28.010 0.0000000000
88638  -29.479  -19.264  -26.603 0.0000000000
79506  -28.552  -28.321  -23.306 0.0000000000
80554  -28.783  -27.726  -23.551 0.0000000000
82628  -28.400  -25.694  -24.693 0.0000000000
83680  -26.790  -24.894  -26.050 0.0000000000
85686  -28.762  -22.097  -26.041 0.0000000000
88622  -29.802  -19.416  -25.836 0.0000000000
89581  -29.858  -18.671  -26.145 0.0000000000
89623  -28.652  -18.237  -28.778 0.0000000000
89637  -25.153  -18.201  -29.340 0.0000000000
90529  -30.530  -17.259  -25.546 0.0000000000
92616  -29.858  -15.346  -30.775 0.0000000000
92617  -30.323  -14.959  -31.171 0.0000000000
92618  -30.559  -14.536  -31.195 0.0000000000
92627  -28.945  -15.188  -31.277 0.0000000000
92628  -29.664  -15.126  -31.238 0.0000000000
93631  -28.080  -14.643  -30.917 0.0000000000
93633  -30.423  -14.673  -31.195 0.0000000000
94615  -28.461  -13.639  -31.208 0.0000000000
94617  -30.043  -14.205  -31.293 0.0000000000
96491  -30.805  -10.989  -30.069 0.0000000000
96498  -26.614  -11.833  -30.109 0.0000000000
98259  -31.549  -9.333  -26.974 0.0000000000
98324  -29.753  -9.006  -29.893 0.0000000000
99282  -26.088  -8.454  -29.037 0.0000000000
99317  -30.046  -8.799  -30.104 0.0000000000
101170  -23.941  -6.432  -29.046 0.0000000000
101172  -27.101  -6.155  -28.394 0.0000000000
102088  -24.966  -5.219  -28.009 0.0000000000
102090  -26.712  -5.350  -28.250 0.0000000000
102121  -29.053  -5.244  -31.642 0.0000000000
102887  -24.538  -4.574  -27.505 0.0000000000
102921  -28.691  -4.623  -32.397 0.0000000000
103859  -26.933  -4.005  -32.979 0.0000000000
104807  -22.355  -1.875  -27.248 0.0000000000
104810  -25.068  -2.032  -26.718 0.0000000000
104873  -28.227  -2.929  -32.586 0.0000000000
105807  -26.287  -1.580  -27.998 0.0000000000
106777  -22.610  -0.626  -27.295 0.0000000000
106798  -26.064  -0.454  -28.505 0.0000000000
107774  -24.450  0.930  -26.813 0.0000000000
108726  -25.624  2.064  -27.798 0.0000000000
108729  -25.907  0.769  -28.753 0.0000000000
111530  -24.678  4.468  -27.415 0.0000000000
111546  -25.003  4.896  -27.983 0.0000000000
111558  -25.316  4.409  -29.340 0.0000000000
112357  -24.234  5.172  -27.254 0.0000000000
113197  -23.189  6.097  -26.893 0.0000000000
143815  -26.452  -15.104  -30.496 0.0000000000
148298  -31.483  -9.799  -26.366 0.0000000000
154134  -22.176  -0.108  -27.088 0.0000000000
155522  -28.374  -9.019  -29.859 0.0000000000
156092  -25.232  0.006  -26.938 0.0000000000
157113  -27.416  -4.298  -33.478 0.0000000000
158539  -24.422  2.128  -26.563 0.0000000000
163424  -26.790  -15.782  -30.409 0.0000000000
165994  -29.600  -13.361  -30.871 0.0000000000
167363  -29.507  -14.379  -31.397 0.0000000000
168222  -25.651  -9.011  -29.379 0.0000000000
168664  -22.544  6.982  -27.121 0.0000000000
170924  -31.425  -10.099  -24.775 0.0000000000
173253  -24.918  -3.486  -26.869 0.0000000000
173418  -30.387  -9.844  -29.861 0.0000000000
173684  -28.231  -14.111  -31.243 0.0000000000
