#!ascii label  , from subject sub-v1s1x0050655_ses-1 vox2ras=TkReg
1785
63761  -36.689  -32.830  25.338 0.0000000000
78369  -47.365  -16.897  24.143 0.0000000000
70976  -43.949  -25.846  23.437 0.0000000000
37685  -9.164  -57.740  37.136 0.0000000000
155600  -34.241  -34.479  28.586 0.0000000000
43388  -28.377  -53.753  39.715 0.0000000000
49810  -30.909  -46.465  40.489 0.0000000000
163613  -35.881  -42.461  36.015 0.0000000000
58719  -37.762  -37.644  34.256 0.0000000000
45585  -17.756  -50.686  36.003 0.0000000000
145317  -22.641  -50.887  42.126 0.0000000000
46609  -21.270  -50.370  36.655 0.0000000000
48763  -29.944  -47.270  33.957 0.0000000000
152442  -29.503  -41.340  36.220 0.0000000000
65882  -39.814  -30.125  30.417 0.0000000000
63686  -44.751  -32.945  29.141 0.0000000000
74793  -46.762  -21.827  23.060 0.0000000000
66995  -40.748  -29.319  23.414 0.0000000000
80358  -45.834  -15.656  19.100 0.0000000000
33090  -6.103  -61.725  36.598 0.0000000000
63624  -38.750  -32.562  32.897 0.0000000000
65932  -33.746  -30.258  27.624 0.0000000000
44516  -27.785  -51.814  34.457 0.0000000000
43444  -32.903  -52.503  36.388 0.0000000000
66941  -46.980  -29.445  28.145 0.0000000000
81366  -52.177  -14.634  14.634 0.0000000000
54932  -32.665  -41.869  32.984 0.0000000000
55847  -34.831  -41.276  32.073 0.0000000000
47635  -18.957  -49.619  37.294 0.0000000000
53967  -28.565  -42.056  33.279 0.0000000000
56798  -29.308  -40.143  34.208 0.0000000000
54881  -32.527  -41.381  35.789 0.0000000000
64811  -38.713  -31.693  28.407 0.0000000000
64796  -42.512  -31.959  29.817 0.0000000000
62677  -40.518  -33.066  26.884 0.0000000000
75696  -48.015  -19.855  22.874 0.0000000000
74781  -49.185  -21.104  25.805 0.0000000000
80322  -48.692  -15.481  23.449 0.0000000000
37714  -8.037  -58.247  34.570 0.0000000000
35442  -7.774  -59.685  37.367 0.0000000000
59733  -36.137  -36.510  31.416 0.0000000000
60668  -38.457  -35.145  33.568 0.0000000000
171526  -36.558  -33.441  30.821 0.0000000000
64760  -36.290  -30.883  30.649 0.0000000000
63680  -33.688  -31.750  29.135 0.0000000000
45528  -25.483  -52.236  40.833 0.0000000000
165682  -26.610  -52.595  43.740 0.0000000000
41114  -29.440  -54.895  41.891 0.0000000000
38773  -31.677  -56.810  40.411 0.0000000000
46651  -24.255  -50.098  33.258 0.0000000000
46671  -27.355  -49.893  32.109 0.0000000000
48712  -30.934  -47.322  37.247 0.0000000000
45593  -32.071  -50.193  35.355 0.0000000000
46598  -32.314  -48.902  37.963 0.0000000000
43401  -33.604  -51.593  39.761 0.0000000000
42297  -13.108  -54.294  37.029 0.0000000000
42233  -15.246  -54.423  42.019 0.0000000000
41071  -15.038  -55.155  45.142 0.0000000000
68930  -42.369  -27.846  23.318 0.0000000000
66976  -44.153  -29.350  25.860 0.0000000000
165270  -45.492  -27.465  25.337 0.0000000000
81380  -53.997  -14.277  13.822 0.0000000000
150587  -7.822  -59.107  40.791 0.0000000000
146198  -38.244  -41.300  38.645 0.0000000000
56772  -40.233  -39.353  37.226 0.0000000000
55812  -37.428  -40.218  34.708 0.0000000000
57829  -35.764  -38.953  32.253 0.0000000000
43384  -18.134  -52.906  40.176 0.0000000000
44417  -20.546  -52.041  43.244 0.0000000000
45521  -19.467  -50.298  39.812 0.0000000000
45540  -22.333  -50.780  39.651 0.0000000000
144788  -25.543  -51.584  38.578 0.0000000000
155633  -28.507  -48.016  31.788 0.0000000000
52042  -29.877  -44.575  32.111 0.0000000000
168049  -30.565  -44.332  34.961 0.0000000000
51968  -30.637  -44.109  37.699 0.0000000000
54823  -31.747  -41.775  38.714 0.0000000000
53903  -35.414  -43.100  38.363 0.0000000000
43455  -15.957  -52.830  35.332 0.0000000000
66878  -41.263  -29.767  33.393 0.0000000000
66867  -45.630  -29.442  34.558 0.0000000000
65854  -43.264  -30.201  32.136 0.0000000000
64781  -46.297  -31.958  30.818 0.0000000000
72026  -44.773  -23.793  23.138 0.0000000000
70944  -46.309  -25.547  25.700 0.0000000000
71991  -47.192  -23.387  26.019 0.0000000000
26603  -1.785  -66.941  38.750 0.0000000000
172222  -38.610  -31.741  24.046 0.0000000000
67994  -39.604  -28.214  21.375 0.0000000000
72980  -42.535  -23.718  21.014 0.0000000000
74829  -43.840  -21.563  20.713 0.0000000000
75707  -43.995  -19.480  21.891 0.0000000000
78388  -45.122  -17.373  21.964 0.0000000000
79376  -46.698  -16.819  21.479 0.0000000000
79408  -44.535  -16.908  19.112 0.0000000000
34209  -6.386  -61.376  39.921 0.0000000000
31950  -4.752  -63.045  39.698 0.0000000000
29719  -2.391  -64.633  39.595 0.0000000000
62560  -41.911  -33.033  37.697 0.0000000000
59657  -39.831  -36.382  36.576 0.0000000000
61600  -40.356  -34.086  35.444 0.0000000000
64705  -40.778  -31.151  34.912 0.0000000000
66890  -38.612  -30.433  31.971 0.0000000000
66940  -37.003  -29.970  29.274 0.0000000000
64840  -34.723  -31.524  26.079 0.0000000000
45444  -23.185  -50.598  45.296 0.0000000000
174359  -24.691  -50.330  35.965 0.0000000000
43428  -27.938  -53.171  37.162 0.0000000000
45642  -30.115  -50.567  33.311 0.0000000000
43459  -30.743  -52.847  35.020 0.0000000000
42299  -30.319  -54.619  37.265 0.0000000000
39965  -33.741  -55.645  38.045 0.0000000000
38836  -9.725  -56.622  34.990 0.0000000000
41173  -11.224  -54.765  36.139 0.0000000000
39955  -10.255  -55.573  38.524 0.0000000000
64846  -42.698  -32.009  26.110 0.0000000000
64831  -46.559  -31.833  27.370 0.0000000000
64799  -50.093  -31.370  29.160 0.0000000000
68862  -47.298  -27.216  28.502 0.0000000000
81302  -48.250  -14.663  20.043 0.0000000000
82288  -49.587  -13.863  19.445 0.0000000000
82302  -51.062  -13.715  18.662 0.0000000000
167364  -50.061  -14.987  16.578 0.0000000000
81334  -53.138  -14.426  17.614 0.0000000000
55844  -30.622  -40.377  32.072 0.0000000000
55863  -31.726  -40.850  30.928 0.0000000000
56848  -30.427  -39.960  30.538 0.0000000000
56806  -27.695  -39.941  33.018 0.0000000000
56820  -29.633  -39.805  32.676 0.0000000000
55826  -31.328  -40.714  33.317 0.0000000000
64843  -37.190  -32.752  26.919 0.0000000000
63703  -39.878  -32.746  28.201 0.0000000000
172835  -38.806  -32.951  26.389 0.0000000000
77432  -47.964  -18.576  23.676 0.0000000000
76530  -49.910  -19.438  24.501 0.0000000000
163145  -49.856  -18.044  24.046 0.0000000000
79349  -50.127  -16.717  24.555 0.0000000000
145522  -48.153  -15.897  23.792 0.0000000000
37700  -8.861  -57.837  36.413 0.0000000000
36601  -7.954  -58.650  35.530 0.0000000000
36589  -8.795  -58.471  37.199 0.0000000000
172292  -35.277  -35.583  29.734 0.0000000000
60703  -36.853  -35.061  31.032 0.0000000000
61648  -35.242  -34.237  29.577 0.0000000000
63682  -35.289  -32.668  30.153 0.0000000000
63702  -33.987  -32.903  29.174 0.0000000000
42214  -17.925  -54.337  44.479 0.0000000000
43386  -27.120  -53.357  40.642 0.0000000000
43372  -27.118  -53.287  41.663 0.0000000000
41122  -29.367  -54.468  41.262 0.0000000000
39916  -30.530  -55.900  41.274 0.0000000000
41144  -30.045  -54.961  39.741 0.0000000000
48699  -31.060  -47.272  38.155 0.0000000000
47644  -31.633  -48.430  37.426 0.0000000000
47618  -31.823  -48.083  39.245 0.0000000000
46571  -32.418  -48.715  39.694 0.0000000000
43368  -16.880  -53.919  40.848 0.0000000000
42235  -16.806  -54.199  42.379 0.0000000000
41088  -16.482  -54.351  44.480 0.0000000000
169705  -44.128  -30.398  38.065 0.0000000000
69947  -42.770  -26.594  22.839 0.0000000000
68916  -43.823  -27.647  24.178 0.0000000000
69909  -44.766  -26.751  24.175 0.0000000000
54845  -36.766  -41.924  37.201 0.0000000000
55774  -38.073  -41.112  36.731 0.0000000000
54903  -36.395  -41.491  34.720 0.0000000000
56836  -35.350  -39.763  31.944 0.0000000000
56863  -34.389  -38.884  29.917 0.0000000000
58781  -34.777  -37.974  30.317 0.0000000000
44477  -17.943  -51.885  38.003 0.0000000000
44467  -18.698  -51.505  39.409 0.0000000000
45554  -18.254  -50.803  38.222 0.0000000000
47637  -19.850  -49.577  37.172 0.0000000000
170220  -20.336  -49.355  38.618 0.0000000000
46583  -21.670  -50.295  37.975 0.0000000000
45542  -24.326  -51.507  39.375 0.0000000000
156734  -23.864  -50.761  37.986 0.0000000000
158044  -29.070  -45.017  30.825 0.0000000000
53953  -28.781  -42.021  34.277 0.0000000000
52982  -29.881  -43.490  33.382 0.0000000000
53954  -29.669  -42.780  35.279 0.0000000000
51977  -30.642  -44.560  36.395 0.0000000000
52947  -29.977  -42.684  36.915 0.0000000000
53900  -30.741  -42.273  38.517 0.0000000000
54840  -30.521  -41.444  37.562 0.0000000000
53931  -33.551  -42.972  35.698 0.0000000000
53917  -33.599  -42.950  36.641 0.0000000000
53933  -35.184  -43.124  36.475 0.0000000000
162472  -36.929  -41.905  38.829 0.0000000000
44494  -17.226  -51.726  35.829 0.0000000000
145983  -40.830  -29.698  32.165 0.0000000000
66894  -42.673  -29.831  32.833 0.0000000000
65870  -42.029  -30.274  31.339 0.0000000000
63684  -42.914  -32.646  29.356 0.0000000000
64778  -43.796  -31.322  30.302 0.0000000000
63663  -45.092  -32.348  30.008 0.0000000000
63665  -46.810  -32.744  30.310 0.0000000000
62643  -46.476  -33.192  29.010 0.0000000000
73876  -45.564  -22.842  23.277 0.0000000000
72956  -46.120  -23.576  24.773 0.0000000000
73871  -47.111  -22.287  24.868 0.0000000000
74755  -49.847  -21.110  27.505 0.0000000000
72993  -43.020  -22.867  20.695 0.0000000000
74827  -42.174  -21.744  20.427 0.0000000000
76561  -42.344  -19.535  21.325 0.0000000000
171834  -43.285  -18.365  21.382 0.0000000000
155838  -44.318  -18.652  22.122 0.0000000000
78395  -43.675  -17.900  20.940 0.0000000000
78404  -44.638  -17.747  20.151 0.0000000000
34279  -6.719  -60.344  35.301 0.0000000000
31972  -5.593  -62.292  36.065 0.0000000000
35366  -7.401  -59.460  42.182 0.0000000000
35415  -7.368  -60.059  39.711 0.0000000000
34182  -6.297  -60.555  42.320 0.0000000000
31940  -4.555  -62.691  41.336 0.0000000000
172817  -3.578  -63.914  41.407 0.0000000000
30807  -3.532  -63.891  39.665 0.0000000000
30794  -2.834  -64.607  41.218 0.0000000000
27618  -2.884  -66.426  41.059 0.0000000000
57795  -38.582  -38.478  35.481 0.0000000000
58671  -39.925  -37.915  37.072 0.0000000000
59656  -39.273  -37.149  36.124 0.0000000000
61618  -38.951  -34.205  33.401 0.0000000000
60654  -39.282  -35.071  34.919 0.0000000000
62575  -40.086  -33.505  34.649 0.0000000000
62576  -40.658  -33.062  35.286 0.0000000000
63614  -39.811  -32.016  34.065 0.0000000000
65841  -39.475  -30.908  33.379 0.0000000000
64731  -38.856  -31.217  32.943 0.0000000000
66923  -35.156  -30.301  29.349 0.0000000000
66910  -36.486  -29.901  30.200 0.0000000000
66950  -35.094  -30.179  28.116 0.0000000000
65935  -36.409  -30.973  27.441 0.0000000000
65947  -34.339  -30.771  26.742 0.0000000000
45487  -21.213  -50.836  42.281 0.0000000000
45455  -21.893  -51.043  44.498 0.0000000000
45472  -22.716  -50.670  43.701 0.0000000000
169358  -25.953  -50.803  34.313 0.0000000000
45621  -25.298  -50.487  34.560 0.0000000000
171167  -26.527  -51.281  35.351 0.0000000000
45576  -26.526  -51.283  36.735 0.0000000000
151379  -27.786  -52.493  35.688 0.0000000000
48779  -29.675  -47.746  33.118 0.0000000000
46673  -29.169  -49.033  32.611 0.0000000000
47691  -30.460  -48.730  33.686 0.0000000000
45608  -32.480  -50.947  35.551 0.0000000000
44520  -31.596  -51.480  34.545 0.0000000000
43460  -31.619  -52.668  35.310 0.0000000000
42308  -30.500  -53.909  36.012 0.0000000000
164533  -32.409  -54.020  36.207 0.0000000000
38815  -32.182  -55.815  37.582 0.0000000000
41167  -33.533  -54.560  37.380 0.0000000000
164829  -33.698  -44.349  41.657 0.0000000000
42305  -12.358  -54.300  36.215 0.0000000000
41151  -11.312  -54.669  37.894 0.0000000000
150786  -10.703  -55.246  36.840 0.0000000000
39854  -14.069  -56.367  46.109 0.0000000000
65986  -39.672  -30.308  23.589 0.0000000000
64862  -40.783  -31.762  25.285 0.0000000000
65975  -41.494  -30.170  24.884 0.0000000000
66951  -45.833  -29.687  27.107 0.0000000000
65952  -45.505  -31.026  26.905 0.0000000000
65939  -46.745  -30.926  27.544 0.0000000000
63733  -47.839  -32.009  27.956 0.0000000000
65921  -48.014  -30.419  28.298 0.0000000000
70911  -47.359  -25.357  27.736 0.0000000000
69867  -46.987  -26.338  27.720 0.0000000000
70895  -47.479  -26.145  28.506 0.0000000000
146753  -46.427  -16.289  19.700 0.0000000000
79392  -47.554  -16.459  20.944 0.0000000000
80359  -46.703  -15.321  19.319 0.0000000000
82286  -47.966  -14.273  18.903 0.0000000000
163318  -48.706  -14.138  18.725 0.0000000000
82301  -49.812  -13.772  19.050 0.0000000000
151448  -49.766  -14.073  18.334 0.0000000000
81363  -49.975  -14.460  14.575 0.0000000000
81354  -49.570  -14.817  15.355 0.0000000000
81342  -50.709  -14.864  16.066 0.0000000000
152110  -51.811  -14.338  17.171 0.0000000000
81344  -52.636  -14.625  16.783 0.0000000000
146007  -54.310  -15.053  15.984 0.0000000000
146228  -55.302  -14.770  14.733 0.0000000000
53955  -33.996  -42.664  33.989 0.0000000000
54921  -35.249  -42.048  33.251 0.0000000000
54934  -34.246  -41.904  32.237 0.0000000000
146952  -33.216  -41.326  30.564 0.0000000000
46608  -18.260  -49.621  36.629 0.0000000000
54930  -27.645  -40.828  32.944 0.0000000000
156547  -28.112  -40.675  33.936 0.0000000000
55792  -29.247  -40.783  35.508 0.0000000000
55783  -30.736  -40.739  36.399 0.0000000000
170464  -31.508  -40.708  34.904 0.0000000000
54918  -32.619  -41.772  33.944 0.0000000000
65900  -39.513  -30.583  29.637 0.0000000000
65902  -41.249  -30.939  29.788 0.0000000000
64794  -40.728  -31.571  29.376 0.0000000000
63704  -41.642  -32.802  28.859 0.0000000000
63728  -43.027  -33.059  27.745 0.0000000000
75682  -47.872  -20.872  23.037 0.0000000000
74786  -47.642  -21.708  24.300 0.0000000000
75676  -48.828  -20.590  24.058 0.0000000000
75662  -49.740  -20.559  26.015 0.0000000000
169725  -49.827  -14.410  23.352 0.0000000000
163623  -7.114  -59.615  35.274 0.0000000000
173657  -6.867  -60.749  36.864 0.0000000000
58739  -37.318  -37.260  33.468 0.0000000000
59683  -37.900  -36.773  34.138 0.0000000000
60685  -37.575  -35.637  32.492 0.0000000000
155478  -37.749  -34.883  32.299 0.0000000000
62604  -37.931  -33.262  32.143 0.0000000000
64744  -37.338  -31.724  31.778 0.0000000000
63662  -36.311  -32.327  30.981 0.0000000000
64792  -34.403  -31.233  29.565 0.0000000000
65896  -33.662  -30.350  28.654 0.0000000000
167144  -24.045  -51.389  41.945 0.0000000000
45474  -24.405  -50.979  43.399 0.0000000000
44435  -26.058  -52.409  42.713 0.0000000000
42229  -28.535  -54.191  42.768 0.0000000000
37625  -32.358  -58.408  42.175 0.0000000000
45657  -26.029  -50.170  32.922 0.0000000000
45640  -27.520  -50.922  33.146 0.0000000000
48729  -30.338  -46.939  35.677 0.0000000000
149951  -30.826  -48.310  34.628 0.0000000000
148772  -30.973  -48.070  36.034 0.0000000000
151277  -32.255  -49.109  37.039 0.0000000000
45577  -33.022  -50.641  37.310 0.0000000000
43430  -33.459  -52.230  37.756 0.0000000000
45544  -33.016  -50.207  39.205 0.0000000000
145501  -14.057  -53.506  36.008 0.0000000000
43423  -13.988  -54.097  37.417 0.0000000000
42263  -13.718  -54.361  40.589 0.0000000000
41112  -13.883  -55.001  42.166 0.0000000000
41102  -14.779  -54.890  43.432 0.0000000000
163665  -41.851  -28.418  23.403 0.0000000000
66974  -42.587  -29.465  25.116 0.0000000000
67950  -42.733  -28.532  24.277 0.0000000000
67937  -44.558  -28.493  25.470 0.0000000000
66963  -45.967  -28.851  27.161 0.0000000000
81318  -44.295  -14.535  18.306 0.0000000000
81309  -46.093  -14.813  18.610 0.0000000000
81319  -45.291  -14.221  18.210 0.0000000000
81365  -51.555  -14.531  13.910 0.0000000000
149456  -53.121  -14.635  14.143 0.0000000000
81378  -51.986  -14.309  13.268 0.0000000000
82348  -53.700  -13.343  12.767 0.0000000000
37657  -9.122  -57.658  38.948 0.0000000000
152302  -8.760  -58.410  38.749 0.0000000000
56757  -40.359  -40.102  38.831 0.0000000000
55776  -39.688  -40.259  37.313 0.0000000000
56784  -38.833  -39.889  35.924 0.0000000000
56799  -37.615  -39.358  34.538 0.0000000000
167630  -36.361  -40.548  33.658 0.0000000000
56810  -36.329  -39.740  33.239 0.0000000000
58738  -36.815  -37.982  33.210 0.0000000000
58763  -36.134  -37.098  31.878 0.0000000000
59778  -35.103  -36.573  30.127 0.0000000000
42237  -18.293  -53.592  41.658 0.0000000000
43341  -19.249  -53.340  42.690 0.0000000000
43371  -19.556  -52.293  41.499 0.0000000000
44445  -19.840  -51.244  41.383 0.0000000000
46548  -21.094  -50.071  41.283 0.0000000000
47624  -19.094  -49.891  38.025 0.0000000000
46568  -20.497  -49.637  39.518 0.0000000000
45507  -22.501  -50.904  41.210 0.0000000000
145083  -23.776  -51.478  40.220 0.0000000000
149433  -25.508  -52.343  39.933 0.0000000000
44469  -26.596  -52.908  39.123 0.0000000000
144678  -29.271  -45.902  31.893 0.0000000000
147843  -29.934  -45.888  33.207 0.0000000000
52993  -29.186  -43.180  32.631 0.0000000000
52012  -30.421  -44.327  33.255 0.0000000000
50985  -30.579  -45.853  34.065 0.0000000000
49887  -30.678  -46.038  35.618 0.0000000000
50950  -30.806  -45.694  37.369 0.0000000000
165385  -30.758  -45.352  38.584 0.0000000000
50925  -30.913  -45.196  40.676 0.0000000000
51949  -31.083  -44.016  39.496 0.0000000000
53869  -31.955  -43.550  39.834 0.0000000000
156741  -33.102  -43.718  39.996 0.0000000000
54862  -32.272  -41.262  36.739 0.0000000000
148687  -33.719  -43.657  38.604 0.0000000000
165129  -34.881  -43.678  39.852 0.0000000000
54797  -36.217  -42.492  40.253 0.0000000000
43425  -15.473  -53.462  37.047 0.0000000000
66849  -41.900  -30.023  34.791 0.0000000000
162591  -42.674  -29.609  34.133 0.0000000000
66896  -44.677  -29.811  32.857 0.0000000000
151098  -45.954  -30.220  32.302 0.0000000000
65886  -43.446  -30.808  30.683 0.0000000000
65888  -45.137  -30.986  30.937 0.0000000000
72025  -44.198  -24.388  22.962 0.0000000000
70960  -45.443  -25.458  24.543 0.0000000000
72001  -45.651  -24.467  24.488 0.0000000000
71982  -47.018  -24.334  26.385 0.0000000000
71968  -47.825  -24.553  28.115 0.0000000000
167972  -48.335  -22.445  26.570 0.0000000000
73831  -48.595  -22.893  27.794 0.0000000000
64883  -35.450  -32.384  23.551 0.0000000000
64875  -38.098  -32.272  24.165 0.0000000000
65983  -36.990  -31.392  22.685 0.0000000000
66000  -38.253  -30.667  22.770 0.0000000000
66994  -39.502  -29.808  22.940 0.0000000000
67976  -39.968  -28.793  21.820 0.0000000000
68943  -41.242  -27.993  22.355 0.0000000000
69963  -41.341  -26.720  21.801 0.0000000000
70990  -42.524  -25.886  22.369 0.0000000000
72034  -42.764  -24.371  21.800 0.0000000000
72981  -43.409  -23.486  21.561 0.0000000000
73883  -44.811  -22.855  21.903 0.0000000000
73892  -45.245  -22.172  21.484 0.0000000000
74814  -42.416  -20.913  21.035 0.0000000000
159392  -44.035  -20.853  21.171 0.0000000000
75709  -45.936  -21.082  21.708 0.0000000000
76550  -46.474  -19.883  22.512 0.0000000000
76539  -45.720  -18.465  23.122 0.0000000000
78379  -46.018  -17.223  23.512 0.0000000000
79369  -46.418  -16.795  22.749 0.0000000000
170795  -45.793  -16.946  22.076 0.0000000000
78406  -46.027  -17.083  19.912 0.0000000000
80357  -44.996  -16.178  18.994 0.0000000000
80366  -44.269  -15.489  18.588 0.0000000000
35416  -7.862  -59.567  39.115 0.0000000000
34242  -6.935  -60.930  38.432 0.0000000000
34241  -6.399  -61.496  38.056 0.0000000000
150954  -5.657  -61.801  41.086 0.0000000000
33063  -5.944  -62.056  39.503 0.0000000000
33080  -5.935  -62.109  37.596 0.0000000000
150760  -4.992  -63.141  37.992 0.0000000000
30818  -4.030  -63.945  37.815 0.0000000000
29730  -2.615  -64.835  37.878 0.0000000000
28647  -1.402  -65.691  38.722 0.0000000000
64697  -42.303  -31.312  36.954 0.0000000000
59650  -40.850  -36.089  37.829 0.0000000000
60643  -39.052  -35.825  35.126 0.0000000000
167482  -40.423  -35.076  36.529 0.0000000000
62568  -41.538  -32.841  36.776 0.0000000000
63597  -41.670  -31.860  36.532 0.0000000000
160937  -41.570  -30.681  35.340 0.0000000000
65829  -40.695  -30.502  34.307 0.0000000000
66877  -40.464  -30.117  33.138 0.0000000000
66904  -39.836  -29.661  31.734 0.0000000000
65852  -37.901  -30.667  31.655 0.0000000000
66912  -38.062  -29.924  30.607 0.0000000000
66927  -38.992  -29.947  30.293 0.0000000000
65917  -37.549  -30.602  28.601 0.0000000000
64826  -36.963  -31.766  27.271 0.0000000000
156365  -36.080  -32.779  26.071 0.0000000000
62675  -32.882  -33.270  27.529 0.0000000000
63700  -32.301  -31.858  27.971 0.0000000000
65931  -32.339  -30.476  27.712 0.0000000000
66960  -32.229  -30.017  26.913 0.0000000000
65945  -32.716  -30.572  26.432 0.0000000000
65962  -33.339  -31.285  25.655 0.0000000000
64872  -34.368  -32.611  24.609 0.0000000000
64873  -35.230  -32.747  24.471 0.0000000000
45458  -25.362  -51.276  44.818 0.0000000000
46620  -20.989  -50.224  35.362 0.0000000000
45619  -23.529  -50.324  34.933 0.0000000000
45588  -23.369  -50.487  36.735 0.0000000000
45574  -25.430  -50.739  37.294 0.0000000000
159961  -26.441  -52.241  37.848 0.0000000000
43414  -27.676  -53.298  38.115 0.0000000000
47717  -28.163  -48.659  31.789 0.0000000000
159235  -28.195  -50.036  32.204 0.0000000000
44532  -29.193  -51.279  33.425 0.0000000000
151731  -31.231  -50.129  34.063 0.0000000000
44533  -30.039  -51.343  33.866 0.0000000000
44505  -29.177  -52.380  34.582 0.0000000000
43443  -29.168  -53.351  35.698 0.0000000000
42298  -29.426  -54.051  37.294 0.0000000000
42280  -29.690  -54.556  38.957 0.0000000000
39948  -30.872  -55.458  38.453 0.0000000000
38787  -32.271  -56.658  38.812 0.0000000000
150108  -9.185  -57.106  34.478 0.0000000000
38821  -9.373  -57.229  36.619 0.0000000000
149357  -11.412  -54.139  34.647 0.0000000000
41198  -10.889  -54.584  34.126 0.0000000000
41197  -10.459  -55.248  34.827 0.0000000000
39984  -10.215  -55.917  36.484 0.0000000000
38809  -9.745  -56.632  37.763 0.0000000000
38766  -9.807  -56.327  40.303 0.0000000000
39889  -13.458  -55.715  43.553 0.0000000000
168276  -39.826  -32.719  25.800 0.0000000000
64845  -41.905  -32.445  26.242 0.0000000000
168922  -43.423  -32.755  27.015 0.0000000000
64865  -43.242  -30.711  25.964 0.0000000000
64848  -44.260  -31.696  26.433 0.0000000000
162466  -45.385  -32.633  27.492 0.0000000000
63710  -47.722  -32.724  28.414 0.0000000000
68903  -46.209  -26.695  26.145 0.0000000000
68889  -46.273  -27.285  26.750 0.0000000000
67895  -47.204  -28.268  28.566 0.0000000000
80328  -48.009  -16.001  22.532 0.0000000000
165199  -48.675  -15.632  21.953 0.0000000000
81289  -49.404  -14.318  21.048 0.0000000000
81310  -47.037  -14.662  18.930 0.0000000000
81312  -48.584  -14.277  19.535 0.0000000000
82271  -49.922  -13.777  21.059 0.0000000000
82278  -50.282  -13.556  20.249 0.0000000000
82279  -51.418  -13.446  20.179 0.0000000000
81329  -48.177  -14.898  16.869 0.0000000000
160052  -50.576  -14.111  18.046 0.0000000000
175064  -51.775  -13.994  18.375 0.0000000000
145494  -54.753  -14.972  15.179 0.0000000000
56833  -30.077  -39.955  31.572 0.0000000000
56834  -30.942  -40.347  31.181 0.0000000000
56819  -28.570  -39.566  32.690 0.0000000000
56832  -29.188  -39.471  31.897 0.0000000000
63762  -37.382  -32.977  25.911 0.0000000000
63744  -38.144  -32.932  26.366 0.0000000000
154669  -38.115  -32.809  25.503 0.0000000000
77421  -47.535  -17.703  24.085 0.0000000000
169021  -48.353  -18.030  23.951 0.0000000000
78370  -48.314  -17.136  24.208 0.0000000000
78371  -49.498  -17.272  24.160 0.0000000000
79348  -49.067  -16.236  24.350 0.0000000000
79347  -48.080  -16.285  24.173 0.0000000000
36602  -8.395  -58.483  36.287 0.0000000000
172314  -35.144  -34.860  29.444 0.0000000000
151788  -35.499  -35.081  29.783 0.0000000000
62641  -34.507  -33.768  29.160 0.0000000000
62659  -33.853  -33.603  28.594 0.0000000000
151206  -18.539  -54.075  44.859 0.0000000000
144686  -18.538  -54.079  43.984 0.0000000000
43387  -27.830  -53.534  40.217 0.0000000000
43374  -28.527  -53.875  40.571 0.0000000000
42267  -29.135  -54.287  40.653 0.0000000000
41134  -29.772  -54.744  40.573 0.0000000000
42268  -29.423  -54.490  39.928 0.0000000000
49826  -30.878  -46.629  39.597 0.0000000000
156836  -30.990  -47.299  38.980 0.0000000000
48686  -31.137  -47.292  39.595 0.0000000000
48659  -31.190  -46.879  40.884 0.0000000000
145789  -17.028  -54.255  43.074 0.0000000000
69925  -43.540  -26.641  23.399 0.0000000000
168383  -44.110  -27.060  23.892 0.0000000000
69926  -44.215  -26.448  23.781 0.0000000000
54883  -36.611  -41.684  35.635 0.0000000000
54902  -35.818  -42.270  35.134 0.0000000000
56850  -34.016  -39.985  30.003 0.0000000000
56851  -34.658  -39.533  30.620 0.0000000000
45570  -17.924  -51.092  37.447 0.0000000000
45586  -18.071  -50.412  36.748 0.0000000000
47638  -20.463  -49.922  36.981 0.0000000000
46596  -21.063  -50.126  37.579 0.0000000000
46597  -21.819  -50.483  37.250 0.0000000000
45571  -22.320  -50.607  37.619 0.0000000000
45587  -22.589  -50.579  36.997 0.0000000000
54880  -28.903  -41.502  35.079 0.0000000000
174062  -29.089  -42.193  35.022 0.0000000000
53942  -29.245  -41.789  35.790 0.0000000000
52956  -29.779  -42.714  36.104 0.0000000000
53930  -29.750  -41.910  36.545 0.0000000000
53915  -30.036  -42.110  37.127 0.0000000000
54859  -29.956  -41.361  36.952 0.0000000000
53945  -35.160  -43.009  35.568 0.0000000000
53932  -34.295  -43.425  36.057 0.0000000000
54864  -35.910  -42.486  36.887 0.0000000000
45601  -17.486  -50.831  35.258 0.0000000000
44486  -17.633  -52.085  37.280 0.0000000000
169250  -40.370  -29.646  31.822 0.0000000000
66905  -41.602  -29.847  32.028 0.0000000000
65869  -41.041  -29.958  31.380 0.0000000000
63685  -43.747  -32.738  29.279 0.0000000000
64798  -44.197  -32.227  29.955 0.0000000000
63687  -45.702  -32.944  29.401 0.0000000000
73885  -46.114  -22.265  22.689 0.0000000000
73870  -46.414  -22.698  24.512 0.0000000000
73878  -46.884  -22.049  24.026 0.0000000000
74756  -50.304  -21.072  28.605 0.0000000000
162180  -41.275  -21.946  20.344 0.0000000000
77464  -42.959  -18.383  20.578 0.0000000000
78403  -43.694  -18.055  19.756 0.0000000000
34267  -6.350  -61.039  35.943 0.0000000000
33097  -5.948  -61.640  35.538 0.0000000000
35365  -6.929  -60.078  41.865 0.0000000000
34176  -6.119  -60.417  43.267 0.0000000000
162512  -3.131  -64.256  41.101 0.0000000000
28627  -3.007  -65.498  42.306 0.0000000000
58701  -38.104  -38.019  34.963 0.0000000000
58685  -38.981  -38.114  36.083 0.0000000000
58702  -38.697  -37.596  35.446 0.0000000000
62595  -39.204  -33.232  33.366 0.0000000000
62582  -39.463  -33.833  34.072 0.0000000000
62583  -39.785  -32.935  33.949 0.0000000000
63625  -39.316  -32.295  33.462 0.0000000000
64732  -39.372  -31.517  33.511 0.0000000000
155897  -38.840  -31.812  32.975 0.0000000000
144785  -33.698  -30.150  28.279 0.0000000000
66938  -35.188  -30.055  28.856 0.0000000000
66949  -34.407  -30.063  28.307 0.0000000000
65933  -34.701  -30.451  27.511 0.0000000000
45488  -21.687  -50.663  42.409 0.0000000000
45489  -22.123  -50.723  43.105 0.0000000000
45490  -22.776  -50.758  42.910 0.0000000000
45623  -27.198  -51.459  34.001 0.0000000000
45622  -26.500  -51.196  34.562 0.0000000000
45607  -27.003  -51.634  34.947 0.0000000000
45592  -26.793  -51.506  35.831 0.0000000000
44504  -27.426  -51.979  35.317 0.0000000000
47690  -29.753  -48.554  33.098 0.0000000000
47679  -30.013  -47.996  33.637 0.0000000000
44498  -32.673  -51.709  36.001 0.0000000000
43461  -32.378  -52.502  35.761 0.0000000000
172734  -32.625  -53.135  36.129 0.0000000000
42320  -31.922  -53.261  35.836 0.0000000000
42310  -33.129  -54.327  36.736 0.0000000000
43445  -33.222  -53.359  36.644 0.0000000000
53858  -33.889  -44.310  41.568 0.0000000000
41118  -12.070  -55.107  40.787 0.0000000000
65987  -40.414  -29.997  23.871 0.0000000000
65974  -40.772  -30.440  24.498 0.0000000000
66952  -46.466  -29.753  27.605 0.0000000000
65938  -46.011  -30.457  27.202 0.0000000000
66953  -47.212  -30.210  28.021 0.0000000000
159307  -47.630  -29.593  28.390 0.0000000000
70896  -47.780  -25.288  28.705 0.0000000000
82311  -48.150  -14.208  17.901 0.0000000000
82312  -49.092  -14.101  18.587 0.0000000000
172768  -51.241  -14.615  14.592 0.0000000000
81355  -50.475  -14.739  15.154 0.0000000000
81356  -51.451  -14.692  15.392 0.0000000000
81343  -51.688  -14.622  16.365 0.0000000000
81357  -52.440  -14.743  15.714 0.0000000000
81358  -53.398  -15.009  15.967 0.0000000000
54919  -33.346  -42.344  33.438 0.0000000000
54920  -34.339  -42.363  33.071 0.0000000000
54933  -33.519  -42.076  32.551 0.0000000000
56849  -31.352  -40.465  30.325 0.0000000000
154929  -32.536  -41.272  30.682 0.0000000000
55878  -32.194  -40.818  30.124 0.0000000000
55843  -27.421  -40.309  32.639 0.0000000000
56808  -28.758  -39.836  33.560 0.0000000000
56807  -28.039  -40.054  33.804 0.0000000000
56797  -28.693  -40.197  34.116 0.0000000000
55807  -28.595  -40.572  34.290 0.0000000000
55808  -29.033  -40.500  34.697 0.0000000000
167490  -29.674  -40.462  34.959 0.0000000000
146632  -30.356  -40.349  34.070 0.0000000000
55827  -32.179  -41.010  33.611 0.0000000000
54901  -33.177  -42.312  34.405 0.0000000000
65919  -39.164  -31.074  28.942 0.0000000000
65920  -39.950  -31.309  29.132 0.0000000000
64812  -39.487  -31.972  28.642 0.0000000000
63725  -40.290  -33.107  27.519 0.0000000000
161516  -40.835  -32.968  28.287 0.0000000000
63705  -42.495  -33.026  28.656 0.0000000000
63727  -41.922  -33.224  27.764 0.0000000000
75695  -47.715  -20.406  22.769 0.0000000000
74795  -48.148  -21.054  23.710 0.0000000000
75683  -48.401  -20.276  23.235 0.0000000000
75663  -50.241  -19.893  26.191 0.0000000000
158022  -50.063  -20.504  26.865 0.0000000000
76507  -50.624  -19.719  27.188 0.0000000000
145704  -49.378  -14.965  23.666 0.0000000000
81257  -50.066  -14.345  23.879 0.0000000000
81267  -49.378  -14.834  22.911 0.0000000000
170664  -8.027  -59.063  36.172 0.0000000000
35477  -7.556  -59.302  35.703 0.0000000000
35458  -7.717  -59.607  36.501 0.0000000000
35476  -7.260  -59.982  35.992 0.0000000000
35457  -7.246  -60.276  36.918 0.0000000000
59714  -36.683  -36.565  32.039 0.0000000000
59715  -37.264  -36.455  32.775 0.0000000000
173615  -37.101  -35.997  32.142 0.0000000000
160795  -36.926  -33.979  31.004 0.0000000000
61628  -37.386  -34.491  31.672 0.0000000000
155123  -37.952  -34.055  32.158 0.0000000000
62603  -37.457  -33.526  31.628 0.0000000000
63635  -37.487  -32.536  31.823 0.0000000000
62612  -36.817  -32.961  31.188 0.0000000000
63681  -34.528  -32.359  29.620 0.0000000000
64793  -35.035  -31.668  30.120 0.0000000000
64791  -33.836  -30.824  29.131 0.0000000000
64810  -33.220  -30.911  28.693 0.0000000000
161842  -25.305  -52.018  41.538 0.0000000000
45511  -25.413  -52.045  42.332 0.0000000000
44446  -25.875  -52.518  41.684 0.0000000000
42239  -28.851  -54.157  41.985 0.0000000000
152577  -27.887  -53.433  42.191 0.0000000000
166223  -29.025  -54.716  42.520 0.0000000000
39917  -30.992  -56.201  40.695 0.0000000000
38758  -31.201  -56.811  41.510 0.0000000000
37652  -31.742  -57.610  41.344 0.0000000000
46670  -26.439  -49.733  32.082 0.0000000000
45658  -26.946  -50.379  32.672 0.0000000000
163721  -27.740  -50.437  32.495 0.0000000000
48730  -30.714  -47.393  36.309 0.0000000000
46599  -32.766  -49.715  37.632 0.0000000000
45594  -32.640  -49.990  36.718 0.0000000000
45562  -33.056  -50.412  38.289 0.0000000000
46585  -32.759  -49.527  38.555 0.0000000000
45529  -32.717  -49.720  40.687 0.0000000000
43424  -14.637  -53.804  37.291 0.0000000000
43438  -13.956  -53.805  36.707 0.0000000000
43410  -14.650  -54.108  38.004 0.0000000000
42249  -14.997  -54.291  41.093 0.0000000000
42248  -14.228  -54.362  41.035 0.0000000000
41113  -14.683  -54.760  42.541 0.0000000000
41103  -15.533  -54.475  42.986 0.0000000000
42200  -16.830  -54.338  45.216 0.0000000000
175004  -16.314  -54.634  45.069 0.0000000000
67964  -42.408  -28.317  23.772 0.0000000000
68901  -44.909  -27.769  25.086 0.0000000000
67952  -44.166  -28.024  24.817 0.0000000000
67938  -45.320  -28.100  25.863 0.0000000000
67920  -45.545  -28.648  26.457 0.0000000000
67921  -45.879  -28.019  26.604 0.0000000000
81376  -50.316  -14.070  13.860 0.0000000000
81377  -51.137  -14.217  13.508 0.0000000000
82334  -51.663  -13.751  12.937 0.0000000000
147203  -9.090  -57.417  39.895 0.0000000000
155384  -7.506  -59.216  43.024 0.0000000000
148455  -38.986  -41.009  38.963 0.0000000000
55768  -39.690  -40.467  38.400 0.0000000000
55767  -38.941  -40.856  37.999 0.0000000000
55797  -37.742  -40.606  35.361 0.0000000000
55786  -38.618  -40.637  36.266 0.0000000000
55798  -38.301  -40.395  35.716 0.0000000000
56791  -38.111  -39.816  35.231 0.0000000000
170558  -34.855  -41.882  32.623 0.0000000000
146945  -35.833  -41.321  33.457 0.0000000000
54935  -35.403  -41.356  32.734 0.0000000000
56821  -35.801  -39.747  32.614 0.0000000000
56822  -36.169  -39.103  32.857 0.0000000000
57821  -36.762  -38.858  33.371 0.0000000000
57830  -36.321  -38.355  32.693 0.0000000000
58752  -36.620  -37.376  32.566 0.0000000000
57836  -35.839  -37.966  31.884 0.0000000000
58782  -35.175  -37.239  30.593 0.0000000000
43370  -18.798  -52.833  40.934 0.0000000000
150089  -19.127  -50.966  40.179 0.0000000000
44456  -19.649  -50.887  40.798 0.0000000000
45522  -19.782  -50.430  40.503 0.0000000000
45504  -20.113  -50.392  41.175 0.0000000000
174803  -20.115  -50.193  40.793 0.0000000000
46594  -18.590  -49.894  37.320 0.0000000000
46570  -21.209  -49.981  39.165 0.0000000000
46581  -20.602  -49.415  39.085 0.0000000000
46559  -21.580  -50.135  39.828 0.0000000000
46558  -21.334  -49.983  40.528 0.0000000000
45524  -21.999  -50.497  40.455 0.0000000000
45525  -23.377  -51.289  40.898 0.0000000000
144571  -22.918  -51.064  40.308 0.0000000000
45559  -24.973  -51.315  38.636 0.0000000000
170146  -25.080  -51.868  39.387 0.0000000000
45543  -25.591  -52.156  39.095 0.0000000000
163510  -25.904  -52.528  39.651 0.0000000000
44468  -25.984  -52.405  38.978 0.0000000000
51035  -29.471  -45.218  31.568 0.0000000000
49988  -28.871  -45.857  31.230 0.0000000000
161589  -29.451  -46.402  32.484 0.0000000000
51023  -29.752  -45.502  32.325 0.0000000000
53978  -28.464  -42.482  32.344 0.0000000000
52992  -28.722  -43.206  31.535 0.0000000000
160232  -30.355  -43.880  34.106 0.0000000000
50986  -30.728  -44.799  34.076 0.0000000000
51005  -30.562  -45.166  33.431 0.0000000000
50971  -30.760  -45.361  34.856 0.0000000000
50970  -30.617  -46.205  34.847 0.0000000000
148145  -30.436  -44.119  37.000 0.0000000000
149041  -30.731  -44.829  37.141 0.0000000000
158845  -30.731  -45.820  38.253 0.0000000000
146109  -30.777  -44.960  38.057 0.0000000000
152377  -30.837  -44.837  38.953 0.0000000000
51958  -30.821  -44.016  38.581 0.0000000000
54822  -31.055  -41.895  39.014 0.0000000000
53884  -31.097  -42.535  39.258 0.0000000000
53886  -31.623  -42.250  39.341 0.0000000000
53870  -32.481  -43.770  40.109 0.0000000000
149633  -32.280  -43.032  39.587 0.0000000000
55784  -31.653  -40.816  36.175 0.0000000000
54861  -31.152  -40.918  36.987 0.0000000000
53902  -34.477  -43.604  37.972 0.0000000000
147859  -33.554  -43.093  37.769 0.0000000000
53889  -34.680  -43.598  38.933 0.0000000000
53888  -33.861  -44.024  39.431 0.0000000000
53873  -35.685  -43.164  40.434 0.0000000000
54809  -35.712  -42.908  39.452 0.0000000000
54827  -37.519  -41.659  38.377 0.0000000000
43440  -15.659  -53.187  36.168 0.0000000000
146810  -17.487  -53.015  39.587 0.0000000000
66863  -41.611  -29.749  34.098 0.0000000000
66864  -42.294  -29.729  34.475 0.0000000000
66879  -41.966  -29.603  33.841 0.0000000000
66895  -43.687  -29.834  32.822 0.0000000000
65855  -44.212  -30.196  32.191 0.0000000000
65903  -42.132  -31.056  29.908 0.0000000000
65885  -42.533  -30.692  30.623 0.0000000000
64777  -43.028  -31.083  30.053 0.0000000000
64780  -45.478  -31.725  30.644 0.0000000000
65887  -44.276  -30.908  30.797 0.0000000000
65874  -45.576  -30.681  31.710 0.0000000000
64763  -46.770  -31.437  31.383 0.0000000000
64782  -47.023  -32.165  30.976 0.0000000000
63667  -48.511  -32.843  30.692 0.0000000000
174252  -44.718  -24.484  23.433 0.0000000000
70978  -44.968  -24.912  23.998 0.0000000000
72015  -45.220  -24.129  23.748 0.0000000000
72943  -46.625  -23.909  25.565 0.0000000000
71967  -47.487  -24.428  27.271 0.0000000000
72933  -47.619  -23.616  26.789 0.0000000000
74780  -48.542  -21.541  25.496 0.0000000000
74779  -47.852  -21.931  25.162 0.0000000000
74770  -48.856  -21.828  26.375 0.0000000000
28656  -0.992  -66.173  38.289 0.0000000000
27646  -0.925  -66.281  37.608 0.0000000000
27645  -0.728  -66.812  37.683 0.0000000000
167977  -38.320  -30.361  21.997 0.0000000000
67008  -38.842  -30.058  22.507 0.0000000000
67031  -39.183  -28.976  21.446 0.0000000000
67977  -40.654  -28.403  22.170 0.0000000000
67995  -40.239  -28.102  21.710 0.0000000000
69962  -40.519  -26.750  21.415 0.0000000000
69946  -42.089  -26.659  22.257 0.0000000000
69964  -41.815  -25.951  21.813 0.0000000000
72033  -42.026  -24.492  21.309 0.0000000000
72024  -43.518  -24.315  22.371 0.0000000000
73906  -43.475  -22.127  20.478 0.0000000000
73890  -43.790  -22.580  20.937 0.0000000000
168506  -44.142  -22.024  20.693 0.0000000000
74816  -44.710  -21.512  21.006 0.0000000000
76562  -43.097  -19.492  21.571 0.0000000000
160507  -43.510  -20.178  21.548 0.0000000000
147823  -44.318  -20.313  21.583 0.0000000000
75708  -45.128  -20.718  21.456 0.0000000000
75692  -44.840  -19.867  21.913 0.0000000000
75693  -45.705  -20.132  22.037 0.0000000000
172809  -45.221  -19.560  22.254 0.0000000000
77442  -44.558  -17.931  22.249 0.0000000000
77443  -45.059  -18.377  22.675 0.0000000000
145412  -45.090  -17.658  22.635 0.0000000000
77429  -45.573  -17.749  23.051 0.0000000000
78389  -45.549  -17.206  22.767 0.0000000000
78422  -44.261  -17.559  19.388 0.0000000000
78405  -45.425  -17.419  20.140 0.0000000000
154899  -45.184  -17.224  19.543 0.0000000000
31971  -5.054  -62.843  35.611 0.0000000000
36561  -8.290  -58.871  39.360 0.0000000000
36574  -8.287  -59.045  38.549 0.0000000000
35401  -7.821  -59.338  39.955 0.0000000000
34210  -6.837  -60.613  40.413 0.0000000000
35427  -7.377  -60.220  38.806 0.0000000000
34226  -6.950  -60.836  39.383 0.0000000000
34225  -6.465  -61.501  38.980 0.0000000000
33046  -5.166  -61.630  43.437 0.0000000000
31944  -4.644  -62.859  40.526 0.0000000000
33056  -5.179  -62.304  40.822 0.0000000000
33062  -5.300  -62.489  40.013 0.0000000000
33072  -5.973  -62.120  38.588 0.0000000000
33079  -5.401  -62.646  38.261 0.0000000000
31960  -5.305  -62.730  37.449 0.0000000000
31955  -4.784  -63.223  38.785 0.0000000000
30811  -2.942  -64.180  39.204 0.0000000000
30812  -3.899  -63.806  38.777 0.0000000000
30817  -3.202  -64.292  38.319 0.0000000000
29731  -3.426  -64.454  37.354 0.0000000000
29723  -2.382  -64.677  38.805 0.0000000000
29722  -1.803  -65.224  38.393 0.0000000000
29718  -1.920  -65.179  39.162 0.0000000000
26583  -3.260  -66.784  41.589 0.0000000000
63582  -42.747  -32.358  38.342 0.0000000000
64689  -42.818  -31.463  37.718 0.0000000000
63598  -42.146  -32.159  37.331 0.0000000000
162990  -40.321  -39.820  37.956 0.0000000000
56758  -40.799  -39.370  38.442 0.0000000000
56773  -40.626  -39.133  37.800 0.0000000000
59649  -39.839  -37.226  36.839 0.0000000000
58672  -40.320  -37.445  37.365 0.0000000000
59658  -40.282  -36.599  37.248 0.0000000000
60638  -40.369  -35.666  37.066 0.0000000000
60652  -38.079  -35.951  33.988 0.0000000000
59684  -38.515  -36.318  34.611 0.0000000000
60653  -38.757  -35.495  34.403 0.0000000000
172207  -39.867  -34.779  35.261 0.0000000000
61599  -40.205  -34.903  35.862 0.0000000000
61595  -40.703  -34.385  36.357 0.0000000000
168400  -41.286  -33.867  37.141 0.0000000000
62567  -40.945  -33.461  36.155 0.0000000000
63603  -40.687  -32.089  35.216 0.0000000000
63604  -41.061  -32.456  35.994 0.0000000000
64706  -41.253  -31.520  35.734 0.0000000000
65816  -41.256  -30.450  34.750 0.0000000000
65840  -39.007  -30.716  32.699 0.0000000000
65842  -40.149  -30.465  33.690 0.0000000000
66876  -39.706  -30.403  32.956 0.0000000000
66891  -39.976  -29.945  32.290 0.0000000000
146173  -39.186  -29.971  31.531 0.0000000000
64761  -36.959  -31.244  31.281 0.0000000000
64745  -37.682  -31.217  31.942 0.0000000000
65867  -36.856  -30.669  30.839 0.0000000000
151026  -36.601  -29.768  29.838 0.0000000000
66911  -37.288  -29.993  30.481 0.0000000000
66925  -37.346  -29.771  30.047 0.0000000000
152957  -38.602  -29.737  30.737 0.0000000000
65898  -37.860  -30.142  29.396 0.0000000000
65899  -38.698  -30.374  29.508 0.0000000000
65949  -35.850  -31.240  26.831 0.0000000000
64842  -36.430  -31.979  26.632 0.0000000000
64841  -35.578  -31.931  26.123 0.0000000000
63721  -32.404  -32.666  27.408 0.0000000000
63720  -31.749  -31.919  27.270 0.0000000000
65929  -31.375  -30.311  26.571 0.0000000000
144805  -32.098  -30.122  27.138 0.0000000000
145218  -31.684  -30.191  26.506 0.0000000000
66973  -32.015  -30.261  26.196 0.0000000000
65961  -32.428  -30.981  25.492 0.0000000000
64857  -32.841  -31.695  24.896 0.0000000000
43342  -19.879  -52.785  43.213 0.0000000000
44418  -20.918  -51.940  44.001 0.0000000000
156420  -22.334  -50.811  45.392 0.0000000000
45493  -25.516  -51.977  43.272 0.0000000000
45475  -25.129  -51.403  43.877 0.0000000000
45476  -25.501  -51.968  44.179 0.0000000000
45605  -25.084  -50.415  35.487 0.0000000000
45620  -24.494  -50.272  34.759 0.0000000000
45604  -24.264  -50.260  35.573 0.0000000000
45589  -24.240  -50.379  36.412 0.0000000000
166195  -24.701  -50.548  37.056 0.0000000000
45590  -25.131  -50.519  36.405 0.0000000000
44487  -26.670  -52.067  37.050 0.0000000000
45561  -26.285  -51.498  37.569 0.0000000000
44488  -27.110  -52.735  37.523 0.0000000000
44480  -26.863  -52.856  38.373 0.0000000000
46653  -29.885  -49.588  32.981 0.0000000000
45659  -29.014  -49.963  32.422 0.0000000000
172142  -29.429  -50.497  32.849 0.0000000000
45641  -28.514  -50.726  32.755 0.0000000000
46623  -31.677  -49.405  35.134 0.0000000000
46636  -31.195  -49.316  34.324 0.0000000000
46637  -31.681  -50.115  34.604 0.0000000000
43473  -31.296  -52.184  34.663 0.0000000000
44519  -30.835  -51.573  34.224 0.0000000000
43472  -30.538  -52.335  34.527 0.0000000000
44518  -29.926  -52.024  34.367 0.0000000000
43458  -29.747  -52.834  34.857 0.0000000000
43457  -28.687  -52.794  35.210 0.0000000000
41179  -30.811  -54.463  36.463 0.0000000000
149567  -30.121  -54.164  36.652 0.0000000000
169004  -29.744  -54.433  38.019 0.0000000000
41153  -30.282  -54.895  38.197 0.0000000000
166480  -30.298  -55.073  38.966 0.0000000000
38816  -32.756  -56.055  37.829 0.0000000000
38801  -32.172  -56.235  38.134 0.0000000000
38802  -32.842  -56.583  38.390 0.0000000000
43416  -33.518  -51.917  38.746 0.0000000000
43417  -33.895  -52.727  38.400 0.0000000000
42281  -34.282  -52.996  38.930 0.0000000000
51933  -31.666  -44.810  41.295 0.0000000000
38835  -9.163  -57.308  35.560 0.0000000000
152411  -9.823  -56.650  36.033 0.0000000000
146587  -13.481  -54.085  36.806 0.0000000000
43451  -12.701  -53.835  35.654 0.0000000000
42304  -11.771  -54.466  36.225 0.0000000000
42316  -11.631  -54.256  35.441 0.0000000000
41186  -11.023  -54.653  35.219 0.0000000000
41172  -10.674  -55.310  35.854 0.0000000000
41150  -10.749  -55.139  37.770 0.0000000000
39972  -10.120  -55.856  37.565 0.0000000000
38822  -9.827  -56.605  36.996 0.0000000000
38794  -9.823  -56.350  38.453 0.0000000000
38781  -9.904  -56.095  39.385 0.0000000000
41101  -14.026  -55.169  43.065 0.0000000000
41100  -13.267  -55.485  42.694 0.0000000000
41085  -14.183  -55.350  43.915 0.0000000000
66852  -45.013  -29.397  35.315 0.0000000000
63773  -38.389  -32.569  24.886 0.0000000000
63774  -38.983  -32.102  24.554 0.0000000000
174326  -41.451  -31.483  25.407 0.0000000000
63765  -41.298  -32.134  25.767 0.0000000000
63747  -42.625  -32.794  26.772 0.0000000000
63748  -43.445  -32.234  26.476 0.0000000000
66975  -43.320  -29.451  25.442 0.0000000000
65965  -42.777  -30.227  25.569 0.0000000000
65966  -43.573  -30.078  25.943 0.0000000000
156693  -46.109  -31.248  27.195 0.0000000000
64849  -45.047  -31.602  26.683 0.0000000000
64830  -45.723  -31.933  27.052 0.0000000000
63750  -44.899  -32.220  26.882 0.0000000000
63731  -46.264  -32.496  27.596 0.0000000000
63709  -46.790  -32.937  28.258 0.0000000000
63732  -47.084  -32.297  27.803 0.0000000000
64816  -48.503  -31.357  28.355 0.0000000000
63711  -48.589  -32.370  28.495 0.0000000000
64817  -49.385  -31.828  28.705 0.0000000000
69911  -45.870  -25.923  25.136 0.0000000000
69894  -46.183  -26.203  25.677 0.0000000000
68878  -46.727  -27.196  27.540 0.0000000000
67908  -46.794  -27.875  28.052 0.0000000000
79370  -47.278  -16.357  23.093 0.0000000000
79377  -47.346  -16.437  22.109 0.0000000000
80352  -47.990  -15.543  20.502 0.0000000000
80336  -48.196  -16.009  21.463 0.0000000000
168610  -48.738  -15.076  20.976 0.0000000000
148066  -49.220  -15.024  21.930 0.0000000000
82287  -48.839  -14.127  19.132 0.0000000000
82276  -49.291  -13.973  19.772 0.0000000000
82270  -49.608  -13.839  20.392 0.0000000000
82277  -49.828  -13.646  19.976 0.0000000000
167567  -50.013  -13.573  20.472 0.0000000000
167290  -50.478  -13.585  19.246 0.0000000000
145652  -50.654  -13.532  19.914 0.0000000000
82290  -51.181  -13.543  19.431 0.0000000000
82291  -52.073  -13.465  19.617 0.0000000000
82303  -51.858  -13.668  18.915 0.0000000000
80377  -49.790  -15.086  15.922 0.0000000000
80374  -49.097  -15.165  15.853 0.0000000000
81340  -48.416  -15.042  16.113 0.0000000000
81341  -49.158  -15.096  16.565 0.0000000000
81331  -49.892  -14.686  17.366 0.0000000000
81333  -52.208  -14.265  17.745 0.0000000000
81321  -52.537  -14.066  18.371 0.0000000000
81322  -53.699  -14.134  18.348 0.0000000000
81367  -54.015  -14.838  14.623 0.0000000000
81368  -54.804  -14.486  14.420 0.0000000000
55846  -32.157  -41.083  32.687 0.0000000000
54943  -32.851  -41.635  32.099 0.0000000000
170687  -31.351  -40.717  31.641 0.0000000000
55842  -27.120  -39.609  32.174 0.0000000000
56818  -27.793  -39.592  32.501 0.0000000000
155076  -28.056  -39.782  33.228 0.0000000000
56809  -29.675  -39.957  33.579 0.0000000000
55825  -30.489  -40.324  33.027 0.0000000000
55845  -31.351  -40.755  32.395 0.0000000000
64828  -38.284  -32.229  27.815 0.0000000000
64829  -39.023  -32.596  28.088 0.0000000000
64844  -37.942  -32.640  27.216 0.0000000000
63723  -38.692  -32.899  27.179 0.0000000000
163787  -39.431  -32.957  26.507 0.0000000000
76541  -47.567  -19.192  23.230 0.0000000000
77433  -48.901  -18.740  23.558 0.0000000000
77423  -49.688  -18.766  23.859 0.0000000000
78359  -50.766  -17.248  25.166 0.0000000000
79338  -50.755  -16.314  25.184 0.0000000000
80309  -48.805  -15.592  24.058 0.0000000000
37715  -8.467  -57.983  35.543 0.0000000000
36588  -8.264  -59.143  36.857 0.0000000000
59758  -36.180  -35.844  30.869 0.0000000000
146283  -36.742  -35.905  31.532 0.0000000000
60717  -36.115  -35.138  30.391 0.0000000000
174038  -36.491  -34.496  30.553 0.0000000000
61644  -36.319  -33.817  30.487 0.0000000000
62625  -36.039  -32.985  30.679 0.0000000000
62642  -34.924  -33.311  29.699 0.0000000000
172369  -34.467  -33.114  29.442 0.0000000000
63701  -33.417  -32.689  28.612 0.0000000000
42201  -17.647  -54.276  45.372 0.0000000000
44458  -26.565  -53.127  40.876 0.0000000000
44447  -26.406  -52.974  41.446 0.0000000000
43373  -28.030  -53.591  41.252 0.0000000000
42253  -28.745  -54.012  41.291 0.0000000000
39905  -29.977  -55.673  41.964 0.0000000000
41123  -29.958  -55.115  41.187 0.0000000000
39932  -30.511  -55.432  40.425 0.0000000000
47643  -31.081  -47.946  37.811 0.0000000000
47632  -31.664  -48.300  38.317 0.0000000000
46584  -32.359  -48.735  38.845 0.0000000000
151020  -32.236  -48.041  40.183 0.0000000000
158296  -15.797  -54.297  41.479 0.0000000000
42234  -16.010  -54.307  42.294 0.0000000000
42223  -16.315  -54.273  43.078 0.0000000000
42213  -17.118  -54.208  44.517 0.0000000000
68945  -42.943  -27.263  23.289 0.0000000000
68931  -43.057  -27.880  23.845 0.0000000000
170959  -43.532  -27.312  23.680 0.0000000000
68917  -44.553  -27.415  24.418 0.0000000000
68918  -45.256  -27.141  24.717 0.0000000000
158980  -37.362  -41.687  37.692 0.0000000000
55766  -38.100  -41.296  37.650 0.0000000000
54866  -37.270  -41.477  36.394 0.0000000000
54884  -37.343  -41.146  35.689 0.0000000000
55796  -37.064  -40.974  35.062 0.0000000000
55866  -34.550  -40.917  31.360 0.0000000000
173796  -35.015  -40.517  31.783 0.0000000000
155466  -34.872  -40.040  31.277 0.0000000000
56835  -35.249  -38.967  31.375 0.0000000000
57848  -35.248  -37.983  31.034 0.0000000000
57847  -34.862  -38.659  30.656 0.0000000000
43397  -18.296  -52.401  39.374 0.0000000000
43385  -18.772  -52.096  40.116 0.0000000000
44466  -18.340  -51.767  38.695 0.0000000000
45538  -18.592  -50.977  38.833 0.0000000000
45555  -18.773  -50.440  38.647 0.0000000000
47636  -19.178  -49.380  36.767 0.0000000000
163022  -19.583  -49.570  37.592 0.0000000000
46595  -20.369  -49.621  37.954 0.0000000000
46582  -20.918  -49.810  38.471 0.0000000000
167235  -21.930  -50.428  39.087 0.0000000000
45541  -23.398  -51.120  39.382 0.0000000000
45557  -23.289  -50.844  38.475 0.0000000000
45558  -24.147  -51.062  38.641 0.0000000000
153536  -24.713  -50.820  37.891 0.0000000000
53968  -29.112  -42.793  33.606 0.0000000000
153523  -29.548  -42.949  34.361 0.0000000000
52973  -30.078  -43.511  34.833 0.0000000000
52967  -30.096  -43.563  35.569 0.0000000000
52957  -30.186  -43.628  36.459 0.0000000000
52948  -30.321  -43.369  37.316 0.0000000000
52940  -30.641  -43.186  38.152 0.0000000000
53916  -30.330  -42.483  37.658 0.0000000000
165625  -30.748  -41.813  38.208 0.0000000000
54841  -31.062  -41.535  38.184 0.0000000000
54882  -33.157  -42.149  35.331 0.0000000000
54863  -33.186  -41.994  36.273 0.0000000000
53918  -34.341  -43.452  37.030 0.0000000000
53919  -35.252  -43.145  37.411 0.0000000000
54825  -36.220  -42.305  38.691 0.0000000000
54844  -36.048  -42.457  37.778 0.0000000000
54826  -36.809  -41.989  38.100 0.0000000000
43441  -16.566  -52.658  35.987 0.0000000000
44485  -17.152  -52.353  36.613 0.0000000000
43427  -17.491  -52.519  37.853 0.0000000000
66893  -41.324  -29.745  32.708 0.0000000000
156512  -41.869  -29.659  33.197 0.0000000000
171399  -41.960  -29.800  32.566 0.0000000000
151730  -42.413  -30.039  32.034 0.0000000000
65871  -42.908  -30.454  31.376 0.0000000000
64797  -43.345  -32.053  29.887 0.0000000000
63664  -45.939  -32.445  30.137 0.0000000000
62644  -47.019  -33.217  29.587 0.0000000000
62645  -47.761  -33.256  29.544 0.0000000000
72967  -45.246  -23.302  23.596 0.0000000000
72955  -45.643  -23.706  24.105 0.0000000000
72968  -45.714  -23.017  24.113 0.0000000000
72957  -46.776  -23.035  25.271 0.0000000000
73860  -47.461  -22.607  25.617 0.0000000000
74771  -49.531  -21.178  26.603 0.0000000000
73849  -49.317  -21.770  27.218 0.0000000000
169817  -49.622  -21.668  28.106 0.0000000000
83252  -51.420  -13.231  21.545 0.0000000000
148477  -40.028  -27.486  21.411 0.0000000000
72992  -42.264  -23.126  20.241 0.0000000000
73904  -41.868  -22.588  20.052 0.0000000000
73905  -42.683  -22.345  20.277 0.0000000000
74828  -43.045  -21.617  20.529 0.0000000000
77454  -42.752  -18.872  21.419 0.0000000000
77441  -43.497  -18.824  21.764 0.0000000000
76548  -44.803  -19.162  22.309 0.0000000000
77455  -43.909  -18.187  21.732 0.0000000000
78396  -44.450  -17.765  21.415 0.0000000000
149745  -45.119  -17.521  20.872 0.0000000000
31983  -5.472  -62.237  35.035 0.0000000000
155364  -5.162  -62.829  36.617 0.0000000000
35386  -7.413  -59.616  41.358 0.0000000000
35385  -7.019  -60.166  41.113 0.0000000000
34192  -6.497  -60.658  41.380 0.0000000000
146933  -6.165  -61.262  40.822 0.0000000000
31935  -4.529  -62.505  42.229 0.0000000000
162592  -3.994  -63.353  41.782 0.0000000000
31943  -4.020  -63.503  40.253 0.0000000000
31949  -4.207  -63.499  39.437 0.0000000000
30801  -3.316  -63.978  40.307 0.0000000000
30800  -2.904  -64.254  40.523 0.0000000000
30805  -2.541  -64.558  40.163 0.0000000000
29715  -2.265  -64.994  39.811 0.0000000000
28631  -2.575  -65.363  40.889 0.0000000000
27614  -3.058  -66.159  41.995 0.0000000000
154514  -39.429  -38.639  36.371 0.0000000000
57778  -39.920  -38.653  36.831 0.0000000000
58686  -39.513  -37.934  36.592 0.0000000000
61606  -39.096  -34.686  34.217 0.0000000000
61607  -39.711  -34.355  34.740 0.0000000000
63615  -40.283  -32.580  34.583 0.0000000000
64719  -40.299  -31.783  34.596 0.0000000000
64718  -40.002  -31.133  34.143 0.0000000000
65881  -35.694  -30.591  30.186 0.0000000000
65866  -36.308  -30.355  30.383 0.0000000000
145333  -35.780  -30.139  29.907 0.0000000000
145474  -35.767  -30.054  29.391 0.0000000000
66939  -36.113  -29.996  29.178 0.0000000000
65916  -36.690  -30.454  28.424 0.0000000000
65915  -35.819  -30.317  28.258 0.0000000000
65934  -35.529  -30.643  27.448 0.0000000000
65948  -35.181  -30.964  26.704 0.0000000000
44434  -21.129  -51.360  43.257 0.0000000000
45471  -21.698  -50.945  43.341 0.0000000000
165306  -22.125  -50.778  43.829 0.0000000000
146028  -23.368  -50.628  44.364 0.0000000000
42227  -27.631  -53.384  43.649 0.0000000000
44406  -26.784  -52.714  44.186 0.0000000000
45638  -25.611  -50.455  33.723 0.0000000000
45637  -24.788  -50.264  33.911 0.0000000000
45606  -25.908  -50.875  35.178 0.0000000000
149171  -25.694  -50.726  35.954 0.0000000000
45591  -25.977  -50.818  36.681 0.0000000000
167437  -26.338  -51.053  35.999 0.0000000000
44496  -26.985  -51.999  36.177 0.0000000000
44497  -27.406  -52.622  36.631 0.0000000000
48809  -29.005  -47.457  32.413 0.0000000000
46692  -28.751  -48.491  32.270 0.0000000000
47701  -29.258  -48.266  32.719 0.0000000000
170117  -32.439  -50.292  36.000 0.0000000000
45625  -31.996  -50.897  34.834 0.0000000000
44506  -32.090  -51.763  35.199 0.0000000000
42318  -30.125  -53.395  35.527 0.0000000000
42319  -31.051  -53.379  35.562 0.0000000000
42309  -31.382  -54.004  36.000 0.0000000000
41165  -31.075  -54.991  36.843 0.0000000000
39963  -30.951  -55.255  37.550 0.0000000000
39976  -31.776  -55.416  37.028 0.0000000000
41166  -33.089  -54.988  36.984 0.0000000000
149901  -33.387  -55.284  37.479 0.0000000000
42287  -12.741  -54.371  37.746 0.0000000000
42296  -12.503  -54.420  37.021 0.0000000000
42295  -11.827  -54.530  37.034 0.0000000000
41161  -11.251  -54.732  37.044 0.0000000000
39940  -10.526  -55.400  39.305 0.0000000000
39866  -15.214  -55.351  45.939 0.0000000000
39865  -14.574  -55.766  45.589 0.0000000000
65972  -39.145  -31.150  23.964 0.0000000000
64876  -39.671  -31.479  24.522 0.0000000000
64877  -40.366  -31.242  24.779 0.0000000000
65963  -41.137  -30.975  25.034 0.0000000000
65964  -41.956  -30.811  25.366 0.0000000000
66962  -44.804  -29.761  26.350 0.0000000000
65967  -44.227  -30.121  26.189 0.0000000000
159580  -45.387  -30.163  26.792 0.0000000000
64832  -47.186  -31.682  27.667 0.0000000000
64815  -47.596  -31.105  27.929 0.0000000000
65923  -49.324  -31.022  28.869 0.0000000000
70927  -46.703  -25.229  26.333 0.0000000000
145734  -46.510  -26.000  26.263 0.0000000000
69881  -46.828  -25.727  27.003 0.0000000000
69858  -47.679  -26.680  29.117 0.0000000000
79391  -46.757  -16.762  20.415 0.0000000000
80351  -47.249  -15.970  20.069 0.0000000000
80360  -47.490  -14.967  19.698 0.0000000000
82299  -48.006  -14.204  18.493 0.0000000000
82300  -49.249  -13.995  19.042 0.0000000000
174143  -50.335  -13.742  18.720 0.0000000000
81362  -49.331  -14.417  14.851 0.0000000000
81332  -50.897  -14.590  17.098 0.0000000000
81345  -53.740  -14.749  16.759 0.0000000000
81381  -54.882  -13.886  13.947 0.0000000000
82325  -55.471  -14.163  14.117 0.0000000000
53957  -35.139  -42.803  34.708 0.0000000000
53969  -34.897  -42.606  33.887 0.0000000000
55864  -33.032  -41.592  31.218 0.0000000000
54944  -33.650  -41.755  31.732 0.0000000000
55865  -33.874  -41.340  30.973 0.0000000000
55880  -33.632  -40.829  30.264 0.0000000000
46607  -18.000  -49.696  36.022 0.0000000000
48721  -18.115  -48.347  36.048 0.0000000000
47653  -19.959  -49.415  36.172 0.0000000000
47654  -20.636  -50.027  36.135 0.0000000000
163444  -27.153  -41.334  31.111 0.0000000000
54941  -27.384  -41.035  32.211 0.0000000000
54931  -27.963  -41.591  32.668 0.0000000000
54917  -27.934  -41.091  33.475 0.0000000000
54899  -28.605  -41.160  34.395 0.0000000000
55791  -28.896  -40.929  34.986 0.0000000000
162362  -29.056  -41.132  35.751 0.0000000000
55782  -29.558  -40.985  36.243 0.0000000000
55793  -29.992  -40.642  35.935 0.0000000000
55794  -31.079  -40.688  35.623 0.0000000000
55795  -32.027  -40.847  35.316 0.0000000000
55809  -31.398  -40.684  34.212 0.0000000000
55810  -32.166  -40.956  34.481 0.0000000000
54900  -32.590  -41.606  34.874 0.0000000000
53943  -33.676  -42.828  34.844 0.0000000000
65883  -40.723  -30.352  30.487 0.0000000000
65901  -40.365  -30.775  29.728 0.0000000000
64795  -41.588  -31.951  29.607 0.0000000000
64813  -40.287  -32.210  28.850 0.0000000000
64814  -40.996  -32.345  29.046 0.0000000000
63683  -42.208  -32.529  29.318 0.0000000000
63706  -43.297  -33.014  28.587 0.0000000000
62660  -43.544  -33.035  28.053 0.0000000000
74801  -47.219  -21.083  22.622 0.0000000000
74787  -48.318  -21.285  24.641 0.0000000000
74788  -48.979  -20.910  24.995 0.0000000000
75677  -49.447  -20.234  24.616 0.0000000000
169889  -49.472  -20.583  25.347 0.0000000000
75646  -50.409  -20.468  27.817 0.0000000000
80301  -50.898  -15.442  25.206 0.0000000000
152682  -50.409  -13.905  23.374 0.0000000000
81268  -50.084  -14.103  22.731 0.0000000000
35495  -7.311  -58.929  34.723 0.0000000000
35494  -6.709  -59.618  34.475 0.0000000000
34268  -6.851  -60.613  36.297 0.0000000000
163771  -6.537  -61.106  36.754 0.0000000000
58720  -38.327  -37.173  34.776 0.0000000000
59700  -37.697  -36.456  33.507 0.0000000000
60667  -37.844  -35.807  33.214 0.0000000000
60684  -37.183  -35.313  31.908 0.0000000000
170756  -37.996  -35.209  32.898 0.0000000000
61617  -38.327  -34.526  32.818 0.0000000000
62594  -38.530  -33.496  32.693 0.0000000000
63636  -38.158  -32.604  32.409 0.0000000000
165374  -38.358  -32.014  32.618 0.0000000000
63646  -36.848  -32.035  31.360 0.0000000000
64776  -36.282  -31.584  30.897 0.0000000000
63661  -35.732  -32.065  30.581 0.0000000000
64775  -35.651  -31.213  30.411 0.0000000000
65897  -34.508  -30.556  29.316 0.0000000000
66948  -33.199  -30.099  27.860 0.0000000000
45508  -23.416  -51.218  41.636 0.0000000000
145316  -23.636  -50.979  42.536 0.0000000000
45491  -24.324  -51.340  42.539 0.0000000000
45492  -24.912  -51.577  42.899 0.0000000000
44420  -26.659  -52.710  43.097 0.0000000000
44436  -26.548  -52.901  42.267 0.0000000000
43359  -27.221  -53.150  42.667 0.0000000000
43344  -27.166  -52.974  43.503 0.0000000000
41105  -28.287  -54.266  43.361 0.0000000000
38757  -30.534  -56.413  42.142 0.0000000000
46652  -25.139  -50.025  33.124 0.0000000000
45639  -26.520  -50.828  33.590 0.0000000000
48745  -30.030  -47.153  34.934 0.0000000000
48764  -30.283  -47.703  34.355 0.0000000000
48746  -30.504  -47.538  35.351 0.0000000000
47670  -31.007  -48.243  35.336 0.0000000000
47671  -31.500  -48.704  35.653 0.0000000000
47657  -30.994  -48.018  36.924 0.0000000000
47658  -31.607  -48.572  36.509 0.0000000000
151490  -32.055  -49.444  36.056 0.0000000000
155146  -32.805  -50.865  36.382 0.0000000000
44489  -33.085  -51.692  36.964 0.0000000000
162404  -33.359  -52.565  36.992 0.0000000000
44481  -33.278  -51.334  38.015 0.0000000000
44470  -33.339  -51.058  39.014 0.0000000000
46572  -32.729  -49.403  39.407 0.0000000000
166109  -33.071  -49.927  40.029 0.0000000000
44459  -33.449  -51.090  40.581 0.0000000000
43409  -13.941  -54.295  38.208 0.0000000000
43422  -13.442  -54.294  37.558 0.0000000000
41133  -13.199  -54.527  40.615 0.0000000000
41119  -12.837  -54.974  41.037 0.0000000000
41120  -13.668  -54.715  41.245 0.0000000000
41086  -14.884  -55.029  44.288 0.0000000000
170998  -15.422  -54.717  43.804 0.0000000000
41087  -15.742  -54.771  44.575 0.0000000000
66996  -41.380  -28.928  23.614 0.0000000000
66985  -41.257  -29.597  24.148 0.0000000000
66997  -41.996  -28.871  24.087 0.0000000000
162144  -42.427  -28.989  24.662 0.0000000000
67936  -43.798  -28.746  25.147 0.0000000000
67951  -43.460  -28.287  24.494 0.0000000000
66977  -44.937  -28.923  26.142 0.0000000000
145428  -46.648  -28.725  27.975 0.0000000000
80367  -45.144  -15.162  18.454 0.0000000000
81320  -46.331  -14.370  18.330 0.0000000000
82324  -49.580  -13.916  14.289 0.0000000000
81364  -50.743  -14.470  14.197 0.0000000000
150726  -52.326  -14.537  13.774 0.0000000000
81379  -52.935  -14.318  13.248 0.0000000000
81396  -52.498  -13.890  12.720 0.0000000000
81397  -53.139  -13.844  12.726 0.0000000000
81398  -53.603  -13.913  13.125 0.0000000000
37671  -9.202  -57.957  37.979 0.0000000000
36562  -8.731  -58.196  39.579 0.0000000000
55775  -38.893  -40.858  37.020 0.0000000000
55787  -39.215  -40.305  36.552 0.0000000000
56785  -39.571  -39.496  36.532 0.0000000000
57777  -38.992  -38.990  35.973 0.0000000000
57794  -38.121  -38.902  35.000 0.0000000000
57809  -37.700  -38.500  34.409 0.0000000000
147719  -35.688  -42.019  34.157 0.0000000000
55811  -36.225  -41.219  34.062 0.0000000000
169907  -36.785  -40.713  34.327 0.0000000000
55828  -35.859  -40.532  33.005 0.0000000000
57808  -36.935  -39.754  33.982 0.0000000000
158353  -37.242  -38.912  34.029 0.0000000000
57822  -37.262  -38.183  33.792 0.0000000000
58762  -35.651  -37.192  31.298 0.0000000000
59757  -35.623  -36.516  30.761 0.0000000000
151175  -35.566  -35.827  30.169 0.0000000000
60726  -34.974  -35.381  29.375 0.0000000000
42226  -18.559  -53.896  43.096 0.0000000000
43358  -19.721  -52.638  42.298 0.0000000000
168297  -20.180  -52.157  42.666 0.0000000000
44444  -19.343  -51.727  40.774 0.0000000000
148226  -20.000  -51.717  42.087 0.0000000000
45486  -20.455  -50.852  41.798 0.0000000000
148159  -21.270  -50.371  41.853 0.0000000000
45506  -21.714  -50.459  41.839 0.0000000000
46593  -18.263  -50.265  37.512 0.0000000000
46578  -18.567  -50.213  38.088 0.0000000000
46566  -19.318  -50.157  39.050 0.0000000000
47625  -19.663  -49.572  38.142 0.0000000000
46567  -19.915  -49.827  39.322 0.0000000000
46556  -20.145  -50.030  40.211 0.0000000000
46557  -20.742  -49.882  40.404 0.0000000000
45523  -21.672  -50.234  41.135 0.0000000000
45509  -24.128  -51.508  41.123 0.0000000000
45527  -24.906  -51.767  40.996 0.0000000000
45526  -24.524  -51.771  40.241 0.0000000000
167492  -25.082  -52.059  40.280 0.0000000000
161739  -26.390  -52.943  39.942 0.0000000000
43398  -27.028  -53.291  39.824 0.0000000000
43399  -27.498  -53.362  39.159 0.0000000000
51056  -28.680  -45.545  30.519 0.0000000000
49965  -28.849  -46.578  31.853 0.0000000000
164529  -29.711  -46.913  33.151 0.0000000000
166688  -30.041  -46.556  33.799 0.0000000000
148617  -29.590  -43.816  31.769 0.0000000000
52026  -29.995  -43.909  32.592 0.0000000000
144804  -30.201  -44.975  32.810 0.0000000000
49907  -30.196  -46.725  34.503 0.0000000000
164663  -30.307  -46.782  35.184 0.0000000000
49869  -30.769  -46.511  36.620 0.0000000000
146136  -30.761  -44.998  35.655 0.0000000000
50961  -30.782  -45.438  36.450 0.0000000000
49855  -30.892  -46.532  37.706 0.0000000000
49841  -30.846  -46.558  38.637 0.0000000000
157165  -30.789  -45.806  40.100 0.0000000000
173588  -30.876  -45.854  40.792 0.0000000000
160505  -30.862  -44.982  39.839 0.0000000000
51940  -31.180  -44.533  40.328 0.0000000000
52916  -31.482  -44.534  40.465 0.0000000000
52934  -30.941  -43.067  38.966 0.0000000000
161312  -31.261  -43.196  39.503 0.0000000000
52927  -31.773  -44.040  39.950 0.0000000000
157800  -33.151  -44.244  40.937 0.0000000000
53871  -33.420  -44.172  40.794 0.0000000000
155222  -34.467  -44.126  41.198 0.0000000000
54860  -30.250  -40.909  36.903 0.0000000000
157609  -30.979  -41.204  37.476 0.0000000000
54842  -31.830  -41.397  37.727 0.0000000000
54843  -33.053  -41.905  37.317 0.0000000000
54824  -32.764  -42.000  38.304 0.0000000000
53901  -32.394  -42.436  39.044 0.0000000000
53887  -33.048  -43.323  39.253 0.0000000000
53872  -34.104  -44.173  40.314 0.0000000000
54810  -36.648  -42.128  39.614 0.0000000000
162056  -37.378  -41.959  40.036 0.0000000000
43454  -14.829  -53.214  35.431 0.0000000000
43439  -14.722  -53.512  36.479 0.0000000000
145237  -15.332  -53.660  37.860 0.0000000000
144738  -16.374  -52.990  36.789 0.0000000000
145604  -16.168  -53.204  37.613 0.0000000000
42251  -17.355  -53.939  41.641 0.0000000000
66850  -42.658  -29.831  35.212 0.0000000000
165902  -42.419  -29.644  33.537 0.0000000000
66880  -43.174  -29.699  33.534 0.0000000000
66882  -45.125  -29.664  33.680 0.0000000000
65884  -41.627  -30.562  30.566 0.0000000000
65872  -43.804  -30.565  31.454 0.0000000000
65873  -44.682  -30.624  31.579 0.0000000000
65875  -46.556  -30.736  31.958 0.0000000000
63666  -47.707  -32.685  30.718 0.0000000000
70991  -43.742  -25.125  22.899 0.0000000000
69927  -44.713  -25.842  24.004 0.0000000000
70977  -44.409  -25.127  23.414 0.0000000000
72002  -45.891  -25.066  25.200 0.0000000000
173452  -46.144  -24.356  25.165 0.0000000000
70928  -47.061  -25.010  26.951 0.0000000000
73847  -47.786  -22.848  26.352 0.0000000000
73848  -48.748  -22.377  27.120 0.0000000000
72934  -48.172  -22.974  27.052 0.0000000000
72921  -48.012  -23.669  27.724 0.0000000000
28668  -2.325  -65.694  36.460 0.0000000000
145740  -36.280  -32.543  24.227 0.0000000000
63772  -37.657  -32.711  24.984 0.0000000000
64874  -37.215  -32.507  24.395 0.0000000000
64885  -37.283  -31.983  23.497 0.0000000000
64886  -38.280  -31.373  23.484 0.0000000000
65984  -37.664  -31.179  22.949 0.0000000000
65985  -38.926  -30.521  23.224 0.0000000000
151435  -40.118  -29.712  23.287 0.0000000000
67030  -38.705  -29.735  21.669 0.0000000000
67009  -39.445  -29.465  22.113 0.0000000000
67010  -40.236  -29.157  22.650 0.0000000000
67978  -41.097  -28.562  22.940 0.0000000000
68929  -41.763  -27.929  22.809 0.0000000000
68960  -40.833  -27.551  21.854 0.0000000000
69945  -41.630  -27.376  22.254 0.0000000000
68944  -42.272  -27.289  22.762 0.0000000000
164896  -43.228  -25.852  22.931 0.0000000000
71003  -41.539  -25.210  21.368 0.0000000000
71004  -42.272  -25.167  21.861 0.0000000000
71005  -43.018  -25.126  22.371 0.0000000000
72974  -44.200  -23.516  22.386 0.0000000000
72982  -44.077  -22.934  21.664 0.0000000000
72975  -44.896  -23.124  22.915 0.0000000000
73884  -45.479  -22.620  22.307 0.0000000000
74799  -45.847  -21.913  21.904 0.0000000000
74815  -43.241  -20.862  21.126 0.0000000000
74817  -45.411  -21.472  21.448 0.0000000000
74800  -46.468  -21.533  22.275 0.0000000000
75694  -46.559  -20.704  22.148 0.0000000000
149187  -47.097  -20.387  22.477 0.0000000000
76551  -47.283  -19.800  22.747 0.0000000000
76549  -45.555  -19.226  22.729 0.0000000000
76540  -46.474  -19.004  23.200 0.0000000000
77431  -47.009  -18.322  23.751 0.0000000000
78380  -46.685  -17.420  23.969 0.0000000000
79359  -46.776  -16.838  23.700 0.0000000000
78397  -45.870  -17.154  20.934 0.0000000000
79409  -45.743  -16.573  19.479 0.0000000000
36575  -8.716  -58.630  38.043 0.0000000000
149400  -8.292  -59.123  37.720 0.0000000000
35428  -7.824  -59.661  38.252 0.0000000000
35441  -7.338  -60.297  37.882 0.0000000000
34256  -6.813  -60.929  37.463 0.0000000000
34255  -6.366  -61.465  37.313 0.0000000000
34181  -5.678  -61.086  42.836 0.0000000000
34191  -5.809  -61.324  41.794 0.0000000000
33053  -5.159  -62.088  41.633 0.0000000000
33057  -5.819  -61.918  40.364 0.0000000000
31961  -5.626  -62.348  36.880 0.0000000000
30813  -4.466  -63.485  38.132 0.0000000000
30819  -4.678  -63.347  37.311 0.0000000000
28658  -2.005  -65.382  37.446 0.0000000000
28657  -1.231  -65.714  37.971 0.0000000000
27631  -1.614  -66.447  38.904 0.0000000000
28635  -2.209  -65.538  39.618 0.0000000000
27624  -2.406  -66.671  39.820 0.0000000000
151285  -44.133  -31.016  38.622 0.0000000000
65801  -43.035  -30.740  37.143 0.0000000000
57726  -41.218  -38.797  38.902 0.0000000000
57760  -40.440  -38.392  37.446 0.0000000000
59668  -38.897  -36.703  35.302 0.0000000000
59669  -39.456  -36.171  35.801 0.0000000000
60644  -39.657  -35.394  35.511 0.0000000000
60637  -39.963  -35.583  36.244 0.0000000000
60631  -40.865  -35.279  37.639 0.0000000000
64707  -41.994  -30.923  36.207 0.0000000000
65830  -41.303  -30.096  34.342 0.0000000000
66862  -40.898  -30.003  33.834 0.0000000000
66892  -40.695  -29.840  32.630 0.0000000000
66914  -40.137  -29.847  31.207 0.0000000000
64746  -38.308  -31.474  32.529 0.0000000000
65853  -38.326  -30.942  32.368 0.0000000000
168659  -36.846  -30.272  30.544 0.0000000000
66903  -38.176  -30.153  31.128 0.0000000000
165678  -38.653  -29.762  30.995 0.0000000000
66913  -39.238  -29.659  31.076 0.0000000000
65918  -38.370  -30.820  28.765 0.0000000000
65937  -37.990  -31.344  28.100 0.0000000000
65936  -37.228  -31.146  27.848 0.0000000000
64827  -37.602  -31.967  27.518 0.0000000000
64860  -36.639  -33.026  26.301 0.0000000000
146194  -35.729  -32.796  25.319 0.0000000000
61653  -33.712  -34.288  27.971 0.0000000000
62658  -33.319  -33.429  28.023 0.0000000000
63722  -32.825  -32.645  28.074 0.0000000000
149900  -32.910  -31.795  28.545 0.0000000000
64825  -31.922  -31.100  27.726 0.0000000000
64809  -32.553  -31.020  28.205 0.0000000000
65914  -32.957  -30.408  28.182 0.0000000000
66935  -32.795  -30.232  27.628 0.0000000000
66961  -32.839  -30.118  27.349 0.0000000000
65946  -33.476  -30.666  26.669 0.0000000000
168747  -34.078  -31.053  25.993 0.0000000000
64858  -34.170  -31.902  25.436 0.0000000000
147881  -33.585  -32.132  24.732 0.0000000000
64859  -34.963  -32.265  25.373 0.0000000000
43328  -19.228  -53.548  43.582 0.0000000000
43329  -19.779  -53.073  44.289 0.0000000000
44404  -21.218  -51.913  44.822 0.0000000000
45473  -23.501  -50.756  43.494 0.0000000000
146487  -24.075  -50.739  44.154 0.0000000000
47668  -20.328  -49.637  35.570 0.0000000000
172776  -21.172  -50.345  36.010 0.0000000000
163498  -22.695  -50.535  36.241 0.0000000000
45573  -24.007  -50.583  37.284 0.0000000000
152921  -25.614  -51.009  38.092 0.0000000000
45575  -26.161  -50.984  37.499 0.0000000000
44479  -26.028  -51.914  38.231 0.0000000000
167425  -26.310  -52.444  38.512 0.0000000000
43400  -28.382  -53.678  38.760 0.0000000000
46691  -27.770  -49.346  31.865 0.0000000000
46672  -28.487  -49.296  32.206 0.0000000000
44531  -28.133  -51.453  33.580 0.0000000000
167769  -28.556  -51.794  34.065 0.0000000000
46654  -30.762  -49.807  33.553 0.0000000000
45624  -31.416  -50.814  34.291 0.0000000000
45643  -30.759  -50.675  33.882 0.0000000000
44517  -29.228  -51.854  34.182 0.0000000000
160285  -28.373  -52.204  34.765 0.0000000000
43442  -28.222  -53.083  36.161 0.0000000000
42307  -29.650  -53.761  36.298 0.0000000000
43429  -28.806  -53.511  36.742 0.0000000000
43415  -28.536  -53.636  37.751 0.0000000000
42289  -29.060  -54.155  38.356 0.0000000000
42279  -28.939  -54.168  39.319 0.0000000000
149865  -30.749  -55.507  39.409 0.0000000000
39933  -31.225  -56.087  39.886 0.0000000000
39964  -31.568  -55.781  37.853 0.0000000000
39949  -31.500  -56.113  38.804 0.0000000000
162938  -31.817  -56.565  39.501 0.0000000000
43431  -33.734  -53.076  37.458 0.0000000000
42290  -33.915  -53.832  38.105 0.0000000000
41154  -33.894  -54.874  38.018 0.0000000000
146581  -8.749  -57.703  34.573 0.0000000000
42317  -12.167  -54.017  35.518 0.0000000000
39995  -10.102  -55.898  35.462 0.0000000000
38808  -9.430  -57.189  37.474 0.0000000000
38793  -9.471  -57.110  38.299 0.0000000000
38780  -9.521  -56.908  39.144 0.0000000000
39875  -13.636  -55.894  44.418 0.0000000000
63763  -38.980  -32.801  25.543 0.0000000000
63745  -40.225  -32.888  26.355 0.0000000000
64861  -39.889  -32.124  25.131 0.0000000000
63764  -40.521  -32.435  25.749 0.0000000000
63746  -41.045  -32.779  26.406 0.0000000000
152367  -41.718  -32.986  26.845 0.0000000000
63729  -43.795  -32.897  27.567 0.0000000000
65976  -42.119  -29.990  25.181 0.0000000000
64864  -42.666  -31.135  25.844 0.0000000000
65951  -44.760  -30.758  26.439 0.0000000000
65950  -43.916  -30.804  26.153 0.0000000000
64847  -43.379  -31.447  26.137 0.0000000000
63749  -44.094  -32.458  26.899 0.0000000000
63730  -44.543  -32.768  27.493 0.0000000000
156372  -44.901  -33.009  28.151 0.0000000000
63708  -45.747  -33.052  28.389 0.0000000000
62661  -47.310  -33.209  28.930 0.0000000000
62662  -48.060  -33.153  28.992 0.0000000000
174723  -48.263  -32.853  28.721 0.0000000000
69910  -45.387  -26.363  24.571 0.0000000000
68902  -45.814  -26.768  25.311 0.0000000000
68888  -45.827  -27.380  26.010 0.0000000000
69880  -46.598  -26.535  26.896 0.0000000000
67907  -46.405  -27.988  27.337 0.0000000000
163202  -47.216  -28.962  28.439 0.0000000000
67896  -47.912  -28.886  28.909 0.0000000000
66942  -48.359  -29.805  28.789 0.0000000000
80321  -47.976  -15.873  23.302 0.0000000000
80329  -48.651  -15.501  22.806 0.0000000000
81276  -49.772  -14.289  21.914 0.0000000000
81311  -47.881  -14.483  19.380 0.0000000000
81303  -48.994  -14.305  20.262 0.0000000000
82256  -50.414  -13.719  21.838 0.0000000000
83259  -50.398  -13.564  20.917 0.0000000000
83251  -50.855  -13.489  21.414 0.0000000000
83260  -50.932  -13.508  20.733 0.0000000000
82289  -50.094  -13.597  19.634 0.0000000000
83261  -51.847  -13.115  20.939 0.0000000000
82280  -52.455  -13.159  20.340 0.0000000000
81330  -48.974  -14.562  17.596 0.0000000000
82313  -51.401  -14.162  17.890 0.0000000000
145534  -53.204  -14.912  15.059 0.0000000000
165980  -53.978  -15.072  15.351 0.0000000000
26584  -3.797  -67.274  42.149 0.0000000000
27611  -3.344  -65.873  42.828 0.0000000000
27615  -3.543  -66.559  42.486 0.0000000000
27617  -2.629  -66.171  40.458 0.0000000000
27623  -1.847  -66.057  39.206 0.0000000000
27632  -2.116  -66.581  39.221 0.0000000000
27638  -1.127  -66.741  38.443 0.0000000000
28626  -2.817  -65.053  41.783 0.0000000000
28632  -2.812  -65.807  41.428 0.0000000000
28640  -1.811  -65.584  39.203 0.0000000000
28646  -1.290  -66.043  38.835 0.0000000000
29710  -3.343  -64.500  42.159 0.0000000000
30799  -2.625  -64.589  40.530 0.0000000000
30806  -2.825  -64.218  39.954 0.0000000000
31938  -3.499  -63.785  40.946 0.0000000000
31939  -4.074  -63.200  40.994 0.0000000000
33071  -5.375  -62.614  39.136 0.0000000000
38746  -31.292  -57.006  42.547 0.0000000000
39876  -14.380  -55.576  44.751 0.0000000000
39977  -32.683  -55.506  37.259 0.0000000000
39978  -33.200  -55.809  37.694 0.0000000000
41104  -16.045  -54.333  43.779 0.0000000000
41106  -28.821  -54.975  43.163 0.0000000000
41121  -14.476  -54.551  41.663 0.0000000000
41131  -11.874  -54.806  40.056 0.0000000000
41140  -10.899  -54.999  38.606 0.0000000000
41180  -31.655  -54.754  36.389 0.0000000000
41181  -32.481  -54.937  36.629 0.0000000000
42224  -16.711  -54.217  43.784 0.0000000000
42228  -28.131  -53.719  43.216 0.0000000000
42238  -28.296  -53.685  42.487 0.0000000000
42252  -28.411  -53.740  41.881 0.0000000000
42300  -33.572  -53.832  37.232 0.0000000000
42306  -12.980  -54.165  36.346 0.0000000000
43343  -20.355  -52.478  43.862 0.0000000000
43345  -27.783  -53.341  42.966 0.0000000000
43357  -19.117  -53.123  41.852 0.0000000000
43369  -17.849  -53.518  40.882 0.0000000000
43402  -33.866  -52.287  39.250 0.0000000000
44405  -26.110  -52.315  44.300 0.0000000000
44419  -26.095  -52.335  43.554 0.0000000000
44433  -20.627  -51.453  42.546 0.0000000000
44457  -26.028  -52.688  40.599 0.0000000000
44478  -25.783  -51.895  38.543 0.0000000000
44503  -17.017  -51.705  34.935 0.0000000000
45454  -21.445  -51.379  44.137 0.0000000000
45456  -22.552  -50.665  44.501 0.0000000000
45457  -24.821  -50.882  44.499 0.0000000000
45505  -20.750  -50.335  41.545 0.0000000000
45510  -24.688  -51.705  41.902 0.0000000000
45539  -18.963  -50.644  39.343 0.0000000000
45556  -22.371  -50.644  38.318 0.0000000000
45560  -25.972  -51.341  38.090 0.0000000000
45572  -23.143  -50.670  37.624 0.0000000000
46547  -20.408  -50.036  40.992 0.0000000000
46560  -32.484  -48.899  40.500 0.0000000000
46569  -20.964  -49.719  39.768 0.0000000000
46579  -19.074  -50.091  38.481 0.0000000000
46580  -19.625  -49.766  38.632 0.0000000000
46610  -21.843  -50.530  35.881 0.0000000000
46622  -31.279  -48.775  34.992 0.0000000000
47612  -20.202  -49.325  38.790 0.0000000000
47626  -20.047  -49.396  38.168 0.0000000000
47631  -31.119  -47.857  38.646 0.0000000000
48706  -18.563  -49.036  36.468 0.0000000000
50941  -30.725  -45.724  39.135 0.0000000000
51932  -31.209  -44.904  41.094 0.0000000000
51988  -30.517  -44.243  35.790 0.0000000000
52926  -31.368  -43.860  39.816 0.0000000000
53857  -32.451  -44.101  40.305 0.0000000000
53868  -31.387  -43.147  39.594 0.0000000000
53885  -31.314  -42.507  39.357 0.0000000000
53899  -30.401  -41.881  37.681 0.0000000000
53944  -34.385  -43.165  35.179 0.0000000000
53956  -34.456  -42.900  34.493 0.0000000000
54846  -37.530  -41.509  37.132 0.0000000000
54865  -36.463  -41.958  36.427 0.0000000000
54945  -34.250  -41.509  31.627 0.0000000000
55785  -37.940  -40.933  35.995 0.0000000000
55824  -27.812  -40.407  33.361 0.0000000000
55848  -35.425  -40.552  32.320 0.0000000000
61590  -40.809  -34.816  37.105 0.0000000000
61643  -35.891  -34.396  30.129 0.0000000000
61647  -34.768  -34.681  29.140 0.0000000000
62624  -35.636  -33.573  30.092 0.0000000000
62676  -39.990  -33.067  26.938 0.0000000000
63688  -46.359  -32.994  29.687 0.0000000000
63707  -44.079  -33.007  28.328 0.0000000000
63724  -39.523  -33.006  27.444 0.0000000000
63726  -41.052  -33.160  27.269 0.0000000000
64677  -43.395  -31.472  38.389 0.0000000000
64690  -43.543  -30.800  38.016 0.0000000000
64762  -45.995  -31.170  31.176 0.0000000000
64774  -34.935  -30.948  29.993 0.0000000000
64779  -44.613  -31.520  30.496 0.0000000000
64863  -42.005  -31.674  25.769 0.0000000000
65856  -45.172  -30.156  32.246 0.0000000000
65868  -37.367  -30.855  31.350 0.0000000000
65880  -35.229  -30.494  29.738 0.0000000000
65922  -48.657  -30.558  28.686 0.0000000000
65973  -39.985  -30.734  24.232 0.0000000000
66866  -44.552  -29.587  34.424 0.0000000000
66881  -44.119  -29.678  33.575 0.0000000000
66924  -36.071  -29.849  29.779 0.0000000000
66926  -38.222  -29.909  30.163 0.0000000000
66936  -33.262  -30.201  28.091 0.0000000000
66937  -34.397  -30.140  28.829 0.0000000000
66986  -41.961  -29.481  24.701 0.0000000000
66987  -43.019  -28.857  24.901 0.0000000000
71990  -46.477  -24.752  25.720 0.0000000000
73861  -48.105  -22.177  25.954 0.0000000000
73877  -46.229  -22.483  23.655 0.0000000000
73891  -44.563  -22.367  21.107 0.0000000000
74794  -47.472  -21.454  23.389 0.0000000000
77422  -49.143  -18.000  23.903 0.0000000000
77430  -46.178  -17.990  23.535 0.0000000000
79360  -47.567  -16.359  23.739 0.0000000000
144517  -31.726  -42.967  39.615 0.0000000000
145004  -2.405  -65.012  40.348 0.0000000000
145426  -32.176  -41.098  31.675 0.0000000000
146516  -40.295  -29.675  32.133 0.0000000000
148998  -39.303  -30.304  32.290 0.0000000000
149496  -32.288  -48.329  41.105 0.0000000000
151028  -45.433  -29.333  26.647 0.0000000000
153700  -33.332  -50.731  39.921 0.0000000000
154587  -3.594  -64.060  41.836 0.0000000000
154824  -27.240  -53.055  44.058 0.0000000000
155167  -30.649  -40.586  34.957 0.0000000000
156053  -33.142  -42.993  38.623 0.0000000000
156766  -28.347  -41.346  33.920 0.0000000000
157318  -37.884  -31.893  32.197 0.0000000000
158385  -34.215  -44.213  42.139 0.0000000000
158404  -38.555  -39.246  35.492 0.0000000000
158859  -21.605  -50.241  38.596 0.0000000000
161980  -31.181  -47.099  40.228 0.0000000000
162157  -9.530  -56.730  39.863 0.0000000000
162473  -2.333  -66.207  39.681 0.0000000000
163171  -31.234  -47.657  39.220 0.0000000000
165681  -29.448  -44.428  31.256 0.0000000000
166924  -37.395  -30.444  30.989 0.0000000000
168368  -22.039  -50.588  36.602 0.0000000000
170007  -28.867  -54.140  40.071 0.0000000000
171644  -22.075  -50.701  42.496 0.0000000000
172480  -32.650  -49.365  40.078 0.0000000000
172658  -2.458  -65.664  40.161 0.0000000000
172853  -32.531  -30.127  27.208 0.0000000000
173781  -30.196  -44.393  32.671 0.0000000000
174168  -44.604  -20.842  21.210 0.0000000000
174184  -22.671  -50.811  38.950 0.0000000000
174975  -36.885  -29.768  30.162 0.0000000000
