#!ascii label  , from subject sub-v1s1x0050655_ses-1 vox2ras=TkReg
1471
142995  -22.303  -7.893  -31.690 0.5555555820
165915  -25.188  -7.831  -32.243 0.6666666865
143018  -25.996  -7.263  -30.844 0.7777777910
146786  -26.060  -7.095  -31.392 0.7777777910
163917  -27.024  -5.857  -29.679 0.8888888955
144036  -27.893  -4.780  -28.975 0.8888888955
144376  -21.101  -7.124  -31.181 0.5555555820
154580  -21.926  -8.027  -30.542 0.5555555820
163916  -24.917  -8.371  -29.839 0.6666666865
164061  -26.256  -6.987  -29.663 0.8888888955
167554  -26.719  -6.557  -30.163 0.8888888955
164201  -27.369  -5.130  -29.438 0.8888888955
164199  -27.817  -3.643  -29.110 1.0000000000
144052  -28.299  -4.027  -28.696 0.8888888955
143116  -27.876  -2.721  -29.252 1.0000000000
164461  -24.242  -7.282  -28.880 0.7777777910
143720  -26.561  -5.700  -29.642 1.0000000000
164200  -25.958  -4.972  -29.475 1.0000000000
163857  -27.314  -4.285  -29.560 1.0000000000
144174  -27.175  -3.792  -29.740 1.0000000000
144233  -27.224  -2.821  -30.217 1.0000000000
143043  -26.681  -3.253  -30.828 1.0000000000
93854  -27.185  -1.615  -30.467 1.0000000000
92920  -26.462  -2.770  -31.510 1.0000000000
92921  -26.734  -2.427  -30.825 1.0000000000
93874  -25.860  -1.801  -32.600 1.0000000000
158108  -26.227  -1.212  -31.747 0.7777777910
144278  -26.790  -4.520  -30.179 0.8888888955
146357  -26.900  -4.041  -30.215 1.0000000000
143030  -26.703  -4.133  -30.667 1.0000000000
91929  -26.561  -3.754  -31.425 1.0000000000
92939  -26.244  -2.706  -32.422 1.0000000000
93862  -26.239  -2.047  -31.863 1.0000000000
93885  -25.599  -1.997  -33.534 1.0000000000
93873  -25.554  -1.269  -33.097 1.0000000000
94835  -25.818  -0.775  -32.370 0.8888888955
94834  -25.439  -0.455  -33.159 1.0000000000
95827  -25.871  0.106  -32.265 0.7777777910
143775  -26.371  -5.708  -30.761 0.5555555820
90002  -24.552  -4.964  -33.712 0.7777777910
143034  -25.960  -5.075  -32.861 0.8888888955
91955  -26.171  -3.832  -33.577 1.0000000000
146388  -26.303  -3.385  -33.052 1.0000000000
90948  -25.448  -4.277  -34.046 0.8888888955
90964  -25.568  -3.300  -34.321 1.0000000000
92962  -25.755  -2.698  -33.842 1.0000000000
93898  -24.994  -1.324  -34.552 1.0000000000
156241  -24.786  -0.731  -34.001 0.8888888955
94855  -24.717  -0.760  -34.743 1.0000000000
95844  -24.655  -0.122  -34.520 0.8888888955
96828  -24.459  1.611  -34.059 0.7777777910
97791  -24.749  1.950  -33.118 0.6666666865
97790  -24.291  2.510  -33.760 0.6666666865
144223  -23.007  -7.667  -31.842 0.4444444478
144330  -24.302  -5.773  -33.184 0.7777777910
152422  -22.536  -4.966  -32.866 0.6666666865
91966  -23.014  -3.440  -34.023 0.7777777910
91980  -24.389  -3.322  -34.615 0.8888888955
92974  -24.039  -2.410  -35.092 0.8888888955
93913  -25.242  -1.754  -34.928 1.0000000000
93912  -23.762  -1.509  -35.286 1.0000000000
93927  -23.864  -1.087  -35.568 1.0000000000
95863  -24.206  0.312  -35.865 1.0000000000
95862  -23.732  0.885  -36.170 0.8888888955
96850  -23.662  1.422  -36.195 0.7777777910
97809  -23.922  1.571  -35.639 0.7777777910
97777  -24.549  2.800  -32.770 0.5555555820
98718  -23.462  3.219  -35.324 0.7777777910
91952  -20.758  -3.342  -32.566 0.6666666865
143013  -21.616  -4.883  -32.420 0.6666666865
91965  -22.190  -3.026  -33.740 0.7777777910
92948  -21.543  -2.574  -33.413 0.7777777910
92961  -22.716  -2.595  -34.301 0.8888888955
92972  -22.448  -1.664  -34.480 0.8888888955
93897  -21.702  -1.295  -34.245 1.0000000000
93910  -22.158  -0.748  -34.744 1.0000000000
94874  -22.412  0.684  -35.693 1.0000000000
94875  -23.305  0.359  -35.864 0.8888888955
96868  -22.666  1.753  -36.598 0.8888888955
97828  -22.677  2.572  -36.659 0.8888888955
97819  -23.311  2.013  -36.476 0.7777777910
96858  -21.998  1.808  -36.423 0.8888888955
161724  -22.259  2.697  -36.807 0.7777777910
98740  -22.154  3.609  -37.109 0.7777777910
99651  -23.083  4.134  -35.612 0.7777777910
153898  -23.185  4.815  -34.820 0.6666666865
91951  -20.210  -2.788  -32.368 0.6666666865
143003  -21.133  -4.111  -32.483 0.5555555820
152637  -20.743  -2.530  -32.972 0.7777777910
93883  -20.390  -1.529  -33.276 0.8888888955
93896  -20.978  -0.912  -33.872 0.8888888955
94854  -20.746  -0.178  -34.239 1.0000000000
93909  -21.428  -0.420  -34.527 1.0000000000
95859  -21.580  1.458  -35.811 1.0000000000
95860  -22.186  1.363  -36.096 0.8888888955
98749  -21.829  3.384  -37.122 0.7777777910
99671  -21.900  4.477  -37.572 0.7777777910
100503  -22.377  5.310  -36.156 0.6666666865
100489  -22.500  5.930  -35.567 0.5555555820
168212  -22.814  5.466  -34.944 0.5555555820
92947  -19.968  -2.006  -32.646 0.7777777910
92937  -19.271  -1.730  -31.912 0.6666666865
94852  -19.321  0.141  -33.867 1.0000000000
95850  -20.332  1.117  -34.777 1.0000000000
96856  -20.851  2.147  -35.633 0.8888888955
170172  -21.301  2.488  -36.269 0.8888888955
98737  -20.414  3.707  -35.853 0.8888888955
98739  -21.253  3.132  -36.793 0.8888888955
99670  -21.044  4.905  -37.377 0.7777777910
100525  -20.856  6.092  -37.986 0.7777777910
100514  -21.276  5.791  -37.576 0.7777777910
101382  -21.976  5.798  -36.477 0.5555555820
100513  -19.870  5.658  -36.536 0.7777777910
101393  -21.081  6.721  -37.925 0.5555555820
101362  -21.843  6.716  -35.972 0.5555555820
101392  -20.515  6.797  -38.220 0.6666666865
93851  -18.003  -1.863  -30.620 0.4444444478
92928  -18.800  -1.486  -31.674 0.5555555820
94833  -18.533  -0.461  -32.510 0.7777777910
153914  -18.885  0.311  -33.626 1.0000000000
94843  -18.897  -0.249  -33.223 0.8888888955
95835  -18.651  0.813  -33.540 1.0000000000
96847  -19.507  1.694  -34.698 0.8888888955
97808  -19.797  2.681  -34.734 0.8888888955
98727  -19.880  3.616  -35.002 0.8888888955
155297  -20.296  4.655  -36.343 0.8888888955
100523  -19.943  5.911  -37.251 0.6666666865
102277  -21.265  7.395  -37.537 0.5555555820
95800  -15.095  0.739  -31.190 0.6666666865
94822  -16.714  0.048  -31.487 0.6666666865
96818  -16.935  1.256  -32.097 0.7777777910
96838  -18.416  2.053  -33.398 0.8888888955
96826  -17.708  1.790  -32.830 0.7777777910
97789  -18.712  3.002  -33.022 0.7777777910
98717  -19.304  3.559  -33.850 0.8888888955
98707  -18.472  4.098  -32.755 0.7777777910
99619  -18.740  4.709  -33.427 0.7777777910
99648  -19.513  5.241  -35.022 0.7777777910
100502  -19.488  5.888  -35.631 0.6666666865
100471  -17.635  6.104  -32.471 0.6666666865
101359  -18.984  6.829  -35.285 0.6666666865
101360  -19.460  6.380  -36.196 0.6666666865
101381  -19.645  6.494  -36.915 0.5555555820
101358  -18.399  7.600  -34.484 0.6666666865
102240  -18.578  7.640  -35.729 0.5555555820
102275  -18.798  7.852  -37.947 0.5555555820
103126  -20.880  8.126  -37.688 0.4444444478
103113  -18.407  8.473  -37.116 0.5555555820
147968  -13.428  0.217  -28.026 0.3333333433
162673  -13.670  0.404  -28.193 0.3333333433
172773  -14.963  1.141  -30.409 0.5555555820
96788  -14.822  1.012  -31.233 0.6666666865
166576  -14.716  1.361  -29.488 0.5555555820
96806  -15.308  1.344  -31.741 0.7777777910
97775  -16.572  2.712  -32.218 0.7777777910
98672  -15.963  3.348  -31.519 0.6666666865
98691  -17.630  4.460  -32.023 0.6666666865
172299  -16.502  3.753  -32.059 0.6666666865
99601  -17.826  5.186  -32.323 0.6666666865
100459  -17.121  5.878  -31.670 0.6666666865
174021  -17.383  7.404  -32.441 0.6666666865
102233  -18.099  8.004  -33.703 0.6666666865
102256  -18.353  8.256  -36.203 0.5555555820
104025  -17.776  9.620  -36.682 0.5555555820
102239  -18.294  8.416  -35.043 0.6666666865
95746  -12.492  -0.370  -26.908 0.4444444478
168549  -12.724  -1.016  -25.615 0.4444444478
95763  -13.864  0.978  -28.522 0.4444444478
95753  -12.492  0.966  -26.775 0.5555555820
95776  -14.184  1.592  -28.792 0.5555555820
97731  -14.950  2.245  -29.606 0.6666666865
97741  -15.518  2.321  -30.298 0.6666666865
98659  -15.721  3.242  -30.594 0.6666666865
99599  -16.136  4.398  -31.955 0.6666666865
99587  -16.021  5.315  -32.028 0.6666666865
167453  -16.129  6.325  -32.331 0.6666666865
102232  -17.341  8.480  -33.247 0.6666666865
104011  -18.044  9.384  -35.105 0.5555555820
104012  -18.024  9.389  -35.885 0.6666666865
95745  -11.798  0.182  -26.422 0.4444444478
97729  -13.479  2.456  -28.360 0.6666666865
98643  -15.274  3.169  -29.762 0.6666666865
98642  -14.661  2.962  -28.894 0.6666666865
98690  -15.914  4.287  -31.861 0.6666666865
161286  -15.613  4.153  -31.125 0.6666666865
101317  -15.889  6.615  -31.631 0.6666666865
143699  -26.041  -5.815  -29.294 1.0000000000
144366  -21.970  -6.511  -31.955 0.5555555820
95861  -22.965  1.096  -36.360 0.8888888955
91938  -20.005  -2.874  -31.962 0.5555555820
93850  -17.488  -1.235  -30.440 0.5555555820
92946  -19.397  -1.559  -32.409 0.7777777910
96840  -19.406  1.221  -34.618 1.0000000000
99659  -20.669  4.516  -36.937 0.8888888955
93837  -17.396  -2.093  -29.767 0.2222222239
101400  -19.837  6.930  -38.322 0.6666666865
98706  -17.792  3.598  -32.434 0.7777777910
103139  -19.650  8.116  -38.529 0.4444444478
97730  -14.249  2.237  -28.842 0.6666666865
96758  -12.467  2.532  -28.469 0.6666666865
143014  -21.495  -5.629  -31.960 0.4444444478
91939  -20.489  -3.709  -32.025 0.4444444478
105828  -18.202  10.450  -37.071 0.5555555820
104937  -18.411  10.170  -37.590 0.5555555820
94742  -12.678  -1.386  -25.283 0.2222222239
95735  -12.259  -0.669  -26.191 0.3333333433
172252  -17.593  10.168  -36.449 0.5555555820
144108  -21.911  -8.714  -31.485 0.5555555820
174617  -23.083  -9.006  -31.908 0.5555555820
88309  -24.119  -7.920  -32.750 0.6666666865
144094  -25.404  -7.491  -32.256 0.5555555820
144068  -25.497  -7.424  -32.241 0.5555555820
164389  -27.440  -5.451  -29.453 0.7777777910
143133  -20.776  -8.163  -30.941 0.5555555820
149403  -25.980  -7.164  -31.575 0.6666666865
143983  -26.545  -6.728  -30.619 0.6666666865
165651  -27.052  -6.181  -29.850 0.8888888955
144405  -19.917  -6.957  -30.274 0.4444444478
162425  -21.864  -7.056  -30.253 0.5555555820
143601  -24.795  -6.601  -28.576 0.2222222239
93853  -26.714  -0.885  -30.950 0.6666666865
94824  -26.368  -0.203  -31.552 0.7777777910
95813  -26.200  0.548  -31.646 0.6666666865
143026  -26.414  -4.814  -29.915 0.5555555820
96820  -25.743  0.928  -32.013 0.6666666865
144341  -26.560  -4.832  -30.229 0.4444444478
96819  -25.271  1.415  -32.545 0.5555555820
143657  -24.085  -7.355  -29.443 0.2222222239
98708  -24.107  3.326  -33.380 0.5555555820
143012  -22.087  -6.965  -31.099 0.4444444478
99620  -23.575  4.610  -33.812 0.5555555820
144256  -19.778  -4.920  -30.553 0.3333333433
100472  -23.183  5.435  -34.202 0.5555555820
92919  -18.476  -2.421  -30.778 0.4444444478
101326  -22.656  6.941  -34.079 0.4444444478
92912  -17.056  -3.058  -29.370 0.3333333433
103105  -21.586  7.693  -35.930 0.5555555820
103114  -20.951  8.715  -37.288 0.4444444478
95755  -13.644  -0.018  -28.074 0.3333333433
95756  -14.063  -0.098  -28.165 0.3333333433
168454  -15.134  0.053  -29.319 0.4444444478
173771  -19.926  9.180  -37.643 0.4444444478
104938  -19.124  10.149  -37.316 0.4444444478
105823  -19.330  11.054  -36.380 0.2222222239
94751  -11.977  -0.815  -25.463 0.3333333433
98641  -13.442  2.922  -28.251 0.6666666865
99574  -15.034  4.806  -30.903 0.6666666865
100432  -14.924  5.515  -31.426 0.6666666865
101287  -15.053  6.253  -31.718 0.6666666865
102215  -16.082  7.763  -32.257 0.6666666865
102231  -16.474  8.037  -33.028 0.6666666865
103995  -17.741  9.028  -34.136 0.6666666865
104925  -17.475  10.032  -35.513 0.4444444478
105821  -18.248  10.637  -36.485 0.3333333433
96746  -12.090  2.413  -28.005 0.5555555820
142987  -22.002  -7.966  -31.460 0.5555555820
142994  -23.547  -8.723  -30.605 0.6666666865
89123  -21.984  -7.765  -31.568 0.5555555820
88308  -22.953  -8.023  -32.092 0.6666666865
87459  -24.484  -7.838  -32.759 0.6666666865
143015  -24.892  -7.692  -31.716 0.6666666865
146199  -25.807  -6.975  -31.985 0.7777777910
163941  -25.589  -7.701  -30.745 0.7777777910
144163  -26.514  -6.620  -30.333 0.8888888955
164177  -27.160  -4.919  -29.560 1.0000000000
164102  -26.600  -5.990  -29.143 1.0000000000
143781  -27.764  -4.306  -29.045 1.0000000000
142979  -21.347  -8.103  -31.321 0.5555555820
142977  -20.488  -7.523  -30.790 0.4444444478
142980  -20.032  -7.158  -30.564 0.4444444478
164247  -21.218  -6.972  -30.271 0.5555555820
163867  -22.864  -7.337  -29.618 0.6666666865
143613  -25.477  -6.997  -29.016 0.8888888955
143029  -27.120  -5.744  -29.680 0.8888888955
144250  -28.497  -3.140  -28.668 1.0000000000
164462  -25.932  -6.026  -28.367 0.6666666865
143069  -27.703  -1.820  -29.668 0.8888888955
150724  -26.563  -1.805  -31.195 1.0000000000
144623  -26.473  -4.293  -32.104 1.0000000000
143033  -26.549  -4.661  -31.153 0.8888888955
143942  -26.350  -4.121  -32.939 1.0000000000
164676  -26.062  -3.268  -33.639 1.0000000000
92949  -26.013  -2.661  -33.266 1.0000000000
93899  -25.378  -1.969  -34.279 1.0000000000
93884  -25.195  -1.352  -33.753 1.0000000000
95836  -25.006  0.163  -33.698 0.8888888955
95826  -25.436  0.542  -32.855 0.7777777910
163996  -25.933  -6.414  -30.027 0.5555555820
144055  -26.684  -5.043  -30.171 0.5555555820
143032  -25.812  -6.049  -31.697 0.6666666865
169149  -26.026  -5.465  -32.006 0.6666666865
144315  -26.304  -4.976  -31.972 0.7777777910
144196  -25.224  -5.332  -33.332 0.7777777910
90936  -23.727  -5.070  -33.500 0.6666666865
91967  -23.899  -3.793  -34.121 0.8888888955
90003  -25.061  -4.659  -33.867 0.8888888955
90961  -24.551  -4.146  -34.142 0.8888888955
143044  -26.268  -4.616  -32.661 0.8888888955
146551  -26.132  -4.602  -33.177 1.0000000000
90962  -24.871  -3.831  -34.420 0.8888888955
91995  -25.205  -2.559  -35.008 1.0000000000
93928  -24.591  -1.132  -35.332 1.0000000000
174586  -24.301  0.351  -35.771 0.8888888955
96841  -24.327  1.266  -35.045 0.8888888955
96842  -24.587  0.719  -34.300 0.7777777910
96829  -24.942  1.068  -33.422 0.7777777910
97801  -24.022  2.153  -34.840 0.6666666865
97778  -25.041  2.269  -32.202 0.5555555820
98719  -23.780  3.099  -34.390 0.6666666865
143025  -23.230  -6.058  -32.747 0.5555555820
163997  -23.117  -7.599  -29.976 0.3333333433
163973  -23.930  -8.183  -31.061 0.3333333433
143024  -23.879  -6.790  -32.658 0.4444444478
159537  -24.845  -6.417  -32.658 0.6666666865
91953  -21.501  -3.383  -33.022 0.6666666865
91954  -22.435  -3.852  -33.321 0.7777777910
92973  -23.240  -2.045  -34.748 0.8888888955
92985  -24.500  -1.770  -35.386 1.0000000000
94865  -22.689  -0.172  -35.294 1.0000000000
95871  -23.274  1.503  -36.434 0.7777777910
98728  -23.091  3.035  -36.250 0.7777777910
99638  -23.793  3.827  -33.871 0.5555555820
92960  -22.036  -2.125  -33.904 0.8888888955
95852  -21.667  0.941  -35.493 1.0000000000
99672  -22.019  4.457  -37.645 0.7777777910
99660  -22.309  4.129  -37.005 0.7777777910
100490  -22.706  5.068  -35.518 0.6666666865
150558  -20.928  -4.892  -31.760 0.4444444478
93895  -20.051  -0.539  -33.676 0.8888888955
94863  -21.062  0.523  -34.777 1.0000000000
96849  -20.957  1.485  -35.472 0.8888888955
98748  -21.226  4.004  -37.205 0.7777777910
170861  -21.697  5.546  -37.214 0.6666666865
101343  -22.392  6.771  -35.064 0.5555555820
101344  -22.734  6.104  -34.580 0.5555555820
91937  -19.452  -2.443  -31.747 0.5555555820
93872  -18.855  -1.055  -32.038 0.6666666865
94844  -19.337  -0.561  -33.325 0.8888888955
96848  -20.222  1.626  -34.952 1.0000000000
97817  -20.831  2.963  -36.185 0.8888888955
99669  -20.349  5.229  -37.028 0.8888888955
101361  -21.511  6.419  -37.099 0.6666666865
99649  -19.959  4.463  -35.418 0.8888888955
102259  -21.555  7.286  -36.713 0.5555555820
93852  -18.487  -1.654  -31.330 0.5555555820
93861  -18.350  -1.080  -31.604 0.5555555820
94842  -18.451  0.176  -32.992 1.0000000000
94832  -17.871  0.030  -32.239 0.7777777910
94831  -17.199  -0.011  -31.725 0.7777777910
97799  -19.126  2.355  -34.037 0.8888888955
96827  -18.357  1.400  -33.362 0.7777777910
164572  -21.378  8.500  -35.853 0.5555555820
95779  -15.836  0.187  -29.947 0.5555555820
94814  -15.931  0.347  -31.290 0.5555555820
95778  -15.142  0.824  -30.042 0.4444444478
95824  -16.080  0.377  -31.945 0.6666666865
95823  -15.729  0.888  -31.992 0.6666666865
95825  -17.031  0.474  -32.005 0.7777777910
94823  -17.588  -0.594  -31.327 0.7777777910
94815  -16.812  -0.375  -30.367 0.6666666865
97776  -16.972  2.305  -32.511 0.7777777910
95834  -17.858  0.829  -32.710 0.7777777910
171900  -18.359  5.541  -33.129 0.6666666865
100501  -18.976  6.072  -34.588 0.6666666865
100487  -17.608  6.908  -32.617 0.6666666865
101342  -18.417  6.883  -33.956 0.6666666865
102257  -18.733  7.728  -36.806 0.5555555820
102258  -19.228  7.137  -37.304 0.5555555820
104037  -18.729  9.208  -38.442 0.4444444478
169826  -20.443  8.704  -37.784 0.4444444478
103123  -18.028  9.142  -37.443 0.5555555820
95777  -14.673  0.435  -29.188 0.4444444478
173573  -14.242  0.863  -28.962 0.5555555820
161522  -15.383  1.586  -30.939 0.6666666865
97759  -16.197  2.516  -31.697 0.7777777910
101340  -17.317  7.829  -32.671 0.6666666865
102238  -18.066  8.705  -34.134 0.6666666865
95762  -13.308  1.266  -28.346 0.5555555820
96747  -12.742  1.796  -28.179 0.6666666865
99575  -15.487  4.948  -31.608 0.6666666865
100444  -15.469  5.631  -31.948 0.6666666865
101302  -15.513  6.338  -31.903 0.6666666865
91927  -19.593  -3.277  -31.384 0.4444444478
93836  -17.038  -1.342  -29.023 0.3333333433
144129  -20.921  -5.928  -31.199 0.4444444478
143002  -20.249  -4.513  -31.283 0.4444444478
105824  -19.947  11.075  -36.211 0.3333333433
106711  -18.322  10.888  -35.853 0.3333333433
154205  -22.831  -8.607  -31.982 0.5555555820
144329  -28.050  -5.320  -28.915 0.6666666865
164118  -19.939  -7.559  -30.221 0.4444444478
144189  -20.190  -8.074  -30.395 0.5555555820
143731  -19.238  -7.144  -29.819 0.3333333433
143725  -25.314  -7.149  -29.738 0.3333333433
172967  -24.807  -5.124  -29.102 0.1111111119
143843  -20.137  -5.429  -30.470 0.4444444478
143001  -19.688  -4.266  -30.857 0.3333333433
91926  -19.067  -2.864  -31.006 0.3333333433
94791  -15.348  -0.826  -28.962 0.3333333433
103093  -16.667  8.765  -33.211 0.6666666865
104910  -17.242  9.917  -34.306 0.4444444478
143016  -25.857  -9.174  -30.295 0.4444444478
152310  -26.659  -9.946  -28.711 0.2222222239
85642  -23.126  -9.900  -31.575 0.4444444478
85643  -24.158  -9.979  -31.393 0.4444444478
165126  -24.368  -8.724  -32.062 0.4444444478
164110  -24.769  -9.087  -31.659 0.4444444478
144179  -26.591  -8.092  -29.901 0.4444444478
87424  -27.833  -8.168  -28.749 0.2222222239
143980  -25.847  -8.019  -31.585 0.4444444478
164363  -26.284  -7.947  -30.610 0.4444444478
143734  -28.777  -7.321  -28.412 0.1111111119
144429  -27.002  -7.385  -29.802 0.4444444478
163864  -28.327  -6.873  -28.709 0.3333333433
143006  -26.405  -7.325  -30.766 0.4444444478
145003  -27.569  -6.738  -29.306 0.3333333433
150609  -28.132  -6.092  -28.878 0.3333333433
164379  -29.061  -6.840  -28.371 0.2222222239
143017  -26.985  -6.931  -29.973 0.4444444478
143050  -29.277  -4.902  -28.247 0.2222222239
143138  -30.025  -5.028  -27.665 0.1111111119
152780  -30.500  -3.709  -27.296 0.1111111119
143041  -28.717  -5.483  -28.594 0.3333333433
143052  -29.028  -4.291  -28.384 0.3333333433
143738  -29.330  -2.794  -28.130 0.4444444478
94778  -28.982  -1.146  -28.583 0.3333333433
144026  -28.257  -1.772  -29.040 0.6666666865
143078  -28.184  -1.027  -29.295 0.5555555820
94797  -27.857  -0.188  -29.616 0.5555555820
161358  -27.663  -1.044  -29.877 0.5555555820
172959  -26.753  1.209  -30.748 0.4444444478
96809  -26.279  1.319  -31.318 0.5555555820
157400  -27.394  0.162  -30.182 0.4444444478
96808  -25.635  1.795  -31.749 0.4444444478
99555  -14.932  4.079  -29.107 0.5555555820
98620  -14.230  3.600  -28.269 0.5555555820
100431  -14.584  5.431  -30.643 0.5555555820
101286  -14.556  6.179  -31.050 0.5555555820
102216  -15.693  7.518  -32.026 0.5555555820
103077  -16.045  8.067  -32.459 0.5555555820
85631  -25.204  -10.320  -30.469 0.4444444478
86524  -27.100  -9.380  -28.677 0.2222222239
142983  -23.766  -8.172  -32.596 0.4444444478
144140  -29.537  -5.638  -28.174 0.2222222239
143053  -29.170  -3.617  -28.281 0.4444444478
143051  -29.911  -4.225  -27.782 0.3333333433
143856  -28.761  -2.228  -28.602 0.6666666865
95784  -27.765  0.888  -29.778 0.3333333433
98692  -24.407  3.619  -32.436 0.4444444478
99542  -13.316  4.591  -28.145 0.5555555820
99534  -12.896  4.943  -28.060 0.5555555820
146770  -25.042  -8.033  -32.496 0.4444444478
164131  -29.999  -2.602  -27.460 0.2222222239
103087  -16.217  8.201  -32.713 0.5555555820
161682  -23.075  -11.732  -31.487 0.4444444478
84719  -24.537  -11.387  -30.515 0.4444444478
85618  -26.008  -10.266  -29.090 0.2222222239
85607  -26.590  -10.706  -28.349 0.2222222239
85608  -27.316  -10.068  -28.284 0.1111111119
164924  -21.759  -9.875  -31.143 0.4444444478
84733  -23.034  -10.849  -31.628 0.4444444478
156627  -27.615  -8.883  -28.606 0.1111111119
87425  -28.783  -8.004  -28.260 0.1111111119
143992  -29.510  -7.351  -28.132 0.1111111119
163863  -30.333  -5.668  -27.436 0.1111111119
144394  -30.882  -4.955  -27.169 0.1111111119
143064  -30.992  -3.590  -26.637 0.1111111119
143057  -30.505  -3.095  -27.059 0.1111111119
94798  -28.667  -0.210  -28.972 0.1111111119
143608  -29.598  -1.842  -27.862 0.2222222239
95785  -28.385  0.528  -29.232 0.2222222239
96790  -27.244  1.536  -30.291 0.3333333433
97760  -25.483  2.676  -31.483 0.4444444478
153201  -24.925  3.932  -31.645 0.3333333433
99602  -24.251  4.499  -32.064 0.3333333433
99621  -23.902  4.059  -33.041 0.4444444478
161075  -23.681  4.723  -32.792 0.3333333433
94792  -16.335  -0.656  -29.294 0.4444444478
102241  -21.972  7.393  -35.318 0.4444444478
104013  -20.542  9.892  -36.454 0.3333333433
96733  -11.751  1.341  -26.431 0.4444444478
162609  -17.239  9.412  -33.625 0.5555555820
97687  -11.956  2.816  -28.537 0.5555555820
98602  -11.893  3.908  -29.152 0.5555555820
156672  -13.815  5.692  -29.733 0.5555555820
160321  -14.331  6.977  -30.514 0.5555555820
103068  -15.847  7.839  -31.827 0.5555555820
98601  -11.805  4.065  -28.399 0.5555555820
142978  -22.006  -9.431  -31.361 0.4444444478
142982  -22.793  -9.206  -31.660 0.4444444478
143028  -27.485  -6.069  -29.434 0.5555555820
143042  -28.485  -4.777  -28.639 0.6666666865
94817  -27.320  -0.591  -30.320 0.5555555820
94816  -26.907  -0.018  -30.738 0.5555555820
95801  -26.604  0.598  -31.064 0.4444444478
100473  -23.397  5.357  -33.144 0.4444444478
104939  -19.905  9.875  -37.157 0.3333333433
144133  -24.515  -8.071  -32.581 0.4444444478
86548  -25.335  -9.651  -30.722 0.4444444478
86536  -26.365  -9.428  -29.372 0.4444444478
86535  -25.740  -9.932  -29.969 0.3333333433
143027  -26.330  -8.724  -29.865 0.4444444478
85641  -22.270  -10.257  -31.420 0.4444444478
142988  -23.905  -9.306  -31.723 0.4444444478
167128  -23.747  -10.514  -31.409 0.4444444478
143558  -25.279  -8.507  -31.730 0.4444444478
142996  -24.783  -9.519  -31.336 0.4444444478
143005  -25.445  -8.974  -31.178 0.4444444478
164242  -25.625  -8.427  -31.341 0.4444444478
143743  -25.994  -8.417  -30.710 0.4444444478
143040  -26.930  -8.609  -29.131 0.4444444478
168831  -27.183  -7.890  -29.315 0.4444444478
143123  -27.676  -7.415  -29.062 0.4444444478
164127  -28.287  -7.568  -28.649 0.2222222239
143579  -29.783  -6.452  -28.029 0.1111111119
143637  -28.950  -6.224  -28.527 0.2222222239
174357  -30.442  -4.627  -27.429 0.1111111119
143068  -30.908  -4.260  -27.056 0.1111111119
144164  -29.919  -3.349  -27.713 0.3333333433
164360  -29.777  -0.849  -27.822 0.1111111119
97761  -26.148  2.282  -31.149 0.4444444478
99544  -14.304  4.908  -29.353 0.5555555820
98619  -13.294  3.810  -28.084 0.5555555820
153033  -14.803  6.953  -31.301 0.5555555820
85630  -24.495  -10.626  -30.919 0.4444444478
84720  -25.027  -10.909  -30.299 0.4444444478
99533  -11.781  4.963  -28.530 0.5555555820
83757  -23.863  -12.039  -30.713 0.4444444478
84718  -23.821  -11.215  -31.192 0.4444444478
84702  -25.170  -11.462  -29.715 0.4444444478
85606  -25.716  -11.039  -28.885 0.2222222239
85617  -25.494  -10.666  -29.749 0.4444444478
85640  -21.572  -10.322  -31.111 0.4444444478
85628  -20.834  -10.029  -30.673 0.4444444478
86526  -28.369  -8.821  -28.287 0.1111111119
86525  -27.886  -9.481  -28.275 0.1111111119
77982  -22.822  -18.741  -26.874 0.1111111119
80824  -20.072  -15.974  -28.896 0.3333333433
78991  -22.014  -17.360  -28.435 0.2222222239
78969  -22.480  -17.660  -27.802 0.2222222239
78007  -23.038  -17.985  -27.169 0.1111111119
78970  -23.185  -17.301  -27.537 0.1111111119
82753  -18.573  -13.336  -28.985 0.3333333433
152425  -18.666  -15.072  -28.637 0.3333333433
80823  -19.123  -15.897  -28.695 0.3333333433
80840  -21.396  -15.383  -29.541 0.3333333433
160866  -22.171  -15.261  -29.454 0.3333333433
79903  -22.174  -16.755  -28.669 0.2222222239
164780  -22.556  -15.624  -28.942 0.2222222239
79877  -22.652  -17.014  -28.168 0.2222222239
79878  -23.335  -16.626  -27.810 0.1111111119
79904  -22.772  -16.232  -28.490 0.2222222239
152185  -18.322  -11.554  -28.868 0.2222222239
83736  -18.677  -12.314  -29.183 0.2222222239
83723  -17.886  -12.522  -28.746 0.2222222239
82770  -19.544  -13.593  -29.384 0.3333333433
81830  -19.983  -14.485  -29.432 0.3333333433
80839  -20.479  -15.323  -29.386 0.3333333433
80807  -23.602  -15.949  -28.050 0.1111111119
85615  -18.949  -9.579  -29.315 0.2222222239
84698  -18.992  -11.368  -29.341 0.3333333433
84714  -19.850  -10.445  -29.971 0.3333333433
83737  -19.391  -12.115  -29.602 0.3333333433
84700  -20.256  -11.346  -30.260 0.3333333433
83753  -20.504  -12.164  -30.372 0.3333333433
82771  -19.979  -12.769  -29.796 0.3333333433
82789  -20.878  -12.961  -30.095 0.3333333433
82773  -22.147  -13.806  -29.882 0.3333333433
82790  -21.730  -13.122  -30.356 0.3333333433
82774  -22.939  -13.783  -29.758 0.3333333433
151793  -23.612  -13.741  -29.488 0.3333333433
81835  -24.099  -14.044  -29.003 0.3333333433
80842  -23.992  -14.682  -28.637 0.1111111119
81822  -24.637  -14.360  -28.457 0.2222222239
86533  -18.989  -8.660  -29.385 0.2222222239
85616  -19.356  -9.532  -29.674 0.2222222239
86534  -19.355  -8.892  -29.666 0.3333333433
151565  -20.550  -10.651  -30.501 0.3333333433
85629  -21.287  -10.969  -31.031 0.3333333433
83754  -21.275  -12.369  -30.727 0.3333333433
83756  -23.031  -12.516  -30.924 0.3333333433
82792  -23.461  -13.121  -30.061 0.3333333433
172288  -23.656  -12.593  -30.439 0.3333333433
82775  -24.218  -13.388  -29.440 0.3333333433
82754  -24.775  -13.708  -28.806 0.1111111119
142998  -18.733  -7.801  -29.189 0.3333333433
164224  -19.166  -7.829  -29.640 0.3333333433
144462  -21.068  -8.776  -31.086 0.3333333433
84717  -22.405  -12.031  -31.439 0.3333333433
83739  -24.246  -12.622  -29.902 0.3333333433
84701  -24.590  -11.975  -30.073 0.3333333433
83740  -25.050  -12.315  -29.481 0.3333333433
96789  -26.687  1.930  -30.723 0.2222222239
98675  -25.383  3.432  -31.364 0.2222222239
97742  -26.590  2.730  -30.673 0.2222222239
101327  -23.039  6.201  -33.499 0.2222222239
80825  -20.986  -16.125  -29.221 0.3333333433
79902  -21.421  -16.896  -28.787 0.3333333433
79879  -24.128  -16.405  -27.553 0.1111111119
153061  -18.735  -10.565  -29.072 0.3333333433
157455  -19.227  -12.853  -29.379 0.3333333433
82772  -21.323  -13.780  -29.847 0.3333333433
81832  -21.764  -14.605  -29.720 0.3333333433
81834  -23.348  -14.400  -29.200 0.3333333433
84699  -19.647  -11.270  -29.759 0.3333333433
85627  -19.940  -9.591  -30.149 0.3333333433
77080  -22.116  -19.164  -27.347 0.1111111119
80806  -18.280  -15.807  -28.266 0.3333333433
79900  -19.604  -16.667  -28.626 0.3333333433
78989  -20.817  -17.523  -28.611 0.3333333433
78990  -21.412  -17.578  -28.473 0.3333333433
78968  -21.767  -17.958  -28.047 0.3333333433
165327  -23.323  -19.124  -26.547 0.1111111119
77983  -23.721  -18.380  -26.606 0.1111111119
81820  -18.201  -14.209  -28.549 0.3333333433
78947  -23.823  -17.546  -27.004 0.1111111119
83722  -17.532  -11.772  -28.444 0.2222222239
85605  -18.554  -9.801  -28.805 0.2222222239
80828  -24.567  -15.016  -28.138 0.1111111119
81823  -25.307  -14.098  -28.267 0.1111111119
86523  -18.745  -8.912  -29.060 0.2222222239
82755  -25.461  -13.419  -28.538 0.1111111119
82776  -24.948  -13.051  -29.231 0.1111111119
84692  -25.574  -11.876  -28.877 0.1111111119
144285  -18.673  -6.903  -28.952 0.1111111119
98693  -25.682  4.145  -31.142 0.2222222239
102225  -22.546  7.808  -33.657 0.2222222239
102226  -22.945  7.156  -33.044 0.2222222239
142985  -19.803  -6.765  -30.161 0.2222222239
163915  -25.569  -4.911  -29.079 0.5555555820
142986  -21.053  -6.637  -30.342 0.3333333433
143797  -19.446  -7.805  -29.845 0.3333333433
86546  -19.580  -8.635  -29.904 0.4444444478
142974  -20.288  -9.140  -30.434 0.4444444478
143661  -19.070  -7.318  -29.702 0.2222222239
100461  -24.647  5.407  -31.684 0.2222222239
78006  -22.301  -18.376  -27.536 0.1111111119
80838  -19.562  -15.188  -29.025 0.3333333433
79901  -20.505  -16.781  -28.803 0.3333333433
81821  -19.101  -14.319  -28.984 0.3333333433
82752  -17.620  -13.384  -28.459 0.2222222239
80826  -21.943  -16.094  -29.146 0.3333333433
81831  -20.896  -14.583  -29.667 0.3333333433
80841  -22.830  -15.020  -29.031 0.2222222239
80808  -24.432  -15.699  -27.806 0.1111111119
153147  -23.879  -15.316  -28.328 0.1111111119
83738  -19.962  -11.947  -29.988 0.3333333433
84715  -20.908  -11.563  -30.792 0.3333333433
154203  -20.428  -13.697  -29.692 0.3333333433
82791  -22.579  -13.177  -30.399 0.3333333433
81833  -22.520  -14.492  -29.542 0.3333333433
83755  -22.117  -12.552  -30.970 0.3333333433
142989  -18.648  -8.188  -29.057 0.2222222239
84716  -21.655  -11.813  -31.254 0.3333333433
83724  -25.546  -12.698  -28.776 0.1111111119
79899  -18.742  -16.592  -28.342 0.3333333433
79876  -17.942  -16.542  -27.935 0.2222222239
78988  -19.209  -17.327  -28.340 0.3333333433
78019  -20.330  -18.110  -28.394 0.3333333433
78020  -21.074  -18.160  -28.316 0.3333333433
81819  -17.471  -14.129  -28.034 0.2222222239
98676  -26.067  3.310  -30.909 0.1111111119
98661  -26.967  3.593  -30.560 0.1111111119
99577  -27.208  4.591  -30.749 0.1111111119
159654  -26.529  4.327  -30.885 0.1111111119
100448  -25.625  5.593  -31.458 0.1111111119
100449  -26.437  5.758  -31.296 0.1111111119
101328  -23.477  6.065  -32.591 0.1111111119
101306  -25.949  6.334  -31.501 0.1111111119
101318  -24.194  6.184  -31.918 0.1111111119
169906  -24.792  6.555  -31.749 0.1111111119
103996  -21.829  9.093  -34.369 0.2222222239
102227  -23.615  6.908  -32.308 0.1111111119
158618  -24.453  6.994  -31.833 0.1111111119
103980  -21.748  9.987  -34.038 0.1111111119
104014  -21.022  9.123  -36.402 0.2222222239
104921  -20.926  10.621  -34.879 0.1111111119
104902  -21.989  10.738  -33.419 0.1111111119
97710  -12.060  2.806  -29.180 0.4444444478
104928  -20.137  10.460  -36.509 0.1111111119
96718  -10.327  1.425  -25.667 0.4444444478
97686  -11.825  3.022  -27.962 0.4444444478
105815  -20.123  11.387  -35.453 0.1111111119
100412  -13.482  5.209  -28.827 0.4444444478
144423  -17.803  10.234  -34.925 0.3333333433
106710  -18.007  10.476  -35.281 0.2222222239
106700  -19.610  11.984  -34.049 0.1111111119
105806  -20.374  11.605  -34.536 0.1111111119
107607  -21.478  13.656  -33.553 0.1111111119
100411  -13.175  5.380  -28.073 0.4444444478
100402  -12.805  5.654  -27.826 0.4444444478
102175  -13.312  6.858  -28.499 0.4444444478
101272  -13.555  6.275  -29.158 0.4444444478
102181  -14.268  7.947  -30.190 0.4444444478
102190  -14.816  7.655  -30.756 0.4444444478
103951  -16.860  8.860  -31.928 0.4444444478
167264  -17.314  9.794  -32.759 0.4444444478
143381  -17.539  10.102  -33.174 0.2222222239
144300  -18.413  11.668  -33.644 0.2222222239
143668  -18.437  11.339  -34.503 0.2222222239
107605  -20.097  13.350  -33.160 0.2222222239
108416  -20.506  13.883  -33.660 0.2222222239
112593  -21.352  19.613  -32.936 0.1111111119
111730  -21.230  17.945  -33.022 0.1111111119
110003  -22.292  16.502  -33.216 0.1111111119
97669  -9.985  2.690  -25.960 0.4444444478
98592  -10.302  3.521  -26.162 0.4444444478
99523  -11.397  4.553  -27.570 0.3333333433
100401  -11.873  5.871  -27.993 0.4444444478
102166  -13.552  8.193  -29.083 0.4444444478
103039  -14.389  8.613  -29.575 0.4444444478
103050  -15.129  8.241  -29.979 0.4444444478
157591  -16.319  8.301  -31.309 0.4444444478
104871  -17.118  9.952  -31.814 0.4444444478
104860  -15.599  9.770  -29.016 0.3333333433
170285  -18.464  12.947  -32.624 0.1111111119
106688  -18.059  12.248  -32.977 0.1111111119
143676  -19.411  14.640  -33.312 0.1111111119
108423  -20.011  14.230  -33.525 0.2222222239
155697  -19.974  15.101  -33.613 0.1111111119
110001  -20.866  16.565  -33.539 0.1111111119
97657  -9.490  2.523  -25.133 0.2222222239
100400  -11.311  5.711  -27.830 0.3333333433
101260  -11.750  6.422  -27.518 0.3333333433
103030  -13.863  8.764  -29.198 0.3333333433
104863  -16.661  9.946  -30.705 0.4444444478
151193  -16.724  10.654  -29.935 0.2222222239
105768  -17.108  10.735  -30.810 0.2222222239
107596  -18.161  12.734  -32.202 0.2222222239
143390  -18.954  14.969  -32.897 0.1111111119
106650  -17.741  12.294  -30.627 0.1111111119
107585  -18.128  12.922  -31.193 0.1111111119
172569  -18.305  13.503  -31.664 0.1111111119
110000  -20.173  16.590  -33.309 0.1111111119
107586  -18.385  14.346  -31.682 0.1111111119
144585  -19.141  15.905  -32.499 0.1111111119
109999  -19.554  16.655  -32.828 0.1111111119
99531  -10.959  5.099  -27.906 0.3333333433
100399  -11.145  5.528  -27.981 0.3333333433
144098  -11.691  6.966  -26.449 0.3333333433
143213  -11.900  7.432  -27.496 0.3333333433
102151  -13.235  8.624  -27.735 0.3333333433
103920  -14.391  9.264  -29.121 0.3333333433
151699  -14.909  9.762  -28.505 0.2222222239
104858  -16.141  10.606  -29.110 0.2222222239
107575  -18.116  13.154  -30.248 0.1111111119
143388  -18.649  15.827  -31.750 0.1111111119
110863  -19.438  17.305  -32.395 0.1111111119
114375  -20.529  21.308  -32.761 0.1111111119
102136  -11.529  7.697  -24.808 0.1111111119
164073  -11.819  8.339  -25.458 0.1111111119
144644  -11.716  8.921  -27.469 0.2222222239
104850  -11.930  10.222  -27.716 0.2222222239
143212  -12.341  8.932  -27.787 0.3333333433
104851  -13.193  10.840  -27.637 0.2222222239
103019  -13.835  9.467  -28.886 0.3333333433
103906  -13.474  10.314  -28.138 0.3333333433
105747  -14.438  10.991  -27.969 0.2222222239
105751  -15.065  11.495  -28.038 0.1111111119
107566  -17.104  12.850  -28.609 0.1111111119
107567  -17.878  13.402  -29.269 0.1111111119
108403  -18.040  14.215  -30.024 0.1111111119
149470  -18.255  13.765  -30.925 0.1111111119
108415  -18.267  15.340  -31.240 0.1111111119
110854  -18.931  17.818  -31.771 0.1111111119
110855  -19.743  17.931  -32.226 0.1111111119
114364  -22.338  21.573  -31.886 0.1111111119
114377  -22.004  20.885  -32.494 0.1111111119
144322  -11.522  8.745  -24.813 0.1111111119
144219  -11.967  11.904  -26.279 0.1111111119
103894  -11.799  9.311  -25.698 0.1111111119
105739  -12.529  11.866  -26.747 0.1111111119
106630  -14.066  13.258  -27.475 0.1111111119
106636  -13.810  13.195  -28.516 0.1111111119
105746  -13.812  11.649  -28.212 0.2222222239
144467  -14.268  13.996  -28.948 0.1111111119
143399  -15.090  13.518  -28.560 0.1111111119
108390  -17.597  14.454  -28.110 0.1111111119
108398  -17.980  14.230  -28.929 0.1111111119
109985  -18.070  15.801  -29.780 0.1111111119
109211  -18.216  15.937  -30.502 0.1111111119
106615  -12.298  13.129  -24.962 0.1111111119
107535  -12.380  13.498  -24.150 0.1111111119
107546  -14.136  13.146  -25.178 0.1111111119
107554  -14.373  13.428  -26.206 0.1111111119
107556  -15.090  14.110  -26.931 0.1111111119
107555  -14.558  13.760  -27.058 0.1111111119
107557  -15.752  14.334  -27.254 0.1111111119
108389  -16.904  14.055  -27.645 0.1111111119
107536  -14.388  13.592  -24.517 0.1111111119
108360  -14.611  14.307  -24.258 0.1111111119
107548  -15.580  13.541  -25.216 0.1111111119
165768  -27.542  3.453  -29.932 0.1111111119
99590  -26.081  4.990  -31.154 0.1111111119
99591  -26.868  5.158  -31.057 0.1111111119
102217  -22.868  8.027  -32.986 0.1111111119
102219  -24.076  7.716  -31.966 0.1111111119
103079  -23.055  8.662  -32.550 0.1111111119
105796  -21.890  11.353  -33.293 0.1111111119
96732  -10.434  2.088  -26.138 0.4444444478
103979  -16.925  9.270  -33.104 0.4444444478
143380  -16.944  10.089  -33.935 0.3333333433
143382  -18.884  11.848  -34.209 0.2222222239
143385  -19.070  12.016  -34.999 0.1111111119
106689  -20.146  12.542  -33.314 0.1111111119
106691  -21.248  12.741  -33.472 0.1111111119
101271  -13.369  5.964  -28.380 0.4444444478
143387  -19.003  14.307  -32.993 0.1111111119
110867  -22.004  17.962  -33.377 0.1111111119
102165  -13.323  7.898  -28.417 0.3333333433
110856  -20.461  17.951  -32.677 0.1111111119
143328  -13.366  11.536  -27.687 0.2222222239
143398  -15.395  12.390  -28.270 0.1111111119
106626  -13.789  12.942  -26.148 0.1111111119
106633  -15.448  14.514  -28.005 0.1111111119
109982  -18.142  15.643  -29.064 0.1111111119
170749  -16.527  14.061  -25.294 0.1111111119
107538  -16.014  13.587  -24.667 0.1111111119
99558  -28.081  5.441  -30.268 0.1111111119
99578  -27.691  4.876  -30.418 0.1111111119
158644  -21.397  9.301  -35.134 0.2222222239
105807  -21.085  11.379  -34.119 0.1111111119
170187  -10.858  1.547  -26.204 0.4444444478
98593  -11.741  3.925  -27.758 0.4444444478
102176  -13.817  8.100  -29.640 0.4444444478
101261  -12.634  6.654  -27.655 0.4444444478
166039  -16.654  9.196  -31.263 0.4444444478
173337  -17.253  10.841  -31.379 0.2222222239
143208  -11.687  11.266  -24.914 0.1111111119
145565  -11.764  13.363  -24.345 0.1111111119
108359  -13.880  14.013  -23.803 0.1111111119
99579  -28.194  4.767  -29.785 0.1111111119
97743  -27.223  2.577  -30.194 0.1111111119
98662  -27.590  4.200  -30.127 0.1111111119
99559  -28.765  5.385  -29.619 0.1111111119
99580  -28.882  4.651  -29.341 0.1111111119
101308  -27.321  6.837  -30.946 0.1111111119
154568  -26.181  7.073  -31.468 0.1111111119
102209  -26.394  7.805  -31.316 0.1111111119
102207  -24.937  7.719  -31.740 0.1111111119
103965  -23.401  9.305  -32.080 0.1111111119
103966  -24.107  8.978  -31.588 0.1111111119
103069  -24.531  8.372  -31.755 0.1111111119
103964  -22.731  9.642  -32.766 0.1111111119
104872  -22.921  11.102  -31.807 0.1111111119
105770  -22.757  11.961  -32.846 0.1111111119
96745  -11.168  2.110  -26.563 0.4444444478
105787  -23.040  11.768  -33.114 0.1111111119
172047  -22.579  12.276  -33.136 0.1111111119
108417  -21.651  14.322  -33.270 0.1111111119
107597  -22.051  13.576  -33.116 0.1111111119
95732  -9.914  1.008  -24.903 0.4444444478
96731  -9.928  2.069  -25.651 0.4444444478
110858  -24.072  17.515  -32.570 0.1111111119
111722  -23.742  18.193  -33.004 0.1111111119
97656  -9.120  2.703  -24.395 0.2222222239
163260  -9.677  3.901  -25.723 0.3333333433
99515  -9.670  4.255  -25.242 0.2222222239
101256  -11.505  5.916  -25.993 0.2222222239
112595  -23.501  19.576  -32.450 0.1111111119
143225  -10.391  5.983  -24.501 0.1111111119
144096  -11.757  6.800  -25.319 0.2222222239
114365  -23.202  21.273  -31.724 0.1111111119
115275  -23.547  22.545  -32.156 0.1111111119
101239  -10.013  6.667  -24.032 0.1111111119
102990  -10.741  8.393  -24.155 0.1111111119
169152  -11.382  12.552  -23.824 0.1111111119
144018  -11.440  13.200  -23.811 0.1111111119
115274  -22.764  22.818  -31.905 0.1111111119
109160  -12.245  14.536  -22.772 0.1111111119
111711  -17.379  19.035  -30.581 0.1111111119
112590  -18.573  19.580  -31.682 0.1111111119
114387  -19.429  22.024  -33.072 0.1111111119
157955  -20.374  22.059  -33.021 0.1111111119
107516  -13.361  13.768  -23.226 0.1111111119
109176  -14.330  14.885  -23.953 0.1111111119
108384  -17.258  14.808  -27.386 0.1111111119
111703  -17.435  17.914  -29.748 0.1111111119
107539  -16.352  13.782  -25.215 0.1111111119
103088  -22.188  8.475  -34.082 0.1111111119
149107  -19.666  11.756  -35.037 0.1111111119
103963  -16.747  9.051  -32.509 0.4444444478
99603  -25.189  4.777  -31.434 0.1111111119
162075  -20.908  9.958  -35.539 0.2222222239
150406  -11.356  4.767  -27.959 0.4444444478
101319  -25.136  6.163  -31.668 0.1111111119
101307  -26.656  6.498  -31.295 0.1111111119
102208  -25.757  7.765  -31.597 0.1111111119
103981  -22.204  9.372  -33.601 0.1111111119
104903  -22.860  11.210  -33.120 0.1111111119
162090  -22.888  10.800  -32.832 0.1111111119
106678  -22.016  12.885  -33.197 0.1111111119
106690  -20.642  12.690  -33.498 0.1111111119
108418  -22.215  14.203  -32.616 0.1111111119
172712  -17.443  10.566  -32.378 0.2222222239
144480  -18.015  11.207  -33.243 0.2222222239
144458  -18.783  12.556  -33.084 0.1111111119
108424  -20.552  14.411  -33.724 0.2222222239
109227  -21.266  15.130  -33.234 0.1111111119
113513  -21.971  19.833  -33.012 0.1111111119
153372  -21.473  20.527  -32.760 0.1111111119
112605  -22.030  19.319  -33.226 0.1111111119
112594  -22.653  19.528  -33.023 0.1111111119
168572  -23.469  17.526  -33.129 0.1111111119
109994  -22.967  16.439  -32.828 0.1111111119
110002  -21.542  16.584  -33.494 0.2222222239
103939  -16.212  9.856  -29.812 0.3333333433
144562  -12.064  7.232  -27.643 0.3333333433
106662  -17.889  11.987  -31.537 0.2222222239
143386  -18.693  14.361  -32.521 0.1111111119
100392  -11.088  5.031  -26.016 0.3333333433
101259  -11.590  6.174  -27.582 0.3333333433
100385  -10.751  5.467  -25.124 0.1111111119
143218  -11.721  8.373  -27.422 0.3333333433
169081  -12.601  8.280  -27.623 0.3333333433
173361  -14.926  10.431  -27.920 0.2222222239
105754  -16.651  11.273  -29.276 0.1111111119
107574  -17.515  12.544  -29.648 0.1111111119
108408  -18.135  14.597  -30.859 0.1111111119
112592  -20.356  19.602  -32.584 0.1111111119
112591  -19.439  19.566  -32.236 0.1111111119
114376  -21.258  21.554  -32.554 0.1111111119
151922  -19.820  21.085  -32.728 0.1111111119
102123  -10.321  7.513  -24.089 0.1111111119
101240  -10.947  6.789  -24.575 0.1111111119
143705  -11.929  7.651  -25.784 0.1111111119
103904  -11.583  9.454  -27.175 0.1111111119
103918  -12.083  9.553  -27.971 0.3333333433
143202  -11.738  10.320  -27.171 0.1111111119
103907  -13.857  10.034  -28.785 0.3333333433
103029  -13.597  10.309  -28.104 0.2222222239
105752  -15.995  11.544  -28.487 0.1111111119
109217  -18.418  16.156  -31.134 0.1111111119
110853  -18.459  17.268  -31.489 0.1111111119
143205  -11.881  11.091  -26.775 0.1111111119
103887  -11.610  9.693  -24.721 0.1111111119
105733  -12.366  12.650  -25.784 0.1111111119
104841  -11.489  10.567  -24.397 0.1111111119
143206  -11.921  11.061  -27.108 0.1111111119
105742  -13.337  12.322  -27.048 0.1111111119
161831  -13.068  12.704  -26.197 0.1111111119
144100  -14.298  14.410  -28.742 0.1111111119
161907  -12.977  11.487  -27.353 0.1111111119
105745  -13.619  12.414  -28.001 0.1111111119
106638  -15.332  14.428  -28.181 0.1111111119
107562  -16.093  13.610  -28.038 0.1111111119
108397  -17.404  13.665  -28.326 0.1111111119
109988  -18.162  16.492  -30.595 0.1111111119
110845  -17.828  17.116  -30.286 0.1111111119
110847  -18.245  17.967  -31.142 0.1111111119
106625  -11.847  12.789  -24.892 0.1111111119
107528  -12.941  13.528  -23.386 0.1111111119
161410  -13.589  13.350  -24.266 0.1111111119
107547  -14.776  13.424  -25.270 0.1111111119
108379  -16.415  14.481  -26.276 0.1111111119
109977  -18.248  16.128  -28.802 0.1111111119
97744  -28.014  2.956  -29.599 0.1111111119
100450  -27.124  5.930  -31.095 0.1111111119
103078  -22.550  8.667  -33.253 0.1111111119
108425  -21.088  14.385  -33.708 0.1111111119
166387  -22.900  17.948  -33.404 0.1111111119
111721  -23.266  18.844  -33.139 0.1111111119
111707  -17.216  18.024  -30.021 0.1111111119
109189  -17.591  14.921  -25.938 0.1111111119
100433  -27.801  6.098  -30.701 0.1111111119
108358  -11.552  14.423  -23.501 0.1111111119
104892  -23.191  10.317  -32.202 0.1111111119
104891  -22.979  11.290  -32.986 0.1111111119
155110  -22.632  15.683  -32.584 0.1111111119
164644  -24.381  19.695  -32.208 0.1111111119
113502  -23.596  20.413  -31.885 0.1111111119
145425  -11.111  6.155  -25.036 0.1111111119
100374  -9.775  5.655  -23.985 0.1111111119
112581  -22.930  20.054  -32.159 0.1111111119
143226  -10.876  9.285  -24.107 0.1111111119
113500  -18.015  20.467  -31.481 0.1111111119
113510  -18.760  20.360  -32.199 0.1111111119
109978  -18.354  15.463  -28.330 0.1111111119
111697  -18.049  17.437  -29.392 0.1111111119
172630  -19.637  -17.906  -28.345 0.2222222239
143023  -25.786  -4.772  -29.259 0.2222222239
143126  -25.830  -5.664  -29.234 0.2222222239
163894  -23.322  -6.643  -28.948 0.3333333433
95744  -11.090  0.814  -26.007 0.3333333433
94750  -11.258  -0.177  -25.141 0.2222222239
95696  -9.365  0.501  -23.099 0.1111111119
95714  -9.280  1.179  -23.353 0.1111111119
96702  -9.484  1.507  -24.185 0.2222222239
94762  -14.492  -0.704  -28.502 0.2222222239
93835  -15.822  -1.565  -29.044 0.1111111119
94773  -14.751  -1.453  -28.225 0.1111111119
158071  -13.703  -1.863  -25.205 0.1111111119
93770  -12.761  -1.892  -25.072 0.1111111119
92822  -10.748  -3.419  -22.919 0.1111111119
94699  -9.717  -0.420  -22.453 0.1111111119
95695  -9.183  0.707  -22.859 0.1111111119
96701  -9.248  2.010  -23.628 0.1111111119
95734  -11.418  -0.101  -25.862 0.2222222239
93794  -11.863  -1.954  -24.933 0.1111111119
165427  -22.210  -4.874  -29.054 0.2222222239
164290  -22.398  -6.803  -30.039 0.2222222239
94741  -11.912  -1.144  -25.180 0.1111111119
163848  -22.932  -6.752  -29.321 0.1111111119
164284  -20.387  -5.807  -30.225 0.3333333433
95733  -10.810  0.628  -25.253 0.3333333433
95716  -10.338  0.470  -24.503 0.3333333433
94739  -9.747  0.274  -23.479 0.1111111119
93792  -10.608  -2.320  -24.192 0.1111111119
94740  -10.456  -0.895  -24.476 0.1111111119
93755  -9.918  -0.934  -22.507 0.1111111119
92844  -11.992  -2.699  -24.796 0.1111111119
94716  -9.906  -1.454  -23.556 0.1111111119
91842  -10.528  -2.708  -23.554 0.1111111119
166608  -10.941  -2.978  -22.260 0.1111111119
93769  -10.149  -2.431  -23.347 0.1111111119
92867  -11.131  -2.501  -24.334 0.1111111119
164395  -30.516  -2.492  -26.875 0.1111111119
78967  -18.902  -18.091  -28.100 0.1111111119
78004  -20.605  -18.943  -28.172 0.1111111119
78001  -17.528  -18.461  -27.366 0.1111111119
78965  -17.681  -17.239  -27.595 0.1111111119
81806  -17.227  -14.759  -27.534 0.1111111119
80822  -17.831  -14.972  -28.179 0.1111111119
144148  -21.088  -5.275  -28.504 0.1111111119
163844  -25.168  -3.260  -29.033 0.1111111119
143011  -18.093  -4.668  -29.534 0.2222222239
91918  -18.259  -3.516  -30.070 0.2222222239
91911  -17.690  -4.128  -29.488 0.2222222239
160607  -16.543  -3.983  -29.315 0.2222222239
165713  -17.449  -17.788  -27.335 0.1111111119
77076  -17.693  -19.341  -27.472 0.1111111119
146240  -19.031  -18.913  -28.172 0.1111111119
77077  -19.675  -19.406  -28.181 0.1111111119
156004  -16.967  -18.036  -26.961 0.1111111119
78964  -17.099  -17.294  -27.109 0.1111111119
164826  -16.964  -16.054  -26.990 0.1111111119
80805  -17.507  -15.714  -27.587 0.1111111119
167885  -17.081  -14.045  -27.535 0.1111111119
82741  -16.992  -13.415  -27.981 0.1111111119
83704  -17.053  -12.648  -28.331 0.1111111119
84691  -18.233  -10.782  -28.409 0.1111111119
89937  -20.069  -5.418  -28.212 0.1111111119
163954  -22.924  -5.275  -28.172 0.1111111119
163893  -24.783  -4.111  -28.427 0.1111111119
143031  -25.174  -2.960  -28.326 0.1111111119
147375  -18.089  -5.033  -29.726 0.2222222239
91884  -16.205  -3.773  -29.192 0.2222222239
92883  -15.794  -2.879  -28.933 0.1111111119
78005  -21.529  -18.695  -27.867 0.1111111119
168163  -18.690  -19.686  -27.926 0.1111111119
92911  -15.996  -3.468  -29.099 0.2222222239
150970  -15.831  -2.623  -28.875 0.1111111119
164078  -23.083  -5.065  -28.322 0.1111111119
145408  -19.058  -5.410  -29.891 0.2222222239
144461  -21.684  -4.612  -29.020 0.1111111119
84690  -17.174  -11.094  -28.167 0.1111111119
85604  -17.977  -9.963  -28.222 0.1111111119
86522  -18.499  -8.583  -28.787 0.1111111119
89098  -19.471  -5.222  -28.051 0.1111111119
142991  -21.091  -5.946  -29.001 0.1111111119
78966  -18.393  -17.291  -28.027 0.1111111119
78003  -19.702  -18.573  -28.306 0.1111111119
142992  -22.110  -4.873  -28.644 0.1111111119
143117  -25.131  -3.364  -27.860 0.1111111119
144568  -18.041  -17.931  -27.689 0.1111111119
78002  -18.313  -18.737  -27.783 0.1111111119
79875  -17.320  -16.586  -27.323 0.1111111119
144512  -21.274  -5.417  -28.352 0.1111111119
144608  -17.840  -4.514  -28.879 0.1111111119
80804  -16.876  -15.315  -26.956 0.1111111119
143055  -20.175  -5.685  -27.936 0.1111111119
89938  -20.849  -5.994  -28.017 0.1111111119
93807  -16.484  -2.427  -27.332 0.1111111119
94764  -15.929  -1.692  -27.015 0.1111111119
144995  -14.047  -1.094  -26.982 0.1111111119
164342  -19.256  -4.978  -30.111 0.1111111119
94756  -14.522  -1.206  -27.145 0.1111111119
95736  -13.787  -0.965  -26.208 0.1111111119
147183  -13.189  -0.958  -25.958 0.1111111119
80827  -23.158  -15.508  -28.564 0.1111111119
84732  -22.151  -11.189  -31.543 0.4444444478
86511  -17.112  -9.580  -28.308 0.1111111119
86547  -24.789  -10.000  -30.959 0.4444444478
87436  -19.146  -8.284  -29.553 0.3333333433
88297  -22.270  -7.951  -31.759 0.6666666865
88298  -23.426  -8.331  -32.262 0.6666666865
88310  -24.841  -7.702  -32.647 0.6666666865
89114  -20.348  -7.172  -30.689 0.4444444478
89936  -19.335  -4.785  -27.671 0.1111111119
90879  -16.718  -4.102  -29.328 0.2222222239
90880  -17.598  -4.297  -28.486 0.1111111119
90935  -21.844  -4.218  -32.796 0.6666666865
90937  -25.700  -4.654  -33.585 1.0000000000
90945  -23.370  -4.259  -33.658 0.8888888955
90946  -24.224  -4.454  -33.881 0.8888888955
90947  -24.955  -4.319  -34.167 0.8888888955
90949  -25.668  -3.820  -34.151 1.0000000000
90963  -25.316  -3.734  -34.391 0.8888888955
91910  -17.080  -4.218  -29.284 0.2222222239
91917  -17.408  -3.642  -29.498 0.3333333433
91919  -19.061  -3.962  -30.416 0.2222222239
91928  -20.044  -3.647  -31.567 0.4444444478
91940  -26.444  -3.529  -32.251 1.0000000000
91968  -25.853  -3.489  -34.020 1.0000000000
91979  -23.518  -2.992  -34.560 0.8888888955
91981  -24.911  -3.219  -34.760 0.8888888955
91982  -25.261  -2.983  -34.730 1.0000000000
92823  -11.163  -2.522  -21.961 0.1111111119
92842  -10.955  -3.086  -23.774 0.1111111119
92843  -10.717  -3.188  -23.039 0.1111111119
92918  -17.786  -2.783  -30.034 0.3333333433
92929  -18.912  -2.046  -31.509 0.5555555820
92938  -19.703  -2.243  -32.217 0.6666666865
92959  -21.239  -1.816  -33.587 0.8888888955
92975  -24.787  -2.544  -35.153 0.8888888955
92976  -25.335  -2.252  -34.953 1.0000000000
92977  -25.426  -2.447  -34.542 1.0000000000
92986  -25.039  -1.945  -35.286 1.0000000000
93793  -11.461  -2.833  -24.468 0.1111111119
93806  -15.232  -2.096  -28.459 0.1111111119
93881  -19.095  -0.863  -32.736 0.8888888955
93882  -19.605  -1.248  -33.054 0.7777777910
93911  -23.004  -1.083  -34.926 0.8888888955
93926  -23.591  -0.563  -35.510 1.0000000000
93929  -24.984  -1.455  -35.175 1.0000000000
94715  -9.511  -0.087  -22.811 0.1111111119
94752  -13.515  -1.334  -25.585 0.1111111119
94790  -14.662  -0.496  -28.903 0.4444444478
94853  -20.156  0.357  -34.265 1.0000000000
94864  -21.871  0.164  -35.081 1.0000000000
94866  -24.552  0.144  -35.439 1.0000000000
94867  -25.057  -0.970  -34.944 1.0000000000
94876  -23.954  -0.126  -36.047 1.0000000000
94877  -24.429  -0.579  -35.356 1.0000000000
95715  -9.766  0.833  -23.848 0.1111111119
95747  -12.892  -0.992  -26.842 0.3333333433
95754  -13.242  0.748  -28.121 0.4444444478
95764  -14.212  0.146  -28.619 0.4444444478
95802  -27.104  0.724  -30.463 0.4444444478
95812  -15.240  0.816  -31.695 0.6666666865
95841  -19.026  0.745  -34.203 1.0000000000
95842  -19.475  0.814  -34.396 1.0000000000
95843  -24.445  0.465  -35.179 0.8888888955
95851  -21.105  1.148  -35.353 1.0000000000
95853  -24.109  0.957  -35.866 0.8888888955
95854  -24.600  -0.314  -34.930 1.0000000000
96692  -9.205  1.587  -23.146 0.1111111119
96716  -9.214  2.178  -24.382 0.1111111119
96717  -9.601  1.715  -25.092 0.2222222239
96759  -12.799  2.197  -28.489 0.6666666865
96760  -13.433  1.901  -28.421 0.6666666865
96771  -12.809  2.822  -28.580 0.6666666865
96772  -15.189  1.534  -30.245 0.6666666865
96807  -16.354  1.818  -31.886 0.7777777910
96839  -18.872  1.393  -34.164 1.0000000000
96857  -21.467  1.929  -36.053 0.8888888955
96859  -23.491  1.434  -36.299 0.7777777910
96860  -23.912  0.927  -36.094 0.8888888955
96869  -23.089  1.910  -36.636 0.7777777910
97647  -8.863  2.609  -23.924 0.1111111119
97670  -10.675  2.744  -26.523 0.4444444478
97727  -11.925  3.085  -29.495 0.5555555820
97728  -12.185  2.845  -29.269 0.6666666865
97758  -15.826  2.343  -31.114 0.7777777910
97787  -16.875  3.227  -32.472 0.7777777910
97788  -17.729  2.665  -32.820 0.7777777910
97800  -23.584  2.275  -35.775 0.7777777910
97816  -20.375  2.834  -35.465 0.8888888955
97818  -21.796  2.472  -36.648 0.7777777910
97826  -22.296  2.154  -36.684 0.8888888955
97827  -22.626  2.181  -36.705 0.8888888955
98585  -9.333  3.193  -24.710 0.2222222239
98586  -9.670  3.319  -25.524 0.2222222239
98603  -12.192  4.218  -29.064 0.5555555820
98618  -11.930  3.246  -29.118 0.5555555820
98658  -15.293  4.069  -30.214 0.6666666865
98673  -16.335  3.500  -32.072 0.6666666865
98738  -20.733  3.792  -36.626 0.8888888955
98741  -22.512  3.411  -36.702 0.7777777910
99522  -10.241  4.296  -25.888 0.3333333433
99532  -11.526  4.869  -28.375 0.5555555820
99541  -11.244  5.326  -28.159 0.4444444478
99543  -14.020  4.334  -28.514 0.5555555820
99556  -14.757  4.776  -30.034 0.5555555820
99586  -15.757  4.957  -31.931 0.6666666865
99592  -27.467  5.340  -30.801 0.1111111119
99600  -16.942  5.126  -31.331 0.6666666865
99618  -17.037  4.097  -31.752 0.6666666865
99636  -19.452  4.481  -34.450 0.7777777910
99637  -23.550  3.992  -34.668 0.5555555820
99650  -22.536  4.600  -36.254 0.7777777910
99661  -22.691  3.871  -36.349 0.7777777910
100365  -9.233  5.035  -23.891 0.1111111119
100419  -14.321  5.348  -30.037 0.5555555820
100434  -28.574  6.196  -30.049 0.1111111119
100457  -15.811  6.016  -31.914 0.6666666865
100458  -16.309  5.849  -32.280 0.6666666865
100460  -23.760  5.317  -32.211 0.2222222239
100470  -16.864  6.591  -31.637 0.6666666865
100488  -18.361  6.178  -33.491 0.6666666865
100524  -20.644  5.645  -37.628 0.7777777910
100526  -21.880  5.029  -37.551 0.7777777910
100534  -20.223  6.259  -38.074 0.6666666865
101262  -13.099  6.280  -27.938 0.4444444478
101263  -13.583  7.345  -29.295 0.4444444478
101273  -13.837  6.604  -29.896 0.4444444478
101277  -14.103  6.007  -30.393 0.5555555820
101301  -15.765  7.099  -31.752 0.6666666865
101305  -25.340  6.943  -31.636 0.1111111119
101316  -16.035  7.397  -32.188 0.6666666865
101324  -16.559  7.979  -32.450 0.6666666865
101325  -16.661  7.258  -31.805 0.6666666865
101341  -17.973  7.518  -33.185 0.6666666865
101380  -19.159  7.051  -36.383 0.6666666865
101390  -19.281  7.158  -38.023 0.6666666865
101391  -19.660  6.602  -37.714 0.6666666865
102152  -13.519  8.738  -28.538 0.3333333433
102164  -13.046  7.389  -27.804 0.3333333433
102191  -15.319  7.458  -31.482 0.5555555820
102205  -15.273  6.889  -31.740 0.5555555820
102218  -23.380  7.826  -32.472 0.1111111119
102224  -16.163  7.827  -32.970 0.6666666865
102234  -22.284  7.607  -34.559 0.4444444478
102276  -20.723  7.446  -38.107 0.6666666865
102285  -19.398  7.668  -38.408 0.4444444478
102286  -20.122  7.518  -38.453 0.6666666865
103002  -12.982  9.477  -27.200 0.3333333433
103017  -13.085  9.041  -27.226 0.3333333433
103018  -13.339  9.466  -27.982 0.3333333433
103038  -11.985  8.822  -27.933 0.3333333433
103057  -15.597  7.742  -30.923 0.4444444478
103070  -25.347  8.432  -31.641 0.1111111119
103080  -23.731  8.468  -32.003 0.1111111119
103094  -17.143  8.946  -33.385 0.6666666865
103095  -21.773  8.277  -35.029 0.1111111119
103103  -17.859  8.949  -34.097 0.6666666865
103104  -18.212  8.970  -35.025 0.6666666865
103112  -18.158  8.983  -36.192 0.5555555820
103115  -21.307  8.166  -36.857 0.5555555820
103124  -18.411  8.646  -38.036 0.5555555820
103125  -20.302  8.141  -38.293 0.4444444478
103137  -18.911  8.504  -38.447 0.5555555820
103138  -19.548  8.752  -38.326 0.4444444478
103895  -13.085  10.150  -27.526 0.3333333433
103896  -13.907  10.004  -28.938 0.3333333433
103905  -12.297  10.045  -27.871 0.3333333433
103908  -13.932  9.974  -28.902 0.3333333433
103917  -11.730  9.454  -27.512 0.2222222239
103919  -13.657  10.572  -28.075 0.3333333433
103930  -15.032  9.108  -29.251 0.3333333433
103938  -15.780  8.968  -29.708 0.4444444478
103942  -16.367  8.982  -30.491 0.4444444478
103978  -16.926  9.026  -33.210 0.5555555820
103994  -17.096  8.998  -33.822 0.6666666865
104010  -18.084  9.227  -34.726 0.6666666865
104024  -17.683  9.874  -35.932 0.5555555820
104026  -20.591  9.271  -37.207 0.3333333433
104035  -17.852  9.773  -37.586 0.5555555820
104036  -18.237  9.790  -38.078 0.5555555820
104846  -12.347  10.859  -27.603 0.2222222239
104852  -13.998  9.878  -29.014 0.3333333433
104855  -14.170  10.223  -28.526 0.2222222239
104889  -17.017  9.140  -32.668 0.4444444478
104890  -17.600  10.468  -33.002 0.2222222239
104900  -17.116  9.824  -34.045 0.5555555820
104901  -17.179  9.374  -33.498 0.4444444478
104911  -21.429  10.781  -34.121 0.1111111119
104918  -17.185  9.997  -35.136 0.4444444478
104919  -17.591  9.913  -35.314 0.4444444478
104920  -20.469  10.702  -35.733 0.1111111119
104926  -17.684  10.172  -36.726 0.5555555820
104927  -19.542  10.533  -36.766 0.4444444478
104936  -17.888  10.199  -37.457 0.5555555820
105749  -13.835  12.639  -28.484 0.1111111119
105750  -14.146  12.253  -28.426 0.2222222239
105757  -17.245  11.545  -30.027 0.1111111119
105769  -17.533  11.411  -31.010 0.2222222239
105785  -17.474  11.078  -31.787 0.2222222239
105786  -21.950  12.091  -33.101 0.1111111119
105805  -17.029  9.798  -34.575 0.5555555820
105812  -16.835  10.002  -34.741 0.4444444478
105813  -16.999  10.039  -34.890 0.4444444478
105814  -19.672  11.433  -35.850 0.2222222239
105816  -20.650  11.125  -34.863 0.1111111119
105820  -17.731  10.230  -35.780 0.4444444478
105822  -18.728  10.870  -36.474 0.2222222239
105829  -18.868  10.443  -37.050 0.5555555820
106616  -13.299  12.841  -25.082 0.1111111119
106631  -14.272  14.443  -28.217 0.1111111119
106632  -14.894  14.598  -28.277 0.1111111119
106637  -13.937  14.003  -28.702 0.1111111119
106641  -13.918  13.291  -28.822 0.1111111119
106642  -14.546  12.921  -28.605 0.1111111119
106645  -16.792  12.062  -29.040 0.1111111119
106663  -22.478  12.668  -32.031 0.1111111119
106676  -17.817  11.514  -32.501 0.2222222239
106677  -20.570  13.277  -33.405 0.1111111119
106679  -22.391  12.839  -32.844 0.1111111119
106701  -20.145  11.976  -33.904 0.1111111119
106702  -20.728  11.980  -33.742 0.1111111119
106706  -19.196  11.476  -35.819 0.3333333433
106712  -18.710  11.274  -35.908 0.3333333433
107537  -15.215  13.674  -24.568 0.1111111119
107560  -16.060  14.283  -27.677 0.1111111119
107606  -20.925  13.674  -33.778 0.1111111119
107612  -19.443  12.420  -33.412 0.2222222239
108343  -11.405  15.220  -23.226 0.1111111119
108344  -12.451  13.963  -23.127 0.1111111119
108372  -14.777  13.760  -26.149 0.1111111119
108373  -16.408  14.391  -25.521 0.1111111119
108374  -16.906  14.505  -25.659 0.1111111119
108383  -16.568  14.522  -27.110 0.1111111119
109162  -13.904  14.705  -23.504 0.1111111119
109196  -17.977  15.061  -27.811 0.1111111119
109203  -18.067  14.955  -28.604 0.1111111119
109209  -18.052  15.004  -29.465 0.1111111119
109212  -18.032  15.174  -30.339 0.1111111119
109221  -21.996  15.034  -32.766 0.1111111119
109225  -19.740  15.924  -33.279 0.1111111119
109226  -20.393  15.869  -33.560 0.1111111119
109228  -21.723  15.832  -33.124 0.1111111119
109981  -18.026  16.421  -29.401 0.1111111119
109984  -17.983  16.501  -29.997 0.1111111119
109993  -19.023  16.902  -32.165 0.1111111119
110841  -17.935  16.991  -29.337 0.1111111119
110843  -17.599  17.241  -29.665 0.1111111119
110846  -17.976  17.628  -30.694 0.1111111119
110852  -18.242  16.841  -31.020 0.1111111119
110857  -22.917  17.094  -33.303 0.1111111119
110864  -19.988  17.265  -32.854 0.1111111119
110865  -20.667  17.247  -33.287 0.1111111119
110866  -21.426  17.226  -33.514 0.1111111119
111710  -16.955  18.855  -30.165 0.1111111119
111712  -18.290  18.740  -31.158 0.1111111119
111719  -19.216  18.705  -31.882 0.1111111119
111720  -20.024  18.729  -32.410 0.1111111119
111731  -21.688  18.746  -33.188 0.1111111119
111732  -22.446  18.751  -33.365 0.1111111119
112566  -17.058  19.191  -29.752 0.1111111119
112580  -17.760  19.663  -30.935 0.1111111119
113501  -22.733  20.693  -31.912 0.1111111119
113503  -24.051  21.217  -31.917 0.1111111119
113511  -19.640  20.392  -32.507 0.1111111119
113512  -20.600  20.464  -32.676 0.1111111119
113514  -22.254  20.208  -32.638 0.1111111119
115260  -22.389  22.347  -31.826 0.1111111119
115261  -22.968  22.065  -31.700 0.1111111119
116203  -24.178  23.104  -32.672 0.1111111119
142887  -11.196  -3.381  -22.972 0.1111111119
142891  -10.936  -3.097  -22.552 0.1111111119
142975  -21.151  -9.495  -30.933 0.4444444478
142976  -19.844  -8.349  -30.131 0.4444444478
142981  -20.933  -7.270  -31.201 0.5555555820
142984  -19.504  -6.541  -29.952 0.4444444478
142990  -19.472  -6.382  -29.780 0.2222222239
142997  -25.019  -8.243  -32.271 0.4444444478
142999  -19.904  -5.758  -28.378 0.1111111119
143004  -22.812  -7.848  -31.927 0.6666666865
143007  -25.973  -6.840  -31.957 0.5555555820
143021  -17.100  -4.252  -29.340 0.1111111119
143022  -17.683  -4.376  -29.335 0.1111111119
143037  -19.406  -5.133  -27.762 0.1111111119
143039  -25.598  -5.604  -32.606 0.7777777910
143047  -19.616  -5.210  -27.796 0.1111111119
143048  -19.482  -5.039  -27.716 0.1111111119
143203  -11.723  9.848  -27.425 0.2222222239
143204  -11.923  9.728  -27.801 0.2222222239
143207  -11.524  14.058  -23.625 0.1111111119
143209  -11.983  7.945  -27.739 0.3333333433
143210  -11.858  8.302  -27.574 0.3333333433
143217  -10.888  14.922  -23.399 0.1111111119
143219  -12.660  7.615  -27.586 0.3333333433
143327  -13.915  10.789  -28.064 0.2222222239
143383  -17.736  10.244  -33.654 0.2222222239
143384  -17.707  10.123  -34.344 0.3333333433
143389  -18.565  15.154  -32.195 0.1111111119
143396  -14.777  14.249  -28.514 0.1111111119
143397  -16.119  12.610  -28.272 0.1111111119
143596  -13.255  -2.885  -24.040 0.1111111119
143819  -20.594  -6.989  -30.752 0.4444444478
143846  -13.604  11.025  -27.815 0.2222222239
143910  -19.993  -5.103  -29.011 0.1111111119
143911  -19.855  -7.253  -30.204 0.4444444478
143912  -18.192  10.841  -33.940 0.2222222239
143919  -16.903  10.052  -34.882 0.3333333433
143948  -18.639  11.434  -35.295 0.2222222239
143964  -13.469  -2.238  -24.770 0.1111111119
144017  -20.742  -6.921  -31.061 0.5555555820
144171  -12.753  9.363  -27.430 0.3333333433
144187  -24.051  -8.153  -31.862 0.6666666865
144188  -18.588  -5.235  -29.673 0.2222222239
144195  -11.612  8.903  -27.310 0.1111111119
144257  -13.832  10.329  -28.690 0.2222222239
144316  -19.395  13.669  -33.096 0.1111111119
144368  -17.495  10.055  -35.220 0.2222222239
144565  -13.101  8.275  -27.489 0.3333333433
145407  -18.644  16.473  -31.725 0.1111111119
145999  -13.901  -0.947  -26.515 0.1111111119
146576  -18.071  -0.548  -31.890 0.7777777910
146671  -25.895  -4.123  -33.878 0.8888888955
146809  -18.492  13.609  -32.263 0.1111111119
147831  -22.191  17.224  -33.525 0.1111111119
148793  -19.092  9.605  -37.892 0.4444444478
148994  -20.023  -17.405  -28.554 0.3333333433
149786  -22.743  -7.847  -30.858 0.5555555820
150178  -15.792  14.297  -26.042 0.1111111119
150897  -18.862  13.602  -32.713 0.1111111119
151197  -21.322  11.877  -33.476 0.1111111119
151471  -19.241  -10.425  -29.545 0.3333333433
152026  -20.107  -7.910  -30.311 0.4444444478
152666  -24.849  3.095  -31.870 0.5555555820
153141  -23.578  16.865  -32.745 0.1111111119
153176  -16.661  -2.511  -29.199 0.2222222239
153439  -20.169  2.131  -35.125 0.8888888955
154681  -21.320  5.345  -37.563 0.7777777910
154947  -14.155  9.881  -28.899 0.3333333433
155223  -18.880  5.360  -34.058 0.7777777910
155307  -21.030  15.880  -33.527 0.2222222239
155883  -9.442  3.833  -25.092 0.2222222239
156030  -24.032  18.915  -32.515 0.1111111119
156296  -22.120  4.968  -37.060 0.6666666865
156974  -17.529  10.125  -35.992 0.5555555820
157239  -23.806  -16.987  -27.405 0.1111111119
157677  -20.654  15.140  -33.582 0.2222222239
157717  -19.850  5.160  -35.864 0.7777777910
158921  -15.453  10.548  -28.397 0.2222222239
160265  -25.674  -2.943  -34.186 1.0000000000
160862  -20.885  18.735  -32.759 0.1111111119
160869  -21.226  -7.885  -31.421 0.5555555820
161908  -25.472  -2.789  -34.565 1.0000000000
162023  -22.330  10.311  -33.204 0.1111111119
162181  -11.881  3.275  -29.053 0.5555555820
162184  -18.246  10.828  -35.653 0.2222222239
162339  -16.968  18.694  -29.798 0.1111111119
162672  -18.291  9.232  -38.209 0.5555555820
162723  -18.088  -1.212  -31.163 0.5555555820
163458  -11.848  3.372  -28.189 0.4444444478
164006  -18.746  -7.228  -29.261 0.2222222239
164012  -18.247  10.892  -35.075 0.3333333433
164142  -25.027  -8.681  -31.849 0.4444444478
164286  -20.356  -5.382  -30.902 0.4444444478
164513  -19.435  -7.566  -29.877 0.3333333433
166114  -25.189  -7.769  -32.647 0.5555555820
166644  -16.404  8.589  -32.925 0.5555555820
166846  -13.906  7.418  -29.958 0.4444444478
166948  -23.625  21.825  -31.914 0.1111111119
167077  -11.035  5.328  -28.096 0.3333333433
167474  -16.407  8.316  -31.714 0.4444444478
167487  -18.500  -7.638  -28.835 0.2222222239
168011  -26.108  -4.319  -33.488 1.0000000000
168179  -21.045  10.997  -34.500 0.1111111119
168319  -17.927  10.431  -36.248 0.3333333433
168492  -24.696  -4.491  -33.965 0.8888888955
168607  -11.246  -2.757  -23.976 0.1111111119
169077  -21.263  10.132  -34.728 0.2222222239
169294  -17.622  10.173  -36.195 0.5555555820
170225  -17.522  18.390  -30.575 0.1111111119
170623  -23.417  -14.967  -28.715 0.2222222239
171480  -15.932  8.303  -30.400 0.4444444478
172261  -17.801  10.329  -36.759 0.5555555820
172302  -17.224  9.402  -32.986 0.2222222239
172698  -11.956  9.327  -27.868 0.3333333433
172765  -23.678  2.689  -35.071 0.6666666865
173000  -21.871  -5.513  -32.348 0.5555555820
173037  -13.104  8.064  -27.645 0.3333333433
173384  -18.183  10.678  -34.544 0.3333333433
173403  -23.238  6.571  -32.806 0.2222222239
173410  -16.226  0.652  -32.040 0.7777777910
174221  -19.384  15.325  -33.235 0.1111111119
174360  -20.657  -9.069  -30.743 0.5555555820
174430  -11.024  5.159  -28.159 0.3333333433
