#!ascii label  , from subject sub-v1s1x0050655_ses-1 vox2ras=TkReg
921
30746  -38.803  -63.926  -42.180 0.5000000000
31882  -36.421  -64.002  -42.500 0.8000000119
30770  -35.111  -63.932  -44.948 0.8000000119
30766  -35.030  -64.384  -43.810 0.8000000119
31894  -36.491  -63.622  -43.408 0.8000000119
171507  -39.371  -64.921  -41.622 0.5000000000
31869  -37.087  -63.982  -41.956 0.5000000000
31884  -38.352  -63.398  -43.030 0.6000000238
31916  -34.845  -63.270  -45.700 0.6999999881
31917  -35.968  -63.165  -45.436 0.6999999881
31895  -37.400  -63.307  -43.844 0.8000000119
145827  -38.277  -63.003  -44.352 0.6999999881
30732  -40.254  -65.441  -41.783 0.6000000238
30747  -39.716  -64.488  -42.110 0.5000000000
31886  -40.727  -64.206  -43.099 0.6000000238
162708  -33.418  -63.527  -45.823 0.6999999881
31885  -39.597  -63.682  -42.989 0.6000000238
31897  -40.562  -63.554  -44.099 0.6000000238
33019  -34.304  -62.956  -45.739 0.6999999881
152825  -33.870  -63.791  -45.772 0.6999999881
31918  -36.816  -63.010  -45.300 0.6999999881
31896  -39.387  -63.089  -44.034 0.6000000238
171899  -41.041  -62.972  -45.092 0.6000000238
31907  -37.425  -63.065  -44.867 0.8000000119
31908  -39.080  -62.674  -44.705 0.8000000119
31909  -40.314  -62.994  -44.809 0.6999999881
29662  -41.667  -65.738  -42.199 0.4000000060
165267  -41.714  -64.673  -43.253 0.6000000238
33018  -33.091  -62.603  -45.559 0.6999999881
31911  -42.271  -63.234  -44.917 0.6000000238
34135  -33.858  -61.991  -45.336 0.6999999881
33020  -35.357  -62.787  -45.821 0.6999999881
148616  -35.503  -62.997  -45.829 0.6999999881
33022  -36.583  -62.611  -45.694 0.6999999881
33023  -37.275  -62.652  -45.332 0.6000000238
150164  -39.755  -62.546  -44.902 0.6999999881
35281  -41.964  -60.549  -44.948 0.5000000000
34139  -37.098  -62.114  -45.545 0.6000000238
33024  -37.767  -62.297  -45.317 0.6000000238
33011  -38.709  -62.258  -45.088 0.6000000238
35280  -40.211  -61.170  -44.908 0.6000000238
35279  -38.921  -61.530  -44.922 0.6000000238
36431  -40.658  -60.248  -44.639 0.5000000000
30749  -43.037  -64.981  -43.101 0.4000000060
30760  -42.529  -64.601  -43.440 0.5000000000
34134  -32.345  -61.833  -45.207 0.6999999881
151913  -42.851  -64.149  -43.693 0.6000000238
31900  -42.715  -63.507  -44.366 0.6000000238
34136  -34.835  -62.096  -45.500 0.6999999881
33014  -42.404  -62.767  -45.153 0.6000000238
34125  -36.108  -61.395  -45.462 0.6999999881
34130  -42.116  -62.253  -45.379 0.5000000000
35283  -43.428  -60.434  -45.091 0.6000000238
34126  -36.871  -61.527  -45.404 0.6999999881
34127  -37.778  -61.679  -45.214 0.6000000238
146512  -43.623  -59.382  -44.979 0.5000000000
35269  -39.635  -60.082  -44.416 0.5000000000
34119  -29.596  -61.104  -45.487 0.6000000238
35273  -30.374  -60.644  -45.061 0.6000000238
31872  -43.098  -64.720  -42.435 0.5000000000
32991  -43.059  -63.616  -42.910 0.5000000000
35275  -32.150  -60.735  -44.294 0.6999999881
34133  -31.516  -61.753  -45.367 0.6999999881
31887  -43.114  -64.510  -43.196 0.5000000000
151787  -43.080  -63.508  -43.987 0.5000000000
34111  -43.180  -61.887  -43.526 0.4000000060
34122  -33.440  -61.235  -44.734 0.6999999881
33007  -43.207  -62.762  -44.474 0.5000000000
34123  -34.329  -61.253  -44.988 0.6999999881
162907  -35.675  -60.700  -44.787 0.6999999881
34117  -43.306  -62.016  -44.366 0.5000000000
162261  -36.553  -60.852  -44.773 0.6999999881
171581  -37.326  -61.078  -44.986 0.6000000238
35271  -44.168  -60.046  -45.026 0.5000000000
35278  -38.093  -60.945  -44.750 0.6000000238
150498  -44.188  -59.518  -44.910 0.5000000000
165977  -38.455  -59.480  -43.492 0.5000000000
36421  -39.214  -59.344  -43.819 0.5000000000
36422  -40.073  -59.348  -44.257 0.5000000000
37526  -42.747  -58.779  -44.683 0.5000000000
37525  -41.629  -58.735  -44.441 0.5000000000
38643  -43.527  -57.675  -44.452 0.3000000119
34106  -41.765  -61.913  -41.883 0.3000000119
34118  -28.541  -60.950  -44.822 0.6000000238
35272  -29.449  -60.298  -44.976 0.6000000238
32990  -42.239  -62.883  -41.882 0.4000000060
173951  -42.559  -61.661  -42.574 0.4000000060
36427  -32.544  -59.974  -43.955 0.6000000238
161404  -43.502  -60.495  -43.491 0.5000000000
156102  -33.013  -60.713  -44.163 0.6999999881
35276  -33.867  -60.636  -44.296 0.6999999881
36423  -44.150  -60.204  -44.547 0.5000000000
35266  -36.530  -60.382  -43.860 0.5000000000
36424  -44.259  -59.680  -44.868 0.5000000000
35267  -37.316  -60.534  -44.035 0.5000000000
37524  -44.012  -58.588  -44.163 0.4000000060
37528  -44.001  -58.572  -44.310 0.3000000119
38641  -44.332  -57.601  -44.071 0.4000000060
38642  -41.925  -57.972  -44.457 0.5000000000
145822  -42.844  -58.092  -44.588 0.4000000060
36412  -29.423  -59.351  -44.444 0.6000000238
36413  -30.784  -59.279  -44.044 0.6000000238
36414  -31.914  -59.296  -43.486 0.6000000238
36415  -32.984  -59.439  -43.345 0.6000000238
36409  -43.334  -59.540  -43.233 0.4000000060
36428  -33.463  -60.002  -43.844 0.6000000238
36429  -34.362  -59.950  -43.937 0.6000000238
36430  -35.285  -60.028  -43.968 0.6999999881
38633  -43.154  -57.909  -42.559 0.3000000119
37512  -43.644  -58.598  -43.351 0.3000000119
162286  -35.464  -59.573  -43.171 0.6000000238
39775  -43.544  -57.006  -42.595 0.3000000119
37513  -44.148  -58.372  -43.959 0.3000000119
36407  -36.146  -59.203  -42.738 0.5000000000
36418  -36.023  -59.961  -43.444 0.5000000000
36420  -37.655  -59.718  -43.307 0.5000000000
39776  -44.820  -56.112  -43.607 0.3000000119
39782  -44.421  -56.959  -43.495 0.3000000119
37521  -38.698  -58.616  -43.379 0.5000000000
37522  -39.560  -58.565  -43.710 0.5000000000
41004  -44.926  -55.560  -44.162 0.3000000119
38636  -38.921  -57.658  -43.370 0.5000000000
39785  -43.172  -56.516  -44.448 0.4000000060
39786  -44.217  -56.032  -44.356 0.3000000119
37503  -29.731  -58.079  -43.178 0.5000000000
37515  -30.084  -58.531  -43.862 0.6000000238
159314  -31.110  -58.608  -43.426 0.5000000000
36416  -33.916  -59.395  -43.386 0.6000000238
37518  -33.487  -58.937  -42.756 0.5000000000
40995  -43.718  -56.085  -42.219 0.3000000119
37519  -34.392  -58.916  -42.773 0.6000000238
42120  -43.476  -54.645  -41.335 0.3000000119
40996  -44.630  -55.619  -42.941 0.3000000119
36406  -35.236  -58.974  -42.739 0.6000000238
36408  -37.097  -59.029  -42.780 0.5000000000
39779  -39.540  -56.984  -43.405 0.5000000000
38639  -41.340  -57.200  -44.118 0.4000000060
41000  -41.788  -55.306  -43.839 0.4000000060
171261  -30.496  -57.753  -42.798 0.5000000000
37504  -31.333  -57.985  -42.758 0.5000000000
38625  -31.852  -57.572  -41.947 0.5000000000
37516  -31.849  -58.665  -42.902 0.5000000000
38626  -32.767  -57.684  -41.857 0.5000000000
42101  -42.180  -54.095  -39.686 0.3000000119
42111  -42.961  -54.123  -40.442 0.3000000119
37507  -34.913  -58.388  -42.212 0.6000000238
37508  -35.717  -58.349  -42.371 0.6000000238
37509  -36.542  -58.273  -42.562 0.5000000000
38631  -38.166  -57.168  -43.069 0.5000000000
41002  -43.510  -55.687  -44.370 0.4000000060
42126  -42.470  -54.453  -43.687 0.4000000060
39768  -31.555  -56.826  -41.543 0.5000000000
39769  -32.441  -56.933  -41.523 0.5000000000
42100  -41.439  -54.450  -39.378 0.4000000060
43238  -41.823  -53.646  -39.122 0.4000000060
38627  -33.690  -57.696  -41.825 0.5000000000
38628  -34.603  -57.704  -41.851 0.5000000000
43239  -42.773  -53.390  -39.811 0.4000000060
43247  -43.734  -53.049  -40.640 0.3000000119
39771  -34.246  -56.856  -41.683 0.4000000060
42112  -44.085  -53.638  -41.364 0.3000000119
38629  -35.306  -57.758  -42.078 0.5000000000
38630  -36.034  -57.328  -42.430 0.4000000060
170299  -36.835  -57.482  -42.688 0.4000000060
171720  -41.454  -54.592  -43.424 0.4000000060
39754  -31.361  -55.945  -41.318 0.5000000000
39755  -32.156  -56.120  -41.202 0.5000000000
39756  -32.971  -56.303  -41.190 0.5000000000
43230  -41.063  -53.492  -38.567 0.4000000060
39770  -33.326  -56.932  -41.578 0.5000000000
39757  -33.884  -56.301  -41.272 0.4000000060
45361  -42.165  -51.801  -38.336 0.4000000060
44315  -42.757  -52.095  -39.110 0.4000000060
39758  -34.771  -56.069  -41.572 0.4000000060
39772  -35.217  -56.784  -42.008 0.4000000060
44325  -43.504  -52.393  -39.947 0.4000000060
148099  -35.952  -56.284  -42.485 0.4000000060
146131  -36.795  -56.510  -42.764 0.4000000060
40992  -38.435  -55.899  -42.785 0.4000000060
39774  -39.305  -56.195  -43.135 0.4000000060
40993  -39.304  -55.590  -42.852 0.4000000060
42122  -40.826  -54.311  -42.973 0.4000000060
43261  -43.179  -53.635  -43.380 0.4000000060
42123  -41.830  -53.882  -43.205 0.4000000060
40957  -31.408  -54.643  -40.748 0.5000000000
40958  -32.092  -55.097  -40.612 0.4000000060
169450  -40.912  -51.800  -37.237 0.4000000060
44306  -41.277  -52.216  -37.971 0.4000000060
40959  -32.828  -55.685  -40.433 0.5000000000
40960  -33.797  -55.738  -40.486 0.4000000060
39759  -35.574  -55.795  -42.058 0.4000000060
45362  -43.002  -51.121  -38.906 0.4000000060
40981  -37.016  -55.352  -42.083 0.4000000060
43258  -43.983  -52.578  -43.030 0.3000000119
40994  -39.919  -54.936  -42.728 0.4000000060
42095  -32.028  -54.860  -39.882 0.4000000060
42096  -32.377  -55.196  -40.171 0.5000000000
40942  -34.129  -55.781  -39.884 0.4000000060
45352  -41.755  -51.433  -37.572 0.4000000060
40943  -35.050  -55.870  -39.485 0.4000000060
40978  -34.309  -55.717  -41.059 0.4000000060
170357  -35.424  -55.489  -40.363 0.4000000060
40979  -35.239  -55.428  -41.268 0.4000000060
40980  -36.142  -55.318  -41.762 0.4000000060
40982  -38.011  -55.381  -42.172 0.4000000060
40983  -38.978  -55.253  -42.381 0.4000000060
43257  -42.436  -53.032  -42.857 0.4000000060
43256  -41.201  -53.502  -42.602 0.4000000060
149955  -33.044  -56.201  -38.826 0.4000000060
39738  -33.533  -56.055  -39.349 0.4000000060
39728  -34.856  -56.055  -38.637 0.4000000060
40927  -35.499  -55.781  -38.711 0.4000000060
40962  -36.082  -55.307  -40.795 0.4000000060
40963  -36.913  -55.253  -41.189 0.4000000060
44341  -44.153  -51.647  -42.310 0.4000000060
42107  -37.715  -55.174  -40.596 0.4000000060
42117  -38.752  -55.025  -41.607 0.4000000060
172575  -38.767  -54.719  -40.893 0.4000000060
43252  -39.898  -53.825  -41.506 0.4000000060
43253  -40.697  -53.273  -41.800 0.4000000060
39714  -33.630  -56.317  -37.698 0.4000000060
39715  -34.300  -56.164  -38.171 0.4000000060
40911  -35.504  -55.239  -38.023 0.4000000060
40928  -36.251  -55.244  -38.751 0.4000000060
149077  -36.040  -55.602  -39.611 0.4000000060
42097  -36.991  -55.022  -39.187 0.4000000060
40944  -36.969  -55.422  -40.001 0.4000000060
42098  -37.778  -54.665  -39.610 0.4000000060
43236  -38.562  -53.848  -39.710 0.4000000060
44337  -42.242  -51.925  -41.596 0.3000000119
43246  -40.269  -53.077  -40.916 0.4000000060
43254  -41.730  -52.702  -42.113 0.4000000060
39695  -33.452  -56.036  -36.930 0.4000000060
40909  -34.198  -55.812  -37.434 0.4000000060
42058  -33.879  -54.185  -36.492 0.4000000060
40910  -34.780  -55.239  -37.404 0.4000000060
42082  -35.993  -54.466  -38.078 0.4000000060
42084  -37.313  -54.246  -38.965 0.4000000060
43235  -37.824  -53.422  -39.094 0.4000000060
45385  -43.889  -50.903  -41.773 0.4000000060
44338  -43.286  -51.475  -41.950 0.3000000119
43237  -39.223  -53.261  -40.022 0.4000000060
44332  -41.220  -52.515  -41.089 0.5000000000
44333  -41.638  -51.645  -40.909 0.4000000060
173700  -39.828  -52.919  -40.337 0.5000000000
43207  -33.758  -53.394  -36.620 0.4000000060
44291  -33.892  -52.978  -36.997 0.4000000060
42071  -34.535  -54.509  -37.050 0.4000000060
44303  -34.393  -52.807  -37.416 0.4000000060
43219  -34.906  -53.706  -37.336 0.4000000060
44322  -38.605  -52.624  -39.521 0.4000000060
44331  -40.546  -52.207  -40.389 0.5000000000
45338  -33.128  -52.107  -36.785 0.4000000060
44302  -33.651  -52.362  -37.222 0.4000000060
45351  -34.059  -51.917  -37.730 0.4000000060
44323  -39.546  -52.343  -39.981 0.4000000060
45379  -40.003  -51.395  -40.095 0.5000000000
45337  -32.876  -51.886  -36.148 0.4000000060
45349  -32.944  -51.284  -36.913 0.4000000060
46434  -33.200  -50.874  -37.712 0.4000000060
46456  -39.324  -50.417  -40.080 0.5000000000
49631  -32.226  -47.396  -36.946 0.4000000060
47439  -32.640  -49.813  -36.507 0.4000000060
157937  -32.434  -48.901  -37.011 0.4000000060
46433  -32.856  -50.363  -37.212 0.4000000060
166791  -32.606  -48.756  -37.479 0.4000000060
48495  -32.673  -48.250  -37.765 0.5000000000
150012  -32.517  -48.975  -36.005 0.4000000060
38637  -39.966  -57.818  -43.670 0.5000000000
165441  -40.127  -56.402  -43.486 0.5000000000
39781  -42.619  -55.778  -44.250 0.4000000060
30731  -38.637  -64.595  -41.631 0.5000000000
30765  -34.326  -64.836  -44.247 0.8000000119
29675  -33.669  -65.524  -44.791 0.8000000119
30768  -33.323  -64.749  -45.811 0.6999999881
162497  -40.054  -66.291  -41.443 0.5000000000
31921  -33.062  -64.178  -46.149 0.6999999881
29646  -41.200  -66.337  -41.553 0.5000000000
31920  -31.702  -63.781  -46.719 0.6999999881
29664  -42.915  -65.446  -42.451 0.4000000060
33017  -32.009  -62.443  -45.750 0.6999999881
34120  -30.916  -61.247  -45.089 0.6999999881
29648  -42.775  -65.760  -41.848 0.4000000060
31860  -42.794  -64.772  -41.611 0.4000000060
149982  -28.219  -61.770  -45.187 0.6000000238
32989  -41.416  -62.433  -41.256 0.4000000060
34116  -28.057  -60.842  -44.104 0.6000000238
36411  -28.279  -59.261  -44.132 0.5000000000
38623  -29.727  -57.411  -42.637 0.5000000000
163521  -30.768  -56.595  -41.640 0.5000000000
165364  -30.657  -55.799  -41.492 0.4000000060
40939  -31.401  -54.478  -39.784 0.4000000060
40925  -31.390  -55.210  -39.020 0.4000000060
40926  -32.245  -55.996  -38.731 0.4000000060
39713  -32.169  -56.496  -37.678 0.4000000060
39694  -32.604  -56.285  -36.777 0.4000000060
42040  -33.308  -54.602  -35.944 0.4000000060
43193  -33.319  -53.542  -35.969 0.4000000060
44280  -32.978  -52.612  -35.808 0.4000000060
45327  -32.677  -51.963  -35.208 0.4000000060
49621  -32.276  -47.335  -36.052 0.4000000060
30759  -35.153  -64.678  -43.123 0.8000000119
31905  -35.844  -63.781  -44.315 0.8000000119
151377  -41.063  -64.945  -42.484 0.5000000000
30769  -34.279  -64.121  -45.397 0.6999999881
34138  -36.400  -62.061  -45.839 0.6999999881
31898  -41.617  -64.036  -43.946 0.6000000238
34128  -39.874  -62.124  -45.075 0.6999999881
31912  -42.894  -63.022  -44.726 0.6000000238
34129  -41.023  -62.172  -45.318 0.6000000238
34131  -42.951  -62.270  -44.902 0.5000000000
36426  -31.573  -59.932  -44.285 0.6000000238
31871  -42.607  -63.895  -41.738 0.5000000000
35261  -42.971  -61.089  -42.988 0.3000000119
38638  -40.930  -57.914  -44.045 0.5000000000
37517  -32.578  -58.901  -42.767 0.6000000238
163534  -37.332  -58.118  -42.778 0.5000000000
146157  -40.434  -57.154  -43.713 0.5000000000
40998  -39.993  -55.667  -43.219 0.4000000060
39773  -37.779  -56.496  -42.941 0.4000000060
42127  -43.831  -54.337  -43.937 0.4000000060
42119  -40.311  -54.081  -42.276 0.4000000060
171384  -38.175  -55.216  -41.598 0.4000000060
147184  -33.015  -56.474  -37.372 0.4000000060
43245  -39.564  -53.606  -40.731 0.4000000060
160189  -32.717  -49.448  -37.355 0.4000000060
21519  -29.117  -72.788  -48.113 0.4000000060
22543  -29.622  -71.981  -48.765 0.4000000060
22525  -30.969  -72.568  -48.093 0.4000000060
22527  -32.666  -71.992  -47.999 0.4000000060
21478  -31.571  -73.337  -46.681 0.4000000060
22506  -32.063  -72.809  -47.198 0.4000000060
22507  -32.862  -72.457  -47.007 0.4000000060
173297  -33.088  -72.757  -46.157 0.4000000060
22509  -34.642  -71.889  -46.407 0.5000000000
149068  -31.433  -73.571  -45.945 0.4000000060
21479  -32.281  -73.184  -46.246 0.4000000060
22486  -33.794  -72.473  -45.488 0.5000000000
22487  -34.892  -71.775  -45.210 0.5000000000
23487  -35.889  -70.765  -45.102 0.6000000238
21461  -31.327  -73.759  -45.234 0.4000000060
21462  -31.948  -73.445  -45.279 0.4000000060
22468  -33.211  -72.695  -44.434 0.4000000060
23496  -35.961  -71.193  -45.581 0.5000000000
29647  -42.157  -66.129  -41.805 0.3000000119
27507  -42.326  -66.533  -40.941 0.4000000060
31859  -42.069  -64.285  -40.764 0.3000000119
23511  -35.733  -71.484  -46.473 0.5000000000
28531  -38.214  -66.925  -41.940 0.5000000000
161247  -39.864  -67.119  -41.239 0.4000000060
21422  -31.915  -72.770  -42.423 0.4000000060
22469  -34.054  -72.055  -44.304 0.5000000000
23485  -34.569  -71.384  -44.285 0.5000000000
21434  -31.931  -73.253  -43.440 0.4000000060
21449  -32.367  -73.193  -44.435 0.4000000060
24483  -37.284  -70.063  -46.268 0.6000000238
25478  -38.017  -68.724  -46.492 0.6999999881
154665  -38.409  -66.262  -41.646 0.5000000000
25479  -38.571  -69.352  -46.339 0.6999999881
26516  -39.178  -68.859  -45.256 0.6999999881
28550  -37.580  -66.882  -42.386 0.6999999881
26527  -38.250  -68.457  -46.348 0.6999999881
159291  -37.790  -67.681  -45.251 0.6999999881
22457  -33.918  -71.219  -43.588 0.5000000000
23474  -34.648  -70.717  -44.065 0.6000000238
24470  -35.352  -70.458  -44.623 0.6000000238
25459  -36.150  -69.391  -45.920 0.6000000238
24446  -32.811  -70.859  -42.667 0.4000000060
24447  -33.449  -70.804  -43.166 0.5000000000
24460  -34.739  -70.103  -44.099 0.6000000238
25444  -36.690  -69.765  -45.816 0.6000000238
26544  -37.119  -68.478  -46.855 0.6000000238
27585  -37.613  -68.189  -46.798 0.6000000238
32980  -41.701  -63.212  -41.002 0.3000000119
25460  -37.715  -69.394  -46.523 0.6000000238
27570  -37.572  -67.839  -46.434 0.6999999881
29661  -37.609  -65.997  -41.852 0.6000000238
29645  -39.215  -65.393  -41.515 0.5000000000
25426  -32.325  -69.972  -43.928 0.6000000238
25440  -32.949  -69.622  -44.547 0.6000000238
151041  -33.493  -69.394  -45.240 0.6999999881
25458  -34.435  -69.281  -45.551 0.6000000238
26525  -35.444  -68.851  -46.700 0.6000000238
27584  -36.840  -67.885  -47.052 0.6000000238
155344  -32.652  -70.367  -43.190 0.5000000000
24459  -34.054  -70.417  -43.588 0.6000000238
27569  -36.506  -67.375  -46.588 0.6000000238
27557  -36.897  -67.212  -45.611 0.6999999881
28560  -36.353  -66.717  -43.368 0.6999999881
27558  -37.044  -67.174  -44.373 0.6999999881
29644  -38.230  -65.393  -41.528 0.6000000238
28549  -36.893  -66.334  -42.558 0.6999999881
25439  -31.984  -69.834  -44.968 0.6000000238
25457  -32.660  -69.515  -45.717 0.6999999881
25477  -33.480  -69.120  -46.582 0.6999999881
26524  -34.446  -68.808  -46.835 0.6999999881
27583  -35.628  -67.576  -47.070 0.6000000238
29660  -36.637  -64.684  -42.065 0.5000000000
28586  -35.890  -66.888  -45.709 0.6999999881
28574  -36.054  -66.828  -44.437 0.6999999881
161351  -36.716  -65.545  -42.199 0.6000000238
28604  -33.703  -67.253  -47.657 0.6999999881
28557  -33.891  -66.016  -44.304 0.6999999881
26540  -32.998  -68.796  -47.645 0.6999999881
27582  -34.512  -67.386  -47.415 0.6000000238
28572  -34.048  -66.296  -44.648 0.5000000000
26560  -34.275  -68.071  -47.770 0.6999999881
26561  -34.874  -67.871  -47.555 0.6000000238
28573  -34.946  -66.557  -44.457 0.6999999881
160737  -35.979  -65.284  -42.446 0.5000000000
165123  -35.628  -67.034  -46.517 0.6000000238
28559  -35.329  -66.382  -43.491 0.6999999881
28548  -35.836  -65.962  -42.725 0.6000000238
28583  -33.157  -66.235  -46.078 0.6999999881
29681  -33.080  -65.812  -45.733 0.6999999881
166075  -35.040  -65.882  -43.140 0.6000000238
29668  -34.248  -65.604  -43.873 0.6999999881
146433  -39.000  -67.099  -41.656 0.5000000000
28558  -34.444  -66.080  -43.733 0.6000000238
21502  -31.281  -73.110  -47.344 0.4000000060
22508  -33.704  -72.147  -46.728 0.4000000060
21448  -31.575  -73.630  -44.477 0.4000000060
22485  -32.799  -73.061  -45.352 0.4000000060
22456  -33.357  -72.077  -43.550 0.4000000060
151719  -32.825  -72.201  -43.025 0.4000000060
150585  -37.682  -67.716  -44.065 0.6999999881
28561  -37.144  -67.141  -43.246 0.6999999881
152304  -35.325  -69.464  -45.353 0.6000000238
26543  -35.914  -68.175  -47.224 0.6000000238
25427  -33.264  -69.925  -43.756 0.6999999881
25441  -33.859  -69.595  -44.393 0.6000000238
26542  -34.806  -68.268  -47.363 0.6000000238
27594  -34.100  -67.773  -47.869 0.6999999881
28585  -34.791  -66.673  -45.635 0.6000000238
28597  -33.841  -66.697  -46.944 0.6000000238
25476  -32.340  -69.320  -46.981 0.5000000000
24444  -31.314  -70.722  -42.639 0.4000000060
24469  -31.308  -70.140  -44.281 0.5000000000
26539  -32.006  -69.027  -47.800 0.6000000238
23457  -31.028  -71.184  -42.007 0.4000000060
24443  -30.419  -70.955  -42.782 0.5000000000
24456  -30.773  -70.520  -43.556 0.5000000000
25438  -30.963  -70.174  -45.514 0.5000000000
25475  -31.332  -69.424  -47.142 0.5000000000
26556  -30.658  -68.622  -47.384 0.5000000000
25456  -31.656  -69.739  -46.167 0.5000000000
26558  -32.621  -68.315  -48.025 0.6000000238
167892  -32.678  -67.774  -47.858 0.5000000000
26557  -31.605  -68.529  -47.784 0.5000000000
28602  -32.235  -67.209  -47.372 0.6999999881
27581  -31.405  -67.131  -47.162 0.6000000238
28594  -31.766  -66.291  -47.050 0.6000000238
152196  -29.442  -71.373  -43.046 0.5000000000
24455  -29.763  -70.941  -43.848 0.5000000000
24482  -29.950  -70.414  -46.063 0.5000000000
25474  -30.333  -69.415  -47.173 0.5000000000
25455  -30.663  -69.954  -46.559 0.5000000000
28582  -32.567  -66.045  -46.573 0.6000000238
27580  -30.430  -67.064  -46.971 0.6000000238
28593  -30.810  -66.141  -46.925 0.5000000000
30774  -31.963  -64.681  -46.825 0.6000000238
24467  -29.186  -71.109  -44.841 0.5000000000
24481  -29.058  -70.928  -45.659 0.5000000000
25472  -28.632  -69.506  -46.241 0.5000000000
25473  -29.374  -69.547  -46.801 0.5000000000
26555  -30.082  -67.907  -47.039 0.5000000000
29688  -32.684  -64.989  -46.474 0.6000000238
30773  -31.002  -64.327  -47.014 0.6000000238
145214  -28.433  -71.851  -43.308 0.5000000000
23484  -28.511  -71.209  -45.083 0.5000000000
25454  -28.077  -69.783  -45.640 0.5000000000
26523  -28.299  -68.642  -45.747 0.5000000000
27555  -28.255  -67.798  -45.111 0.6000000238
26537  -28.536  -68.624  -46.200 0.4000000060
28570  -27.862  -66.441  -44.979 0.4000000060
27568  -28.356  -67.865  -45.734 0.5000000000
174397  -28.920  -67.208  -46.369 0.5000000000
146704  -28.932  -68.436  -46.579 0.4000000060
29674  -27.726  -65.698  -44.901 0.4000000060
29684  -28.709  -65.505  -46.585 0.5000000000
30757  -27.950  -64.702  -43.647 0.4000000060
29685  -30.050  -65.119  -46.963 0.6000000238
31919  -30.731  -63.308  -47.126 0.6000000238
161992  -31.384  -62.754  -46.567 0.6000000238
28581  -27.974  -66.079  -45.856 0.5000000000
169377  -27.593  -64.170  -44.645 0.5000000000
31913  -28.211  -63.196  -46.214 0.5000000000
29680  -27.855  -64.911  -46.029 0.5000000000
31893  -27.702  -63.381  -43.460 0.4000000060
33005  -27.602  -63.235  -44.483 0.5000000000
33015  -29.114  -62.620  -46.226 0.6000000238
30771  -28.928  -64.625  -46.779 0.6000000238
33016  -30.317  -62.105  -46.672 0.6000000238
33008  -27.941  -62.637  -45.548 0.5000000000
35263  -28.000  -60.213  -43.735 0.3000000119
32998  -27.796  -62.492  -43.068 0.4000000060
33006  -27.597  -62.548  -44.326 0.5000000000
33009  -29.271  -61.933  -45.965 0.5000000000
34132  -30.575  -61.638  -45.798 0.6000000238
40956  -30.560  -54.348  -40.897 0.3000000119
40973  -30.018  -55.102  -41.403 0.3000000119
39767  -30.151  -56.906  -42.021 0.4000000060
150985  -28.620  -58.010  -43.131 0.4000000060
40938  -30.712  -54.642  -39.309 0.3000000119
40889  -31.969  -55.857  -36.215 0.3000000119
39712  -31.309  -56.454  -37.589 0.3000000119
40875  -32.132  -55.191  -35.601 0.3000000119
40890  -32.940  -55.502  -36.167 0.3000000119
42039  -32.710  -54.087  -35.267 0.3000000119
44265  -32.508  -52.655  -34.808 0.3000000119
46412  -32.550  -51.241  -34.808 0.3000000119
150278  -32.727  -50.559  -35.523 0.3000000119
168585  -27.733  -61.645  -44.123 0.5000000000
42093  -30.458  -54.129  -39.847 0.3000000119
28603  -32.941  -67.246  -47.559 0.5000000000
24468  -30.124  -70.596  -44.848 0.5000000000
156066  -29.496  -67.079  -46.713 0.5000000000
30772  -29.834  -63.975  -47.077 0.6000000238
26515  -38.452  -68.311  -44.722 0.6000000238
158737  -38.040  -68.342  -43.650 0.6000000238
27466  -40.461  -68.047  -38.911 0.3000000119
168456  -40.985  -68.105  -39.578 0.3000000119
26453  -41.083  -68.120  -40.103 0.3000000119
27481  -42.052  -66.882  -40.582 0.3000000119
145714  -39.382  -68.634  -39.957 0.3000000119
27504  -40.522  -67.775  -40.644 0.3000000119
28534  -41.823  -66.812  -41.109 0.3000000119
26504  -38.820  -69.105  -44.159 0.6000000238
26494  -37.903  -68.316  -42.668 0.5000000000
28477  -40.291  -67.363  -38.602 0.3000000119
28494  -41.598  -66.717  -39.614 0.3000000119
27480  -41.795  -67.360  -40.050 0.3000000119
28495  -42.126  -66.625  -40.378 0.3000000119
26469  -38.988  -68.450  -40.697 0.3000000119
27503  -39.455  -67.816  -41.016 0.3000000119
26484  -38.598  -67.951  -41.587 0.4000000060
23442  -32.134  -71.167  -42.146 0.4000000060
28463  -39.548  -67.307  -38.121 0.3000000119
28478  -40.783  -66.550  -38.906 0.3000000119
29620  -41.176  -65.731  -39.276 0.3000000119
29621  -41.884  -65.912  -39.940 0.3000000119
23547  -34.216  -70.937  -50.115 0.5000000000
23548  -35.268  -71.082  -49.835 0.5000000000
22544  -30.626  -71.759  -48.851 0.4000000060
22545  -31.580  -71.673  -48.961 0.4000000060
22547  -33.477  -71.227  -49.160 0.4000000060
23559  -33.657  -71.300  -50.587 0.5000000000
23529  -37.591  -71.557  -48.571 0.5000000000
23549  -36.230  -71.412  -49.512 0.5000000000
23526  -34.557  -71.105  -49.157 0.5000000000
23527  -35.714  -71.187  -48.790 0.5000000000
22528  -33.601  -71.660  -47.919 0.4000000060
22490  -38.561  -71.348  -46.491 0.6000000238
23513  -38.311  -71.239  -47.120 0.6000000238
148475  -37.929  -71.224  -47.828 0.5000000000
160059  -37.333  -71.239  -48.211 0.5000000000
22529  -34.590  -71.546  -47.664 0.4000000060
24472  -39.176  -70.380  -44.757 0.6000000238
159355  -39.029  -69.865  -46.107 0.6000000238
24496  -38.336  -70.233  -46.478 0.6000000238
154028  -35.424  -71.475  -47.362 0.4000000060
148744  -36.426  -71.243  -47.855 0.5000000000
24449  -39.090  -70.117  -43.967 0.6000000238
158168  -38.302  -68.622  -41.016 0.3000000119
25418  -37.783  -69.059  -42.449 0.4000000060
25461  -39.334  -69.286  -45.680 0.6000000238
23512  -36.960  -70.974  -47.057 0.4000000060
26468  -38.403  -68.834  -40.049 0.3000000119
26452  -40.200  -68.398  -39.512 0.3000000119
26503  -38.076  -68.931  -43.230 0.5000000000
25480  -39.070  -69.190  -46.139 0.6000000238
25445  -39.377  -69.541  -44.879 0.6000000238
159854  -39.260  -69.896  -45.438 0.6000000238
25411  -37.610  -69.078  -41.688 0.3000000119
23489  -38.811  -71.146  -44.861 0.5000000000
23488  -38.532  -71.442  -44.151 0.5000000000
23477  -38.938  -70.915  -43.967 0.5000000000
22459  -37.917  -71.928  -43.858 0.4000000060
23476  -38.317  -71.327  -43.466 0.5000000000
22470  -37.449  -72.487  -44.458 0.5000000000
22471  -38.304  -71.852  -44.998 0.5000000000
22458  -36.989  -72.443  -43.481 0.4000000060
23475  -37.343  -71.780  -42.997 0.4000000060
23461  -37.894  -71.049  -42.904 0.4000000060
165326  -38.147  -69.832  -43.112 0.5000000000
22511  -38.553  -71.855  -47.266 0.5000000000
22489  -38.476  -71.904  -46.292 0.5000000000
24433  -37.477  -69.611  -42.212 0.4000000060
18534  -29.894  -75.916  -53.717 0.3000000119
17562  -30.431  -76.434  -53.454 0.3000000119
18525  -31.044  -76.029  -53.175 0.3000000119
19576  -31.530  -75.819  -52.571 0.3000000119
19570  -32.731  -75.972  -51.734 0.4000000060
19575  -30.527  -75.415  -52.949 0.3000000119
171426  -30.359  -74.906  -52.453 0.3000000119
18508  -33.395  -76.241  -51.453 0.4000000060
19562  -32.519  -75.873  -50.776 0.4000000060
19568  -30.830  -75.169  -52.073 0.3000000119
20558  -30.165  -74.362  -51.868 0.3000000119
18502  -34.235  -76.442  -50.289 0.4000000060
18495  -32.936  -76.111  -49.107 0.4000000060
19555  -31.576  -75.416  -49.898 0.4000000060
20551  -30.412  -74.637  -50.940 0.4000000060
21563  -29.602  -73.482  -52.082 0.4000000060
168152  -30.475  -74.152  -50.402 0.4000000060
18480  -35.031  -76.924  -46.193 0.3000000119
151327  -34.572  -76.746  -48.715 0.4000000060
18489  -33.599  -76.224  -47.787 0.4000000060
19543  -32.704  -75.384  -48.235 0.4000000060
20540  -32.347  -74.662  -48.644 0.4000000060
20545  -31.756  -74.059  -49.466 0.4000000060
21555  -30.709  -73.198  -50.555 0.4000000060
19499  -35.025  -75.979  -44.695 0.3000000119
18479  -33.785  -75.701  -47.042 0.4000000060
20510  -33.817  -74.800  -47.150 0.4000000060
19531  -33.345  -75.244  -47.522 0.4000000060
20541  -33.189  -74.051  -48.599 0.4000000060
21503  -34.265  -73.674  -48.684 0.4000000060
21521  -32.820  -73.522  -49.428 0.4000000060
21522  -33.992  -73.099  -49.712 0.4000000060
21537  -31.605  -72.970  -50.361 0.4000000060
20490  -34.972  -74.604  -45.439 0.4000000060
20511  -34.483  -74.675  -46.566 0.4000000060
21504  -35.365  -73.464  -48.563 0.4000000060
21523  -35.219  -72.668  -49.724 0.4000000060
22561  -32.593  -72.061  -50.878 0.4000000060
21538  -32.628  -72.773  -50.321 0.4000000060
22574  -30.533  -72.061  -51.026 0.4000000060
20491  -35.537  -74.205  -46.456 0.4000000060
21524  -36.296  -72.632  -49.280 0.4000000060
22548  -35.356  -71.934  -50.272 0.4000000060
22576  -33.010  -71.462  -50.782 0.4000000060
23560  -34.702  -71.467  -50.342 0.4000000060
21480  -36.316  -73.745  -47.374 0.4000000060
21481  -37.328  -73.030  -47.970 0.4000000060
23550  -36.991  -71.742  -49.242 0.4000000060
21451  -36.912  -73.070  -44.949 0.4000000060
21464  -37.705  -73.006  -47.119 0.4000000060
159105  -38.166  -72.455  -46.800 0.4000000060
22442  -36.594  -72.487  -42.767 0.3000000119
23444  -36.178  -71.351  -41.706 0.3000000119
22563  -35.733  -71.615  -49.968 0.4000000060
162967  -37.399  -73.162  -46.097 0.4000000060
24432  -36.640  -70.564  -41.819 0.3000000119
22510  -38.185  -72.308  -47.824 0.4000000060
18501  -33.311  -76.207  -50.552 0.4000000060
19556  -32.259  -75.755  -49.575 0.4000000060
19550  -31.684  -75.154  -49.103 0.4000000060
165799  -31.242  -74.786  -49.571 0.4000000060
18467  -34.665  -75.962  -45.463 0.4000000060
18490  -34.200  -76.558  -47.435 0.4000000060
18468  -35.347  -76.797  -45.271 0.3000000119
20527  -32.899  -74.806  -48.033 0.4000000060
155103  -34.708  -75.149  -44.982 0.3000000119
19520  -34.364  -75.109  -45.792 0.4000000060
19532  -33.943  -75.178  -46.659 0.4000000060
20529  -34.401  -74.241  -47.662 0.4000000060
21505  -36.376  -73.289  -48.310 0.4000000060
22562  -33.518  -71.858  -50.795 0.4000000060
22550  -36.905  -72.075  -49.472 0.4000000060
156298  -36.678  -73.671  -46.561 0.4000000060
17492  -36.338  -77.052  -48.930 0.3000000119
16545  -35.773  -77.037  -50.590 0.3000000119
17523  -35.193  -76.905  -50.917 0.3000000119
17524  -35.681  -76.904  -50.548 0.3000000119
17501  -35.792  -76.821  -49.579 0.3000000119
18509  -34.261  -76.643  -51.083 0.3000000119
18503  -35.222  -76.594  -50.061 0.3000000119
173355  -35.554  -77.246  -47.946 0.3000000119
17476  -34.855  -77.045  -47.164 0.3000000119
20474  -34.974  -74.754  -44.461 0.3000000119
20475  -35.514  -74.207  -44.768 0.3000000119
21463  -36.359  -73.678  -45.350 0.3000000119
21437  -36.634  -73.147  -43.857 0.3000000119
17477  -36.047  -77.446  -47.432 0.3000000119
173062  -35.753  -74.110  -45.644 0.3000000119
17491  -35.143  -77.060  -48.310 0.3000000119
17513  -36.142  -77.023  -50.242 0.3000000119
17522  -34.281  -76.881  -51.240 0.3000000119
18496  -33.849  -76.492  -49.005 0.4000000060
18504  -35.992  -76.854  -50.187 0.3000000119
18510  -35.110  -76.719  -50.725 0.3000000119
19551  -32.253  -75.482  -48.785 0.4000000060
19554  -30.851  -74.919  -50.235 0.4000000060
19560  -30.958  -75.263  -51.126 0.4000000060
19561  -31.711  -75.583  -50.962 0.4000000060
19569  -31.897  -75.676  -51.969 0.3000000119
19585  -30.304  -75.634  -53.505 0.3000000119
20512  -35.427  -74.025  -47.486 0.4000000060
20528  -33.533  -74.525  -47.827 0.4000000060
20565  -29.924  -74.653  -52.714 0.3000000119
21435  -32.706  -72.723  -43.624 0.4000000060
21450  -36.084  -73.724  -44.307 0.3000000119
21506  -37.064  -72.567  -48.903 0.4000000060
21520  -30.032  -72.671  -48.082 0.4000000060
21536  -30.923  -74.085  -49.928 0.4000000060
21539  -33.558  -72.594  -50.299 0.4000000060
21540  -34.445  -72.115  -50.475 0.4000000060
21554  -30.116  -73.539  -51.066 0.4000000060
22422  -31.992  -71.705  -41.916 0.4000000060
22424  -36.379  -71.988  -42.322 0.3000000119
22439  -32.410  -72.052  -42.395 0.4000000060
22440  -33.048  -71.437  -42.868 0.5000000000
22472  -38.659  -71.401  -45.726 0.6000000238
22488  -37.879  -72.513  -45.650 0.4000000060
22526  -31.829  -72.344  -48.054 0.4000000060
22530  -37.668  -72.096  -48.769 0.4000000060
22531  -38.247  -71.717  -48.030 0.5000000000
22546  -32.496  -71.478  -49.047 0.4000000060
22549  -36.116  -72.055  -49.926 0.4000000060
22560  -31.549  -71.994  -50.733 0.4000000060
22564  -36.446  -71.791  -49.689 0.4000000060
22575  -32.308  -71.400  -50.668 0.4000000060
23458  -31.683  -71.018  -42.128 0.4000000060
23459  -32.438  -71.391  -42.358 0.5000000000
23460  -36.954  -71.187  -42.414 0.4000000060
23473  -28.657  -71.453  -44.225 0.5000000000
23486  -35.261  -71.082  -44.683 0.6000000238
23495  -28.125  -71.072  -45.429 0.5000000000
23497  -36.704  -70.593  -45.962 0.5000000000
23498  -38.886  -70.671  -45.715 0.6000000238
23528  -36.853  -71.300  -48.873 0.5000000000
24445  -32.125  -70.713  -42.541 0.4000000060
24448  -37.427  -70.419  -42.474 0.4000000060
24457  -31.754  -70.325  -43.282 0.4000000060
24458  -33.405  -70.351  -43.307 0.5000000000
24461  -38.523  -70.710  -43.377 0.5000000000
24471  -36.213  -70.261  -45.339 0.6000000238
24480  -28.482  -70.404  -45.780 0.5000000000
24493  -29.190  -70.234  -46.333 0.5000000000
24494  -29.874  -70.066  -46.752 0.5000000000
24495  -37.842  -70.591  -47.014 0.6000000238
24497  -38.635  -70.710  -46.389 0.6000000238
25428  -34.092  -69.909  -43.741 0.6000000238
25442  -34.696  -69.708  -44.504 0.6000000238
25443  -35.624  -69.881  -44.903 0.6000000238
25471  -28.247  -69.119  -45.889 0.4000000060
25489  -31.163  -69.059  -47.632 0.5000000000
26470  -39.969  -68.295  -40.328 0.3000000119
26483  -38.001  -68.538  -41.762 0.4000000060
26513  -28.035  -69.152  -45.350 0.5000000000
26526  -36.391  -68.774  -46.896 0.6000000238
26528  -38.982  -68.819  -45.964 0.6000000238
26538  -29.589  -68.706  -46.978 0.5000000000
26541  -33.937  -68.513  -47.476 0.6999999881
26545  -38.646  -68.882  -46.270 0.6999999881
26559  -33.589  -68.215  -47.978 0.6999999881
27467  -41.158  -67.579  -39.368 0.3000000119
27490  -41.664  -67.433  -40.232 0.3000000119
27505  -41.445  -67.413  -40.530 0.3000000119
27506  -41.912  -67.003  -40.670 0.3000000119
27523  -37.911  -67.669  -42.150 0.5000000000
27541  -37.615  -67.677  -42.987 0.6000000238
27554  -28.240  -68.400  -45.370 0.6000000238
27559  -38.471  -68.357  -45.745 0.6999999881
27578  -28.692  -67.852  -46.264 0.5000000000
27579  -29.254  -67.867  -46.686 0.4000000060
27591  -31.054  -67.910  -47.385 0.6000000238
27592  -31.970  -67.898  -47.746 0.5000000000
27593  -33.345  -67.790  -47.961 0.6999999881
28513  -42.492  -66.294  -40.982 0.4000000060
28532  -39.116  -66.222  -41.537 0.5000000000
28533  -40.884  -67.055  -41.024 0.4000000060
28535  -42.259  -66.534  -41.212 0.3000000119
28536  -42.525  -66.137  -41.356 0.4000000060
28547  -34.749  -65.530  -43.279 0.8000000119
28551  -42.698  -66.048  -42.069 0.3000000119
28569  -28.048  -66.988  -45.433 0.6000000238
28571  -33.518  -66.130  -45.049 0.6999999881
28580  -28.464  -67.000  -45.947 0.5000000000
28584  -33.840  -66.452  -45.714 0.6999999881
28592  -29.677  -66.174  -46.785 0.5000000000
28595  -32.419  -66.578  -47.073 0.6000000238
28596  -33.025  -66.645  -47.082 0.5000000000
28598  -34.784  -66.881  -46.756 0.6000000238
29630  -42.456  -65.794  -40.739 0.3000000119
29631  -42.733  -65.728  -41.498 0.4000000060
29643  -37.339  -65.194  -41.718 0.6000000238
29659  -35.305  -65.416  -42.815 0.6000000238
29663  -42.621  -65.615  -42.355 0.4000000060
29669  -42.862  -65.239  -42.889 0.4000000060
29686  -31.343  -65.312  -46.935 0.5000000000
29687  -32.124  -65.587  -46.893 0.6000000238
30724  -42.965  -65.416  -41.945 0.4000000060
30730  -37.608  -64.533  -41.696 0.5000000000
30733  -43.029  -65.245  -42.576 0.5000000000
30744  -35.014  -65.064  -42.976 0.8000000119
30745  -35.675  -64.708  -42.652 0.8000000119
30748  -42.242  -65.248  -42.873 0.5000000000
30756  -27.682  -63.920  -43.990 0.5000000000
30758  -34.648  -65.039  -43.412 0.6999999881
30764  -27.688  -64.046  -45.660 0.5000000000
30767  -28.560  -63.887  -46.602 0.5000000000
31870  -37.880  -63.897  -41.971 0.5000000000
31881  -35.711  -64.131  -43.202 0.8000000119
31883  -37.207  -63.602  -42.591 0.6000000238
31899  -42.288  -63.792  -44.270 0.6000000238
31904  -27.643  -63.510  -45.165 0.5000000000
31906  -36.675  -63.327  -44.623 0.8000000119
31910  -41.401  -63.373  -44.825 0.6000000238
31914  -29.615  -62.941  -47.010 0.6000000238
31915  -32.435  -63.444  -46.043 0.6999999881
32999  -42.779  -62.463  -42.759 0.4000000060
33000  -43.233  -62.774  -43.822 0.5000000000
33010  -38.050  -62.685  -45.000 0.8000000119
33012  -40.656  -62.669  -45.115 0.6999999881
33013  -41.587  -62.838  -45.279 0.6999999881
33021  -35.961  -62.649  -45.993 0.6999999881
34121  -31.792  -61.315  -44.715 0.6999999881
34124  -35.266  -61.306  -45.267 0.6999999881
34137  -35.737  -62.086  -45.856 0.6999999881
35262  -43.652  -61.148  -44.137 0.5000000000
35264  -28.553  -60.097  -44.497 0.6000000238
35265  -36.004  -60.420  -44.133 0.5000000000
35268  -38.226  -60.245  -43.976 0.5000000000
35270  -43.474  -60.927  -44.669 0.5000000000
35274  -31.267  -60.729  -44.600 0.6000000238
35277  -34.803  -60.543  -44.612 0.6999999881
35282  -42.724  -61.396  -45.120 0.5000000000
36410  -44.105  -59.222  -44.358 0.5000000000
36417  -34.768  -59.464  -43.337 0.6000000238
36419  -36.793  -59.848  -43.267 0.5000000000
36425  -30.478  -59.978  -44.694 0.6000000238
36432  -41.213  -59.519  -44.517 0.5000000000
36433  -42.718  -59.638  -44.849 0.5000000000
36434  -43.892  -59.838  -45.172 0.5000000000
37505  -33.123  -58.369  -42.243 0.5000000000
37506  -34.038  -58.378  -42.223 0.5000000000
37510  -38.085  -57.888  -43.079 0.5000000000
37514  -28.908  -58.540  -43.890 0.5000000000
37520  -37.904  -58.801  -43.072 0.5000000000
37523  -40.510  -58.629  -44.109 0.5000000000
37527  -43.612  -58.784  -44.614 0.3000000119
38624  -30.865  -57.264  -42.173 0.5000000000
38634  -44.038  -57.774  -43.375 0.3000000119
38635  -32.236  -58.272  -42.343 0.5000000000
38640  -44.376  -57.677  -43.914 0.4000000060
38644  -44.225  -57.477  -44.236 0.3000000119
39693  -31.693  -56.368  -36.941 0.3000000119
39726  -31.324  -56.176  -38.276 0.3000000119
39727  -33.645  -56.302  -38.493 0.4000000060
39739  -34.307  -56.176  -38.980 0.4000000060
39753  -30.065  -56.109  -41.914 0.4000000060
39777  -45.005  -55.840  -43.989 0.3000000119
39778  -38.662  -56.728  -43.100 0.5000000000
39780  -41.796  -56.350  -44.155 0.4000000060
39783  -44.691  -56.759  -43.923 0.4000000060
39784  -42.390  -57.281  -44.452 0.4000000060
39787  -44.629  -56.570  -44.135 0.3000000119
40876  -32.702  -54.829  -35.584 0.3000000119
40891  -33.914  -55.209  -36.705 0.4000000060
40940  -32.651  -55.582  -39.565 0.4000000060
40941  -33.230  -55.660  -40.054 0.4000000060
40961  -34.660  -55.587  -40.506 0.4000000060
40964  -37.680  -55.247  -41.478 0.4000000060
40974  -31.038  -55.053  -41.172 0.4000000060
40975  -31.841  -55.268  -41.025 0.4000000060
40976  -32.527  -55.707  -40.847 0.5000000000
40977  -33.424  -55.975  -40.810 0.4000000060
40986  -43.982  -55.132  -42.165 0.3000000119
40990  -36.406  -55.725  -42.428 0.4000000060
40991  -37.346  -55.822  -42.607 0.4000000060
40999  -40.751  -55.107  -43.311 0.4000000060
41001  -43.086  -55.080  -44.150 0.4000000060
41003  -44.388  -55.099  -44.312 0.4000000060
42072  -35.285  -54.532  -37.540 0.4000000060
42083  -36.706  -54.382  -38.564 0.4000000060
42094  -30.982  -54.205  -40.386 0.3000000119
42099  -38.399  -54.687  -40.341 0.4000000060
42106  -31.700  -54.662  -40.291 0.5000000000
42108  -38.292  -55.092  -41.053 0.4000000060
42109  -39.291  -54.379  -41.158 0.4000000060
42110  -41.900  -54.719  -40.041 0.4000000060
42118  -39.538  -54.619  -41.937 0.4000000060
43192  -32.809  -53.284  -35.163 0.3000000119
43218  -34.241  -53.605  -36.978 0.4000000060
43244  -38.993  -54.115  -40.442 0.4000000060
44290  -33.443  -52.806  -36.601 0.4000000060
44313  -40.934  -52.891  -38.218 0.4000000060
44314  -41.780  -52.754  -38.637 0.4000000060
44324  -42.514  -52.887  -39.289 0.4000000060
44340  -43.013  -52.116  -42.477 0.4000000060
45350  -33.341  -51.637  -37.501 0.4000000060
46422  -32.765  -51.299  -35.803 0.4000000060
47427  -32.682  -49.753  -35.223 0.3000000119
48474  -32.383  -48.160  -36.550 0.4000000060
49640  -32.939  -47.580  -38.001 0.5000000000
145110  -34.926  -55.791  -37.986 0.4000000060
147687  -32.983  -56.517  -38.115 0.4000000060
147828  -35.132  -63.327  -45.524 0.6999999881
147862  -28.915  -68.973  -46.660 0.4000000060
148020  -44.069  -56.863  -44.378 0.3000000119
149145  -37.496  -57.220  -42.903 0.5000000000
153461  -40.830  -55.886  -43.670 0.5000000000
154753  -31.228  -62.113  -46.016 0.6000000238
155199  -36.922  -69.174  -46.557 0.6000000238
156781  -44.164  -59.300  -44.671 0.4000000060
157983  -27.598  -64.828  -44.768 0.5000000000
158498  -41.575  -61.461  -45.254 0.5000000000
162364  -34.247  -76.030  -46.392 0.4000000060
163501  -32.612  -61.274  -44.611 0.6999999881
163768  -33.063  -61.706  -45.197 0.6999999881
164510  -30.594  -58.135  -43.263 0.6000000238
165839  -40.866  -56.593  -43.822 0.5000000000
166862  -28.753  -66.428  -46.429 0.5000000000
167275  -44.336  -56.389  -42.952 0.3000000119
167435  -32.773  -50.678  -36.475 0.4000000060
167816  -33.109  -75.983  -48.153 0.4000000060
169781  -31.992  -55.068  -39.440 0.4000000060
170298  -39.000  -60.663  -44.523 0.5000000000
170885  -41.086  -60.868  -44.958 0.6000000238
171599  -41.447  -67.857  -39.902 0.3000000119
172328  -32.434  -64.248  -46.482 0.6000000238
172664  -27.914  -61.237  -43.089 0.3000000119
172960  -36.584  -55.361  -39.394 0.4000000060
173126  -34.929  -75.371  -44.335 0.3000000119
173501  -30.574  -62.645  -47.041 0.6000000238
173810  -32.415  -72.671  -42.943 0.4000000060
173948  -38.063  -70.582  -42.955 0.5000000000
174222  -38.899  -59.959  -44.011 0.6000000238
175070  -34.129  -71.642  -50.715 0.4000000060
