#!ascii label  , from subject sub-v1s1x0050655_ses-1 vox2ras=TkReg
1554
13455  -23.119  -81.099  -44.918 0.5000000000
14480  -22.199  -80.833  -45.144 0.6000000238
10682  -29.822  -84.833  -50.333 0.3000000119
13454  -21.401  -81.307  -44.829 0.5000000000
12542  -27.672  -82.433  -47.602 0.4000000060
12543  -28.643  -82.746  -48.662 0.4000000060
162130  -29.039  -83.335  -49.655 0.4000000060
11622  -29.611  -83.990  -50.546 0.3000000119
13500  -29.107  -81.948  -48.605 0.4000000060
15497  -23.393  -78.993  -49.431 0.5000000000
15460  -22.732  -79.332  -47.777 0.5000000000
14481  -22.823  -80.582  -45.568 0.5000000000
15496  -22.484  -79.024  -49.615 0.6000000238
15475  -22.557  -79.029  -48.806 0.5000000000
14491  -22.094  -80.347  -45.974 0.6000000238
153226  -30.812  -84.154  -49.194 0.3000000119
14504  -21.532  -80.166  -46.770 0.5000000000
13475  -27.020  -81.932  -47.030 0.5000000000
12537  -26.851  -82.716  -47.079 0.5000000000
11612  -30.826  -83.745  -50.042 0.3000000119
14521  -21.006  -80.174  -47.633 0.6000000238
173883  -21.490  -80.843  -45.469 0.5000000000
13488  -27.589  -81.291  -47.305 0.5000000000
12551  -29.490  -82.653  -49.646 0.4000000060
12566  -30.108  -83.118  -50.500 0.3000000119
12567  -30.787  -83.155  -50.310 0.3000000119
15461  -27.742  -80.191  -47.913 0.4000000060
13489  -28.446  -81.640  -47.781 0.4000000060
13501  -29.799  -81.680  -48.996 0.4000000060
14511  -28.400  -80.736  -47.615 0.4000000060
174237  -23.931  -79.108  -53.577 0.6999999881
15547  -24.081  -79.477  -52.680 0.6999999881
15531  -23.999  -79.618  -51.251 0.6999999881
13471  -23.585  -80.820  -45.778 0.5000000000
17567  -23.050  -77.417  -54.212 0.6999999881
148783  -22.952  -78.933  -53.675 0.6999999881
155032  -23.407  -79.501  -52.012 0.8000000119
155500  -23.113  -79.360  -51.106 0.5000000000
15529  -22.125  -79.567  -51.008 0.6999999881
13472  -24.374  -81.135  -46.049 0.5000000000
16570  -22.352  -79.180  -53.109 0.6999999881
14495  -25.594  -80.987  -46.899 0.4000000060
153400  -25.815  -81.708  -46.532 0.5000000000
11601  -30.991  -83.683  -47.958 0.3000000119
153045  -21.441  -79.661  -51.595 0.6000000238
14509  -26.116  -80.583  -47.595 0.5000000000
14510  -27.133  -80.708  -47.521 0.5000000000
161598  -31.088  -83.599  -49.204 0.3000000119
146019  -21.880  -79.322  -50.213 0.5000000000
14526  -26.873  -80.281  -48.066 0.5000000000
15500  -27.534  -79.401  -49.537 0.4000000060
15479  -27.369  -79.781  -48.650 0.4000000060
14527  -29.925  -80.758  -48.440 0.4000000060
13502  -30.610  -81.367  -49.293 0.4000000060
13516  -30.324  -82.251  -49.919 0.4000000060
16502  -28.312  -79.025  -49.176 0.3000000119
15462  -28.547  -79.910  -48.052 0.4000000060
20574  -23.773  -74.990  -52.546 0.5000000000
19589  -23.041  -75.541  -54.054 0.6000000238
19590  -24.089  -75.953  -53.801 0.6000000238
17574  -23.442  -76.834  -54.408 0.6000000238
17568  -24.011  -77.660  -54.126 0.6000000238
21573  -22.861  -74.040  -51.611 0.5000000000
175088  -22.946  -74.300  -52.115 0.5000000000
21584  -22.309  -73.860  -53.635 0.6000000238
19597  -22.774  -76.129  -54.741 0.6000000238
18543  -22.894  -76.530  -54.735 0.6999999881
15477  -24.160  -79.353  -48.718 0.6000000238
171597  -30.561  -82.413  -44.126 0.3000000119
22570  -20.896  -72.740  -50.320 0.6999999881
21559  -21.872  -73.554  -51.659 0.6000000238
21571  -21.222  -73.452  -52.359 0.6000000238
20573  -22.699  -74.502  -53.567 0.6000000238
153265  -22.169  -75.637  -54.440 0.6999999881
17572  -22.125  -76.883  -54.832 0.6999999881
15514  -24.584  -79.837  -50.603 0.6000000238
146707  -24.979  -79.786  -48.952 0.6000000238
14494  -24.775  -80.704  -46.681 0.5000000000
22555  -20.546  -72.610  -49.832 0.6999999881
167661  -20.972  -73.166  -51.688 0.6000000238
22589  -20.352  -72.626  -52.128 0.6000000238
21583  -21.453  -73.611  -53.451 0.6000000238
19588  -21.585  -76.091  -54.496 0.6999999881
17559  -21.020  -77.785  -53.988 0.6999999881
14508  -25.164  -80.363  -47.388 0.5000000000
11589  -31.005  -83.387  -46.570 0.3000000119
21534  -20.173  -72.766  -49.328 0.6999999881
22554  -19.789  -72.417  -50.052 0.6000000238
22580  -19.876  -72.002  -51.776 0.6999999881
20571  -21.000  -73.875  -54.162 0.6000000238
20580  -20.410  -74.784  -54.168 0.6000000238
15545  -21.859  -79.454  -52.431 0.6999999881
14547  -25.139  -80.033  -49.915 0.5000000000
174386  -26.305  -80.222  -49.582 0.5000000000
22588  -19.554  -72.143  -52.265 0.6000000238
21581  -19.478  -73.751  -53.539 0.6000000238
17564  -20.618  -77.090  -54.257 0.6000000238
15544  -20.911  -79.276  -52.386 0.6000000238
171043  -20.767  -79.515  -51.715 0.6000000238
14569  -26.115  -80.243  -51.161 0.5000000000
12544  -31.462  -83.162  -48.643 0.3000000119
22567  -18.554  -72.132  -51.149 0.6999999881
22579  -19.093  -71.812  -51.961 0.6000000238
21570  -19.932  -73.169  -52.810 0.6000000238
20570  -19.964  -74.082  -54.131 0.6000000238
20579  -19.498  -74.849  -54.193 0.5000000000
18535  -19.163  -75.763  -54.157 0.5000000000
16554  -20.032  -79.270  -51.766 0.5000000000
15511  -21.279  -79.740  -50.713 0.5000000000
15515  -27.028  -79.795  -50.174 0.5000000000
16522  -29.738  -78.415  -49.779 0.3000000119
16503  -29.156  -78.754  -49.127 0.3000000119
15481  -29.515  -79.252  -48.587 0.3000000119
14528  -30.772  -80.289  -48.614 0.4000000060
169418  -20.344  -79.908  -50.172 0.5000000000
16538  -28.667  -78.698  -50.905 0.3000000119
16521  -28.870  -78.486  -49.938 0.3000000119
14513  -29.842  -79.909  -48.243 0.4000000060
21561  -24.179  -73.740  -50.954 0.5000000000
20557  -24.174  -74.496  -51.342 0.5000000000
21574  -24.568  -73.983  -51.563 0.5000000000
20563  -24.459  -74.840  -51.931 0.5000000000
22558  -23.335  -72.639  -49.053 0.5000000000
22572  -22.921  -73.160  -49.681 0.5000000000
21551  -22.590  -73.620  -50.665 0.5000000000
20562  -23.624  -74.690  -51.753 0.5000000000
20584  -24.907  -75.400  -53.214 0.5000000000
156192  -25.187  -76.235  -54.211 0.6000000238
16594  -24.947  -77.404  -54.273 0.6000000238
22557  -22.258  -72.816  -49.218 0.5000000000
16590  -24.868  -78.223  -53.894 0.6000000238
15548  -24.801  -79.884  -52.530 0.8000000119
13422  -29.817  -81.304  -42.280 0.3000000119
21517  -21.347  -72.965  -48.427 0.6000000238
21535  -20.956  -72.731  -49.092 0.6000000238
22571  -21.846  -73.074  -49.975 0.6000000238
15563  -25.760  -78.753  -53.689 0.4000000060
168538  -30.099  -80.957  -42.833 0.3000000119
21516  -20.558  -73.173  -48.658 0.6999999881
149654  -25.182  -80.278  -52.088 0.5000000000
14568  -24.796  -80.175  -51.414 0.6000000238
12526  -30.868  -82.653  -45.392 0.3000000119
13459  -31.167  -82.158  -45.458 0.3000000119
21515  -19.740  -73.471  -48.868 0.6999999881
15549  -26.544  -79.796  -52.417 0.4000000060
12527  -31.182  -82.529  -46.182 0.3000000119
21533  -19.344  -72.826  -49.435 0.6000000238
22553  -18.963  -72.440  -50.185 0.6999999881
145877  -26.741  -80.027  -51.805 0.4000000060
12553  -31.833  -82.649  -49.741 0.3000000119
161728  -18.649  -74.260  -48.574 0.6000000238
21532  -18.543  -72.958  -49.465 0.6999999881
22587  -18.616  -72.241  -52.304 0.6000000238
21580  -18.556  -73.905  -53.516 0.5000000000
165690  -18.768  -75.038  -54.155 0.5000000000
17548  -19.807  -78.162  -53.023 0.6000000238
15550  -27.425  -79.478  -52.206 0.4000000060
156538  -26.840  -79.874  -50.971 0.4000000060
16557  -30.108  -78.504  -51.811 0.3000000119
16539  -29.671  -78.407  -50.781 0.3000000119
16540  -30.514  -78.231  -50.383 0.3000000119
16523  -30.572  -78.383  -49.603 0.3000000119
15482  -30.372  -79.343  -48.576 0.4000000060
12569  -32.006  -82.164  -50.010 0.3000000119
22577  -17.290  -71.864  -52.011 0.6000000238
21567  -17.225  -73.100  -52.638 0.5000000000
152934  -17.796  -74.126  -53.493 0.5000000000
17547  -18.942  -77.774  -52.629 0.5000000000
16568  -19.399  -78.491  -52.152 0.6000000238
15527  -19.623  -79.392  -50.746 0.5000000000
16555  -28.343  -79.177  -51.867 0.3000000119
16556  -29.351  -78.873  -51.835 0.3000000119
22586  -17.660  -72.365  -52.265 0.5000000000
20569  -18.122  -74.773  -53.865 0.5000000000
17556  -18.539  -77.011  -53.257 0.5000000000
18530  -17.188  -76.153  -53.505 0.5000000000
22559  -24.239  -72.166  -48.962 0.5000000000
22573  -24.061  -72.578  -49.703 0.5000000000
22583  -24.607  -72.718  -51.218 0.5000000000
22590  -24.766  -72.820  -52.290 0.5000000000
21585  -24.945  -74.034  -52.420 0.5000000000
20575  -25.063  -74.806  -52.673 0.5000000000
22519  -23.015  -72.693  -47.969 0.5000000000
19592  -26.243  -75.213  -53.623 0.4000000060
22536  -22.707  -72.696  -48.649 0.5000000000
19600  -26.086  -75.795  -53.860 0.4000000060
12482  -29.796  -81.776  -41.836 0.3000000119
14433  -29.933  -80.129  -41.716 0.3000000119
21492  -21.735  -73.506  -47.797 0.6000000238
18546  -25.924  -76.313  -54.245 0.4000000060
16591  -25.696  -77.892  -54.131 0.4000000060
20522  -21.387  -74.392  -47.508 0.6000000238
20539  -20.967  -73.798  -48.083 0.6000000238
160895  -30.419  -81.049  -43.471 0.3000000119
14468  -30.827  -81.271  -44.211 0.3000000119
19549  -20.635  -74.740  -47.854 0.6000000238
16581  -26.735  -78.808  -53.504 0.4000000060
19540  -19.453  -75.434  -47.493 0.6000000238
16593  -27.174  -78.230  -53.854 0.4000000060
150942  -27.665  -78.818  -52.689 0.4000000060
13476  -31.651  -82.599  -47.442 0.3000000119
19547  -19.031  -74.924  -48.095 0.6999999881
16571  -28.158  -78.850  -52.311 0.3000000119
16572  -29.014  -78.759  -52.407 0.3000000119
23561  -24.677  -72.078  -50.433 0.5000000000
23568  -24.877  -71.690  -52.040 0.5000000000
23571  -24.976  -71.751  -52.998 0.4000000060
22537  -23.608  -72.386  -48.442 0.5000000000
22593  -25.604  -72.907  -53.945 0.4000000060
21589  -25.977  -73.759  -53.845 0.4000000060
22520  -23.791  -72.332  -47.687 0.6000000238
19593  -26.893  -74.710  -53.662 0.4000000060
18547  -26.758  -76.001  -53.819 0.4000000060
15435  -30.532  -80.407  -42.874 0.3000000119
15420  -30.291  -79.998  -42.188 0.3000000119
19542  -21.055  -75.156  -47.200 0.6000000238
17577  -26.618  -76.668  -54.210 0.4000000060
16592  -26.505  -78.178  -54.013 0.4000000060
171064  -27.678  -77.037  -54.066 0.4000000060
17560  -28.523  -77.404  -53.738 0.4000000060
16583  -28.379  -78.209  -53.107 0.3000000119
16584  -29.380  -77.930  -53.092 0.3000000119
19539  -18.662  -75.320  -47.433 0.6000000238
147658  -24.810  -71.847  -49.628 0.5000000000
23562  -25.310  -71.461  -50.603 0.5000000000
24518  -25.948  -71.008  -51.253 0.4000000060
23572  -25.141  -70.966  -52.601 0.4000000060
22538  -24.376  -71.993  -48.253 0.5000000000
22539  -25.121  -71.718  -48.180 0.5000000000
23578  -26.454  -71.563  -53.445 0.4000000060
21494  -23.278  -72.874  -47.184 0.6000000238
21495  -24.059  -72.652  -46.963 0.6000000238
22521  -24.559  -72.095  -47.529 0.6000000238
22597  -26.301  -73.145  -53.843 0.4000000060
20523  -22.126  -74.001  -47.155 0.6000000238
151507  -23.646  -73.289  -46.497 0.6000000238
20586  -27.551  -74.489  -53.562 0.4000000060
19602  -27.582  -75.093  -53.659 0.4000000060
20500  -21.845  -74.830  -46.892 0.6000000238
17578  -27.457  -76.416  -53.949 0.4000000060
19594  -28.256  -75.411  -53.776 0.4000000060
17571  -28.253  -76.678  -53.932 0.4000000060
19595  -29.566  -75.517  -53.841 0.4000000060
14469  -31.442  -80.889  -44.399 0.3000000119
14451  -31.757  -80.385  -43.806 0.3000000119
19526  -20.616  -75.729  -46.711 0.6000000238
18533  -28.995  -76.697  -53.771 0.4000000060
13477  -32.275  -82.227  -47.179 0.3000000119
14482  -31.990  -81.172  -44.956 0.3000000119
18488  -19.841  -75.918  -46.880 0.6000000238
18487  -19.090  -75.909  -46.872 0.6000000238
18476  -19.509  -76.570  -46.269 0.6999999881
153398  -20.819  -76.691  -45.366 0.6999999881
17459  -19.641  -77.203  -45.565 0.6999999881
17442  -20.458  -77.638  -44.337 0.6999999881
17458  -18.803  -77.072  -45.695 0.6000000238
18449  -21.671  -76.761  -44.256 0.6999999881
18430  -21.629  -77.180  -43.606 0.6000000238
169225  -19.013  -77.960  -44.552 0.6999999881
17424  -20.909  -77.778  -43.668 0.6999999881
23551  -25.486  -71.539  -49.454 0.5000000000
23563  -26.139  -71.183  -50.364 0.5000000000
22522  -25.314  -72.106  -47.527 0.5000000000
22540  -26.485  -71.923  -48.271 0.5000000000
23539  -25.831  -71.599  -48.706 0.5000000000
150557  -26.794  -70.719  -50.979 0.5000000000
24520  -26.571  -70.587  -51.646 0.4000000060
154511  -26.162  -70.891  -52.852 0.4000000060
21473  -24.359  -73.219  -46.374 0.6000000238
22505  -24.832  -72.653  -46.929 0.6000000238
21496  -25.711  -72.886  -47.095 0.6000000238
154265  -26.152  -72.342  -47.666 0.6000000238
22595  -27.058  -72.313  -53.369 0.4000000060
20501  -22.596  -74.440  -46.568 0.6000000238
20504  -25.815  -74.267  -46.190 0.6000000238
21475  -26.191  -73.736  -46.780 0.6000000238
21591  -27.523  -73.806  -53.363 0.4000000060
19528  -22.328  -75.144  -46.252 0.6000000238
173051  -23.037  -74.791  -46.072 0.6000000238
20484  -24.256  -74.341  -45.410 0.6000000238
20485  -25.439  -74.737  -45.636 0.6000000238
20486  -26.253  -75.079  -45.885 0.6000000238
20587  -28.235  -74.542  -53.445 0.4000000060
20578  -29.897  -75.115  -53.444 0.4000000060
19513  -22.748  -75.169  -45.458 0.6000000238
19514  -23.284  -74.901  -44.757 0.6000000238
20471  -24.851  -74.966  -45.045 0.6000000238
19515  -25.848  -75.320  -45.213 0.6000000238
19496  -27.318  -75.732  -44.666 0.6000000238
20588  -29.393  -75.218  -53.767 0.4000000060
19584  -29.798  -75.307  -53.736 0.4000000060
18478  -20.938  -76.097  -45.909 0.6000000238
19491  -22.701  -75.275  -44.494 0.5000000000
19492  -23.462  -75.006  -43.963 0.6000000238
19493  -24.513  -75.100  -44.190 0.6000000238
19495  -26.409  -75.675  -44.541 0.6000000238
19479  -27.901  -75.936  -44.017 0.6999999881
18477  -20.232  -76.278  -46.368 0.6999999881
18465  -21.506  -76.266  -45.054 0.6000000238
19474  -22.721  -75.567  -43.700 0.6000000238
19475  -24.285  -75.368  -43.382 0.6000000238
19478  -27.032  -76.085  -43.894 0.6000000238
169648  -28.406  -75.929  -43.389 0.6000000238
19461  -29.420  -75.497  -42.089 0.6000000238
19476  -25.186  -75.678  -42.964 0.6000000238
18433  -26.055  -76.063  -42.640 0.6000000238
18416  -27.557  -76.391  -42.364 0.6000000238
19460  -28.521  -76.079  -42.483 0.6000000238
18431  -22.220  -76.482  -43.539 0.6000000238
19459  -23.384  -75.483  -43.128 0.6000000238
18413  -25.295  -76.116  -42.168 0.5000000000
18415  -26.746  -76.435  -42.177 0.6000000238
18394  -28.133  -76.291  -41.595 0.6000000238
18412  -24.226  -75.797  -42.487 0.5000000000
16471  -19.660  -78.130  -44.118 0.6999999881
16466  -20.797  -78.176  -43.141 0.6999999881
17426  -21.978  -77.182  -42.912 0.5000000000
17414  -22.959  -76.553  -41.941 0.6000000238
18390  -24.594  -76.287  -41.599 0.5000000000
18392  -26.559  -76.498  -41.397 0.5000000000
171147  -23.393  -76.686  -41.405 0.6000000238
161098  -21.437  -73.075  -43.249 0.6000000238
20462  -21.360  -73.875  -43.207 0.6000000238
20461  -20.806  -74.833  -43.524 0.6000000238
23552  -26.420  -71.381  -49.591 0.5000000000
23540  -26.853  -71.667  -49.027 0.5000000000
23564  -27.087  -70.973  -50.282 0.5000000000
24526  -27.921  -70.591  -52.495 0.5000000000
23579  -27.495  -71.666  -53.176 0.4000000060
20505  -26.691  -74.494  -46.440 0.5000000000
21497  -26.642  -73.172  -47.358 0.5000000000
20524  -28.075  -74.216  -47.265 0.5000000000
23580  -28.132  -71.932  -52.830 0.4000000060
22596  -28.453  -72.629  -52.554 0.4000000060
20506  -27.599  -74.737  -46.664 0.5000000000
20507  -28.504  -74.801  -46.735 0.5000000000
21592  -28.128  -73.911  -53.068 0.4000000060
21588  -28.685  -73.938  -52.883 0.4000000060
20564  -29.321  -74.349  -52.906 0.4000000060
19517  -27.655  -75.490  -45.414 0.5000000000
19518  -28.501  -75.435  -45.439 0.5000000000
19529  -28.065  -75.271  -46.127 0.5000000000
157273  -28.745  -75.638  -43.994 0.6000000238
19498  -29.089  -75.419  -44.808 0.6000000238
19480  -29.127  -75.576  -43.101 0.6000000238
148917  -29.651  -75.166  -43.856 0.5000000000
20440  -30.152  -74.077  -41.202 0.4000000060
20453  -30.388  -74.403  -42.240 0.4000000060
21420  -30.748  -73.571  -41.825 0.4000000060
151780  -28.893  -75.272  -40.482 0.6000000238
19432  -29.565  -74.995  -41.082 0.6000000238
21394  -29.772  -73.389  -40.747 0.5000000000
21410  -30.535  -73.097  -41.193 0.4000000060
151871  -30.860  -72.432  -41.386 0.4000000060
23456  -30.147  -71.456  -42.024 0.4000000060
17423  -18.243  -77.989  -44.137 0.6999999881
18374  -27.803  -76.358  -40.831 0.6000000238
21393  -28.946  -73.462  -40.215 0.5000000000
23439  -29.781  -72.086  -41.485 0.4000000060
17412  -21.719  -77.839  -42.288 0.6000000238
18391  -25.628  -76.439  -41.260 0.5000000000
153296  -26.367  -76.594  -40.695 0.5000000000
19412  -28.319  -74.729  -39.765 0.5000000000
22406  -28.562  -72.921  -40.586 0.5000000000
22420  -29.188  -72.607  -41.047 0.4000000060
170212  -29.167  -71.799  -42.298 0.4000000060
17413  -22.349  -77.201  -42.097 0.6000000238
161279  -27.461  -75.926  -39.569 0.5000000000
23468  -21.948  -71.852  -43.220 0.6999999881
22434  -21.520  -72.482  -42.846 0.6000000238
23435  -21.250  -71.814  -41.423 0.6999999881
21418  -21.419  -73.120  -42.703 0.6000000238
23423  -20.892  -71.835  -40.592 0.6000000238
20451  -21.297  -74.630  -42.616 0.6000000238
21388  -20.846  -72.911  -40.502 0.6000000238
22403  -20.654  -72.298  -40.311 0.6000000238
148520  -20.195  -71.586  -38.941 0.6000000238
23389  -19.618  -71.495  -37.101 0.6000000238
19473  -20.260  -75.521  -43.209 0.5000000000
20439  -21.373  -74.469  -41.627 0.6000000238
21389  -21.259  -73.839  -40.730 0.6000000238
22395  -20.281  -72.621  -39.670 0.6000000238
22389  -19.520  -72.529  -37.948 0.6000000238
24521  -27.419  -70.441  -51.674 0.5000000000
19457  -19.607  -75.873  -42.831 0.5000000000
20438  -21.180  -75.328  -42.092 0.5000000000
21378  -20.238  -73.329  -39.054 0.5000000000
21367  -19.764  -73.221  -38.172 0.5000000000
22523  -27.068  -72.582  -47.911 0.4000000060
157739  -28.269  -71.965  -48.867 0.5000000000
24522  -28.444  -70.511  -51.632 0.5000000000
24527  -28.641  -70.931  -52.342 0.4000000060
19446  -20.768  -75.929  -41.514 0.5000000000
19447  -21.287  -75.379  -41.280 0.5000000000
20407  -21.088  -74.329  -39.221 0.5000000000
166544  -20.005  -73.710  -37.551 0.5000000000
22524  -28.138  -72.676  -48.167 0.5000000000
23576  -29.079  -71.387  -52.226 0.4000000060
21562  -29.460  -72.113  -51.969 0.4000000060
146922  -29.951  -72.494  -51.561 0.4000000060
19444  -18.772  -76.408  -41.478 0.5000000000
19429  -20.854  -76.237  -40.492 0.5000000000
20408  -21.385  -75.153  -39.790 0.6000000238
157057  -21.370  -75.214  -38.906 0.6000000238
21575  -28.950  -73.125  -52.386 0.4000000060
18370  -19.958  -76.918  -39.913 0.6000000238
18371  -20.736  -76.677  -39.372 0.6000000238
19409  -21.429  -75.814  -38.872 0.6999999881
20488  -29.453  -75.083  -45.388 0.4000000060
20472  -29.763  -75.000  -44.738 0.5000000000
17387  -16.497  -77.838  -39.692 0.6000000238
20473  -30.338  -74.593  -44.284 0.5000000000
155116  -31.324  -73.427  -42.574 0.4000000060
16439  -17.026  -78.958  -41.145 0.6000000238
153781  -30.798  -74.020  -42.718 0.4000000060
164683  -17.527  -78.756  -42.233 0.6000000238
16455  -19.264  -78.965  -42.549 0.6000000238
22421  -31.448  -72.047  -41.563 0.4000000060
149607  -20.592  -78.883  -41.759 0.6000000238
16465  -19.523  -78.489  -43.300 0.6999999881
153000  -23.399  -77.106  -40.763 0.6000000238
17401  -24.119  -76.998  -40.135 0.6000000238
18372  -24.828  -76.560  -40.670 0.5000000000
18373  -25.751  -76.682  -40.241 0.5000000000
23436  -21.835  -71.236  -41.682 0.6999999881
23425  -21.562  -71.224  -40.727 0.6999999881
24405  -21.566  -70.887  -39.816 0.6000000238
23415  -20.819  -71.171  -39.400 0.6000000238
156714  -20.447  -70.666  -37.793 0.6000000238
23402  -19.974  -71.333  -37.999 0.6000000238
24373  -19.710  -71.011  -36.317 0.6999999881
23377  -19.537  -71.797  -36.280 0.6000000238
22379  -19.468  -72.254  -37.072 0.6000000238
22542  -28.827  -72.242  -48.680 0.5000000000
23554  -28.454  -71.111  -49.617 0.5000000000
24516  -28.018  -70.830  -50.224 0.5000000000
24517  -28.867  -70.666  -50.335 0.5000000000
21339  -19.844  -73.320  -36.103 0.6000000238
22348  -20.241  -72.476  -35.344 0.5000000000
156658  -29.412  -70.811  -49.914 0.5000000000
24523  -29.238  -70.838  -51.750 0.5000000000
22584  -30.081  -71.625  -51.511 0.4000000060
19372  -21.417  -75.185  -36.476 0.6000000238
152712  -20.489  -74.389  -37.358 0.6000000238
21333  -20.860  -73.232  -35.473 0.5000000000
21499  -28.588  -73.577  -47.724 0.5000000000
158366  -17.062  -77.753  -39.546 0.6000000238
18352  -17.392  -77.435  -39.628 0.4000000060
145957  -18.251  -77.520  -39.663 0.6000000238
18356  -21.218  -76.498  -38.718 0.6000000238
19397  -21.409  -75.679  -38.038 0.6000000238
20360  -21.678  -74.673  -35.823 0.6000000238
150193  -29.627  -74.773  -45.953 0.4000000060
171877  -30.383  -74.055  -46.979 0.4000000060
16396  -17.881  -78.599  -39.702 0.5000000000
17389  -18.656  -77.950  -39.245 0.5000000000
17376  -19.536  -77.909  -38.966 0.6000000238
18355  -20.771  -77.189  -38.789 0.6999999881
18336  -21.250  -77.216  -38.411 0.6000000238
17367  -22.094  -76.644  -37.334 0.6000000238
154055  -22.047  -75.475  -36.337 0.6000000238
21447  -30.912  -74.130  -44.791 0.5000000000
16420  -17.348  -78.910  -40.181 0.6000000238
160873  -20.076  -78.544  -39.216 0.6000000238
17390  -20.475  -77.742  -38.842 0.6000000238
17368  -22.592  -77.193  -37.417 0.6000000238
18324  -22.669  -76.514  -36.991 0.6000000238
19374  -23.373  -75.445  -36.411 0.6000000238
21433  -31.062  -73.993  -43.660 0.4000000060
15400  -18.454  -79.359  -40.896 0.5000000000
15363  -19.095  -78.875  -39.710 0.6000000238
16400  -21.488  -78.406  -39.316 0.6000000238
17369  -23.150  -77.454  -37.646 0.6000000238
18325  -23.398  -76.912  -37.150 0.6000000238
16440  -17.972  -79.180  -41.559 0.6000000238
154306  -19.761  -79.200  -41.814 0.6000000238
15383  -20.076  -79.259  -40.336 0.6000000238
165762  -22.011  -78.448  -39.721 0.6000000238
16384  -22.654  -77.924  -38.649 0.6000000238
16423  -22.112  -78.329  -40.385 0.6000000238
165983  -22.110  -77.928  -41.331 0.6000000238
18357  -25.015  -76.802  -39.724 0.5000000000
144684  -26.410  -76.358  -38.893 0.5000000000
24439  -22.766  -70.597  -42.771 0.6999999881
152165  -22.337  -70.693  -41.122 0.6999999881
25414  -23.672  -69.596  -43.041 0.6999999881
25406  -23.450  -69.699  -41.378 0.6999999881
169052  -22.850  -70.240  -41.442 0.6999999881
24406  -22.179  -70.261  -39.442 0.6999999881
24385  -21.171  -70.189  -38.014 0.6000000238
25353  -20.576  -69.784  -36.464 0.6000000238
25334  -20.345  -69.849  -35.647 0.5000000000
24374  -20.121  -70.330  -36.368 0.6999999881
25299  -20.354  -70.077  -34.887 0.5000000000
23345  -20.373  -70.792  -34.794 0.5000000000
23361  -20.649  -71.596  -34.950 0.5000000000
22543  -29.622  -71.981  -48.765 0.4000000060
23555  -30.138  -70.799  -50.561 0.5000000000
23556  -30.980  -71.003  -50.482 0.5000000000
23566  -30.434  -71.110  -51.084 0.5000000000
23567  -31.347  -71.330  -50.651 0.4000000060
21500  -29.510  -73.606  -47.669 0.4000000060
23543  -30.204  -71.093  -49.659 0.4000000060
20349  -21.543  -73.790  -35.597 0.6000000238
151668  -22.652  -75.034  -35.922 0.6000000238
20361  -22.386  -74.135  -35.732 0.6000000238
19375  -24.109  -75.129  -36.684 0.6000000238
169773  -23.366  -74.365  -36.180 0.6000000238
17379  -24.329  -77.259  -38.271 0.6000000238
18326  -24.384  -76.709  -37.425 0.6000000238
20362  -24.116  -74.186  -36.812 0.6000000238
16402  -23.162  -77.942  -39.172 0.6000000238
147239  -24.642  -75.808  -37.176 0.5000000000
17392  -24.393  -77.195  -39.214 0.6000000238
18338  -25.148  -76.679  -37.981 0.5000000000
18339  -25.838  -76.507  -38.450 0.5000000000
156539  -24.512  -68.564  -43.897 0.6999999881
25407  -24.172  -69.190  -41.783 0.6999999881
25400  -23.531  -69.587  -40.423 0.6999999881
25399  -22.897  -69.929  -39.896 0.6999999881
25388  -23.607  -69.329  -39.482 0.6000000238
24395  -21.970  -69.907  -38.610 0.6999999881
25372  -21.804  -69.592  -37.871 0.4000000060
156943  -24.912  -67.902  -43.945 0.6999999881
26490  -24.732  -68.628  -42.215 0.6999999881
26480  -24.755  -68.676  -41.345 0.6000000238
25389  -24.151  -69.183  -40.140 0.6000000238
25335  -20.975  -69.342  -36.001 0.5000000000
28567  -25.190  -66.363  -45.438 0.6999999881
166769  -25.288  -67.187  -43.976 0.6999999881
25317  -20.794  -69.327  -34.999 0.5000000000
28579  -24.908  -65.683  -45.717 0.6999999881
157131  -21.389  -69.948  -34.046 0.5000000000
29672  -24.767  -65.027  -45.014 0.6000000238
29671  -23.933  -64.791  -44.270 0.6000000238
30739  -23.329  -64.901  -43.373 0.6000000238
30737  -22.306  -64.837  -42.864 0.5000000000
30752  -21.710  -63.997  -43.611 0.5000000000
23544  -31.302  -71.119  -49.857 0.4000000060
23557  -31.901  -71.093  -50.462 0.4000000060
173292  -24.463  -74.243  -37.443 0.6000000238
25374  -23.286  -69.163  -38.544 0.5000000000
25373  -22.512  -69.393  -38.183 0.5000000000
26491  -25.141  -68.108  -42.613 0.6000000238
26481  -25.362  -68.055  -41.857 0.6000000238
26464  -24.710  -68.714  -40.453 0.6000000238
26445  -23.949  -68.911  -38.829 0.6000000238
26394  -22.618  -68.601  -36.704 0.5000000000
25336  -21.732  -68.966  -36.434 0.5000000000
26378  -21.437  -68.860  -35.450 0.5000000000
27553  -25.406  -66.411  -44.515 0.6999999881
160574  -25.647  -66.719  -43.468 0.6000000238
162277  -25.859  -67.406  -42.022 0.6000000238
26447  -25.327  -68.273  -39.969 0.6000000238
27476  -25.959  -67.713  -39.551 0.6000000238
25276  -22.722  -69.285  -33.411 0.5000000000
28556  -25.640  -65.555  -44.233 0.6999999881
28544  -26.149  -65.827  -43.080 0.6000000238
29657  -26.448  -65.541  -42.128 0.6000000238
28528  -26.587  -66.245  -41.475 0.6000000238
27488  -26.456  -66.975  -40.066 0.6000000238
30763  -25.570  -64.667  -44.316 0.6000000238
29666  -26.000  -65.022  -43.735 0.6000000238
30741  -26.187  -64.884  -42.908 0.6000000238
29640  -26.762  -65.317  -41.142 0.6000000238
30761  -24.674  -64.170  -44.355 0.6000000238
31892  -25.090  -63.195  -44.109 0.6000000238
30740  -25.864  -63.963  -42.745 0.6000000238
30720  -26.509  -64.405  -40.928 0.6000000238
30754  -23.889  -64.087  -44.117 0.5000000000
30753  -22.953  -64.263  -43.675 0.5000000000
31891  -24.482  -62.937  -44.219 0.5000000000
147334  -25.273  -63.181  -43.221 0.6000000238
31866  -26.051  -63.854  -41.625 0.6000000238
23545  -32.192  -70.924  -49.935 0.4000000060
167783  -20.175  -65.538  -42.241 0.5000000000
33003  -23.894  -62.342  -44.055 0.5000000000
33004  -24.660  -62.543  -43.759 0.6000000238
32985  -25.151  -62.727  -41.701 0.6000000238
161592  -20.170  -64.740  -43.268 0.5000000000
31888  -21.378  -63.245  -43.488 0.5000000000
31889  -22.289  -63.210  -43.994 0.4000000060
34115  -24.060  -62.120  -43.366 0.5000000000
32984  -24.561  -62.147  -42.085 0.6000000238
26410  -23.616  -68.393  -37.205 0.6000000238
26395  -23.252  -68.310  -36.366 0.5000000000
158025  -22.072  -68.626  -35.887 0.5000000000
155296  -24.315  -68.408  -37.806 0.6000000238
26396  -23.990  -68.110  -36.431 0.5000000000
26358  -22.045  -68.527  -34.183 0.5000000000
27462  -25.948  -67.692  -38.649 0.6999999881
27449  -26.030  -67.614  -37.807 0.6999999881
28491  -26.819  -66.159  -39.687 0.6000000238
170143  -26.820  -66.056  -38.709 0.6999999881
30713  -26.569  -64.542  -40.047 0.6000000238
29618  -26.674  -65.222  -39.387 0.6999999881
162920  -26.315  -63.991  -40.364 0.6000000238
155761  -26.409  -64.391  -39.175 0.6999999881
31854  -25.955  -63.328  -40.322 0.6000000238
31835  -26.100  -63.858  -39.010 0.6999999881
29650  -17.703  -65.120  -42.665 0.5000000000
30750  -19.910  -64.084  -43.180 0.5000000000
34113  -22.476  -61.722  -43.193 0.4000000060
34110  -23.808  -61.715  -42.482 0.6000000238
32975  -25.328  -62.772  -40.805 0.6000000238
31875  -19.263  -63.642  -42.875 0.5000000000
32995  -21.221  -62.577  -42.997 0.4000000060
34109  -23.020  -60.999  -42.680 0.5000000000
26380  -22.710  -68.249  -34.812 0.5000000000
27398  -23.668  -68.143  -34.689 0.5000000000
148345  -25.429  -67.884  -37.188 0.6000000238
27431  -25.933  -67.808  -36.463 0.5000000000
146153  -25.914  -67.869  -34.996 0.5000000000
27450  -26.663  -67.035  -37.439 0.6999999881
29608  -26.639  -65.523  -37.843 0.6999999881
156028  -26.218  -64.695  -37.935 0.6000000238
32965  -25.354  -62.711  -39.925 0.6999999881
30698  -25.991  -64.124  -37.718 0.6000000238
34102  -24.085  -61.672  -41.484 0.6000000238
32964  -24.682  -62.154  -39.775 0.6000000238
32993  -19.576  -62.722  -42.354 0.5000000000
34107  -21.334  -61.922  -42.248 0.4000000060
34101  -23.299  -60.946  -41.666 0.6000000238
32983  -19.848  -62.097  -41.613 0.4000000060
34099  -20.646  -61.495  -41.685 0.4000000060
35252  -22.024  -60.467  -41.794 0.5000000000
35253  -22.663  -60.723  -41.966 0.5000000000
27432  -26.591  -67.326  -36.565 0.6000000238
27419  -26.314  -67.504  -35.683 0.5000000000
28442  -26.770  -66.393  -36.685 0.6000000238
28434  -26.611  -66.940  -35.251 0.5000000000
29594  -26.439  -65.368  -36.559 0.6000000238
152616  -25.787  -64.125  -36.956 0.6000000238
30684  -25.584  -64.424  -35.595 0.5000000000
31820  -25.259  -63.713  -37.534 0.6000000238
31833  -24.907  -62.901  -37.980 0.6999999881
31819  -24.465  -63.251  -37.276 0.5000000000
32963  -23.909  -61.660  -39.841 0.6000000238
147232  -23.452  -61.042  -40.182 0.5000000000
35251  -21.250  -60.519  -41.419 0.4000000060
35240  -23.135  -60.563  -40.775 0.5000000000
35145  -17.744  -60.520  -33.404 0.4000000060
36298  -16.397  -59.875  -33.338 0.3000000119
36312  -16.056  -60.274  -34.054 0.4000000060
29580  -26.278  -66.243  -34.894 0.5000000000
34026  -17.154  -61.354  -35.052 0.3000000119
35155  -15.411  -60.611  -35.015 0.4000000060
30683  -25.001  -63.901  -35.739 0.5000000000
29579  -25.628  -65.466  -34.463 0.5000000000
34048  -16.613  -61.523  -36.642 0.3000000119
158010  -15.495  -60.982  -35.800 0.4000000060
31806  -24.113  -63.577  -36.056 0.5000000000
35208  -16.960  -61.341  -37.093 0.3000000119
31832  -24.012  -62.758  -37.788 0.6000000238
167012  -23.655  -61.834  -39.063 0.6999999881
32939  -23.239  -62.563  -37.612 0.6000000238
148227  -21.876  -59.822  -41.200 0.5000000000
34080  -23.378  -61.307  -39.455 0.5000000000
35224  -22.585  -60.036  -39.465 0.4000000060
34069  -22.672  -61.268  -38.348 0.4000000060
36277  -15.866  -59.706  -32.773 0.3000000119
36278  -16.527  -59.844  -32.990 0.3000000119
36296  -14.773  -59.002  -33.628 0.3000000119
36311  -15.164  -59.918  -34.089 0.3000000119
36310  -14.295  -59.565  -34.793 0.4000000060
30677  -25.079  -64.338  -34.847 0.5000000000
35197  -15.059  -60.332  -36.926 0.4000000060
36325  -14.394  -60.037  -35.704 0.4000000060
31779  -24.398  -63.790  -34.547 0.5000000000
36348  -15.653  -60.261  -37.500 0.4000000060
37455  -15.685  -59.765  -37.574 0.4000000060
151230  -24.068  -63.409  -36.695 0.5000000000
31778  -23.782  -63.469  -34.652 0.5000000000
36362  -17.269  -60.427  -37.498 0.4000000060
31817  -22.871  -62.861  -36.889 0.5000000000
32952  -22.907  -62.002  -38.061 0.5000000000
32938  -22.584  -62.237  -37.362 0.5000000000
35237  -20.264  -60.350  -40.284 0.3000000119
171859  -21.292  -59.545  -40.122 0.4000000060
35210  -22.496  -60.353  -38.630 0.4000000060
157822  -22.073  -61.666  -37.161 0.4000000060
37404  -15.256  -59.477  -32.058 0.3000000119
37405  -15.271  -59.036  -32.664 0.3000000119
37416  -13.612  -57.825  -33.845 0.4000000060
38537  -13.638  -57.696  -34.363 0.4000000060
29545  -24.950  -66.305  -31.741 0.4000000060
38547  -13.850  -58.230  -35.271 0.4000000060
153193  -24.374  -65.684  -32.243 0.4000000060
36336  -14.898  -59.787  -37.230 0.4000000060
169895  -14.556  -58.885  -36.293 0.4000000060
30658  -24.136  -64.355  -33.452 0.4000000060
38558  -15.638  -58.257  -36.208 0.4000000060
31794  -23.230  -63.455  -35.522 0.5000000000
36349  -16.421  -60.078  -37.720 0.4000000060
37466  -18.702  -60.135  -37.886 0.3000000119
32915  -22.320  -63.170  -35.314 0.5000000000
37481  -21.234  -58.619  -38.904 0.3000000119
152628  -15.383  -58.800  -32.095 0.3000000119
38519  -14.619  -57.821  -32.402 0.3000000119
148681  -14.216  -58.286  -33.201 0.3000000119
39653  -13.848  -56.788  -33.423 0.4000000060
39662  -13.763  -56.930  -34.121 0.4000000060
40857  -15.257  -55.696  -34.080 0.3000000119
38538  -14.020  -57.295  -34.936 0.4000000060
28386  -25.004  -66.267  -30.869 0.4000000060
29529  -26.262  -65.849  -29.950 0.4000000060
39675  -15.225  -56.915  -35.185 0.4000000060
30633  -23.859  -64.934  -32.625 0.4000000060
30676  -24.055  -63.671  -34.005 0.4000000060
37446  -16.620  -58.685  -36.447 0.3000000119
31763  -22.904  -63.153  -33.889 0.4000000060
36363  -18.037  -60.311  -37.555 0.3000000119
169257  -18.030  -59.194  -36.938 0.3000000119
162725  -19.621  -59.388  -38.131 0.3000000119
34061  -22.159  -60.847  -37.742 0.4000000060
38508  -15.606  -58.647  -31.284 0.3000000119
39641  -14.119  -56.867  -32.567 0.4000000060
158302  -14.259  -55.795  -32.828 0.4000000060
40845  -14.282  -56.097  -33.723 0.4000000060
29511  -27.554  -64.825  -29.597 0.4000000060
29528  -25.368  -65.827  -30.114 0.4000000060
39664  -15.930  -56.210  -34.628 0.4000000060
29526  -23.957  -65.142  -30.756 0.4000000060
38549  -16.059  -57.475  -35.622 0.4000000060
30657  -23.505  -64.235  -32.823 0.4000000060
30611  -23.272  -64.640  -31.055 0.4000000060
38559  -16.824  -57.990  -35.949 0.3000000119
31750  -22.866  -63.752  -32.474 0.4000000060
38571  -18.927  -58.028  -36.710 0.3000000119
32901  -22.336  -62.872  -34.438 0.5000000000
37467  -19.039  -59.525  -37.668 0.3000000119
38583  -19.927  -58.316  -37.381 0.3000000119
32914  -21.755  -62.425  -35.045 0.5000000000
36364  -21.819  -59.103  -38.611 0.3000000119
150464  -21.699  -61.715  -36.537 0.4000000060
36365  -22.225  -59.422  -38.972 0.4000000060
39628  -14.945  -57.356  -31.664 0.3000000119
40847  -15.992  -55.015  -33.905 0.3000000119
40859  -17.169  -55.233  -34.259 0.3000000119
29510  -26.679  -65.225  -29.366 0.4000000060
39676  -16.695  -56.823  -34.975 0.3000000119
29508  -24.943  -65.184  -29.676 0.4000000060
30579  -26.167  -64.541  -29.079 0.3000000119
38550  -17.295  -57.358  -35.423 0.3000000119
31735  -22.762  -63.974  -31.435 0.4000000060
30576  -23.673  -64.461  -30.050 0.4000000060
39703  -19.284  -57.279  -36.439 0.3000000119
38582  -19.612  -57.841  -36.842 0.3000000119
32891  -21.725  -62.116  -33.223 0.4000000060
38584  -20.594  -58.395  -37.672 0.3000000119
36338  -21.169  -59.389  -36.906 0.3000000119
35186  -20.990  -60.383  -36.465 0.3000000119
34028  -20.638  -61.126  -35.192 0.3000000119
40869  -18.011  -55.850  -34.505 0.3000000119
42030  -18.053  -54.994  -34.491 0.3000000119
40870  -18.670  -56.076  -34.901 0.3000000119
30577  -24.446  -64.497  -29.467 0.3000000119
31716  -22.956  -63.948  -30.468 0.4000000060
31696  -23.888  -63.811  -29.366 0.4000000060
40903  -19.997  -56.389  -36.605 0.3000000119
31734  -22.401  -63.276  -31.752 0.4000000060
31715  -22.366  -63.347  -30.785 0.4000000060
38572  -20.675  -57.711  -36.950 0.3000000119
37459  -20.980  -58.535  -37.631 0.3000000119
34018  -21.324  -61.580  -33.699 0.3000000119
35171  -20.595  -60.093  -35.572 0.3000000119
151964  -20.439  -55.198  -36.301 0.3000000119
39706  -20.876  -56.906  -36.593 0.3000000119
157422  -21.991  -62.776  -31.206 0.3000000119
32817  -22.787  -62.524  -29.498 0.3000000119
38562  -21.216  -57.685  -36.075 0.3000000119
32878  -21.628  -62.042  -32.363 0.3000000119
36326  -20.839  -59.104  -35.527 0.3000000119
35160  -20.773  -61.025  -34.177 0.3000000119
148471  -21.777  -55.349  -35.292 0.3000000119
42017  -22.074  -55.013  -34.661 0.3000000119
38551  -21.570  -56.909  -35.598 0.3000000119
151990  -21.704  -61.954  -31.322 0.3000000119
39665  -21.948  -56.544  -35.025 0.3000000119
40848  -22.175  -55.627  -33.857 0.3000000119
35209  -22.027  -59.856  -38.199 0.4000000060
37479  -20.181  -59.172  -38.640 0.3000000119
37469  -21.429  -58.804  -38.498 0.3000000119
15513  -23.770  -79.208  -50.426 0.6000000238
14522  -23.789  -79.578  -47.853 0.5000000000
14506  -23.402  -79.800  -47.012 0.5000000000
15459  -21.873  -79.718  -47.453 0.5000000000
14493  -23.938  -80.441  -46.475 0.5000000000
13474  -26.409  -82.133  -46.694 0.5000000000
15546  -23.223  -79.339  -53.005 0.6999999881
16580  -24.827  -78.907  -53.570 0.6999999881
165513  -21.820  -77.846  -54.030 0.6999999881
15530  -22.418  -79.585  -51.771 0.6999999881
13457  -25.337  -82.080  -46.058 0.4000000060
174656  -21.425  -78.349  -53.560 0.6999999881
14525  -26.136  -80.288  -48.295 0.5000000000
15478  -26.568  -80.214  -48.819 0.5000000000
15516  -27.453  -79.408  -50.587 0.3000000119
163293  -25.461  -75.779  -53.831 0.6000000238
18544  -23.426  -76.402  -54.458 0.6000000238
151344  -25.653  -75.263  -53.527 0.5000000000
22582  -21.396  -73.237  -50.885 0.6000000238
19596  -22.139  -76.184  -54.880 0.6999999881
160500  -30.673  -82.841  -44.700 0.3000000119
156290  -20.664  -73.421  -52.792 0.6000000238
20581  -21.426  -74.998  -54.118 0.6000000238
18537  -21.058  -76.563  -54.479 0.6999999881
14559  -25.314  -80.225  -50.821 0.5000000000
14524  -25.474  -80.122  -48.176 0.6000000238
14523  -24.679  -79.807  -48.004 0.5000000000
19587  -20.714  -75.795  -54.204 0.6000000238
17558  -20.253  -77.662  -53.730 0.6999999881
21569  -19.046  -73.113  -52.827 0.5000000000
17557  -19.463  -77.402  -53.500 0.5000000000
13491  -32.363  -82.449  -48.325 0.3000000119
21550  -18.072  -72.506  -50.249 0.6000000238
18531  -18.618  -76.317  -53.879 0.5000000000
16505  -30.885  -78.742  -49.003 0.3000000119
15555  -25.466  -79.237  -53.206 0.5000000000
12546  -32.929  -82.217  -49.219 0.3000000119
159655  -18.040  -76.373  -53.489 0.5000000000
21590  -26.768  -73.859  -53.705 0.4000000060
15436  -31.302  -80.105  -43.127 0.3000000119
20502  -23.966  -73.829  -45.939 0.6000000238
18464  -20.266  -76.765  -45.845 0.6999999881
18450  -22.211  -76.058  -44.383 0.6000000238
18410  -22.530  -76.497  -42.649 0.6000000238
147716  -25.158  -74.115  -45.932 0.6000000238
21498  -27.608  -73.401  -47.590 0.5000000000
21587  -27.994  -72.971  -52.802 0.4000000060
19516  -26.767  -75.451  -45.322 0.6000000238
20487  -27.175  -75.172  -46.017 0.5000000000
149547  -25.118  -75.449  -43.705 0.6000000238
20463  -29.909  -75.099  -42.721 0.4000000060
148941  -18.821  -78.642  -43.064 0.6000000238
16456  -20.202  -78.637  -42.686 0.6999999881
150084  -21.349  -73.667  -42.272 0.6000000238
23541  -27.803  -71.596  -49.181 0.4000000060
20508  -29.371  -74.673  -46.644 0.4000000060
22438  -31.848  -72.227  -41.866 0.4000000060
19431  -28.101  -75.734  -40.058 0.4000000060
172454  -17.208  -78.284  -42.875 0.6000000238
22415  -21.002  -72.408  -41.027 0.6000000238
21379  -21.295  -74.326  -40.107 0.6000000238
23565  -29.833  -70.741  -51.210 0.5000000000
18388  -19.866  -76.473  -40.991 0.5000000000
21340  -20.355  -73.826  -35.998 0.6000000238
18369  -18.779  -76.955  -40.301 0.4000000060
16421  -20.893  -79.044  -40.722 0.5000000000
21460  -30.833  -74.018  -45.709 0.5000000000
16383  -21.836  -77.938  -38.605 0.6000000238
16399  -20.638  -78.813  -39.662 0.5000000000
29670  -23.360  -65.560  -44.250 0.6000000238
30736  -21.141  -64.664  -43.128 0.5000000000
26431  -25.276  -68.265  -39.031 0.5000000000
28527  -26.256  -66.919  -41.761 0.6000000238
27500  -26.433  -66.996  -40.954 0.6000000238
27448  -25.160  -68.139  -38.016 0.6000000238
30755  -25.796  -64.366  -43.646 0.6000000238
30735  -19.497  -64.624  -43.254 0.5000000000
27417  -24.389  -68.032  -35.608 0.5000000000
31834  -25.671  -63.532  -38.418 0.6000000238
32994  -20.485  -62.477  -42.405 0.5000000000
148053  -24.168  -62.199  -39.060 0.6000000238
35157  -17.463  -60.768  -34.252 0.3000000119
29586  -26.440  -66.034  -35.818 0.5000000000
35238  -21.083  -60.007  -40.637 0.3000000119
29572  -25.396  -65.774  -33.630 0.4000000060
29571  -24.762  -64.979  -34.043 0.4000000060
36381  -22.060  -59.352  -39.696 0.4000000060
36379  -20.232  -59.589  -39.206 0.3000000119
32926  -21.678  -62.061  -35.886 0.5000000000
29544  -24.353  -65.814  -31.277 0.4000000060
38570  -18.137  -58.404  -36.505 0.3000000119
31749  -22.739  -63.149  -33.103 0.4000000060
34050  -21.552  -61.038  -36.916 0.3000000119
38561  -18.570  -57.474  -36.085 0.3000000119
34029  -21.239  -61.732  -34.570 0.4000000060
39629  -15.480  -56.920  -31.078 0.3000000119
40902  -19.561  -56.487  -36.356 0.3000000119
159109  -22.003  -62.665  -31.985 0.4000000060
39690  -21.217  -56.405  -36.099 0.3000000119
19574  -12.414  -75.143  -52.695 0.5000000000
167099  -14.023  -75.094  -53.232 0.5000000000
150933  -15.228  -75.747  -53.397 0.5000000000
151234  -15.776  -75.812  -53.519 0.4000000060
19567  -12.167  -75.232  -51.971 0.5000000000
20559  -12.873  -74.445  -52.805 0.5000000000
174886  -14.394  -74.722  -53.215 0.5000000000
20566  -15.695  -74.709  -53.440 0.5000000000
19582  -17.416  -75.395  -53.888 0.4000000060
171888  -12.243  -75.459  -50.205 0.4000000060
145949  -12.322  -74.601  -51.219 0.5000000000
21564  -14.129  -73.551  -52.605 0.5000000000
20568  -17.111  -74.752  -53.717 0.4000000060
21544  -12.548  -73.965  -50.861 0.5000000000
21556  -12.888  -73.735  -51.574 0.5000000000
20556  -13.163  -73.783  -52.444 0.5000000000
168328  -13.660  -73.393  -50.171 0.5000000000
21557  -13.592  -73.286  -51.737 0.5000000000
21546  -14.151  -73.303  -50.924 0.5000000000
166763  -15.231  -72.822  -51.907 0.5000000000
21566  -15.836  -73.010  -52.409 0.4000000060
165362  -12.806  -73.613  -50.112 0.5000000000
146013  -14.541  -73.251  -50.236 0.5000000000
21547  -15.113  -72.890  -50.932 0.5000000000
21558  -15.856  -72.409  -51.622 0.5000000000
20480  -13.675  -74.324  -45.751 0.5000000000
21510  -13.113  -73.495  -48.750 0.5000000000
21489  -13.177  -73.550  -47.903 0.5000000000
21511  -14.178  -73.472  -48.470 0.5000000000
21491  -14.803  -73.465  -47.770 0.5000000000
21529  -15.350  -73.198  -49.787 0.5000000000
160000  -15.045  -73.445  -48.978 0.5000000000
21548  -16.162  -72.680  -50.470 0.5000000000
22565  -16.724  -72.128  -51.402 0.5000000000
20497  -14.096  -73.789  -46.360 0.5000000000
20481  -14.854  -74.454  -45.642 0.5000000000
19490  -16.037  -75.930  -44.947 0.5000000000
20519  -15.679  -73.701  -47.379 0.5000000000
20482  -15.964  -74.676  -45.955 0.5000000000
19510  -16.458  -75.431  -45.578 0.5000000000
20534  -16.334  -73.762  -48.140 0.5000000000
20520  -16.712  -74.283  -47.516 0.5000000000
19537  -17.137  -74.885  -47.043 0.5000000000
21512  -16.912  -73.465  -48.843 0.5000000000
20535  -17.241  -74.089  -48.065 0.5000000000
21530  -16.256  -73.170  -49.509 0.5000000000
21549  -17.156  -72.537  -50.371 0.5000000000
22566  -17.622  -72.085  -51.276 0.5000000000
17421  -16.546  -77.644  -43.014 0.5000000000
17422  -17.426  -77.877  -43.665 0.6000000238
18461  -16.863  -76.154  -45.228 0.5000000000
19524  -17.589  -75.442  -46.585 0.5000000000
17457  -17.999  -77.039  -45.274 0.5000000000
19538  -17.880  -75.147  -47.260 0.5000000000
19525  -18.347  -75.700  -46.774 0.5000000000
21513  -17.842  -73.850  -48.590 0.5000000000
20536  -18.111  -74.645  -47.954 0.5000000000
21531  -17.678  -73.128  -49.394 0.5000000000
16418  -16.004  -78.081  -40.158 0.5000000000
16453  -16.647  -78.394  -42.055 0.5000000000
17439  -17.715  -77.431  -44.502 0.6000000238
22484  -21.204  -72.423  -45.924 0.5000000000
21446  -21.347  -72.952  -44.512 0.6000000238
23509  -21.111  -71.745  -46.677 0.5000000000
23492  -21.829  -71.950  -45.297 0.5000000000
23480  -21.872  -72.142  -44.332 0.6000000238
23481  -22.297  -71.436  -44.738 0.6000000238
23493  -22.248  -71.208  -45.670 0.5000000000
24477  -22.816  -70.866  -44.985 0.6000000238
24478  -23.220  -70.194  -45.280 0.5000000000
159716  -22.362  -71.157  -43.205 0.6000000238
24465  -23.204  -70.369  -44.318 0.6000000238
25452  -23.595  -69.484  -45.744 0.5000000000
25435  -23.655  -69.599  -44.795 0.6000000238
170567  -23.270  -70.014  -42.695 0.6000000238
26521  -24.121  -68.815  -46.255 0.5000000000
25436  -24.169  -69.044  -44.329 0.5000000000
161530  -24.235  -66.508  -46.862 0.5000000000
29683  -23.768  -65.776  -46.703 0.6000000238
28542  -22.198  -66.590  -42.556 0.6000000238
28566  -22.610  -66.037  -44.360 0.5000000000
145191  -24.862  -67.290  -45.570 0.6000000238
26512  -24.590  -68.152  -44.767 0.5000000000
29678  -23.665  -65.676  -46.019 0.5000000000
29655  -23.036  -65.804  -41.877 0.6000000238
29665  -23.265  -65.439  -43.293 0.6000000238
30738  -22.987  -65.224  -42.630 0.6000000238
13504  -32.538  -81.772  -49.579 0.3000000119
13506  -34.560  -81.494  -48.929 0.3000000119
153342  -31.725  -80.139  -48.747 0.3000000119
14533  -35.993  -80.602  -48.688 0.3000000119
15484  -32.186  -79.291  -48.555 0.3000000119
14529  -32.224  -80.999  -49.440 0.3000000119
13518  -31.796  -81.733  -49.949 0.3000000119
21578  -16.530  -73.443  -52.796 0.4000000060
20521  -17.424  -74.647  -47.574 0.5000000000
18463  -18.222  -76.624  -45.828 0.5000000000
21445  -20.931  -73.859  -44.746 0.5000000000
21565  -15.053  -73.398  -52.536 0.5000000000
149178  -13.230  -73.447  -49.467 0.5000000000
20496  -12.922  -73.869  -46.470 0.5000000000
21490  -13.993  -73.420  -47.635 0.5000000000
155407  -14.172  -74.779  -45.200 0.5000000000
19509  -15.604  -75.184  -45.250 0.5000000000
20499  -16.334  -74.399  -46.781 0.5000000000
18462  -17.606  -76.407  -45.542 0.5000000000
13505  -33.519  -81.630  -49.163 0.3000000119
14530  -33.140  -79.420  -48.564 0.3000000119
14532  -35.273  -80.868  -48.756 0.3000000119
13519  -33.025  -80.877  -49.164 0.3000000119
14531  -33.849  -80.599  -48.866 0.3000000119
15485  -34.686  -80.127  -48.597 0.3000000119
152828  -23.296  -63.182  -29.360 0.3000000119
11554  -30.698  -82.937  -43.984 0.3000000119
11621  -28.999  -83.953  -50.067 0.3000000119
11623  -30.274  -83.907  -50.458 0.3000000119
12514  -30.810  -82.102  -44.666 0.3000000119
12538  -31.125  -83.014  -47.047 0.3000000119
12545  -32.114  -82.659  -49.026 0.3000000119
12552  -31.372  -83.143  -49.916 0.3000000119
12554  -32.310  -82.310  -49.676 0.3000000119
12565  -29.447  -83.434  -50.238 0.4000000060
12568  -31.342  -82.460  -50.054 0.3000000119
13420  -29.609  -81.267  -41.524 0.3000000119
13423  -30.185  -81.534  -43.051 0.3000000119
13428  -30.459  -81.737  -43.853 0.3000000119
13437  -20.842  -81.897  -44.691 0.5000000000
13438  -21.429  -81.752  -44.093 0.5000000000
13441  -31.419  -81.570  -45.058 0.3000000119
13453  -20.755  -81.379  -45.479 0.5000000000
13458  -25.840  -82.414  -46.310 0.5000000000
13460  -31.592  -82.042  -46.163 0.3000000119
13473  -25.143  -81.385  -46.284 0.4000000060
13487  -26.533  -81.291  -47.022 0.5000000000
13490  -29.163  -81.127  -48.075 0.4000000060
13503  -31.423  -81.111  -49.443 0.3000000119
13517  -31.059  -81.905  -50.026 0.4000000060
14440  -29.700  -80.726  -41.845 0.3000000119
14441  -29.977  -80.542  -42.315 0.3000000119
14450  -30.955  -80.628  -43.713 0.3000000119
14490  -21.124  -80.654  -46.068 0.5000000000
14492  -23.072  -80.164  -46.206 0.5000000000
14505  -22.457  -79.825  -46.830 0.5000000000
14507  -24.310  -80.088  -47.213 0.5000000000
14512  -29.194  -80.348  -48.016 0.4000000060
14548  -25.758  -80.233  -49.138 0.5000000000
14560  -25.852  -80.234  -50.169 0.5000000000
14561  -26.490  -80.103  -50.277 0.5000000000
15362  -18.474  -78.864  -39.791 0.5000000000
15364  -19.804  -78.957  -39.656 0.6000000238
15380  -18.080  -79.116  -40.194 0.5000000000
15381  -18.810  -79.226  -40.240 0.5000000000
15382  -19.439  -79.242  -40.140 0.6000000238
15399  -17.739  -79.197  -40.781 0.6000000238
15401  -19.385  -79.417  -40.898 0.6000000238
15463  -29.158  -79.694  -48.216 0.4000000060
15476  -23.335  -79.133  -48.489 0.5000000000
15480  -28.765  -79.276  -48.534 0.4000000060
15483  -31.278  -79.353  -48.566 0.4000000060
15498  -24.452  -79.360  -49.709 0.6000000238
15499  -26.893  -80.004  -49.489 0.5000000000
15512  -22.817  -79.161  -50.303 0.5000000000
15528  -20.639  -79.640  -51.118 0.6000000238
15532  -25.989  -80.283  -52.008 0.4000000060
15533  -27.401  -79.553  -51.556 0.4000000060
15556  -27.053  -79.249  -52.908 0.4000000060
16380  -19.229  -78.100  -39.093 0.5000000000
16381  -19.863  -78.159  -38.968 0.6000000238
16382  -20.756  -78.212  -38.934 0.6000000238
16395  -17.156  -78.301  -39.641 0.6000000238
16397  -18.644  -78.345  -39.423 0.5000000000
16398  -19.449  -78.477  -39.288 0.6000000238
16401  -22.307  -78.207  -39.196 0.6000000238
16419  -16.591  -78.567  -40.199 0.6000000238
16422  -21.477  -78.737  -40.032 0.6000000238
16424  -22.642  -78.170  -39.840 0.6000000238
16438  -16.121  -78.449  -41.017 0.5000000000
16441  -18.865  -79.295  -41.725 0.6000000238
16442  -20.169  -79.315  -41.102 0.6000000238
16443  -21.343  -78.450  -41.584 0.6000000238
16454  -18.404  -78.954  -42.422 0.6000000238
16457  -21.046  -78.340  -42.472 0.6000000238
16463  -18.061  -78.427  -43.187 0.6000000238
16464  -18.882  -78.324  -43.752 0.6999999881
16472  -20.284  -78.182  -43.575 0.6999999881
16504  -30.009  -78.809  -49.085 0.3000000119
16520  -28.084  -78.873  -50.181 0.3000000119
16524  -31.451  -78.324  -49.565 0.3000000119
16537  -27.940  -79.032  -51.057 0.3000000119
16553  -19.047  -78.748  -51.241 0.6000000238
16569  -21.534  -79.009  -53.108 0.6999999881
16573  -29.833  -78.313  -52.511 0.3000000119
16578  -20.723  -78.461  -53.212 0.6999999881
16579  -22.122  -78.584  -53.559 0.6999999881
16582  -27.465  -78.523  -53.303 0.4000000060
16588  -22.620  -78.052  -53.954 0.6999999881
16589  -23.453  -78.338  -53.955 0.6999999881
17370  -23.749  -77.321  -37.679 0.6000000238
17377  -22.576  -77.645  -38.038 0.6000000238
17378  -23.363  -77.676  -38.290 0.6000000238
17380  -25.138  -76.910  -38.791 0.6000000238
17388  -17.803  -78.033  -39.430 0.5000000000
17391  -23.812  -77.575  -38.864 0.6000000238
17398  -15.721  -77.269  -39.747 0.5000000000
17399  -22.746  -77.767  -40.625 0.6000000238
17400  -23.319  -77.632  -40.000 0.6000000238
17404  -15.514  -77.744  -40.674 0.5000000000
17405  -22.826  -77.202  -41.376 0.6000000238
17406  -23.990  -76.502  -41.039 0.6000000238
17425  -21.358  -77.743  -43.131 0.6999999881
17440  -18.477  -77.546  -44.921 0.6000000238
17441  -19.725  -77.678  -44.866 0.6999999881
17443  -21.148  -77.292  -44.038 0.6999999881
17460  -20.349  -77.224  -45.172 0.6999999881
17461  -21.004  -77.000  -44.725 0.6999999881
17561  -29.669  -76.897  -53.610 0.4000000060
17563  -19.891  -77.082  -54.078 0.5000000000
17565  -21.529  -77.110  -54.513 0.6999999881
17566  -22.297  -77.284  -54.429 0.6999999881
17569  -26.393  -77.452  -54.293 0.4000000060
17570  -27.117  -77.385  -54.133 0.4000000060
17573  -22.652  -76.858  -54.669 0.6999999881
17575  -24.316  -76.953  -54.340 0.6000000238
17576  -25.814  -77.033  -54.475 0.4000000060
18312  -23.204  -76.171  -36.794 0.6000000238
18313  -23.900  -76.077  -36.872 0.6000000238
18337  -21.550  -76.516  -37.914 0.6000000238
18340  -26.335  -75.959  -38.274 0.5000000000
18353  -19.201  -77.538  -39.444 0.6000000238
18354  -20.105  -77.429  -39.111 0.6999999881
18358  -25.878  -76.691  -39.275 0.5000000000
18359  -26.738  -76.473  -39.785 0.5000000000
18375  -28.442  -76.011  -40.857 0.6000000238
18389  -23.730  -76.235  -41.822 0.6000000238
18393  -27.324  -76.496  -41.532 0.6000000238
18411  -23.216  -75.970  -42.475 0.5000000000
18414  -26.073  -76.305  -41.934 0.5000000000
18432  -22.740  -75.882  -43.046 0.6000000238
18434  -26.866  -76.271  -43.026 0.6000000238
18435  -27.725  -76.226  -43.237 0.6000000238
18448  -17.267  -76.804  -44.857 0.5000000000
18466  -22.183  -75.676  -45.026 0.5000000000
18474  -17.997  -75.996  -46.114 0.5000000000
18475  -18.683  -76.358  -46.295 0.5000000000
18524  -17.552  -76.848  -52.744 0.5000000000
18532  -19.261  -76.696  -53.993 0.5000000000
18536  -20.064  -76.404  -54.211 0.5000000000
18538  -21.813  -76.592  -54.783 0.6999999881
18539  -28.144  -75.938  -53.862 0.4000000060
18540  -28.940  -75.754  -53.846 0.4000000060
18541  -29.441  -76.097  -53.813 0.4000000060
18542  -22.396  -76.550  -54.897 0.6999999881
18545  -24.250  -76.535  -54.289 0.6000000238
18548  -27.549  -75.676  -53.765 0.4000000060
19373  -22.674  -75.790  -36.536 0.6000000238
19387  -21.743  -75.835  -37.129 0.6000000238
19388  -22.215  -76.084  -36.830 0.6000000238
19389  -24.659  -74.975  -37.231 0.5000000000
19410  -26.954  -75.729  -38.880 0.5000000000
19430  -21.291  -75.978  -39.688 0.6999999881
19445  -19.739  -76.179  -42.015 0.5000000000
19448  -28.917  -75.804  -41.418 0.6000000238
19458  -20.488  -75.728  -42.436 0.5000000000
19472  -19.561  -75.547  -43.399 0.5000000000
19477  -26.042  -75.806  -43.599 0.6000000238
19494  -25.472  -75.413  -44.411 0.6000000238
19497  -28.205  -75.653  -44.737 0.5000000000
19508  -14.796  -75.222  -44.927 0.5000000000
19511  -17.232  -75.771  -45.911 0.5000000000
19512  -21.874  -75.665  -45.721 0.6000000238
19519  -29.011  -75.332  -45.429 0.5000000000
19523  -16.842  -75.063  -46.285 0.5000000000
19527  -21.454  -75.467  -46.465 0.6000000238
19530  -28.940  -75.162  -46.013 0.4000000060
19541  -20.253  -75.385  -47.431 0.6000000238
19548  -19.846  -74.938  -48.058 0.6000000238
19559  -12.157  -75.185  -50.897 0.4000000060
19581  -15.783  -75.324  -53.624 0.5000000000
19583  -18.183  -75.665  -53.985 0.5000000000
19586  -19.948  -75.526  -54.182 0.5000000000
19591  -24.953  -75.782  -53.778 0.6000000238
19598  -23.433  -76.155  -54.344 0.6000000238
19599  -24.362  -76.264  -54.113 0.6000000238
19601  -26.874  -75.379  -53.669 0.4000000060
20348  -20.896  -73.953  -35.716 0.6000000238
20359  -20.771  -74.549  -36.298 0.6000000238
20373  -21.011  -75.200  -37.175 0.6000000238
20389  -20.906  -74.882  -38.152 0.6000000238
20410  -28.250  -73.848  -39.701 0.5000000000
20423  -21.385  -74.812  -40.712 0.6000000238
20424  -28.947  -74.361  -40.110 0.5000000000
20425  -29.530  -74.184  -40.553 0.5000000000
20450  -20.938  -75.279  -42.809 0.5000000000
20452  -29.982  -74.879  -41.810 0.6000000238
20464  -30.387  -74.585  -43.268 0.4000000060
20469  -20.281  -74.619  -44.529 0.6000000238
20470  -23.934  -74.742  -44.738 0.6000000238
20483  -23.535  -74.484  -45.422 0.6000000238
20489  -30.186  -74.596  -45.337 0.5000000000
20498  -15.306  -73.882  -46.458 0.5000000000
20503  -24.599  -73.891  -45.954 0.6000000238
20509  -30.205  -74.369  -46.397 0.4000000060
20517  -13.349  -73.354  -47.020 0.5000000000
20518  -14.532  -73.393  -47.028 0.5000000000
20525  -29.014  -74.327  -47.337 0.5000000000
20526  -29.841  -74.215  -47.177 0.4000000060
20533  -15.374  -73.531  -48.270 0.5000000000
20537  -19.402  -74.337  -48.541 0.6999999881
20538  -20.191  -74.156  -48.384 0.6999999881
20550  -12.277  -74.406  -50.368 0.5000000000
20555  -12.573  -74.408  -51.948 0.5000000000
20560  -13.732  -74.332  -53.075 0.5000000000
20561  -22.964  -74.467  -52.662 0.6000000238
20567  -16.437  -74.314  -53.344 0.4000000060
20572  -22.055  -73.816  -54.082 0.6000000238
20576  -25.589  -74.636  -53.371 0.5000000000
20577  -29.428  -74.896  -53.506 0.4000000060
20582  -22.315  -74.822  -54.086 0.6999999881
20583  -23.845  -75.442  -53.252 0.5000000000
20585  -26.231  -74.526  -53.658 0.4000000060
21332  -20.289  -73.301  -35.678 0.5000000000
21334  -22.041  -73.193  -35.715 0.6000000238
21341  -22.757  -73.199  -36.199 0.6000000238
21353  -19.585  -73.128  -37.094 0.6000000238
21354  -20.133  -73.838  -36.707 0.6000000238
21368  -20.441  -73.970  -38.289 0.5000000000
21377  -19.785  -72.623  -38.806 0.6000000238
21395  -30.110  -72.651  -41.064 0.4000000060
21406  -21.195  -73.283  -41.380 0.6000000238
21421  -31.277  -72.745  -41.695 0.4000000060
21431  -21.019  -74.160  -44.017 0.5000000000
21432  -21.288  -73.413  -43.904 0.6000000238
21472  -22.912  -73.657  -46.856 0.6000000238
21474  -25.225  -73.484  -46.405 0.6000000238
21476  -27.123  -74.001  -47.060 0.5000000000
21477  -30.887  -73.714  -46.639 0.4000000060
21493  -22.481  -73.175  -47.474 0.6000000238
21501  -30.422  -73.464  -47.437 0.4000000060
21514  -19.002  -73.678  -49.014 0.6000000238
21518  -22.165  -72.857  -48.211 0.5000000000
21528  -14.249  -73.408  -49.447 0.5000000000
21545  -13.188  -73.550  -50.888 0.5000000000
21552  -23.631  -73.414  -50.332 0.5000000000
21553  -24.248  -72.895  -50.469 0.5000000000
21560  -23.607  -74.144  -51.058 0.5000000000
21568  -18.028  -73.308  -52.818 0.5000000000
21572  -22.244  -73.812  -52.560 0.5000000000
21576  -14.823  -74.268  -53.105 0.5000000000
21577  -15.733  -73.841  -53.009 0.5000000000
21579  -17.195  -73.851  -53.164 0.5000000000
21582  -20.422  -73.675  -53.651 0.6000000238
21586  -25.392  -73.841  -53.329 0.5000000000
21593  -28.893  -74.697  -53.442 0.4000000060
22347  -19.719  -72.131  -35.620 0.6000000238
22364  -19.573  -72.628  -36.224 0.6000000238
22407  -29.347  -72.968  -40.616 0.4000000060
22416  -21.275  -72.611  -42.007 0.6000000238
22453  -21.573  -72.624  -43.647 0.6000000238
22535  -21.766  -72.748  -48.850 0.5000000000
22541  -27.424  -72.098  -48.604 0.5000000000
22556  -21.321  -72.764  -49.507 0.6000000238
22568  -19.441  -72.220  -51.055 0.6999999881
22569  -20.149  -72.466  -50.767 0.6000000238
22578  -18.120  -71.818  -52.003 0.6000000238
22581  -20.491  -72.702  -51.275 0.6000000238
22585  -16.694  -72.472  -52.221 0.5000000000
22591  -28.887  -72.140  -52.331 0.4000000060
22592  -25.007  -72.788  -53.313 0.5000000000
22594  -26.310  -72.413  -53.814 0.4000000060
22598  -26.865  -73.071  -53.416 0.4000000060
22599  -27.436  -73.063  -52.975 0.4000000060
23346  -21.026  -70.761  -34.478 0.5000000000
23359  -19.753  -71.294  -35.646 0.6999999881
23360  -20.008  -71.517  -35.187 0.6000000238
23362  -21.595  -71.563  -34.998 0.5000000000
23390  -19.981  -70.810  -37.116 0.6000000238
23401  -19.674  -72.007  -38.516 0.6000000238
23413  -19.952  -72.141  -39.190 0.6000000238
23414  -20.439  -71.877  -39.787 0.6000000238
23424  -21.037  -71.430  -40.072 0.6999999881
23440  -30.795  -71.876  -41.464 0.4000000060
23441  -31.555  -71.483  -41.797 0.4000000060
23451  -21.550  -71.809  -42.304 0.6999999881
23452  -22.136  -71.215  -42.512 0.6999999881
23469  -22.309  -71.397  -43.898 0.6000000238
23538  -24.916  -71.759  -48.831 0.5000000000
23542  -29.041  -71.371  -49.169 0.5000000000
23546  -33.194  -70.944  -50.172 0.4000000060
23553  -27.440  -71.286  -49.679 0.5000000000
23558  -32.754  -71.153  -50.550 0.4000000060
23569  -25.266  -71.144  -51.707 0.4000000060
23570  -29.763  -71.194  -51.662 0.4000000060
23573  -27.254  -70.975  -53.018 0.4000000060
23574  -28.102  -71.166  -52.866 0.4000000060
23575  -28.547  -71.367  -52.590 0.4000000060
23577  -25.497  -71.993  -53.656 0.4000000060
23581  -28.614  -71.810  -52.507 0.4000000060
24353  -19.967  -70.542  -35.611 0.5000000000
24384  -20.549  -70.172  -37.162 0.6000000238
24394  -20.621  -70.877  -38.564 0.6000000238
24416  -22.275  -70.547  -40.276 0.6999999881
24427  -22.502  -70.686  -41.927 0.6999999881
24428  -22.880  -70.085  -40.756 0.6999999881
24440  -23.093  -70.151  -42.069 0.6999999881
24452  -22.828  -70.834  -43.647 0.6000000238
24453  -23.247  -70.180  -43.380 0.6000000238
24464  -22.752  -71.030  -44.307 0.6000000238
24519  -29.143  -70.556  -51.090 0.5000000000
24524  -25.878  -70.758  -52.064 0.4000000060
24525  -26.900  -70.573  -52.363 0.4000000060
25300  -21.088  -69.435  -34.244 0.5000000000
25354  -21.225  -69.511  -37.084 0.4000000060
25355  -22.140  -69.117  -37.353 0.5000000000
25387  -22.730  -69.617  -39.052 0.6999999881
25401  -24.152  -69.210  -40.912 0.6000000238
25415  -24.203  -69.135  -42.636 0.6999999881
25422  -23.693  -69.657  -43.872 0.6000000238
25423  -24.176  -69.105  -43.463 0.6999999881
25453  -24.176  -68.916  -45.306 0.5000000000
26333  -21.605  -68.871  -33.907 0.5000000000
26334  -22.298  -68.819  -33.702 0.5000000000
26357  -21.390  -68.833  -34.494 0.5000000000
26359  -22.897  -68.396  -33.937 0.5000000000
26379  -21.978  -68.468  -35.047 0.5000000000
26428  -22.996  -68.880  -37.687 0.5000000000
26429  -23.779  -68.722  -38.099 0.6000000238
26430  -24.501  -68.548  -38.550 0.6000000238
26446  -24.509  -68.746  -39.497 0.6000000238
26465  -25.351  -68.187  -40.893 0.6000000238
26499  -24.716  -68.483  -43.133 0.6999999881
26522  -24.454  -68.108  -45.799 0.5000000000
27401  -26.344  -67.501  -34.761 0.5000000000
27416  -23.421  -68.167  -35.616 0.5000000000
27418  -25.502  -67.926  -35.664 0.5000000000
27430  -24.933  -67.965  -36.454 0.6000000238
27463  -26.532  -67.011  -38.310 0.6999999881
27477  -26.512  -66.988  -39.172 0.6000000238
27487  -25.935  -67.660  -40.452 0.6000000238
27499  -25.885  -67.559  -41.317 0.6000000238
27520  -25.603  -67.528  -42.638 0.6000000238
27538  -25.245  -67.695  -43.289 0.6000000238
27552  -25.126  -67.209  -44.722 0.6999999881
27567  -24.676  -66.576  -46.232 0.5000000000
28426  -26.039  -66.364  -34.048 0.5000000000
28458  -26.791  -66.234  -37.406 0.6999999881
28510  -26.790  -66.220  -40.607 0.6000000238
28543  -23.122  -65.854  -42.505 0.6000000238
28554  -22.149  -66.444  -43.538 0.6000000238
28555  -23.020  -66.011  -43.361 0.6000000238
28568  -25.357  -65.697  -45.125 0.6999999881
28590  -23.829  -66.167  -47.101 0.5000000000
28591  -24.274  -66.030  -46.495 0.6000000238
29509  -25.766  -65.300  -29.411 0.4000000060
29527  -24.610  -65.594  -30.422 0.4000000060
29530  -27.182  -65.655  -29.977 0.4000000060
29543  -23.750  -65.202  -31.685 0.4000000060
29558  -24.590  -65.306  -33.162 0.4000000060
29559  -25.164  -66.046  -32.718 0.4000000060
29585  -25.846  -65.230  -35.275 0.5000000000
29593  -26.065  -64.907  -35.987 0.5000000000
29600  -26.640  -65.649  -37.126 0.6999999881
29628  -26.798  -65.379  -40.239 0.6000000238
29653  -20.578  -65.231  -42.793 0.5000000000
29656  -23.139  -65.478  -42.652 0.6000000238
29673  -25.271  -65.076  -44.956 0.6999999881
29677  -23.046  -65.742  -45.401 0.5000000000
29679  -24.257  -65.701  -45.919 0.5000000000
30578  -25.268  -64.534  -29.204 0.3000000119
30595  -24.336  -64.968  -30.069 0.4000000060
30632  -23.251  -64.517  -32.054 0.4000000060
30690  -24.895  -63.761  -36.656 0.6000000238
30691  -25.675  -64.174  -36.214 0.5000000000
30692  -26.276  -64.820  -37.221 0.6000000238
30705  -26.172  -64.217  -38.449 0.6999999881
30727  -26.377  -64.642  -41.910 0.6000000238
30734  -18.653  -64.682  -43.127 0.5000000000
30751  -20.672  -63.904  -43.333 0.5000000000
30762  -25.128  -64.386  -44.515 0.6000000238
31695  -22.663  -63.266  -29.898 0.4000000060
31764  -23.410  -63.656  -33.398 0.4000000060
31777  -22.946  -63.303  -34.674 0.4000000060
31795  -24.311  -63.672  -35.211 0.5000000000
31804  -22.487  -63.193  -36.117 0.5000000000
31805  -23.350  -63.327  -36.414 0.5000000000
31818  -23.669  -62.999  -37.083 0.6000000238
31844  -25.815  -63.271  -39.358 0.6999999881
31845  -26.228  -63.894  -39.708 0.6000000238
31855  -26.115  -63.774  -40.877 0.6000000238
31865  -25.811  -63.218  -41.257 0.6000000238
31876  -20.046  -63.276  -42.982 0.5000000000
31877  -20.708  -63.101  -43.115 0.5000000000
31878  -25.559  -63.221  -42.182 0.6000000238
31890  -23.546  -63.142  -44.223 0.5000000000
31901  -24.368  -63.480  -44.241 0.5000000000
31902  -24.916  -63.589  -44.268 0.6000000238
31903  -25.300  -63.974  -44.140 0.6000000238
32838  -22.123  -62.470  -30.283 0.3000000119
32879  -22.203  -62.637  -32.792 0.4000000060
32892  -22.374  -62.649  -33.585 0.4000000060
32900  -21.813  -62.227  -34.089 0.5000000000
32927  -22.151  -62.413  -36.579 0.5000000000
32953  -23.602  -62.270  -38.399 0.6000000238
32954  -25.068  -62.671  -38.947 0.6999999881
32974  -24.374  -61.841  -40.601 0.6000000238
32992  -18.983  -62.929  -42.175 0.5000000000
32996  -24.368  -62.273  -42.896 0.6000000238
32997  -24.942  -62.638  -42.678 0.6000000238
33001  -21.925  -62.524  -43.542 0.4000000060
33002  -22.878  -62.440  -43.860 0.5000000000
34038  -21.013  -61.372  -36.087 0.4000000060
34039  -21.222  -61.796  -35.348 0.4000000060
34059  -17.048  -61.856  -36.824 0.3000000119
34070  -23.198  -61.631  -38.723 0.5000000000
34079  -23.006  -60.814  -39.042 0.4000000060
34093  -23.733  -61.207  -40.794 0.5000000000
34100  -21.477  -61.190  -41.892 0.5000000000
34108  -22.096  -61.094  -42.499 0.4000000060
34112  -21.764  -61.971  -42.939 0.4000000060
34114  -23.346  -61.867  -43.262 0.5000000000
35144  -16.982  -60.214  -33.727 0.4000000060
35154  -14.649  -60.195  -35.129 0.4000000060
35156  -16.432  -60.801  -34.619 0.3000000119
35169  -14.877  -60.530  -35.773 0.4000000060
35170  -16.179  -61.259  -35.462 0.3000000119
35183  -14.714  -60.322  -36.318 0.4000000060
35184  -15.460  -60.833  -36.433 0.4000000060
35198  -16.067  -60.985  -37.088 0.3000000119
35199  -21.516  -60.132  -37.368 0.4000000060
35225  -23.047  -60.576  -39.908 0.5000000000
35236  -19.592  -60.807  -40.054 0.3000000119
35239  -22.447  -59.942  -40.458 0.5000000000
36297  -15.718  -59.550  -33.076 0.3000000119
36335  -14.471  -59.861  -36.427 0.4000000060
36337  -20.959  -59.520  -36.165 0.3000000119
36350  -17.373  -59.804  -37.365 0.4000000060
36351  -18.354  -59.684  -37.375 0.3000000119
36352  -21.392  -59.176  -37.861 0.3000000119
36361  -16.702  -60.705  -37.348 0.4000000060
36374  -17.538  -60.863  -37.479 0.4000000060
36380  -21.782  -58.894  -39.074 0.3000000119
36391  -19.996  -60.213  -39.536 0.3000000119
36392  -20.700  -59.625  -39.840 0.3000000119
36393  -21.436  -58.992  -39.669 0.4000000060
37426  -13.864  -58.471  -34.436 0.4000000060
37445  -15.650  -59.056  -36.841 0.4000000060
37447  -17.392  -58.396  -36.240 0.3000000119
37456  -16.487  -59.466  -37.183 0.3000000119
37457  -17.383  -59.015  -36.692 0.3000000119
37458  -19.353  -58.428  -37.073 0.3000000119
37460  -21.083  -58.480  -36.957 0.3000000119
37468  -19.495  -58.935  -37.500 0.3000000119
37478  -19.209  -59.920  -38.208 0.3000000119
37480  -20.683  -58.868  -39.231 0.3000000119
38528  -13.801  -57.478  -33.294 0.3000000119
38548  -14.663  -57.781  -35.728 0.4000000060
38560  -17.768  -57.853  -35.876 0.3000000119
38573  -21.017  -57.642  -36.698 0.3000000119
38585  -21.093  -58.573  -38.288 0.3000000119
38595  -20.122  -58.768  -37.990 0.3000000119
38596  -20.701  -58.621  -38.485 0.3000000119
39652  -13.644  -57.370  -33.839 0.4000000060
39663  -14.624  -56.471  -34.469 0.3000000119
39677  -17.889  -56.686  -34.894 0.3000000119
39687  -18.077  -57.265  -35.487 0.3000000119
39689  -20.527  -56.076  -36.474 0.3000000119
39704  -19.852  -57.060  -36.734 0.3000000119
39705  -20.341  -56.917  -36.774 0.3000000119
39721  -20.193  -57.746  -37.016 0.3000000119
40858  -16.368  -55.654  -34.294 0.3000000119
40860  -22.100  -55.882  -34.794 0.3000000119
40868  -17.122  -56.134  -34.511 0.3000000119
40871  -21.739  -56.081  -35.516 0.3000000119
40884  -19.863  -55.643  -36.272 0.3000000119
40901  -19.066  -56.770  -36.047 0.3000000119
42016  -18.277  -54.327  -34.409 0.3000000119
144996  -23.773  -77.488  -39.473 0.6000000238
145150  -15.910  -73.450  -48.909 0.5000000000
145209  -25.604  -79.822  -52.634 0.5000000000
145756  -24.811  -79.380  -53.055 0.6999999881
145923  -14.249  -59.219  -35.492 0.4000000060
146585  -25.068  -76.658  -54.417 0.6000000238
146767  -31.147  -78.135  -50.140 0.3000000119
147091  -14.509  -73.020  -51.811 0.5000000000
147199  -21.240  -57.062  -36.233 0.3000000119
148234  -21.276  -77.654  -38.583 0.6000000238
148276  -14.950  -75.107  -53.398 0.5000000000
148558  -20.863  -73.487  -39.893 0.6000000238
148592  -27.072  -76.520  -40.751 0.5000000000
149969  -19.039  -74.362  -54.048 0.6000000238
150511  -21.648  -71.711  -46.025 0.5000000000
150659  -22.659  -68.371  -35.750 0.5000000000
150865  -24.372  -79.945  -52.024 0.8000000119
151109  -30.510  -79.617  -41.522 0.3000000119
151301  -26.740  -66.387  -37.950 0.6999999881
151387  -24.316  -62.554  -38.431 0.6000000238
151422  -24.191  -78.542  -53.890 0.6000000238
151767  -19.539  -71.902  -37.779 0.6000000238
151806  -24.910  -71.668  -51.206 0.5000000000
151904  -29.020  -77.490  -53.544 0.3000000119
151948  -26.072  -66.820  -42.554 0.6000000238
152070  -26.209  -67.627  -37.103 0.6999999881
152820  -30.929  -82.930  -46.072 0.3000000119
152852  -24.758  -62.215  -41.194 0.6000000238
153287  -16.503  -75.521  -53.714 0.4000000060
154345  -26.737  -66.940  -35.988 0.5000000000
154975  -18.774  -58.912  -37.070 0.3000000119
155014  -26.225  -79.358  -53.087 0.4000000060
155970  -24.521  -64.147  -34.173 0.4000000060
156049  -27.606  -72.346  -53.004 0.4000000060
156827  -25.478  -63.722  -43.651 0.6000000238
156848  -21.387  -70.538  -38.992 0.6000000238
157062  -28.066  -79.506  -48.464 0.4000000060
158057  -23.625  -69.617  -42.263 0.6999999881
158648  -21.748  -59.411  -40.407 0.4000000060
158971  -21.453  -72.560  -45.095 0.6000000238
159856  -22.598  -60.318  -41.354 0.5000000000
160089  -12.551  -73.781  -49.296 0.5000000000
160114  -19.910  -75.323  -43.946 0.5000000000
160215  -29.541  -70.641  -50.627 0.5000000000
160738  -27.837  -77.721  -53.878 0.4000000060
160980  -30.745  -82.594  -50.285 0.3000000119
161873  -20.030  -70.818  -35.193 0.5000000000
161875  -21.848  -77.331  -37.927 0.6000000238
161927  -26.452  -64.987  -38.569 0.6999999881
162449  -32.451  -80.045  -48.721 0.3000000119
162461  -22.861  -66.214  -42.690 0.6000000238
162520  -23.965  -65.327  -45.265 0.6000000238
162602  -16.843  -73.002  -49.681 0.5000000000
162745  -34.037  -79.307  -48.506 0.3000000119
162793  -21.585  -78.521  -40.806 0.5000000000
163013  -23.456  -63.359  -34.107 0.4000000060
163120  -21.153  -55.406  -35.927 0.3000000119
163262  -27.708  -70.569  -50.878 0.5000000000
163760  -24.537  -68.125  -37.188 0.6000000238
165919  -12.413  -73.938  -50.014 0.5000000000
166654  -26.337  -66.286  -42.206 0.6000000238
166801  -20.146  -78.816  -52.563 0.6000000238
166941  -22.440  -61.654  -37.759 0.4000000060
167069  -21.263  -77.494  -43.620 0.6000000238
167593  -29.299  -74.745  -40.524 0.5000000000
167725  -16.303  -74.956  -53.741 0.5000000000
167953  -24.472  -75.144  -52.661 0.5000000000
168030  -23.313  -74.017  -46.173 0.6000000238
169457  -18.361  -73.595  -48.953 0.6999999881
169575  -23.255  -63.770  -29.751 0.4000000060
169577  -28.769  -75.107  -53.724 0.4000000060
169603  -22.486  -63.078  -32.440 0.4000000060
169714  -19.839  -72.833  -35.683 0.5000000000
170162  -24.821  -74.361  -45.571 0.6000000238
170221  -13.096  -75.027  -53.086 0.5000000000
170540  -21.933  -62.846  -35.824 0.5000000000
170560  -24.945  -62.285  -40.454 0.6000000238
170712  -25.740  -71.784  -48.013 0.5000000000
170774  -21.285  -75.583  -40.557 0.5000000000
171415  -28.139  -74.953  -53.624 0.4000000060
171561  -13.673  -73.451  -49.029 0.5000000000
171740  -19.129  -77.550  -45.172 0.6999999881
172951  -21.165  -75.846  -41.015 0.5000000000
172956  -25.493  -80.323  -51.547 0.5000000000
172981  -28.407  -71.477  -49.208 0.5000000000
173393  -28.465  -70.550  -50.801 0.5000000000
173680  -18.013  -77.841  -39.487 0.4000000060
174052  -19.907  -60.703  -40.661 0.3000000119
174059  -22.629  -79.429  -52.480 0.6999999881
174068  -27.813  -79.376  -48.878 0.4000000060
174352  -26.698  -64.879  -40.585 0.6000000238
174505  -27.763  -80.720  -47.465 0.5000000000
174731  -25.431  -71.264  -53.236 0.4000000060
174765  -26.084  -64.614  -36.573 0.6000000238
174966  -20.636  -60.837  -35.866 0.3000000119
175032  -25.307  -71.647  -48.753 0.5000000000
175063  -27.479  -76.307  -40.196 0.4000000060
