#!ascii label  , from subject sub-v1s1x0050655_ses-1 vox2ras=TkReg
1337
152664  24.959  -41.431  38.302 0.0000000000
53486  38.261  -46.304  43.857 0.0000000000
75928  44.648  -25.738  24.273 0.0000000000
67600  36.411  -33.264  32.454 0.0000000000
58003  41.019  -41.593  34.989 0.0000000000
84797  59.037  -17.102  16.521 0.0000000000
72910  46.652  -26.629  28.525 0.0000000000
73937  41.249  -26.066  28.328 0.0000000000
50207  21.837  -47.889  35.682 0.0000000000
55794  32.186  -42.326  41.728 0.0000000000
55817  35.362  -43.648  38.108 0.0000000000
59923  29.279  -39.184  36.193 0.0000000000
81903  52.960  -18.710  23.172 0.0000000000
56861  28.489  -42.693  44.203 0.0000000000
54604  22.541  -44.820  42.551 0.0000000000
78869  51.820  -22.235  26.587 0.0000000000
50133  17.498  -48.362  39.125 0.0000000000
45291  13.841  -53.181  37.333 0.0000000000
71801  40.116  -28.946  34.164 0.0000000000
152327  39.480  -36.788  34.567 0.0000000000
58045  37.431  -42.166  30.750 0.0000000000
53665  36.347  -46.518  32.681 0.0000000000
74883  46.638  -25.520  32.152 0.0000000000
73925  43.863  -25.622  28.693 0.0000000000
73898  43.187  -25.840  32.524 0.0000000000
73909  48.777  -26.640  30.829 0.0000000000
56984  23.962  -42.257  35.002 0.0000000000
54714  22.776  -45.649  34.114 0.0000000000
55831  22.582  -43.755  37.627 0.0000000000
56932  29.032  -41.895  39.597 0.0000000000
57950  30.494  -40.358  38.597 0.0000000000
58988  27.339  -40.384  36.684 0.0000000000
59012  26.161  -40.882  34.597 0.0000000000
77894  45.199  -23.007  23.750 0.0000000000
74002  48.260  -26.260  25.587 0.0000000000
76881  48.182  -24.211  25.561 0.0000000000
79968  49.081  -21.261  24.932 0.0000000000
156969  22.179  -47.011  44.052 0.0000000000
50107  21.592  -48.636  40.769 0.0000000000
174449  19.685  -49.079  42.135 0.0000000000
44086  13.319  -53.665  42.261 0.0000000000
46395  14.263  -51.898  40.553 0.0000000000
44131  12.981  -54.054  38.205 0.0000000000
44147  10.725  -54.463  37.175 0.0000000000
42933  9.412  -55.310  39.594 0.0000000000
65293  40.070  -36.617  37.219 0.0000000000
60926  41.677  -39.074  34.099 0.0000000000
180130  39.831  -39.908  31.977 0.0000000000
58015  39.082  -41.482  33.145 0.0000000000
168497  34.840  -41.649  35.138 0.0000000000
53617  36.044  -44.915  35.587 0.0000000000
57016  34.099  -43.301  32.875 0.0000000000
53705  34.688  -46.091  30.210 0.0000000000
69657  37.778  -30.679  33.379 0.0000000000
71846  37.808  -28.679  30.862 0.0000000000
69665  35.771  -31.437  30.899 0.0000000000
91564  57.883  -9.123  18.203 0.0000000000
87820  57.095  -14.121  17.012 0.0000000000
71950  45.474  -27.671  25.640 0.0000000000
71909  43.676  -28.433  26.000 0.0000000000
70753  48.826  -28.098  27.841 0.0000000000
54590  35.051  -45.096  43.447 0.0000000000
175185  36.554  -45.049  41.037 0.0000000000
157257  34.729  -42.091  40.508 0.0000000000
162560  33.336  -39.909  37.175 0.0000000000
60913  32.531  -38.613  34.239 0.0000000000
81889  55.113  -19.327  25.485 0.0000000000
82880  55.076  -18.064  23.288 0.0000000000
159146  56.187  -17.601  20.296 0.0000000000
167929  56.843  -18.636  17.775 0.0000000000
56909  27.260  -41.883  41.090 0.0000000000
56925  23.368  -42.876  40.012 0.0000000000
56875  25.741  -42.730  43.613 0.0000000000
152328  30.577  -42.825  42.778 0.0000000000
80982  52.328  -20.014  24.862 0.0000000000
52409  22.297  -46.422  39.266 0.0000000000
50195  20.040  -48.231  37.069 0.0000000000
50197  16.550  -49.374  36.602 0.0000000000
157963  16.398  -49.677  41.209 0.0000000000
47604  15.288  -50.383  38.715 0.0000000000
165902  6.811  -57.322  39.304 0.0000000000
174707  42.915  -27.654  34.793 0.0000000000
68602  37.849  -32.393  34.841 0.0000000000
66437  38.690  -34.532  36.712 0.0000000000
66492  37.669  -35.066  33.272 0.0000000000
63183  38.697  -38.157  30.858 0.0000000000
59090  38.587  -40.598  28.702 0.0000000000
58092  37.138  -42.216  27.024 0.0000000000
52425  37.623  -46.413  38.116 0.0000000000
53616  38.788  -46.852  35.140 0.0000000000
54727  38.822  -44.300  34.246 0.0000000000
55913  37.791  -44.260  31.989 0.0000000000
57061  36.411  -43.867  28.924 0.0000000000
73901  40.361  -26.799  31.645 0.0000000000
72924  38.049  -27.788  28.447 0.0000000000
73882  46.444  -25.614  33.146 0.0000000000
165236  44.931  -25.403  31.671 0.0000000000
73884  44.612  -25.860  33.533 0.0000000000
150443  47.459  -25.830  32.656 0.0000000000
57969  24.362  -41.837  36.434 0.0000000000
56962  23.350  -42.572  36.436 0.0000000000
56946  23.896  -42.039  37.805 0.0000000000
151856  27.391  -41.246  38.785 0.0000000000
154106  27.949  -41.024  38.260 0.0000000000
170696  26.005  -41.079  37.319 0.0000000000
57968  25.516  -41.164  36.433 0.0000000000
76892  44.485  -24.979  23.921 0.0000000000
74957  46.687  -25.933  25.343 0.0000000000
75917  48.033  -25.050  25.641 0.0000000000
76883  46.080  -24.550  25.233 0.0000000000
151791  46.261  -23.552  25.172 0.0000000000
42902  12.746  -54.916  41.578 0.0000000000
44119  13.078  -54.277  40.057 0.0000000000
42930  12.239  -54.803  39.601 0.0000000000
44133  11.464  -54.342  37.805 0.0000000000
42943  11.421  -54.683  38.924 0.0000000000
154651  9.612  -54.975  38.742 0.0000000000
63105  41.743  -38.692  36.180 0.0000000000
59955  41.944  -40.212  34.247 0.0000000000
59966  40.764  -40.236  33.246 0.0000000000
58004  40.314  -41.520  34.385 0.0000000000
52344  39.740  -46.383  42.497 0.0000000000
59956  34.004  -40.182  33.014 0.0000000000
57991  34.882  -42.075  34.078 0.0000000000
162362  34.177  -42.384  32.405 0.0000000000
176497  33.648  -43.075  31.031 0.0000000000
68632  36.744  -32.295  32.873 0.0000000000
70706  36.938  -30.478  32.128 0.0000000000
83841  59.422  -17.878  17.531 0.0000000000
86830  59.870  -15.527  17.163 0.0000000000
87818  59.228  -14.640  17.738 0.0000000000
88762  58.207  -13.203  17.986 0.0000000000
85828  57.872  -15.443  16.668 0.0000000000
71870  46.351  -27.003  27.923 0.0000000000
70821  44.753  -28.461  25.732 0.0000000000
72937  45.576  -27.128  27.324 0.0000000000
73926  42.857  -25.688  28.640 0.0000000000
157976  42.608  -27.145  26.691 0.0000000000
72940  41.617  -27.021  26.493 0.0000000000
73921  47.782  -26.749  29.491 0.0000000000
72918  47.680  -27.097  28.861 0.0000000000
152023  47.311  -27.752  27.272 0.0000000000
52486  22.696  -46.948  34.854 0.0000000000
152525  20.625  -48.079  34.384 0.0000000000
55765  34.172  -43.579  42.849 0.0000000000
55782  34.853  -43.171  42.278 0.0000000000
56891  33.393  -42.441  41.764 0.0000000000
58985  30.328  -39.778  37.749 0.0000000000
59910  32.055  -39.824  38.336 0.0000000000
59933  31.290  -38.762  36.436 0.0000000000
60883  32.299  -38.796  36.079 0.0000000000
59934  30.562  -38.628  35.755 0.0000000000
59946  28.641  -39.199  35.041 0.0000000000
63185  37.547  -38.110  29.792 0.0000000000
81897  54.063  -19.089  24.100 0.0000000000
82872  55.448  -18.701  24.493 0.0000000000
82877  53.749  -18.714  23.451 0.0000000000
83810  54.573  -17.551  20.583 0.0000000000
82909  54.763  -17.904  19.127 0.0000000000
162181  56.197  -17.883  19.368 0.0000000000
164876  27.645  -42.374  42.433 0.0000000000
56894  25.829  -42.136  42.035 0.0000000000
56874  26.868  -42.693  43.616 0.0000000000
56872  29.302  -42.971  43.331 0.0000000000
177446  28.708  -42.395  41.612 0.0000000000
80975  53.989  -20.117  25.975 0.0000000000
79957  51.662  -21.318  26.164 0.0000000000
79979  49.285  -20.538  24.357 0.0000000000
55799  22.920  -44.074  41.201 0.0000000000
54624  22.667  -44.767  39.823 0.0000000000
54625  22.656  -45.439  40.396 0.0000000000
50132  19.488  -49.033  39.719 0.0000000000
165027  20.450  -48.867  38.739 0.0000000000
51284  18.689  -48.263  38.445 0.0000000000
51318  17.605  -48.468  36.388 0.0000000000
50160  17.250  -48.534  38.049 0.0000000000
47557  15.791  -50.653  42.448 0.0000000000
156759  13.989  -52.607  38.994 0.0000000000
47605  14.584  -51.059  39.162 0.0000000000
46443  14.588  -52.035  37.484 0.0000000000
47634  14.909  -51.282  37.010 0.0000000000
69648  39.093  -31.066  34.977 0.0000000000
65312  39.378  -36.361  35.840 0.0000000000
65295  39.031  -35.028  37.272 0.0000000000
66454  38.812  -35.867  35.398 0.0000000000
67559  37.980  -34.413  35.263 0.0000000000
65326  38.678  -36.171  33.879 0.0000000000
65356  38.316  -36.372  32.712 0.0000000000
64257  39.051  -36.991  32.829 0.0000000000
59056  38.812  -40.817  31.695 0.0000000000
59989  39.052  -40.254  30.995 0.0000000000
58065  37.805  -41.398  30.268 0.0000000000
59091  38.069  -41.208  28.218 0.0000000000
58066  37.427  -41.959  29.752 0.0000000000
55807  36.130  -44.081  38.980 0.0000000000
53548  37.159  -45.663  39.040 0.0000000000
54661  36.241  -44.536  37.567 0.0000000000
52514  35.821  -45.060  34.366 0.0000000000
52481  36.596  -46.084  35.436 0.0000000000
53643  37.288  -46.720  33.500 0.0000000000
54709  39.088  -45.300  34.196 0.0000000000
54750  38.211  -45.345  32.863 0.0000000000
55901  38.084  -44.526  32.792 0.0000000000
54764  37.139  -45.717  31.750 0.0000000000
54805  35.105  -45.689  28.323 0.0000000000
55942  35.747  -45.314  28.792 0.0000000000
71815  41.372  -28.110  34.120 0.0000000000
72878  41.872  -27.366  33.770 0.0000000000
72879  40.051  -27.797  33.226 0.0000000000
71861  36.965  -29.039  29.534 0.0000000000
72912  38.175  -27.929  29.419 0.0000000000
92540  58.213  -8.294  16.655 0.0000000000
73911  47.400  -26.070  30.143 0.0000000000
73933  45.768  -26.460  28.167 0.0000000000
74893  45.781  -25.465  30.767 0.0000000000
165238  43.801  -25.383  30.776 0.0000000000
74896  42.356  -25.532  30.286 0.0000000000
73894  48.896  -26.549  31.930 0.0000000000
73895  48.228  -26.236  31.599 0.0000000000
55870  23.122  -43.936  34.592 0.0000000000
180789  22.760  -44.964  35.925 0.0000000000
53607  22.362  -46.073  36.342 0.0000000000
56907  30.629  -41.859  40.876 0.0000000000
57927  31.352  -41.492  40.051 0.0000000000
57937  29.633  -41.056  39.032 0.0000000000
58973  29.145  -40.238  37.682 0.0000000000
58999  28.712  -39.868  36.775 0.0000000000
176822  28.028  -39.727  35.196 0.0000000000
59001  27.142  -40.304  35.940 0.0000000000
57993  24.808  -41.740  34.726 0.0000000000
81905  51.056  -18.902  22.340 0.0000000000
56851  27.023  -42.507  45.201 0.0000000000
74954  50.083  -25.562  25.979 0.0000000000
76880  49.785  -24.614  25.840 0.0000000000
77881  50.065  -22.740  25.921 0.0000000000
78881  50.638  -21.859  25.982 0.0000000000
78884  48.378  -22.133  25.340 0.0000000000
78897  46.579  -21.797  24.048 0.0000000000
54595  22.431  -45.635  43.067 0.0000000000
156642  22.522  -46.608  42.000 0.0000000000
51223  23.016  -48.205  42.201 0.0000000000
48862  20.898  -49.117  41.389 0.0000000000
50109  18.167  -48.592  40.654 0.0000000000
46382  14.465  -51.947  41.469 0.0000000000
45249  13.945  -52.779  40.981 0.0000000000
45265  13.760  -53.299  39.481 0.0000000000
44130  13.496  -53.676  37.820 0.0000000000
44145  12.280  -54.230  37.381 0.0000000000
163147  40.492  -37.399  36.066 0.0000000000
63138  40.390  -37.556  34.516 0.0000000000
63156  39.858  -37.845  33.033 0.0000000000
60944  40.718  -39.198  33.064 0.0000000000
59046  39.252  -40.844  32.592 0.0000000000
58029  38.047  -42.038  32.243 0.0000000000
56960  35.192  -42.110  36.336 0.0000000000
55841  35.866  -43.398  36.763 0.0000000000
56972  35.247  -42.265  35.273 0.0000000000
150448  35.177  -43.437  33.766 0.0000000000
53646  34.966  -44.395  32.942 0.0000000000
53682  35.521  -45.991  31.725 0.0000000000
54767  33.719  -45.352  31.092 0.0000000000
55943  33.175  -44.836  29.454 0.0000000000
71802  39.346  -29.293  33.766 0.0000000000
71818  38.951  -28.981  33.079 0.0000000000
70708  37.465  -29.640  31.957 0.0000000000
70709  36.839  -29.925  31.152 0.0000000000
90627  58.604  -10.497  18.889 0.0000000000
89685  57.627  -11.327  18.260 0.0000000000
74004  45.098  -26.746  24.733 0.0000000000
74017  43.744  -26.698  23.648 0.0000000000
73007  44.296  -27.559  24.511 0.0000000000
160367  43.942  -27.310  26.816 0.0000000000
71910  42.791  -28.205  25.768 0.0000000000
171808  50.011  -27.793  30.187 0.0000000000
71865  50.146  -29.003  28.790 0.0000000000
70798  50.303  -28.894  26.784 0.0000000000
71947  48.505  -27.244  25.952 0.0000000000
71972  46.843  -26.815  25.706 0.0000000000
53495  36.648  -45.706  43.600 0.0000000000
53504  37.778  -45.729  42.590 0.0000000000
54613  36.425  -45.031  41.966 0.0000000000
56888  35.858  -43.370  40.799 0.0000000000
56918  35.338  -42.656  39.712 0.0000000000
58951  33.155  -40.959  39.762 0.0000000000
58959  33.769  -40.853  39.149 0.0000000000
58983  34.311  -41.252  37.367 0.0000000000
59919  33.861  -40.155  36.104 0.0000000000
59944  33.373  -39.175  34.642 0.0000000000
59957  33.320  -39.260  33.571 0.0000000000
175711  56.444  -17.478  22.920 0.0000000000
82890  54.036  -17.835  22.099 0.0000000000
83801  55.548  -17.505  21.833 0.0000000000
83800  57.113  -17.318  21.379 0.0000000000
83821  57.105  -17.674  19.715 0.0000000000
82919  57.781  -18.352  17.974 0.0000000000
82930  58.509  -18.262  17.380 0.0000000000
83849  58.211  -17.537  16.480 0.0000000000
57929  25.971  -41.339  39.666 0.0000000000
56924  23.969  -41.900  39.664 0.0000000000
163459  24.918  -41.875  41.357 0.0000000000
167502  24.531  -42.325  41.997 0.0000000000
55770  23.570  -43.244  42.743 0.0000000000
56852  26.095  -42.641  45.163 0.0000000000
55758  22.839  -43.948  43.676 0.0000000000
54584  22.185  -45.059  44.587 0.0000000000
171016  38.144  -46.365  45.494 0.0000000000
169176  35.540  -46.226  44.943 0.0000000000
53497  34.098  -45.447  43.996 0.0000000000
54601  32.943  -43.173  43.605 0.0000000000
170617  32.062  -43.165  44.116 0.0000000000
55783  31.174  -42.564  42.116 0.0000000000
178106  29.811  -42.550  41.582 0.0000000000
56922  27.640  -41.869  40.278 0.0000000000
80974  54.721  -19.733  26.135 0.0000000000
80980  53.824  -19.673  25.171 0.0000000000
81895  52.846  -19.582  24.305 0.0000000000
79966  50.657  -20.934  25.351 0.0000000000
80988  51.149  -19.734  24.050 0.0000000000
81900  51.615  -19.230  23.416 0.0000000000
56935  23.125  -42.872  39.122 0.0000000000
173518  22.618  -45.576  38.053 0.0000000000
51300  22.060  -47.079  37.542 0.0000000000
52388  21.978  -46.994  40.050 0.0000000000
50173  21.908  -48.182  37.792 0.0000000000
50193  21.271  -48.188  36.603 0.0000000000
51335  18.970  -48.140  35.173 0.0000000000
50212  17.406  -48.872  35.380 0.0000000000
48865  18.024  -48.894  42.262 0.0000000000
50110  17.088  -48.853  40.805 0.0000000000
47588  15.457  -50.400  39.859 0.0000000000
48906  16.056  -49.604  39.280 0.0000000000
48936  15.991  -49.930  37.107 0.0000000000
41726  8.142  -56.181  39.342 0.0000000000
72866  43.786  -27.256  34.718 0.0000000000
70700  39.736  -29.569  34.536 0.0000000000
70695  39.468  -30.334  34.772 0.0000000000
69653  37.935  -31.133  33.967 0.0000000000
68619  37.101  -32.759  33.572 0.0000000000
67522  38.444  -32.835  36.289 0.0000000000
173327  37.576  -34.009  34.243 0.0000000000
66493  37.133  -34.499  32.928 0.0000000000
65357  37.741  -36.040  32.308 0.0000000000
64291  37.925  -37.610  30.781 0.0000000000
62061  38.332  -38.623  29.880 0.0000000000
173626  39.259  -38.900  30.962 0.0000000000
60983  38.941  -39.334  30.159 0.0000000000
60025  38.867  -40.134  28.485 0.0000000000
59099  38.313  -41.192  27.041 0.0000000000
175674  37.733  -42.150  26.687 0.0000000000
56981  40.627  -43.011  36.134 0.0000000000
53530  38.368  -45.889  40.974 0.0000000000
52401  38.300  -46.408  39.321 0.0000000000
158169  38.889  -46.805  38.167 0.0000000000
52449  36.726  -45.278  36.711 0.0000000000
52463  37.837  -47.107  37.067 0.0000000000
53601  39.667  -46.748  36.209 0.0000000000
53615  40.388  -45.508  35.914 0.0000000000
55863  39.737  -44.033  35.583 0.0000000000
57000  39.439  -42.772  34.679 0.0000000000
57014  39.022  -42.276  33.791 0.0000000000
57030  37.904  -42.772  32.510 0.0000000000
57043  37.163  -43.111  31.064 0.0000000000
54778  36.879  -45.374  31.013 0.0000000000
55940  36.771  -44.216  29.898 0.0000000000
57059  37.152  -42.752  30.152 0.0000000000
57078  36.663  -42.994  28.520 0.0000000000
73885  43.505  -26.298  33.397 0.0000000000
73899  42.204  -26.077  32.134 0.0000000000
73914  40.922  -26.191  30.891 0.0000000000
72891  39.020  -27.746  31.863 0.0000000000
73916  39.431  -26.899  30.295 0.0000000000
73939  39.437  -26.814  28.195 0.0000000000
85832  57.538  -15.958  16.097 0.0000000000
73883  45.622  -25.862  33.871 0.0000000000
151125  46.680  -25.954  33.877 0.0000000000
57954  24.969  -41.546  37.317 0.0000000000
57955  23.863  -42.081  37.060 0.0000000000
57939  26.149  -41.204  38.866 0.0000000000
177544  26.645  -41.158  38.364 0.0000000000
57953  25.963  -41.195  37.985 0.0000000000
75929  44.167  -25.387  23.402 0.0000000000
74958  45.639  -26.101  24.911 0.0000000000
75919  45.910  -25.444  25.137 0.0000000000
75920  45.067  -25.467  24.667 0.0000000000
76884  45.098  -24.695  24.646 0.0000000000
42919  12.486  -55.042  40.841 0.0000000000
42929  12.709  -54.685  40.166 0.0000000000
177105  11.632  -54.972  39.647 0.0000000000
149402  10.431  -54.699  38.846 0.0000000000
59022  42.242  -40.424  35.128 0.0000000000
59942  42.594  -39.898  35.146 0.0000000000
59023  41.603  -40.873  34.825 0.0000000000
59024  40.925  -41.028  34.335 0.0000000000
171127  39.393  -46.619  44.157 0.0000000000
52333  39.017  -46.384  43.547 0.0000000000
155962  34.361  -41.231  32.597 0.0000000000
59038  33.952  -41.442  31.682 0.0000000000
68644  36.163  -32.348  32.126 0.0000000000
84796  59.759  -17.338  16.971 0.0000000000
85826  59.553  -16.365  16.764 0.0000000000
86831  58.838  -15.283  16.946 0.0000000000
85827  58.564  -16.210  16.523 0.0000000000
72919  46.944  -26.862  28.496 0.0000000000
72920  46.039  -26.858  27.874 0.0000000000
150654  41.863  -25.868  28.989 0.0000000000
73946  42.095  -26.499  27.227 0.0000000000
73947  41.013  -26.370  27.363 0.0000000000
170104  40.636  -26.664  26.757 0.0000000000
72909  48.071  -27.181  29.036 0.0000000000
157007  47.350  -26.897  28.883 0.0000000000
71869  47.259  -27.238  28.329 0.0000000000
52487  22.446  -47.296  35.258 0.0000000000
175420  22.048  -47.688  34.735 0.0000000000
50225  21.559  -47.916  34.624 0.0000000000
50226  20.816  -48.422  33.759 0.0000000000
50208  21.243  -47.998  34.678 0.0000000000
152554  32.548  -42.645  42.391 0.0000000000
56890  33.709  -42.960  42.458 0.0000000000
59922  30.255  -39.091  36.882 0.0000000000
59945  29.585  -38.625  35.283 0.0000000000
62074  38.156  -39.079  28.596 0.0000000000
81898  53.309  -19.177  23.852 0.0000000000
82908  55.497  -18.008  19.054 0.0000000000
56873  27.889  -42.622  43.584 0.0000000000
56881  27.293  -42.618  43.001 0.0000000000
56862  27.482  -42.575  44.332 0.0000000000
177289  28.712  -42.862  43.599 0.0000000000
56880  28.422  -42.683  42.950 0.0000000000
77867  51.179  -23.172  26.505 0.0000000000
78868  52.600  -21.732  26.875 0.0000000000
79956  52.330  -20.847  26.235 0.0000000000
55788  22.889  -43.998  42.180 0.0000000000
172410  22.497  -44.996  41.002 0.0000000000
54615  22.555  -44.930  41.729 0.0000000000
172636  18.124  -48.286  39.753 0.0000000000
50159  18.824  -48.530  39.297 0.0000000000
51262  18.171  -48.108  39.039 0.0000000000
51285  17.970  -48.160  38.312 0.0000000000
46370  15.074  -51.195  42.903 0.0000000000
45278  14.128  -52.601  37.959 0.0000000000
46425  14.358  -51.942  38.531 0.0000000000
65320  39.393  -36.627  35.100 0.0000000000
66471  38.843  -36.211  34.559 0.0000000000
65325  39.114  -36.515  34.123 0.0000000000
65339  38.990  -36.513  33.671 0.0000000000
64244  39.280  -36.836  33.533 0.0000000000
58044  38.033  -41.549  31.429 0.0000000000
59057  38.396  -40.798  30.631 0.0000000000
59076  37.777  -41.391  29.322 0.0000000000
162120  35.617  -43.467  38.835 0.0000000000
54646  36.336  -44.686  38.304 0.0000000000
178862  35.585  -44.022  37.804 0.0000000000
52528  35.998  -46.393  33.389 0.0000000000
52512  36.556  -46.743  33.963 0.0000000000
53644  36.580  -46.756  33.225 0.0000000000
54728  37.947  -46.162  33.080 0.0000000000
53664  37.147  -46.453  32.814 0.0000000000
54751  37.636  -45.840  32.441 0.0000000000
53680  36.895  -46.261  32.291 0.0000000000
71800  40.852  -28.644  34.527 0.0000000000
71816  40.510  -28.305  33.853 0.0000000000
74892  46.692  -25.553  30.976 0.0000000000
73912  46.619  -25.701  29.864 0.0000000000
74885  43.990  -25.428  31.644 0.0000000000
74895  43.123  -25.426  30.494 0.0000000000
74886  43.107  -25.557  31.506 0.0000000000
72875  49.651  -26.990  33.091 0.0000000000
73896  47.496  -25.867  31.307 0.0000000000
55843  22.641  -43.611  36.580 0.0000000000
55856  22.690  -44.182  35.658 0.0000000000
54682  22.662  -44.579  36.424 0.0000000000
155188  22.662  -45.281  36.626 0.0000000000
54666  22.623  -44.596  37.130 0.0000000000
158897  30.216  -41.782  40.110 0.0000000000
56930  30.280  -41.357  39.577 0.0000000000
56931  29.688  -41.654  39.499 0.0000000000
57966  27.668  -40.635  37.553 0.0000000000
151699  28.785  -40.772  38.174 0.0000000000
58987  28.259  -40.277  37.221 0.0000000000
59000  27.865  -40.070  36.308 0.0000000000
57983  24.691  -41.688  35.609 0.0000000000
57982  25.618  -41.058  35.286 0.0000000000
73003  49.284  -26.562  25.691 0.0000000000
74966  48.538  -25.891  25.625 0.0000000000
153694  49.016  -24.812  25.834 0.0000000000
150503  49.109  -24.016  25.673 0.0000000000
150583  49.856  -23.828  25.798 0.0000000000
77882  49.212  -23.034  25.754 0.0000000000
77883  48.299  -23.254  25.563 0.0000000000
77885  45.659  -22.923  24.605 0.0000000000
78886  46.521  -22.536  24.913 0.0000000000
77893  45.779  -22.308  23.951 0.0000000000
157060  22.125  -45.951  43.896 0.0000000000
52349  22.647  -47.392  42.712 0.0000000000
52336  22.820  -47.740  43.658 0.0000000000
48837  21.405  -48.807  41.787 0.0000000000
48863  20.266  -49.205  41.762 0.0000000000
150985  19.757  -49.239  41.368 0.0000000000
48886  18.731  -48.936  41.472 0.0000000000
45231  13.678  -52.998  42.471 0.0000000000
45237  14.014  -52.552  41.937 0.0000000000
44120  12.823  -54.360  39.332 0.0000000000
159649  13.446  -53.794  40.097 0.0000000000
44118  13.372  -53.864  39.091 0.0000000000
45279  13.764  -53.257  38.464 0.0000000000
44146  11.486  -54.384  36.726 0.0000000000
42946  8.803  -55.493  38.674 0.0000000000
63120  41.387  -38.310  35.716 0.0000000000
64202  40.957  -37.815  36.239 0.0000000000
63121  41.004  -37.893  35.357 0.0000000000
64215  40.484  -37.496  35.338 0.0000000000
63137  41.049  -37.995  34.897 0.0000000000
63155  40.575  -38.147  33.632 0.0000000000
60927  41.354  -39.486  33.559 0.0000000000
59037  39.653  -40.961  33.240 0.0000000000
59045  39.984  -40.466  32.888 0.0000000000
58028  38.610  -41.455  32.364 0.0000000000
57980  34.939  -41.871  35.689 0.0000000000
158586  35.031  -42.094  34.898 0.0000000000
57001  34.628  -42.645  33.185 0.0000000000
151769  34.786  -42.745  33.575 0.0000000000
55885  34.628  -43.428  33.309 0.0000000000
54729  35.138  -44.028  33.244 0.0000000000
153011  34.232  -44.353  33.023 0.0000000000
53668  34.041  -44.960  32.601 0.0000000000
55902  33.767  -43.959  32.213 0.0000000000
55928  33.327  -44.610  30.610 0.0000000000
70704  38.460  -29.787  33.375 0.0000000000
70705  37.601  -30.123  32.785 0.0000000000
69664  36.319  -30.865  31.487 0.0000000000
70714  36.153  -30.579  30.532 0.0000000000
88763  57.266  -13.308  17.539 0.0000000000
89687  57.680  -12.344  18.033 0.0000000000
89688  56.884  -11.584  17.745 0.0000000000
88764  56.632  -12.475  17.369 0.0000000000
73006  45.050  -27.146  24.913 0.0000000000
71974  44.896  -27.598  25.149 0.0000000000
71928  44.145  -28.614  25.725 0.0000000000
155523  44.094  -28.416  25.147 0.0000000000
177305  43.711  -28.482  25.287 0.0000000000
71952  43.226  -28.339  24.740 0.0000000000
73924  45.066  -25.664  28.997 0.0000000000
73934  44.645  -26.294  28.015 0.0000000000
72961  42.572  -27.704  26.180 0.0000000000
172420  42.313  -28.312  25.198 0.0000000000
151264  42.381  -28.354  24.557 0.0000000000
73908  49.464  -26.887  31.263 0.0000000000
178072  50.391  -27.482  31.255 0.0000000000
72898  49.383  -27.199  30.166 0.0000000000
71867  49.071  -27.777  28.503 0.0000000000
71858  49.380  -27.908  28.815 0.0000000000
71866  49.662  -28.589  28.629 0.0000000000
69683  50.037  -29.307  27.728 0.0000000000
70752  49.469  -28.882  27.869 0.0000000000
70817  49.090  -27.802  26.539 0.0000000000
156410  48.310  -27.881  26.946 0.0000000000
70819  46.143  -27.604  26.104 0.0000000000
170542  47.138  -27.175  26.101 0.0000000000
71973  45.720  -27.197  25.382 0.0000000000
73005  45.929  -26.728  25.127 0.0000000000
54589  35.849  -45.558  43.693 0.0000000000
54599  36.258  -45.236  42.970 0.0000000000
54600  35.643  -44.568  42.711 0.0000000000
56904  34.563  -42.355  41.315 0.0000000000
55781  35.704  -43.518  41.708 0.0000000000
56903  35.423  -42.645  40.670 0.0000000000
57925  34.802  -41.939  39.672 0.0000000000
178676  31.351  -41.186  39.574 0.0000000000
57926  32.189  -41.215  39.822 0.0000000000
58961  31.852  -40.800  39.191 0.0000000000
151297  32.227  -39.378  37.606 0.0000000000
59902  33.321  -40.439  38.525 0.0000000000
59908  33.672  -40.485  37.701 0.0000000000
58970  34.013  -40.933  38.223 0.0000000000
169330  34.072  -40.781  36.819 0.0000000000
60902  32.527  -38.656  35.208 0.0000000000
59932  33.276  -39.188  35.642 0.0000000000
60928  32.408  -38.602  33.157 0.0000000000
164249  26.939  -40.465  34.368 0.0000000000
59947  27.819  -39.859  34.431 0.0000000000
81888  55.741  -18.813  25.961 0.0000000000
82875  55.290  -18.397  23.980 0.0000000000
82874  56.042  -18.182  24.164 0.0000000000
177886  56.381  -17.862  23.898 0.0000000000
151598  56.748  -17.556  23.492 0.0000000000
82891  53.218  -17.955  21.709 0.0000000000
82882  53.471  -18.306  22.661 0.0000000000
83809  55.416  -17.501  20.902 0.0000000000
83802  54.698  -17.544  21.517 0.0000000000
159094  56.261  -17.465  21.198 0.0000000000
83808  56.864  -17.467  20.624 0.0000000000
82907  56.992  -18.184  18.716 0.0000000000
82931  57.555  -18.666  17.155 0.0000000000
56923  26.432  -41.560  40.420 0.0000000000
57919  25.160  -41.472  40.093 0.0000000000
56910  26.182  -41.760  41.289 0.0000000000
176041  25.498  -42.538  42.712 0.0000000000
56895  24.314  -42.724  42.545 0.0000000000
56883  24.580  -42.806  43.184 0.0000000000
55746  24.427  -42.839  44.874 0.0000000000
55747  23.570  -43.291  44.261 0.0000000000
160689  23.407  -43.353  45.059 0.0000000000
55748  22.630  -43.986  44.423 0.0000000000
53487  36.581  -46.258  44.880 0.0000000000
54592  33.201  -44.025  43.830 0.0000000000
55754  30.589  -42.909  43.463 0.0000000000
54603  31.146  -42.815  43.177 0.0000000000
54602  31.706  -42.704  43.037 0.0000000000
55784  30.631  -42.752  42.222 0.0000000000
55796  30.704  -42.424  41.690 0.0000000000
55797  30.183  -42.713  41.868 0.0000000000
156966  27.929  -42.172  41.726 0.0000000000
158212  28.243  -42.193  40.968 0.0000000000
57928  26.988  -41.397  39.630 0.0000000000
80976  53.165  -20.108  25.719 0.0000000000
80981  53.090  -19.835  24.943 0.0000000000
78882  49.991  -21.576  25.516 0.0000000000
79967  49.932  -20.752  24.842 0.0000000000
80990  49.040  -20.061  23.658 0.0000000000
80985  49.825  -20.110  24.129 0.0000000000
80989  50.395  -19.770  23.850 0.0000000000
163998  50.669  -19.346  23.224 0.0000000000
162881  22.672  -45.638  39.565 0.0000000000
54635  22.661  -44.944  38.861 0.0000000000
53552  22.617  -45.749  38.821 0.0000000000
166480  22.464  -46.165  38.446 0.0000000000
51233  22.273  -48.029  41.490 0.0000000000
52389  22.133  -47.240  40.891 0.0000000000
50106  21.663  -48.221  40.249 0.0000000000
50176  20.252  -48.585  37.997 0.0000000000
150722  21.477  -48.407  38.623 0.0000000000
50175  20.832  -48.385  37.373 0.0000000000
50194  20.625  -48.158  36.497 0.0000000000
51316  19.778  -48.045  35.958 0.0000000000
159752  18.862  -48.091  36.058 0.0000000000
50196  17.065  -48.966  36.214 0.0000000000
50213  16.681  -49.450  35.639 0.0000000000
48867  16.426  -49.899  42.147 0.0000000000
48866  17.138  -49.185  41.822 0.0000000000
50092  17.813  -48.767  41.456 0.0000000000
47589  14.971  -51.292  41.024 0.0000000000
48923  15.956  -49.729  38.197 0.0000000000
47618  15.292  -50.489  37.620 0.0000000000
41713  7.902  -56.599  40.441 0.0000000000
40525  7.093  -57.091  40.247 0.0000000000
41727  7.491  -56.792  39.611 0.0000000000
71784  41.900  -28.632  35.542 0.0000000000
70694  40.085  -29.871  35.318 0.0000000000
68601  38.498  -31.758  35.360 0.0000000000
69649  38.224  -31.475  34.615 0.0000000000
68618  37.564  -32.049  34.119 0.0000000000
67521  38.558  -33.648  36.557 0.0000000000
66456  37.875  -34.670  34.586 0.0000000000
67588  37.302  -34.008  33.597 0.0000000000
66510  37.440  -35.315  32.638 0.0000000000
64258  38.554  -36.848  32.395 0.0000000000
64259  37.995  -36.667  31.984 0.0000000000
63166  38.479  -37.674  31.240 0.0000000000
63184  38.129  -38.124  30.340 0.0000000000
60945  40.190  -38.998  32.424 0.0000000000
62051  39.744  -38.391  32.360 0.0000000000
60963  39.618  -38.918  31.722 0.0000000000
60009  38.722  -40.304  29.743 0.0000000000
60008  39.087  -39.841  30.489 0.0000000000
60024  38.776  -39.881  29.553 0.0000000000
60026  38.650  -40.679  27.688 0.0000000000
59092  37.406  -41.711  27.778 0.0000000000
59100  37.718  -41.620  27.073 0.0000000000
58101  37.461  -42.880  26.629 0.0000000000
53516  37.010  -45.420  41.253 0.0000000000
53515  37.760  -45.661  41.617 0.0000000000
53531  37.588  -45.744  40.605 0.0000000000
52403  37.490  -45.937  38.437 0.0000000000
52402  37.608  -46.135  39.170 0.0000000000
173523  37.761  -46.320  38.691 0.0000000000
155373  39.010  -46.590  38.934 0.0000000000
52446  37.986  -46.949  37.844 0.0000000000
55850  36.040  -43.634  36.035 0.0000000000
53585  36.151  -44.461  36.936 0.0000000000
176132  36.194  -45.142  35.938 0.0000000000
52496  37.491  -47.038  35.300 0.0000000000
52480  36.970  -46.742  35.872 0.0000000000
52479  37.779  -47.138  36.165 0.0000000000
52462  39.145  -47.071  36.599 0.0000000000
153756  40.137  -46.090  35.874 0.0000000000
156477  39.422  -46.478  35.411 0.0000000000
54708  39.426  -44.622  35.017 0.0000000000
55884  39.259  -43.681  34.912 0.0000000000
55883  39.887  -43.251  35.515 0.0000000000
55899  38.809  -43.304  34.097 0.0000000000
55912  37.827  -43.662  32.736 0.0000000000
57031  37.528  -43.408  31.895 0.0000000000
55925  37.557  -43.974  31.201 0.0000000000
53692  35.084  -46.148  31.009 0.0000000000
54766  35.866  -46.176  31.140 0.0000000000
54780  35.540  -46.117  30.387 0.0000000000
55941  36.322  -44.845  29.320 0.0000000000
57044  37.122  -43.635  30.469 0.0000000000
57060  36.820  -43.273  29.586 0.0000000000
57079  36.318  -43.627  27.775 0.0000000000
72876  43.854  -26.604  34.093 0.0000000000
72877  42.908  -27.110  34.114 0.0000000000
72889  40.581  -27.076  32.691 0.0000000000
73887  41.471  -26.777  32.995 0.0000000000
73900  41.205  -26.471  31.948 0.0000000000
73915  40.154  -26.575  30.618 0.0000000000
71830  38.556  -28.496  32.306 0.0000000000
72892  38.386  -28.216  31.332 0.0000000000
72900  38.765  -27.331  29.853 0.0000000000
72911  38.682  -27.205  28.860 0.0000000000
73929  39.477  -26.661  29.207 0.0000000000
72923  38.694  -27.230  27.877 0.0000000000
93488  58.776  -7.792  17.054 0.0000000000
93495  58.854  -7.660  16.178 0.0000000000
169275  59.650  -7.059  15.742 0.0000000000
84804  57.469  -16.942  16.004 0.0000000000
74884  45.802  -25.417  31.854 0.0000000000
74878  45.687  -25.487  32.926 0.0000000000
180739  45.021  -25.469  32.572 0.0000000000
73897  44.175  -25.631  32.634 0.0000000000
56973  23.129  -43.033  35.459 0.0000000000
160571  23.044  -42.808  37.289 0.0000000000
56933  28.095  -41.687  39.540 0.0000000000
57938  28.711  -41.397  38.929 0.0000000000
57952  26.927  -41.003  37.882 0.0000000000
57967  26.614  -40.673  37.010 0.0000000000
76891  44.627  -23.962  23.534 0.0000000000
74967  47.283  -25.833  25.416 0.0000000000
74956  47.789  -25.686  25.542 0.0000000000
75918  46.944  -25.266  25.482 0.0000000000
76882  47.132  -24.383  25.478 0.0000000000
77884  47.308  -23.428  25.414 0.0000000000
77886  45.334  -23.719  24.602 0.0000000000
52326  22.165  -47.103  44.820 0.0000000000
51201  22.761  -47.728  43.660 0.0000000000
160449  21.861  -48.084  43.113 0.0000000000
44132  12.273  -54.424  38.565 0.0000000000
44134  10.754  -54.418  38.119 0.0000000000
42932  10.074  -55.009  39.511 0.0000000000
61999  42.278  -39.160  36.255 0.0000000000
156010  41.929  -38.945  35.713 0.0000000000
60912  42.021  -39.765  34.001 0.0000000000
59965  41.512  -40.021  33.568 0.0000000000
59035  41.250  -40.501  33.921 0.0000000000
59036  40.375  -40.835  33.675 0.0000000000
58014  39.646  -41.452  33.803 0.0000000000
59010  34.649  -40.955  34.571 0.0000000000
59025  34.585  -41.079  33.587 0.0000000000
58005  34.677  -41.948  33.134 0.0000000000
57032  33.816  -43.201  31.909 0.0000000000
58030  33.792  -42.342  31.340 0.0000000000
58046  33.360  -42.404  30.211 0.0000000000
69658  37.155  -31.122  32.835 0.0000000000
69661  36.526  -31.436  32.254 0.0000000000
69662  36.026  -31.643  31.672 0.0000000000
83834  59.608  -17.607  18.383 0.0000000000
84790  60.067  -17.297  17.775 0.0000000000
88759  58.764  -12.580  18.452 0.0000000000
88761  58.916  -13.626  18.193 0.0000000000
87819  58.205  -14.143  17.510 0.0000000000
86832  57.763  -14.766  16.950 0.0000000000
70777  45.572  -27.970  26.547 0.0000000000
71951  44.800  -28.109  25.409 0.0000000000
71908  45.296  -27.857  26.701 0.0000000000
71889  44.967  -27.648  26.790 0.0000000000
165736  44.484  -28.319  26.252 0.0000000000
73935  43.561  -26.203  27.890 0.0000000000
73936  42.499  -26.073  27.911 0.0000000000
72899  48.517  -26.882  29.791 0.0000000000
71859  48.502  -27.286  28.898 0.0000000000
70733  48.549  -27.768  28.261 0.0000000000
70775  47.777  -27.891  27.778 0.0000000000
71886  47.710  -27.721  28.049 0.0000000000
70776  46.174  -27.702  26.903 0.0000000000
53634  22.686  -46.415  34.461 0.0000000000
50227  19.980  -48.659  33.641 0.0000000000
50228  19.048  -48.548  34.168 0.0000000000
154971  34.610  -44.231  43.143 0.0000000000
55764  35.279  -43.799  42.530 0.0000000000
180630  34.395  -42.715  41.952 0.0000000000
57917  33.793  -42.003  40.927 0.0000000000
58971  31.485  -40.279  38.770 0.0000000000
58984  31.230  -39.695  38.201 0.0000000000
59921  31.148  -39.103  37.410 0.0000000000
173510  31.973  -38.904  36.885 0.0000000000
59920  32.905  -39.259  36.618 0.0000000000
60895  31.668  -38.599  35.670 0.0000000000
60903  31.574  -38.416  34.919 0.0000000000
60914  31.486  -38.366  33.920 0.0000000000
60904  30.494  -38.435  34.659 0.0000000000
60905  29.455  -38.619  34.309 0.0000000000
64292  37.259  -37.528  30.309 0.0000000000
81892  55.020  -19.272  24.807 0.0000000000
82866  55.551  -18.833  25.068 0.0000000000
82873  54.770  -18.906  24.341 0.0000000000
82876  54.514  -18.582  23.742 0.0000000000
83803  53.866  -17.613  21.147 0.0000000000
83811  53.763  -17.598  20.175 0.0000000000
83822  55.295  -17.688  19.893 0.0000000000
156412  56.070  -18.335  18.501 0.0000000000
56893  26.930  -42.063  41.899 0.0000000000
56882  26.618  -42.434  42.565 0.0000000000
173843  26.427  -42.692  43.055 0.0000000000
55769  29.959  -42.897  43.046 0.0000000000
56892  29.446  -42.712  41.934 0.0000000000
55786  29.326  -42.840  42.613 0.0000000000
79955  53.105  -20.669  26.582 0.0000000000
79964  51.898  -20.536  25.619 0.0000000000
56911  23.582  -42.766  41.034 0.0000000000
55798  23.024  -43.904  40.287 0.0000000000
160044  22.684  -44.656  40.513 0.0000000000
48904  20.789  -49.093  39.854 0.0000000000
48902  21.200  -48.840  39.880 0.0000000000
50131  20.298  -49.083  39.414 0.0000000000
50158  19.650  -48.735  38.757 0.0000000000
51283  19.381  -48.326  37.771 0.0000000000
51317  18.319  -48.195  36.651 0.0000000000
51303  17.780  -48.311  37.345 0.0000000000
50177  17.122  -48.745  37.051 0.0000000000
47556  16.506  -50.160  43.022 0.0000000000
46409  14.171  -51.849  39.560 0.0000000000
47619  14.564  -51.103  38.078 0.0000000000
69647  39.805  -30.659  35.372 0.0000000000
69643  40.063  -30.866  36.015 0.0000000000
69644  39.352  -31.313  35.692 0.0000000000
68586  38.756  -32.054  36.141 0.0000000000
65303  39.957  -36.879  36.269 0.0000000000
65304  39.427  -36.016  36.773 0.0000000000
66436  38.892  -35.450  36.289 0.0000000000
66445  38.421  -34.719  35.864 0.0000000000
66455  38.327  -35.311  34.967 0.0000000000
66472  38.306  -35.555  34.206 0.0000000000
66491  38.192  -35.680  33.588 0.0000000000
65341  37.990  -35.830  33.027 0.0000000000
65340  38.533  -36.221  33.345 0.0000000000
64274  38.764  -37.303  32.063 0.0000000000
59978  39.546  -40.254  32.022 0.0000000000
59988  39.502  -39.865  31.428 0.0000000000
59075  38.232  -40.893  29.498 0.0000000000
58081  37.422  -41.739  28.778 0.0000000000
58082  37.012  -42.265  28.113 0.0000000000
54623  36.382  -44.811  40.279 0.0000000000
53532  36.902  -45.485  40.157 0.0000000000
53533  36.651  -45.269  39.416 0.0000000000
53549  36.767  -45.199  38.597 0.0000000000
176681  37.243  -45.377  37.686 0.0000000000
53631  35.856  -44.641  34.747 0.0000000000
52500  36.085  -45.278  35.211 0.0000000000
52499  36.098  -45.666  34.671 0.0000000000
176872  36.734  -46.804  34.541 0.0000000000
53630  38.185  -46.868  34.744 0.0000000000
53629  39.021  -46.244  34.536 0.0000000000
176381  38.887  -45.953  33.905 0.0000000000
157315  38.560  -45.642  33.524 0.0000000000
54749  38.622  -44.849  33.461 0.0000000000
55900  38.244  -43.964  33.534 0.0000000000
54763  37.951  -45.108  32.097 0.0000000000
55914  37.477  -44.765  31.456 0.0000000000
54792  34.458  -45.820  29.063 0.0000000000
54791  35.315  -45.972  29.409 0.0000000000
55954  36.084  -44.549  28.223 0.0000000000
55969  35.979  -44.320  27.195 0.0000000000
55970  35.708  -45.000  26.924 0.0000000000
72867  42.176  -27.816  34.500 0.0000000000
154426  40.948  -27.575  33.505 0.0000000000
72890  39.796  -27.420  32.290 0.0000000000
71847  37.212  -29.186  30.483 0.0000000000
71860  37.683  -28.564  29.951 0.0000000000
91565  57.339  -9.793  17.850 0.0000000000
73922  47.143  -26.427  29.145 0.0000000000
73923  46.266  -26.012  28.997 0.0000000000
73913  45.761  -25.554  29.753 0.0000000000
74894  44.780  -25.357  30.473 0.0000000000
74902  43.962  -25.327  29.756 0.0000000000
74903  43.069  -25.460  29.510 0.0000000000
174297  42.317  -25.578  29.451 0.0000000000
73893  49.539  -26.838  32.274 0.0000000000
73881  48.336  -26.210  32.616 0.0000000000
73910  48.044  -26.461  30.497 0.0000000000
173352  22.562  -45.832  34.952 0.0000000000
54700  22.515  -45.609  35.715 0.0000000000
169025  22.584  -47.006  35.567 0.0000000000
51333  22.437  -47.302  36.018 0.0000000000
55795  31.326  -42.151  41.565 0.0000000000
156932  31.844  -41.880  41.243 0.0000000000
56906  31.294  -41.684  40.776 0.0000000000
57936  30.815  -41.237  39.628 0.0000000000
155517  30.323  -40.833  39.206 0.0000000000
57951  29.716  -40.590  38.472 0.0000000000
58972  29.843  -40.238  37.941 0.0000000000
58986  29.541  -39.737  37.257 0.0000000000
59935  28.297  -39.702  35.836 0.0000000000
59011  27.505  -40.099  35.353 0.0000000000
59002  26.633  -40.591  35.273 0.0000000000
57981  26.451  -40.634  36.089 0.0000000000
81904  52.089  -18.735  22.818 0.0000000000
82883  52.662  -18.379  22.252 0.0000000000
55745  28.155  -42.432  45.080 0.0000000000
55733  28.837  -42.585  45.865 0.0000000000
74953  50.893  -25.918  26.094 0.0000000000
152491  50.821  -25.607  26.145 0.0000000000
74955  48.980  -25.465  25.792 0.0000000000
75916  49.779  -25.034  25.939 0.0000000000
76878  50.675  -24.527  26.168 0.0000000000
162941  50.794  -23.781  26.298 0.0000000000
77880  50.696  -22.920  26.243 0.0000000000
78870  51.189  -22.098  26.290 0.0000000000
78883  49.369  -22.123  25.565 0.0000000000
156834  47.539  -22.605  25.260 0.0000000000
78885  47.327  -21.872  24.798 0.0000000000
53506  22.635  -45.749  42.204 0.0000000000
174093  22.545  -46.448  42.681 0.0000000000
52366  22.459  -47.413  41.757 0.0000000000
50080  22.428  -48.347  41.892 0.0000000000
158449  22.850  -48.560  42.632 0.0000000000
50081  22.069  -48.492  42.230 0.0000000000
48861  21.417  -48.957  41.045 0.0000000000
48905  20.176  -49.217  40.349 0.0000000000
50108  19.227  -49.066  40.587 0.0000000000
163725  14.524  -51.877  42.388 0.0000000000
172395  13.742  -53.264  40.293 0.0000000000
45264  13.938  -52.631  39.977 0.0000000000
44144  13.073  -53.997  36.829 0.0000000000
64203  40.575  -37.338  36.699 0.0000000000
65319  39.868  -37.032  34.967 0.0000000000
64234  40.035  -37.248  34.629 0.0000000000
64243  39.789  -37.189  34.065 0.0000000000
63149  40.168  -37.599  33.848 0.0000000000
62045  40.382  -38.518  33.021 0.0000000000
160811  40.374  -39.527  32.644 0.0000000000
59977  40.222  -39.965  32.539 0.0000000000
56959  35.512  -42.817  36.990 0.0000000000
151232  35.659  -43.673  37.467 0.0000000000
55842  35.743  -42.786  36.149 0.0000000000
55851  35.789  -42.914  35.357 0.0000000000
56982  35.108  -42.485  34.290 0.0000000000
55864  35.318  -42.846  34.458 0.0000000000
54710  35.622  -43.984  34.285 0.0000000000
53645  35.535  -44.393  33.869 0.0000000000
52530  35.578  -44.885  33.539 0.0000000000
53667  35.320  -45.088  32.835 0.0000000000
53681  36.244  -46.247  31.919 0.0000000000
154675  35.212  -45.431  32.265 0.0000000000
53683  34.798  -45.624  31.782 0.0000000000
53693  34.194  -45.984  31.045 0.0000000000
55915  33.589  -43.858  31.310 0.0000000000
178395  33.505  -45.249  30.305 0.0000000000
54781  33.816  -45.707  30.005 0.0000000000
71817  39.712  -28.619  33.496 0.0000000000
71819  38.133  -29.287  32.600 0.0000000000
71831  37.936  -28.905  31.737 0.0000000000
71832  37.444  -29.256  31.242 0.0000000000
161170  36.577  -29.786  30.063 0.0000000000
91560  58.482  -9.493  18.849 0.0000000000
89684  58.283  -11.812  18.484 0.0000000000
168769  58.254  -11.157  18.637 0.0000000000
90628  57.733  -10.554  18.466 0.0000000000
90631  56.501  -10.993  17.162 0.0000000000
74969  44.928  -26.343  24.613 0.0000000000
74970  44.060  -26.039  23.652 0.0000000000
151398  44.434  -26.600  24.294 0.0000000000
74005  44.355  -27.050  24.395 0.0000000000
71975  44.240  -28.057  24.692 0.0000000000
157006  45.240  -26.854  27.494 0.0000000000
72938  44.693  -27.316  26.965 0.0000000000
180743  44.068  -27.898  26.499 0.0000000000
72922  43.222  -26.819  27.152 0.0000000000
171802  43.309  -28.031  26.203 0.0000000000
71929  43.198  -28.402  25.374 0.0000000000
72907  49.696  -27.876  29.487 0.0000000000
71845  50.368  -28.316  29.775 0.0000000000
71946  50.094  -27.753  26.234 0.0000000000
166629  49.270  -27.458  26.075 0.0000000000
73004  48.031  -26.678  25.653 0.0000000000
70818  47.957  -27.446  26.408 0.0000000000
71948  47.408  -27.116  26.006 0.0000000000
74003  46.943  -26.388  25.527 0.0000000000
178666  46.190  -26.479  25.162 0.0000000000
167510  45.745  -26.535  24.932 0.0000000000
53494  37.540  -45.987  43.542 0.0000000000
53503  38.421  -46.020  43.057 0.0000000000
152958  37.083  -45.575  42.999 0.0000000000
53505  37.046  -45.438  42.222 0.0000000000
54614  36.058  -44.429  41.621 0.0000000000
55793  35.997  -44.213  39.978 0.0000000000
56929  35.027  -42.775  38.730 0.0000000000
56919  31.994  -41.685  40.592 0.0000000000
57918  33.134  -41.444  40.428 0.0000000000
58950  33.756  -41.112  39.896 0.0000000000
59903  32.434  -40.277  38.690 0.0000000000
58960  32.824  -40.674  39.214 0.0000000000
58958  34.353  -41.357  39.468 0.0000000000
58969  34.410  -41.397  38.633 0.0000000000
57949  34.866  -42.102  38.138 0.0000000000
56945  35.032  -42.016  37.218 0.0000000000
58998  34.603  -41.193  35.979 0.0000000000
169021  34.502  -40.813  35.395 0.0000000000
59931  34.076  -39.991  35.082 0.0000000000
59943  34.041  -40.098  34.086 0.0000000000
59968  33.142  -39.316  32.276 0.0000000000
66512  36.261  -34.108  32.031 0.0000000000
83791  57.403  -17.249  22.468 0.0000000000
82881  54.258  -18.229  22.979 0.0000000000
83793  54.860  -17.713  22.436 0.0000000000
83792  55.702  -17.604  22.732 0.0000000000
158952  56.417  -17.428  22.104 0.0000000000
83799  58.005  -17.138  21.288 0.0000000000
83807  57.654  -17.381  20.482 0.0000000000
83820  58.138  -17.617  19.536 0.0000000000
170890  57.751  -17.950  18.867 0.0000000000
82918  58.650  -17.910  18.375 0.0000000000
83842  58.977  -17.852  16.938 0.0000000000
83843  58.035  -18.329  16.809 0.0000000000
57940  24.977  -41.330  39.246 0.0000000000
160387  24.252  -41.900  40.543 0.0000000000
55787  23.461  -43.061  41.954 0.0000000000
55771  22.919  -43.970  42.956 0.0000000000
56863  26.453  -42.681  44.403 0.0000000000
56864  25.452  -42.707  44.587 0.0000000000
55736  25.277  -42.602  45.481 0.0000000000
56876  24.601  -42.835  43.996 0.0000000000
55757  23.648  -43.270  43.470 0.0000000000
172945  22.514  -44.634  43.195 0.0000000000
159097  22.309  -44.837  43.790 0.0000000000
157439  21.943  -46.180  44.702 0.0000000000
54575  22.101  -45.262  45.425 0.0000000000
52323  38.710  -46.494  44.597 0.0000000000
52324  37.624  -46.290  44.597 0.0000000000
149390  36.130  -45.988  44.233 0.0000000000
53496  35.147  -45.813  44.152 0.0000000000
168877  33.600  -43.808  43.395 0.0000000000
55766  33.195  -43.031  43.044 0.0000000000
172627  32.258  -42.939  43.558 0.0000000000
161044  31.743  -42.610  42.511 0.0000000000
158898  31.730  -42.490  42.077 0.0000000000
56908  30.118  -42.310  41.259 0.0000000000
56920  29.739  -42.053  40.302 0.0000000000
155506  29.281  -42.328  41.128 0.0000000000
56921  28.685  -42.082  40.242 0.0000000000
81877  55.423  -19.367  26.499 0.0000000000
81890  54.553  -19.586  25.279 0.0000000000
81893  54.378  -19.393  24.673 0.0000000000
81894  53.614  -19.470  24.486 0.0000000000
81899  52.516  -19.203  23.650 0.0000000000
79965  51.231  -21.106  25.815 0.0000000000
80983  51.434  -20.294  24.929 0.0000000000
80984  50.599  -20.264  24.539 0.0000000000
80987  52.021  -19.654  24.221 0.0000000000
56934  23.887  -41.955  38.722 0.0000000000
152406  22.994  -42.853  38.199 0.0000000000
55818  22.672  -43.881  38.539 0.0000000000
55809  22.907  -43.940  39.425 0.0000000000
54648  22.603  -44.717  37.941 0.0000000000
168567  22.663  -45.218  37.407 0.0000000000
52453  22.291  -46.549  36.935 0.0000000000
51315  22.249  -47.637  36.537 0.0000000000
53517  22.738  -45.867  41.267 0.0000000000
53535  22.541  -46.329  40.378 0.0000000000
51260  21.791  -47.199  39.300 0.0000000000
50155  21.448  -48.459  39.340 0.0000000000
51261  21.733  -47.832  39.374 0.0000000000
51281  21.892  -47.467  38.440 0.0000000000
175479  22.111  -47.791  37.745 0.0000000000
50192  21.824  -48.075  36.744 0.0000000000
167999  21.503  -48.014  35.755 0.0000000000
50209  20.792  -48.028  35.495 0.0000000000
50210  19.885  -48.080  34.720 0.0000000000
51336  18.181  -48.290  35.705 0.0000000000
50211  18.189  -48.635  34.714 0.0000000000
48864  19.071  -48.987  42.244 0.0000000000
171320  17.492  -48.513  40.051 0.0000000000
47574  15.077  -51.252  41.939 0.0000000000
47573  15.706  -50.553  41.423 0.0000000000
161712  14.745  -51.181  40.149 0.0000000000
174836  15.338  -50.736  40.634 0.0000000000
174322  15.882  -50.240  40.676 0.0000000000
166139  16.261  -49.543  40.294 0.0000000000
50134  16.786  -48.854  39.757 0.0000000000
50161  16.632  -48.934  38.706 0.0000000000
50178  16.537  -49.135  37.636 0.0000000000
47633  15.471  -50.656  36.553 0.0000000000
48947  16.022  -50.085  35.931 0.0000000000
41725  8.800  -55.689  39.674 0.0000000000
41737  7.501  -56.810  38.616 0.0000000000
73877  44.697  -26.546  34.355 0.0000000000
71799  41.639  -28.397  34.854 0.0000000000
70701  38.933  -29.918  34.181 0.0000000000
155819  38.348  -30.410  33.849 0.0000000000
69652  38.692  -30.710  34.390 0.0000000000
69654  37.342  -31.654  33.438 0.0000000000
67589  36.833  -33.517  33.046 0.0000000000
68587  38.120  -32.636  35.641 0.0000000000
67541  38.094  -33.616  35.831 0.0000000000
67560  37.711  -33.532  34.983 0.0000000000
67576  37.442  -33.102  34.222 0.0000000000
152281  36.697  -34.068  32.579 0.0000000000
66511  36.807  -34.803  32.299 0.0000000000
65358  37.053  -35.626  31.923 0.0000000000
65376  37.364  -36.380  31.558 0.0000000000
64276  37.629  -37.065  31.212 0.0000000000
63199  37.797  -38.590  29.183 0.0000000000
64256  39.546  -37.269  33.343 0.0000000000
63164  39.392  -37.908  32.250 0.0000000000
62052  39.238  -38.334  31.474 0.0000000000
60964  39.398  -39.408  31.119 0.0000000000
62060  38.875  -38.686  30.476 0.0000000000
62073  38.518  -39.048  29.626 0.0000000000
61005  38.537  -39.558  29.019 0.0000000000
61006  38.736  -39.558  27.754 0.0000000000
60034  38.944  -40.193  27.211 0.0000000000
60035  38.756  -40.782  26.856 0.0000000000
59106  38.246  -41.733  26.651 0.0000000000
56998  41.176  -42.256  35.776 0.0000000000
53514  38.588  -45.898  42.053 0.0000000000
52345  39.278  -46.133  42.039 0.0000000000
52361  39.106  -46.068  41.310 0.0000000000
53547  37.422  -45.890  39.748 0.0000000000
52381  38.879  -46.268  40.331 0.0000000000
52380  39.773  -46.418  40.199 0.0000000000
52445  40.441  -46.536  37.662 0.0000000000
54662  35.861  -44.191  37.497 0.0000000000
53584  36.596  -44.851  37.077 0.0000000000
52448  37.090  -45.833  37.012 0.0000000000
52465  36.699  -45.743  36.190 0.0000000000
52464  37.211  -46.610  36.682 0.0000000000
52447  37.453  -46.548  37.448 0.0000000000
158950  38.809  -47.083  37.319 0.0000000000
52461  39.873  -46.773  37.050 0.0000000000
53583  40.705  -46.358  37.383 0.0000000000
53614  40.827  -45.822  36.298 0.0000000000
53628  39.783  -45.568  35.150 0.0000000000
54707  40.218  -44.794  35.856 0.0000000000
55862  40.331  -43.862  36.218 0.0000000000
56999  40.244  -42.328  35.181 0.0000000000
57013  39.664  -41.999  34.420 0.0000000000
57015  38.352  -43.002  33.288 0.0000000000
57029  38.490  -42.161  32.912 0.0000000000
57042  37.575  -42.473  31.700 0.0000000000
54790  36.018  -45.674  29.798 0.0000000000
55926  37.128  -44.468  30.723 0.0000000000
58067  37.023  -42.423  29.208 0.0000000000
58083  36.671  -42.853  27.429 0.0000000000
57090  36.461  -43.580  26.882 0.0000000000
58093  36.908  -42.947  26.818 0.0000000000
73886  42.475  -26.561  33.233 0.0000000000
74888  41.753  -25.875  31.116 0.0000000000
74897  41.578  -25.683  30.069 0.0000000000
73927  40.763  -25.998  29.690 0.0000000000
72880  39.282  -28.130  32.807 0.0000000000
73902  39.610  -27.158  31.266 0.0000000000
72901  38.299  -28.077  30.368 0.0000000000
155906  38.894  -27.551  30.842 0.0000000000
73928  40.000  -26.467  29.790 0.0000000000
73938  40.250  -26.366  28.260 0.0000000000
84803  58.157  -16.767  16.346 0.0000000000
86838  57.130  -14.867  16.421 0.0000000000
86839  56.934  -15.389  15.748 0.0000000000
48883  21.276  -48.906  40.452 0.0000000000
48884  21.036  -49.114  40.726 0.0000000000
48885  20.523  -49.284  41.003 0.0000000000
48903  21.059  -49.027  40.167 0.0000000000
48921  21.227  -48.717  39.300 0.0000000000
48922  20.995  -48.980  39.603 0.0000000000
50065  21.867  -47.637  43.872 0.0000000000
50074  22.749  -48.333  43.248 0.0000000000
50090  21.886  -48.263  41.157 0.0000000000
50091  21.840  -48.584  41.463 0.0000000000
50129  21.692  -48.087  39.381 0.0000000000
50130  21.432  -48.561  40.068 0.0000000000
50154  21.822  -48.161  38.593 0.0000000000
50156  21.123  -48.696  38.841 0.0000000000
50157  20.830  -48.954  39.149 0.0000000000
50172  22.172  -47.960  37.172 0.0000000000
50174  21.382  -48.362  37.767 0.0000000000
50191  22.093  -47.856  36.426 0.0000000000
51212  23.060  -48.232  43.119 0.0000000000
51243  21.830  -47.792  40.387 0.0000000000
51282  21.910  -47.937  38.527 0.0000000000
51301  22.163  -47.569  37.107 0.0000000000
51302  18.516  -48.194  37.567 0.0000000000
51314  22.286  -47.175  36.706 0.0000000000
51334  22.188  -47.630  35.829 0.0000000000
52382  38.005  -46.090  39.998 0.0000000000
52422  40.546  -46.503  38.223 0.0000000000
52424  38.178  -46.623  38.519 0.0000000000
52426  37.375  -45.775  37.697 0.0000000000
52427  37.098  -45.311  37.285 0.0000000000
52434  22.349  -46.337  37.744 0.0000000000
52469  22.437  -46.802  36.166 0.0000000000
52478  38.804  -47.084  35.910 0.0000000000
52482  36.328  -45.524  35.586 0.0000000000
52497  37.285  -46.972  34.396 0.0000000000
52498  36.418  -46.296  34.729 0.0000000000
52513  35.859  -45.596  33.942 0.0000000000
52529  35.636  -45.551  33.279 0.0000000000
53499  22.408  -46.748  43.349 0.0000000000
53567  37.248  -45.458  38.143 0.0000000000
53568  36.863  -45.025  37.760 0.0000000000
53591  22.471  -45.839  37.185 0.0000000000
53600  40.401  -46.286  36.626 0.0000000000
53602  36.283  -44.923  36.518 0.0000000000
53621  22.499  -46.402  35.450 0.0000000000
53642  38.222  -46.436  33.892 0.0000000000
53666  35.708  -46.025  32.573 0.0000000000
53684  33.994  -45.470  31.903 0.0000000000
54591  33.885  -44.703  43.535 0.0000000000
54634  36.285  -44.831  39.252 0.0000000000
54647  35.757  -44.163  38.103 0.0000000000
54677  36.031  -44.156  36.954 0.0000000000
54692  36.048  -44.383  35.674 0.0000000000
54693  35.831  -43.574  34.922 0.0000000000
54752  33.823  -44.561  32.453 0.0000000000
54765  36.458  -46.078  31.280 0.0000000000
54779  36.255  -45.960  30.623 0.0000000000
55756  29.286  -43.015  43.985 0.0000000000
55767  32.380  -42.736  43.017 0.0000000000
55768  31.139  -42.709  42.605 0.0000000000
55785  30.038  -42.868  42.374 0.0000000000
55808  35.845  -43.369  39.816 0.0000000000
55927  36.593  -45.107  30.235 0.0000000000
56889  35.288  -42.810  41.553 0.0000000000
56905  32.709  -42.050  41.137 0.0000000000
56944  35.270  -42.887  37.754 0.0000000000
56961  23.832  -42.235  35.783 0.0000000000
57045  33.308  -43.514  30.428 0.0000000000
57916  34.178  -41.462  40.302 0.0000000000
57935  34.717  -41.888  38.944 0.0000000000
57965  34.703  -41.615  36.558 0.0000000000
58102  36.929  -43.402  26.647 0.0000000000
58962  31.029  -40.696  39.221 0.0000000000
59909  32.891  -39.917  38.059 0.0000000000
59954  42.313  -39.978  34.725 0.0000000000
59976  40.864  -39.776  33.106 0.0000000000
59987  39.901  -39.547  31.966 0.0000000000
60901  42.503  -39.579  35.419 0.0000000000
60911  42.210  -39.624  34.658 0.0000000000
62005  41.373  -38.338  35.240 0.0000000000
62017  41.867  -39.018  34.919 0.0000000000
62018  41.287  -38.417  34.593 0.0000000000
62032  41.090  -38.450  34.015 0.0000000000
62044  41.016  -38.788  33.554 0.0000000000
63106  41.202  -38.097  35.908 0.0000000000
63148  40.793  -38.043  34.149 0.0000000000
63157  39.257  -37.457  32.549 0.0000000000
63165  38.997  -37.737  31.719 0.0000000000
64214  40.837  -37.773  35.288 0.0000000000
64227  40.656  -37.699  34.870 0.0000000000
64228  40.406  -37.467  35.070 0.0000000000
64235  39.450  -36.818  34.109 0.0000000000
64245  38.829  -36.588  33.090 0.0000000000
64275  38.231  -37.210  31.633 0.0000000000
65311  39.969  -37.043  35.499 0.0000000000
66473  37.786  -34.888  33.893 0.0000000000
69698  49.734  -29.046  27.353 0.0000000000
70731  49.953  -29.077  28.443 0.0000000000
70732  49.355  -28.495  28.306 0.0000000000
70751  50.312  -29.349  28.123 0.0000000000
70754  46.800  -27.575  27.929 0.0000000000
70755  46.240  -27.501  27.292 0.0000000000
70773  49.252  -28.451  27.049 0.0000000000
70774  48.375  -28.015  27.504 0.0000000000
70778  44.893  -28.441  26.096 0.0000000000
70799  49.897  -28.313  26.574 0.0000000000
70800  47.313  -27.554  26.717 0.0000000000
70801  46.515  -27.603  26.663 0.0000000000
70802  45.754  -27.932  26.251 0.0000000000
70820  45.308  -28.118  25.852 0.0000000000
71857  49.993  -28.513  29.061 0.0000000000
71868  48.099  -27.470  28.482 0.0000000000
71887  46.751  -27.349  27.870 0.0000000000
71888  45.858  -27.309  27.295 0.0000000000
71949  46.344  -27.235  25.823 0.0000000000
72921  44.244  -26.830  27.315 0.0000000000
72939  43.321  -27.488  26.519 0.0000000000
72988  49.798  -27.155  25.915 0.0000000000
72989  48.813  -27.103  25.755 0.0000000000
72990  48.068  -27.247  25.910 0.0000000000
74001  49.178  -26.165  25.699 0.0000000000
74887  42.490  -25.641  31.144 0.0000000000
74964  50.373  -25.872  26.029 0.0000000000
74968  46.408  -26.326  25.223 0.0000000000
76879  50.240  -24.435  25.935 0.0000000000
78896  47.252  -21.366  24.078 0.0000000000
80977  52.549  -20.180  25.475 0.0000000000
83784  55.948  -17.834  23.563 0.0000000000
91561  57.909  -9.868  18.578 0.0000000000
92537  58.256  -8.445  17.589 0.0000000000
149293  50.022  -27.355  30.844 0.0000000000
150051  33.959  -43.884  33.048 0.0000000000
150269  36.838  -46.803  35.073 0.0000000000
150424  49.782  -29.143  28.106 0.0000000000
150821  49.172  -28.455  27.622 0.0000000000
151138  36.121  -44.647  36.299 0.0000000000
151822  47.105  -27.723  27.450 0.0000000000
151857  19.141  -48.139  36.838 0.0000000000
152102  30.775  -41.545  40.144 0.0000000000
152784  35.929  -44.300  35.049 0.0000000000
152818  39.768  -46.723  37.798 0.0000000000
153107  40.292  -26.210  29.057 0.0000000000
155140  39.143  -46.479  39.637 0.0000000000
156035  50.408  -23.763  26.030 0.0000000000
156365  20.782  -49.162  40.429 0.0000000000
157160  36.141  -46.142  34.176 0.0000000000
160462  22.711  -44.998  34.965 0.0000000000
160984  33.618  -44.625  31.619 0.0000000000
162126  34.623  -43.825  33.211 0.0000000000
163153  42.734  -40.161  35.436 0.0000000000
163549  33.787  -45.046  31.961 0.0000000000
163835  35.051  -43.001  33.786 0.0000000000
164860  20.872  -48.658  38.346 0.0000000000
166948  34.688  -45.134  32.358 0.0000000000
167388  39.596  -46.237  40.873 0.0000000000
167410  22.002  -46.752  38.420 0.0000000000
167781  22.397  -46.722  41.276 0.0000000000
168335  35.964  -44.166  40.867 0.0000000000
168574  39.095  -46.176  42.718 0.0000000000
168670  34.518  -41.551  37.855 0.0000000000
169972  38.215  -47.078  35.434 0.0000000000
170189  18.805  -48.742  40.008 0.0000000000
170618  36.920  -46.043  44.179 0.0000000000
170852  38.431  -47.212  36.633 0.0000000000
172267  25.428  -41.613  40.752 0.0000000000
172454  22.729  -47.702  44.256 0.0000000000
172937  40.862  -37.774  35.645 0.0000000000
174600  28.605  -42.553  42.215 0.0000000000
175928  48.036  -27.938  27.975 0.0000000000
176391  22.115  -48.048  37.934 0.0000000000
176593  12.375  -54.936  40.232 0.0000000000
176649  48.197  -27.852  26.976 0.0000000000
177868  36.430  -45.233  36.323 0.0000000000
177872  39.411  -46.373  43.050 0.0000000000
177877  56.374  -18.077  24.355 0.0000000000
178585  49.375  -25.754  25.804 0.0000000000
179891  31.684  -42.877  43.527 0.0000000000
180280  21.519  -47.920  35.249 0.0000000000
180321  45.238  -28.344  26.014 0.0000000000
180607  36.265  -45.703  35.146 0.0000000000
