#!ascii label  , from subject sub-v1s1x0050655_ses-1 vox2ras=TkReg
1272
123349  55.985  24.938  13.198 0.0000000000
131268  56.987  35.743  14.769 0.0000000000
117708  63.555  18.948  12.764 0.0000000000
120316  50.602  21.088  12.644 0.0000000000
119441  52.445  19.941  10.288 0.0000000000
126833  60.103  29.663  8.331 0.0000000000
152118  50.629  38.250  18.956 0.0000000000
133801  55.347  41.134  15.244 0.0000000000
115111  60.915  15.688  15.523 0.0000000000
156528  57.091  17.296  5.804 0.0000000000
128454  61.780  31.255  13.105 0.0000000000
121058  61.070  22.388  13.561 0.0000000000
125815  61.978  28.579  17.243 0.0000000000
121774  59.692  23.963  19.367 0.0000000000
135077  57.219  41.151  9.484 0.0000000000
129962  56.754  33.567  8.820 0.0000000000
119471  56.466  21.229  6.874 0.0000000000
121825  53.018  23.037  12.746 0.0000000000
119419  51.942  19.896  12.058 0.0000000000
120312  54.206  21.485  12.708 0.0000000000
125848  57.901  28.133  11.349 0.0000000000
123367  53.439  25.432  12.264 0.0000000000
133124  48.632  39.749  17.766 0.0000000000
161728  58.099  16.178  16.567 0.0000000000
115152  57.596  15.599  12.310 0.0000000000
115143  54.897  15.359  13.579 0.0000000000
177236  57.559  36.258  3.866 0.0000000000
130604  60.673  35.457  13.457 0.0000000000
160586  62.287  30.117  14.910 0.0000000000
129175  60.053  33.450  16.136 0.0000000000
125820  54.322  28.110  15.839 0.0000000000
176119  57.929  27.411  17.645 0.0000000000
123295  56.692  25.422  19.440 0.0000000000
120254  58.790  21.593  18.577 0.0000000000
131910  52.385  36.042  12.300 0.0000000000
132535  54.396  37.472  10.384 0.0000000000
129946  55.921  33.701  11.135 0.0000000000
129948  60.908  34.362  10.390 0.0000000000
120307  63.016  21.704  11.818 0.0000000000
119435  58.565  20.299  10.038 0.0000000000
118568  61.553  19.357  8.679 0.0000000000
118559  49.224  19.636  9.783 0.0000000000
118584  50.395  20.087  8.246 0.0000000000
128493  62.162  31.376  5.724 0.0000000000
126847  57.802  28.806  6.508 0.0000000000
175207  52.756  35.488  15.497 0.0000000000
129930  56.843  34.232  15.324 0.0000000000
132508  46.280  37.009  11.969 0.0000000000
133159  51.323  38.914  13.159 0.0000000000
133142  52.557  39.525  16.274 0.0000000000
116898  62.386  16.380  13.819 0.0000000000
116925  61.667  17.591  8.626 0.0000000000
116032  60.087  15.978  10.270 0.0000000000
116055  55.380  16.150  8.216 0.0000000000
124921  59.633  27.753  13.570 0.0000000000
157118  58.506  23.517  14.115 0.0000000000
124120  62.574  27.043  12.669 0.0000000000
124109  63.518  25.929  13.912 0.0000000000
121792  63.125  23.790  15.366 0.0000000000
126763  59.037  29.834  17.064 0.0000000000
123307  60.692  25.719  18.407 0.0000000000
160132  62.454  21.152  16.623 0.0000000000
117681  61.828  18.307  18.086 0.0000000000
162321  59.887  17.391  18.623 0.0000000000
133213  55.539  38.995  6.373 0.0000000000
132560  59.018  37.868  6.096 0.0000000000
132553  56.781  37.891  8.423 0.0000000000
129976  58.068  33.932  6.076 0.0000000000
129211  60.886  33.239  8.199 0.0000000000
128459  61.323  31.390  10.901 0.0000000000
120318  56.099  20.822  11.829 0.0000000000
119452  54.272  20.936  8.716 0.0000000000
118604  52.268  19.376  6.970 0.0000000000
118606  57.230  19.198  5.751 0.0000000000
122597  54.084  24.107  12.843 0.0000000000
121077  53.424  22.205  12.876 0.0000000000
178610  55.168  23.207  13.426 0.0000000000
171531  57.394  26.677  12.711 0.0000000000
124152  56.068  27.007  12.052 0.0000000000
154849  54.819  25.602  12.643 0.0000000000
161958  53.163  23.965  12.483 0.0000000000
115985  56.560  16.165  16.776 0.0000000000
116004  57.004  16.432  15.034 0.0000000000
115112  55.166  16.029  14.838 0.0000000000
116058  49.034  17.243  8.773 0.0000000000
131266  58.803  36.144  14.345 0.0000000000
130580  60.217  35.134  15.532 0.0000000000
130590  58.998  35.875  15.649 0.0000000000
124097  54.247  26.655  16.581 0.0000000000
124083  55.941  26.338  17.214 0.0000000000
180316  53.679  34.667  12.884 0.0000000000
130619  53.613  34.720  11.396 0.0000000000
130608  55.861  34.677  12.682 0.0000000000
130614  58.686  34.905  12.221 0.0000000000
155105  63.628  21.103  12.125 0.0000000000
118539  61.611  19.353  10.837 0.0000000000
117726  62.885  19.031  10.260 0.0000000000
119402  48.825  20.489  13.193 0.0000000000
119421  49.399  19.857  12.505 0.0000000000
118542  52.314  19.703  11.400 0.0000000000
118544  50.703  19.583  11.045 0.0000000000
118558  50.674  19.950  9.956 0.0000000000
149295  49.786  19.874  8.761 0.0000000000
119455  51.111  20.544  8.781 0.0000000000
156852  62.483  30.959  6.675 0.0000000000
125921  59.804  28.373  6.132 0.0000000000
126846  59.327  28.670  7.348 0.0000000000
154158  50.086  22.529  12.833 0.0000000000
120300  49.198  21.449  13.301 0.0000000000
131877  51.340  36.697  16.128 0.0000000000
131234  53.034  35.148  17.225 0.0000000000
131865  51.163  35.956  17.608 0.0000000000
133765  49.916  40.180  19.167 0.0000000000
133783  51.106  40.629  17.924 0.0000000000
133131  51.370  39.143  17.586 0.0000000000
132480  51.613  37.339  14.816 0.0000000000
116001  61.714  16.142  14.966 0.0000000000
116018  61.890  15.618  12.683 0.0000000000
115137  60.857  15.119  13.076 0.0000000000
164674  55.299  15.328  11.243 0.0000000000
115174  56.483  15.717  10.116 0.0000000000
171200  54.439  15.584  9.295 0.0000000000
126797  60.822  30.031  12.456 0.0000000000
124920  61.464  28.002  12.772 0.0000000000
126791  62.161  29.239  12.835 0.0000000000
126761  61.933  29.590  17.016 0.0000000000
125831  62.918  28.362  14.812 0.0000000000
154630  62.803  26.959  16.062 0.0000000000
122564  63.512  24.402  14.483 0.0000000000
123319  62.684  25.192  16.227 0.0000000000
128447  56.530  32.101  14.578 0.0000000000
128433  58.099  31.457  15.610 0.0000000000
126775  57.430  29.997  15.858 0.0000000000
123293  58.882  25.568  19.182 0.0000000000
124881  59.456  26.997  18.715 0.0000000000
123291  60.073  25.152  18.922 0.0000000000
121781  61.565  23.209  17.443 0.0000000000
120262  61.488  21.823  18.708 0.0000000000
118487  62.241  19.733  17.710 0.0000000000
120252  61.103  21.070  19.104 0.0000000000
119372  57.714  20.573  17.595 0.0000000000
118489  59.649  19.432  18.238 0.0000000000
134512  56.032  40.462  7.834 0.0000000000
133221  57.209  38.680  6.070 0.0000000000
133873  58.040  39.461  7.943 0.0000000000
134463  53.269  40.716  14.309 0.0000000000
134469  54.045  40.963  13.117 0.0000000000
133818  56.165  40.967  13.835 0.0000000000
131280  54.884  35.540  9.172 0.0000000000
132547  55.333  37.362  9.316 0.0000000000
131287  55.973  35.613  8.084 0.0000000000
131294  56.838  35.952  7.489 0.0000000000
180559  57.279  33.671  7.533 0.0000000000
129218  59.241  32.410  6.835 0.0000000000
129212  59.317  32.717  8.260 0.0000000000
129938  61.417  33.605  11.807 0.0000000000
129199  61.790  33.030  10.252 0.0000000000
128458  61.607  31.712  11.505 0.0000000000
127695  60.192  30.299  11.930 0.0000000000
121047  59.425  23.242  14.071 0.0000000000
154892  57.780  22.044  13.513 0.0000000000
120298  58.416  21.204  13.269 0.0000000000
119460  57.464  21.083  7.981 0.0000000000
157663  56.126  20.847  9.358 0.0000000000
120333  55.082  21.290  7.574 0.0000000000
179261  52.192  20.577  7.661 0.0000000000
119481  53.713  20.682  6.895 0.0000000000
116063  60.001  17.010  7.212 0.0000000000
116945  59.671  18.829  6.944 0.0000000000
116947  57.490  17.863  5.542 0.0000000000
121079  51.766  22.118  12.559 0.0000000000
159552  51.276  20.443  12.327 0.0000000000
120314  52.197  20.956  12.429 0.0000000000
120313  53.324  21.067  12.515 0.0000000000
119417  53.626  20.129  11.977 0.0000000000
126818  59.414  29.942  9.658 0.0000000000
121827  51.836  23.661  12.362 0.0000000000
115989  59.482  16.077  16.098 0.0000000000
115139  59.048  15.643  13.250 0.0000000000
115124  57.440  15.972  14.114 0.0000000000
115154  55.897  15.430  12.624 0.0000000000
176830  61.266  33.844  13.436 0.0000000000
155237  61.993  31.154  13.909 0.0000000000
167884  61.136  33.419  15.270 0.0000000000
129167  61.059  32.569  16.820 0.0000000000
128418  60.837  31.435  17.657 0.0000000000
126777  54.182  29.659  15.541 0.0000000000
126765  57.047  29.078  16.040 0.0000000000
124899  56.241  27.648  16.505 0.0000000000
124081  57.438  26.404  18.294 0.0000000000
122525  58.528  24.493  19.813 0.0000000000
121020  59.734  22.569  19.222 0.0000000000
121014  57.831  23.212  20.051 0.0000000000
121015  56.876  23.026  20.240 0.0000000000
165280  56.252  21.908  18.314 0.0000000000
134482  54.634  41.057  10.216 0.0000000000
133157  53.697  38.971  13.610 0.0000000000
133164  54.674  39.076  12.462 0.0000000000
132521  53.381  37.156  11.409 0.0000000000
131276  53.933  35.184  10.136 0.0000000000
129952  56.472  33.492  10.420 0.0000000000
150661  58.092  33.153  9.816 0.0000000000
129944  58.080  33.964  11.398 0.0000000000
130612  60.958  35.265  12.119 0.0000000000
121074  62.681  22.230  12.188 0.0000000000
119400  60.095  20.554  13.037 0.0000000000
118528  60.639  19.584  11.750 0.0000000000
118570  59.397  20.098  9.125 0.0000000000
119459  58.860  20.316  7.458 0.0000000000
179265  56.016  17.242  4.935 0.0000000000
156850  56.768  17.588  3.112 0.0000000000
118561  47.692  19.356  10.116 0.0000000000
118530  50.088  19.639  11.773 0.0000000000
118546  48.618  19.498  10.441 0.0000000000
118574  47.793  19.182  9.662 0.0000000000
118573  48.411  19.287  9.284 0.0000000000
117743  49.179  18.997  8.598 0.0000000000
116932  49.794  18.342  8.247 0.0000000000
126896  60.835  29.637  4.469 0.0000000000
125947  59.237  28.774  4.878 0.0000000000
130600  54.803  35.296  14.554 0.0000000000
130582  56.694  35.342  15.854 0.0000000000
131249  55.430  35.335  16.851 0.0000000000
129918  54.867  34.721  17.067 0.0000000000
129189  53.538  33.059  15.019 0.0000000000
128438  52.998  31.507  14.973 0.0000000000
174952  52.531  30.220  15.302 0.0000000000
168726  49.531  37.256  12.820 0.0000000000
133160  50.788  38.687  13.737 0.0000000000
134456  52.712  41.032  16.252 0.0000000000
133791  54.205  41.027  16.609 0.0000000000
133158  52.845  38.428  14.028 0.0000000000
131270  52.404  35.556  13.354 0.0000000000
117709  63.244  18.078  13.524 0.0000000000
116911  63.142  17.979  11.113 0.0000000000
116905  62.230  16.409  12.121 0.0000000000
116040  60.856  16.628  9.435 0.0000000000
116051  59.168  16.420  7.940 0.0000000000
115163  58.706  15.677  11.026 0.0000000000
115183  58.113  16.004  9.499 0.0000000000
170505  56.521  16.632  7.146 0.0000000000
124122  57.925  26.169  13.260 0.0000000000
122588  57.481  24.816  13.655 0.0000000000
124113  59.907  26.386  14.070 0.0000000000
174426  60.439  25.282  14.234 0.0000000000
121799  62.149  24.591  13.228 0.0000000000
125839  62.994  28.383  13.371 0.0000000000
124119  63.129  26.943  12.900 0.0000000000
155409  62.787  24.399  12.765 0.0000000000
121824  63.140  23.068  12.661 0.0000000000
158836  63.566  22.406  13.443 0.0000000000
120285  63.577  21.611  13.924 0.0000000000
129928  58.356  33.788  15.365 0.0000000000
128425  59.647  31.574  16.836 0.0000000000
126756  60.532  29.585  18.186 0.0000000000
125816  58.610  28.932  17.142 0.0000000000
125803  60.030  28.703  18.175 0.0000000000
124887  61.257  27.679  18.232 0.0000000000
122558  61.922  24.748  17.019 0.0000000000
120277  62.808  21.746  15.788 0.0000000000
118502  63.273  19.884  15.138 0.0000000000
118503  62.812  19.252  15.733 0.0000000000
117695  62.241  17.596  16.143 0.0000000000
116876  61.874  16.709  16.891 0.0000000000
119360  60.679  20.316  18.919 0.0000000000
117669  60.764  18.399  18.525 0.0000000000
115975  61.106  15.905  17.932 0.0000000000
155217  59.494  15.690  18.170 0.0000000000
131958  56.715  37.394  5.078 0.0000000000
132583  59.008  37.612  5.097 0.0000000000
131316  59.912  36.057  4.330 0.0000000000
133171  55.777  39.304  11.259 0.0000000000
133851  57.939  39.850  9.444 0.0000000000
132556  58.069  38.037  7.239 0.0000000000
131299  58.258  36.210  6.351 0.0000000000
129985  58.797  34.107  5.213 0.0000000000
150361  59.635  32.554  5.371 0.0000000000
129229  62.345  32.506  6.782 0.0000000000
150951  62.357  31.511  7.955 0.0000000000
129957  60.567  33.891  9.718 0.0000000000
129202  62.172  33.114  9.419 0.0000000000
127704  61.319  31.071  9.270 0.0000000000
127700  59.072  30.053  11.020 0.0000000000
125844  58.901  28.567  12.820 0.0000000000
166452  56.866  22.707  13.478 0.0000000000
156179  55.673  21.195  12.357 0.0000000000
119431  54.988  20.407  10.888 0.0000000000
119428  57.392  20.575  11.232 0.0000000000
119438  55.603  20.606  10.033 0.0000000000
150045  52.899  20.464  9.398 0.0000000000
156601  51.604  20.692  8.431 0.0000000000
118593  50.956  20.095  7.784 0.0000000000
117733  62.210  18.699  8.455 0.0000000000
118588  60.395  19.722  6.989 0.0000000000
118599  57.236  19.926  6.132 0.0000000000
118621  56.981  18.523  2.844 0.0000000000
118602  54.386  19.734  5.799 0.0000000000
114263  53.565  14.549  13.719 0.0000000000
114271  52.887  14.037  12.271 0.0000000000
121817  54.938  23.870  13.427 0.0000000000
121064  54.429  23.171  13.204 0.0000000000
122590  55.618  24.276  13.492 0.0000000000
123363  57.058  25.968  13.028 0.0000000000
123365  55.528  25.462  12.869 0.0000000000
122596  55.003  24.775  13.062 0.0000000000
115993  55.486  16.313  15.761 0.0000000000
131267  57.851  36.018  14.631 0.0000000000
131256  58.452  36.179  15.283 0.0000000000
150289  55.369  35.056  13.516 0.0000000000
130609  54.878  34.478  12.480 0.0000000000
130599  56.382  35.330  13.708 0.0000000000
155109  58.006  35.451  13.291 0.0000000000
118526  63.691  19.618  12.037 0.0000000000
118537  63.223  19.667  10.786 0.0000000000
117720  63.484  19.114  11.226 0.0000000000
120317  49.763  20.732  12.914 0.0000000000
118557  51.550  19.749  10.678 0.0000000000
119443  50.648  20.313  9.175 0.0000000000
119442  51.364  20.233  9.623 0.0000000000
126832  60.906  29.745  7.781 0.0000000000
126845  60.948  29.485  7.034 0.0000000000
157516  59.969  29.209  7.529 0.0000000000
121080  50.814  22.153  12.679 0.0000000000
121081  49.997  21.720  12.985 0.0000000000
132460  51.097  37.574  16.853 0.0000000000
131864  51.273  36.209  17.051 0.0000000000
132461  51.025  36.780  17.833 0.0000000000
133113  50.583  38.780  19.393 0.0000000000
133123  51.044  39.624  18.712 0.0000000000
133132  50.815  38.092  18.062 0.0000000000
115110  61.318  15.817  15.219 0.0000000000
115121  61.638  15.510  14.234 0.0000000000
153688  60.546  15.364  13.648 0.0000000000
115186  55.027  15.569  9.785 0.0000000000
127693  61.597  30.701  12.559 0.0000000000
126796  61.600  29.970  12.814 0.0000000000
127690  61.997  30.309  13.227 0.0000000000
125814  62.408  28.746  16.197 0.0000000000
177368  62.374  27.273  16.737 0.0000000000
124094  62.774  26.097  16.153 0.0000000000
124897  61.940  27.631  17.449 0.0000000000
128435  55.714  31.235  14.840 0.0000000000
128434  56.589  31.080  15.006 0.0000000000
127674  56.710  30.348  15.404 0.0000000000
123282  59.040  24.902  19.411 0.0000000000
123292  59.469  25.379  19.087 0.0000000000
121773  60.260  23.417  18.952 0.0000000000
121782  60.860  23.298  18.267 0.0000000000
121028  60.800  22.582  18.780 0.0000000000
120263  60.815  21.963  19.059 0.0000000000
121019  60.251  22.617  19.062 0.0000000000
174768  56.982  20.259  17.539 0.0000000000
135079  55.037  40.960  8.928 0.0000000000
134498  55.439  40.779  8.368 0.0000000000
161991  56.652  40.813  8.599 0.0000000000
134511  57.405  40.314  8.143 0.0000000000
134497  57.715  40.608  8.963 0.0000000000
135025  54.771  41.336  15.550 0.0000000000
135031  54.729  41.387  14.818 0.0000000000
134447  55.420  41.149  15.100 0.0000000000
130632  55.471  35.174  8.734 0.0000000000
130631  56.051  34.479  8.558 0.0000000000
165831  56.555  34.945  7.673 0.0000000000
129961  57.322  33.230  8.171 0.0000000000
129213  58.174  32.725  8.266 0.0000000000
129959  57.624  33.036  8.989 0.0000000000
129192  61.647  32.156  12.906 0.0000000000
129194  61.588  32.447  12.058 0.0000000000
128456  61.649  31.530  12.346 0.0000000000
127697  61.437  31.086  12.008 0.0000000000
121046  60.522  23.123  13.916 0.0000000000
121059  59.741  22.247  13.824 0.0000000000
120297  59.411  21.212  13.507 0.0000000000
120331  56.904  21.280  7.396 0.0000000000
120332  55.904  21.415  7.555 0.0000000000
157564  55.554  21.293  7.098 0.0000000000
165865  54.624  21.043  7.111 0.0000000000
168699  54.584  20.346  6.481 0.0000000000
116064  58.884  16.835  7.192 0.0000000000
116075  58.545  17.296  6.700 0.0000000000
116076  57.742  17.341  6.328 0.0000000000
162604  52.198  22.940  12.609 0.0000000000
121078  52.655  22.100  12.651 0.0000000000
121076  54.016  22.514  13.064 0.0000000000
120321  54.079  20.593  12.221 0.0000000000
149868  58.214  28.725  10.772 0.0000000000
125860  57.624  28.152  10.448 0.0000000000
125849  57.112  27.795  10.991 0.0000000000
124135  54.627  26.253  12.166 0.0000000000
124153  55.173  26.911  11.861 0.0000000000
121826  52.532  23.591  12.480 0.0000000000
162633  51.354  22.965  12.530 0.0000000000
115990  58.532  16.300  15.825 0.0000000000
116002  59.062  16.176  15.016 0.0000000000
116003  58.014  16.270  14.932 0.0000000000
115125  56.088  15.763  13.980 0.0000000000
169261  56.622  16.048  14.234 0.0000000000
115142  55.677  15.516  13.403 0.0000000000
115166  55.291  15.262  12.097 0.0000000000
170064  54.709  15.087  12.320 0.0000000000
158106  56.531  35.837  4.274 0.0000000000
130669  56.032  34.911  4.115 0.0000000000
129936  60.971  34.674  13.945 0.0000000000
129926  61.192  33.673  14.324 0.0000000000
129927  60.747  34.447  15.124 0.0000000000
129914  60.010  34.476  15.821 0.0000000000
168621  60.316  33.869  15.899 0.0000000000
129168  60.633  32.573  16.767 0.0000000000
128423  60.970  32.064  17.371 0.0000000000
125833  54.514  28.985  15.711 0.0000000000
125819  55.190  28.582  15.877 0.0000000000
176759  55.296  27.706  16.231 0.0000000000
124074  56.325  25.932  18.084 0.0000000000
124082  56.791  26.390  17.821 0.0000000000
124073  56.962  25.878  18.697 0.0000000000
123294  57.373  25.500  19.420 0.0000000000
153771  57.744  24.985  19.853 0.0000000000
121761  58.196  23.843  20.033 0.0000000000
122526  57.729  24.343  20.168 0.0000000000
176504  56.092  22.922  20.112 0.0000000000
121023  56.570  22.484  19.299 0.0000000000
121024  55.552  22.560  19.073 0.0000000000
133166  52.982  37.975  13.070 0.0000000000
133165  53.782  38.524  12.696 0.0000000000
131920  52.839  36.189  11.508 0.0000000000
130617  55.403  34.112  11.799 0.0000000000
130624  53.653  35.110  10.665 0.0000000000
130622  55.036  33.997  10.919 0.0000000000
149806  54.848  34.255  10.160 0.0000000000
129951  57.528  33.441  10.575 0.0000000000
129945  56.941  33.703  11.314 0.0000000000
130605  60.242  35.760  13.249 0.0000000000
130613  60.005  35.215  12.240 0.0000000000
129939  61.225  34.586  12.657 0.0000000000
119398  62.233  21.413  12.026 0.0000000000
160047  61.675  20.444  12.006 0.0000000000
118555  61.586  19.245  9.857 0.0000000000
118556  60.467  19.491  9.641 0.0000000000
119447  59.663  20.163  7.764 0.0000000000
118569  60.599  19.827  8.198 0.0000000000
118547  46.926  19.328  10.613 0.0000000000
151468  47.964  19.462  11.243 0.0000000000
119420  50.380  20.166  12.372 0.0000000000
118529  51.058  19.743  11.933 0.0000000000
171130  50.008  19.738  10.142 0.0000000000
118545  49.634  19.553  10.818 0.0000000000
118560  48.399  19.424  9.625 0.0000000000
117734  47.968  19.091  9.421 0.0000000000
118585  49.083  19.442  8.887 0.0000000000
117742  49.846  19.454  8.375 0.0000000000
128494  61.498  31.489  5.112 0.0000000000
126895  61.505  30.357  5.021 0.0000000000
125922  59.063  28.342  6.364 0.0000000000
125935  59.758  28.486  5.293 0.0000000000
125937  58.474  28.630  5.905 0.0000000000
126865  57.045  28.970  6.261 0.0000000000
130593  53.918  35.316  14.890 0.0000000000
131260  54.711  35.476  15.948 0.0000000000
131261  53.659  35.410  15.806 0.0000000000
129903  54.173  34.868  17.318 0.0000000000
129932  54.258  33.870  16.054 0.0000000000
174717  52.326  32.528  15.146 0.0000000000
127678  53.120  30.678  15.171 0.0000000000
131922  47.938  36.718  11.749 0.0000000000
131913  47.684  36.562  12.598 0.0000000000
133161  49.927  38.170  14.001 0.0000000000
133153  50.462  38.946  14.768 0.0000000000
133803  52.079  40.280  15.017 0.0000000000
133774  51.985  40.478  17.877 0.0000000000
133782  52.841  40.998  17.529 0.0000000000
133781  53.498  41.179  17.105 0.0000000000
133792  53.345  40.791  17.083 0.0000000000
133141  53.589  40.222  16.120 0.0000000000
133151  52.709  38.934  15.116 0.0000000000
131890  51.629  36.531  15.126 0.0000000000
132491  51.780  36.809  14.115 0.0000000000
131262  52.531  35.501  14.257 0.0000000000
130601  53.549  34.912  13.662 0.0000000000
116889  62.721  17.288  14.150 0.0000000000
116904  62.814  17.357  12.110 0.0000000000
116012  62.376  16.317  12.952 0.0000000000
116025  60.475  15.756  11.058 0.0000000000
116024  61.071  15.798  11.352 0.0000000000
116041  60.081  16.273  9.123 0.0000000000
116033  59.306  16.012  9.793 0.0000000000
150587  58.513  15.603  12.625 0.0000000000
115151  59.409  15.529  12.415 0.0000000000
115164  57.948  15.637  11.220 0.0000000000
115184  56.713  16.006  9.295 0.0000000000
149532  57.404  15.855  9.818 0.0000000000
116053  56.967  16.288  8.419 0.0000000000
116054  56.276  16.338  7.892 0.0000000000
116067  55.649  16.522  7.245 0.0000000000
174740  54.877  16.563  6.915 0.0000000000
156962  58.555  26.687  13.417 0.0000000000
124114  58.806  26.052  13.848 0.0000000000
124121  59.293  26.957  13.792 0.0000000000
124915  61.783  27.212  12.931 0.0000000000
124112  61.054  26.512  13.781 0.0000000000
123330  61.208  25.685  13.838 0.0000000000
122574  61.107  24.778  14.078 0.0000000000
124111  62.102  26.276  12.875 0.0000000000
157417  61.924  31.095  14.934 0.0000000000
127687  62.276  30.475  14.019 0.0000000000
124110  63.406  26.776  13.761 0.0000000000
124914  63.259  27.619  13.606 0.0000000000
124118  63.309  26.155  12.960 0.0000000000
123344  63.081  25.623  12.619 0.0000000000
122585  63.110  24.910  12.708 0.0000000000
121811  63.121  24.110  12.777 0.0000000000
122584  63.303  24.552  12.938 0.0000000000
122565  63.215  24.731  15.345 0.0000000000
121791  63.573  23.813  14.077 0.0000000000
121038  63.395  23.143  14.758 0.0000000000
120286  63.410  22.291  14.675 0.0000000000
130592  57.365  35.020  15.769 0.0000000000
129929  57.484  33.863  15.106 0.0000000000
128432  58.981  32.043  16.121 0.0000000000
127665  59.392  30.711  16.989 0.0000000000
127664  60.213  31.182  17.470 0.0000000000
126762  60.039  30.307  17.684 0.0000000000
125818  56.681  28.291  16.277 0.0000000000
125817  57.648  28.543  16.647 0.0000000000
125811  58.223  28.056  17.306 0.0000000000
154643  60.075  26.872  18.672 0.0000000000
125804  59.548  27.800  18.373 0.0000000000
164213  60.041  27.521  18.583 0.0000000000
124880  60.624  27.629  18.484 0.0000000000
124080  60.823  26.765  18.401 0.0000000000
124079  61.416  26.183  17.811 0.0000000000
123306  61.259  25.216  17.730 0.0000000000
121031  61.885  22.278  17.739 0.0000000000
121030  62.184  22.731  16.887 0.0000000000
120268  62.352  21.982  16.796 0.0000000000
180608  62.748  21.036  15.806 0.0000000000
119382  62.640  20.450  16.285 0.0000000000
118511  63.202  19.100  14.826 0.0000000000
168665  62.874  19.934  15.851 0.0000000000
118488  61.968  19.464  18.345 0.0000000000
118496  62.093  18.916  17.454 0.0000000000
117688  62.043  17.832  17.214 0.0000000000
121021  59.004  22.450  19.386 0.0000000000
120253  59.638  21.745  18.971 0.0000000000
119362  59.416  20.936  18.401 0.0000000000
168836  59.167  18.527  18.308 0.0000000000
117670  60.047  18.610  18.514 0.0000000000
116859  60.627  17.032  18.332 0.0000000000
116873  61.200  16.636  18.102 0.0000000000
116874  60.717  16.186  18.363 0.0000000000
115976  60.308  15.804  18.259 0.0000000000
133883  54.718  39.444  6.742 0.0000000000
133878  53.341  39.657  7.274 0.0000000000
175317  54.664  38.731  6.368 0.0000000000
132571  56.123  37.975  5.676 0.0000000000
172914  58.871  38.107  6.035 0.0000000000
132569  58.641  38.044  5.647 0.0000000000
132568  59.093  37.791  5.686 0.0000000000
131306  59.771  36.761  4.371 0.0000000000
131948  59.227  37.411  5.682 0.0000000000
133172  54.868  38.678  11.616 0.0000000000
133830  55.664  39.703  12.233 0.0000000000
133183  55.009  38.302  10.790 0.0000000000
133193  56.090  38.329  9.608 0.0000000000
170897  55.923  38.822  10.398 0.0000000000
133182  56.967  39.360  9.905 0.0000000000
133192  57.176  38.837  8.976 0.0000000000
132552  57.836  38.699  7.996 0.0000000000
132557  57.195  37.571  7.814 0.0000000000
130646  57.757  34.840  6.461 0.0000000000
176659  57.628  36.379  6.995 0.0000000000
173902  58.450  34.906  5.772 0.0000000000
129975  58.439  33.298  5.830 0.0000000000
129243  58.983  33.118  5.273 0.0000000000
152907  58.804  32.638  6.103 0.0000000000
160492  59.968  32.540  7.496 0.0000000000
129217  60.300  32.327  6.797 0.0000000000
129216  61.569  32.899  7.340 0.0000000000
172021  62.652  32.428  7.046 0.0000000000
129215  62.438  32.947  7.539 0.0000000000
129949  59.945  34.082  10.532 0.0000000000
129958  59.315  33.443  9.796 0.0000000000
128462  61.762  32.134  10.656 0.0000000000
153479  61.953  32.477  9.923 0.0000000000
128464  62.214  32.263  9.194 0.0000000000
163563  61.483  31.503  10.102 0.0000000000
149444  60.362  30.574  9.919 0.0000000000
127702  60.536  30.783  10.693 0.0000000000
126794  59.437  29.163  12.849 0.0000000000
175128  59.064  27.998  13.164 0.0000000000
124923  58.147  26.955  12.907 0.0000000000
121814  57.697  23.990  13.992 0.0000000000
121815  57.037  23.455  13.815 0.0000000000
121061  57.728  23.039  13.886 0.0000000000
120309  57.451  21.199  12.755 0.0000000000
120310  56.391  21.432  12.546 0.0000000000
120319  55.398  20.698  11.827 0.0000000000
119427  58.426  20.243  11.203 0.0000000000
119414  58.784  20.239  12.237 0.0000000000
119451  55.367  20.869  9.075 0.0000000000
119437  56.482  20.692  10.139 0.0000000000
119439  54.741  20.503  9.754 0.0000000000
119453  53.310  20.855  8.799 0.0000000000
119454  52.418  20.840  8.462 0.0000000000
118591  52.338  20.109  7.232 0.0000000000
119473  51.618  20.357  7.727 0.0000000000
118592  51.655  19.749  7.390 0.0000000000
117752  51.057  19.340  7.539 0.0000000000
116940  51.127  18.369  7.310 0.0000000000
116919  62.533  17.620  9.974 0.0000000000
117727  62.655  18.557  9.484 0.0000000000
161633  61.791  18.434  7.808 0.0000000000
117759  58.782  18.881  6.791 0.0000000000
117751  59.631  19.438  6.991 0.0000000000
118597  58.570  19.575  6.827 0.0000000000
118590  58.343  20.038  6.835 0.0000000000
118598  57.777  19.755  6.446 0.0000000000
116976  56.349  17.827  2.421 0.0000000000
116964  57.341  17.935  3.178 0.0000000000
117791  56.298  18.534  2.118 0.0000000000
169867  53.672  23.307  12.905 0.0000000000
179947  53.518  22.819  12.971 0.0000000000
178113  54.499  22.572  13.126 0.0000000000
124937  57.991  27.780  11.996 0.0000000000
124938  57.400  27.601  11.723 0.0000000000
124927  56.933  27.132  12.195 0.0000000000
124134  55.560  26.240  12.472 0.0000000000
123366  54.116  25.095  12.725 0.0000000000
122598  53.489  24.691  12.546 0.0000000000
115991  57.194  16.376  16.121 0.0000000000
174485  57.714  16.369  15.655 0.0000000000
115992  56.404  16.453  15.652 0.0000000000
116005  55.986  16.306  14.785 0.0000000000
115126  55.413  15.724  14.150 0.0000000000
130597  60.136  36.078  14.333 0.0000000000
130596  60.470  35.461  14.684 0.0000000000
130589  59.861  35.897  15.313 0.0000000000
130581  59.621  35.257  15.689 0.0000000000
129915  59.415  34.284  15.807 0.0000000000
124900  53.727  27.347  16.167 0.0000000000
177590  54.542  27.347  16.265 0.0000000000
123296  56.192  25.522  18.833 0.0000000000
130620  52.978  34.948  11.868 0.0000000000
131274  52.688  35.507  11.835 0.0000000000
130610  53.899  34.522  12.278 0.0000000000
130616  56.375  34.152  11.992 0.0000000000
130615  57.461  34.506  12.140 0.0000000000
130607  56.864  34.958  12.897 0.0000000000
119410  63.256  20.933  11.646 0.0000000000
119411  62.683  20.808  11.589 0.0000000000
119425  63.027  20.290  11.019 0.0000000000
118538  62.759  19.535  10.632 0.0000000000
118554  62.523  19.130  9.899 0.0000000000
118543  51.565  19.643  11.476 0.0000000000
118572  49.089  19.627  9.196 0.0000000000
118571  49.912  20.024  9.259 0.0000000000
119456  50.444  20.303  8.659 0.0000000000
127736  62.432  30.821  6.035 0.0000000000
126878  61.856  30.010  5.773 0.0000000000
126863  60.834  29.155  6.194 0.0000000000
126864  60.010  28.751  6.831 0.0000000000
125904  58.863  28.529  7.049 0.0000000000
121065  49.405  22.405  13.140 0.0000000000
120301  48.518  21.235  13.512 0.0000000000
131263  52.147  35.825  15.269 0.0000000000
131253  51.748  35.822  16.350 0.0000000000
131235  52.361  35.172  17.146 0.0000000000
162401  49.596  40.320  18.310 0.0000000000
133134  49.276  39.987  17.498 0.0000000000
133776  50.653  40.518  18.633 0.0000000000
133130  52.413  40.191  17.352 0.0000000000
133152  51.848  38.241  15.339 0.0000000000
133143  51.655  38.656  16.447 0.0000000000
132468  51.397  37.501  15.641 0.0000000000
116890  62.180  16.634  14.635 0.0000000000
116013  62.083  15.586  13.585 0.0000000000
115149  61.166  15.320  12.326 0.0000000000
115162  59.721  15.585  11.401 0.0000000000
150161  56.926  15.611  11.561 0.0000000000
115173  57.205  15.686  10.667 0.0000000000
115175  55.596  15.547  10.368 0.0000000000
115185  55.829  15.741  9.557 0.0000000000
149536  55.198  15.782  9.021 0.0000000000
126793  60.292  29.344  12.864 0.0000000000
159672  60.473  28.141  13.393 0.0000000000
125842  61.017  28.743  12.935 0.0000000000
125841  61.927  28.547  12.542 0.0000000000
124919  62.267  27.820  12.571 0.0000000000
126760  62.059  30.172  16.220 0.0000000000
170173  62.418  29.342  15.553 0.0000000000
124912  63.210  27.368  14.891 0.0000000000
124107  63.334  26.480  15.008 0.0000000000
123321  63.552  25.098  14.183 0.0000000000
123322  63.309  25.602  15.175 0.0000000000
166466  56.629  33.157  14.611 0.0000000000
129186  57.376  32.829  14.747 0.0000000000
127673  57.350  30.853  15.407 0.0000000000
127666  58.459  30.256  16.412 0.0000000000
124883  58.125  26.847  18.324 0.0000000000
124882  58.904  27.146  18.572 0.0000000000
124070  59.423  26.168  18.877 0.0000000000
122550  60.594  24.769  18.416 0.0000000000
122549  61.140  24.152  17.718 0.0000000000
164530  60.538  23.978  18.491 0.0000000000
121027  61.285  22.610  18.250 0.0000000000
120269  62.124  21.283  17.794 0.0000000000
119375  62.368  20.422  17.269 0.0000000000
157061  61.783  20.954  18.693 0.0000000000
119369  61.745  20.334  18.824 0.0000000000
120264  57.880  21.438  18.066 0.0000000000
119370  59.173  20.188  17.901 0.0000000000
157916  58.404  19.953  17.635 0.0000000000
118491  58.435  19.153  17.827 0.0000000000
134499  54.392  40.551  8.360 0.0000000000
134513  54.859  40.412  7.662 0.0000000000
133882  56.007  39.568  6.829 0.0000000000
133212  56.709  39.096  6.499 0.0000000000
133881  57.277  39.424  7.157 0.0000000000
133211  57.867  38.851  6.805 0.0000000000
133204  57.934  38.764  7.277 0.0000000000
133811  52.357  40.143  14.101 0.0000000000
133821  52.671  40.104  13.237 0.0000000000
134462  54.059  41.235  14.214 0.0000000000
134461  54.744  41.436  13.844 0.0000000000
131934  54.608  36.486  9.427 0.0000000000
132548  54.618  37.152  9.803 0.0000000000
131933  55.265  36.500  8.896 0.0000000000
132554  55.921  37.190  8.700 0.0000000000
131940  56.568  36.591  7.867 0.0000000000
130637  57.151  34.431  7.254 0.0000000000
129965  57.613  33.795  6.862 0.0000000000
180625  58.481  32.686  6.916 0.0000000000
129219  57.853  32.970  7.414 0.0000000000
163888  58.761  32.588  7.557 0.0000000000
129942  61.159  34.628  11.032 0.0000000000
178692  61.270  34.163  10.312 0.0000000000
129941  61.459  33.887  10.788 0.0000000000
129196  61.596  32.775  11.169 0.0000000000
127698  60.898  30.816  11.457 0.0000000000
121060  58.625  22.649  13.908 0.0000000000
180512  58.757  21.881  13.596 0.0000000000
172986  58.068  20.580  9.486 0.0000000000
119436  57.304  20.705  9.749 0.0000000000
119450  56.891  20.914  9.085 0.0000000000
119461  56.272  21.242  8.401 0.0000000000
119462  55.178  21.257  8.201 0.0000000000
119464  53.278  21.109  8.028 0.0000000000
149921  53.703  21.077  7.417 0.0000000000
119472  52.906  20.750  7.369 0.0000000000
119482  53.148  20.120  6.755 0.0000000000
116062  60.772  16.977  7.425 0.0000000000
116938  61.034  18.003  6.935 0.0000000000
116939  59.976  18.090  6.994 0.0000000000
116946  59.055  18.095  6.861 0.0000000000
117760  57.719  18.808  6.315 0.0000000000
120315  51.335  21.385  12.522 0.0000000000
119418  52.859  19.993  12.102 0.0000000000
151116  53.213  19.810  11.269 0.0000000000
153738  59.452  29.594  8.883 0.0000000000
126834  59.175  28.964  8.197 0.0000000000
175592  57.438  28.091  9.724 0.0000000000
124939  56.584  27.467  11.549 0.0000000000
122599  52.354  24.249  12.245 0.0000000000
133125  47.821  39.430  18.127 0.0000000000
133115  49.071  39.614  19.481 0.0000000000
133114  50.117  39.167  19.757 0.0000000000
156222  60.068  15.773  15.247 0.0000000000
115122  60.640  15.558  14.446 0.0000000000
171601  59.723  15.647  14.079 0.0000000000
115123  58.519  15.813  14.094 0.0000000000
115140  57.947  15.642  13.293 0.0000000000
115141  56.718  15.647  13.285 0.0000000000
115153  56.624  15.537  12.327 0.0000000000
115165  56.037  15.427  11.814 0.0000000000
163987  61.705  31.975  13.772 0.0000000000
128445  61.677  31.918  14.738 0.0000000000
128430  61.484  32.056  15.973 0.0000000000
129173  61.100  33.024  16.059 0.0000000000
127671  61.785  31.010  16.117 0.0000000000
128422  61.330  31.808  17.101 0.0000000000
127662  61.532  30.760  17.255 0.0000000000
126754  61.403  30.124  17.900 0.0000000000
177640  54.619  30.238  15.321 0.0000000000
126776  56.372  29.656  15.631 0.0000000000
126766  56.024  28.893  15.917 0.0000000000
124898  57.260  27.647  16.937 0.0000000000
124891  55.849  27.101  16.657 0.0000000000
124890  56.584  26.994  17.091 0.0000000000
124889  57.365  26.934  17.664 0.0000000000
124072  57.808  26.088  18.863 0.0000000000
123283  58.502  25.109  19.530 0.0000000000
122524  59.219  24.281  19.601 0.0000000000
154766  59.770  23.271  19.353 0.0000000000
121760  58.949  23.835  19.830 0.0000000000
121013  58.679  23.264  19.834 0.0000000000
176666  58.288  22.703  19.651 0.0000000000
121022  57.503  22.559  19.519 0.0000000000
120255  58.126  22.128  18.912 0.0000000000
120256  57.197  21.983  18.565 0.0000000000
120265  56.864  21.227  17.673 0.0000000000
120266  55.996  21.268  17.692 0.0000000000
135069  55.292  41.234  9.689 0.0000000000
133810  54.703  39.858  14.159 0.0000000000
133809  55.568  40.730  14.522 0.0000000000
133820  54.438  39.317  13.207 0.0000000000
133173  53.936  38.183  11.858 0.0000000000
132536  53.786  37.092  10.696 0.0000000000
131273  53.145  35.456  11.123 0.0000000000
131277  53.641  35.716  10.352 0.0000000000
131282  54.000  36.552  10.107 0.0000000000
131281  54.126  35.705  9.718 0.0000000000
130627  55.287  34.477  9.415 0.0000000000
129960  56.133  33.759  9.511 0.0000000000
155840  57.057  33.323  9.707 0.0000000000
129950  58.694  33.677  10.599 0.0000000000
129943  59.355  34.459  11.356 0.0000000000
154118  60.564  34.715  11.291 0.0000000000
152862  61.239  34.553  11.583 0.0000000000
129935  61.383  33.223  12.724 0.0000000000
120295  61.682  21.860  12.818 0.0000000000
120296  60.514  21.451  13.388 0.0000000000
119399  61.129  20.947  12.568 0.0000000000
119412  60.795  19.973  12.376 0.0000000000
119426  59.573  19.766  11.611 0.0000000000
118527  61.802  19.766  11.511 0.0000000000
118540  60.503  19.408  10.860 0.0000000000
118541  59.435  19.804  10.505 0.0000000000
119448  58.621  20.456  8.498 0.0000000000
171381  58.177  20.649  7.932 0.0000000000
119470  57.366  20.794  6.759 0.0000000000
116948  56.378  17.164  5.393 0.0000000000
170732  57.112  17.494  4.813 0.0000000000
116955  56.591  17.426  4.213 0.0000000000
117729  46.437  19.041  10.481 0.0000000000
149900  49.090  19.520  11.542 0.0000000000
117735  47.476  19.021  9.743 0.0000000000
117744  48.449  18.978  8.926 0.0000000000
116933  49.050  18.215  8.658 0.0000000000
126879  60.959  29.400  5.326 0.0000000000
125934  60.341  28.819  4.886 0.0000000000
125891  58.630  28.527  7.807 0.0000000000
125892  57.876  28.365  8.223 0.0000000000
131269  56.019  35.570  14.730 0.0000000000
131257  57.519  35.873  15.411 0.0000000000
131259  55.695  35.549  15.825 0.0000000000
131248  56.055  35.433  16.356 0.0000000000
130583  55.930  35.206  16.799 0.0000000000
131250  54.370  35.342  16.872 0.0000000000
167418  55.444  35.058  17.142 0.0000000000
129917  55.694  34.802  16.783 0.0000000000
129931  55.089  34.205  16.182 0.0000000000
129188  54.545  33.177  14.838 0.0000000000
128437  53.778  31.345  14.944 0.0000000000
127677  53.915  30.460  15.278 0.0000000000
125834  53.709  28.931  15.646 0.0000000000
132492  50.155  37.795  13.035 0.0000000000
131901  48.989  36.886  13.052 0.0000000000
132493  49.442  37.442  13.505 0.0000000000
133813  51.575  39.493  13.933 0.0000000000
134455  53.027  40.823  15.311 0.0000000000
134448  54.412  41.209  16.231 0.0000000000
133795  50.500  40.224  17.142 0.0000000000
134450  52.475  41.033  17.036 0.0000000000
173558  53.056  41.281  17.033 0.0000000000
177197  54.429  40.681  15.977 0.0000000000
133150  53.818  39.676  14.889 0.0000000000
132505  52.492  36.999  12.647 0.0000000000
132479  52.069  37.802  14.401 0.0000000000
131899  52.112  36.287  13.212 0.0000000000
177123  52.344  35.723  12.831 0.0000000000
162358  53.155  34.751  12.619 0.0000000000
117702  63.426  19.029  13.778 0.0000000000
116903  63.390  18.354  11.580 0.0000000000
117714  63.342  18.106  12.526 0.0000000000
116912  62.369  17.210  11.162 0.0000000000
116039  61.759  17.094  9.701 0.0000000000
116023  61.725  16.006  11.717 0.0000000000
116030  61.658  16.648  10.729 0.0000000000
116050  60.095  16.488  8.051 0.0000000000
116065  57.977  16.797  6.932 0.0000000000
115138  60.052  15.373  13.105 0.0000000000
115172  59.248  15.786  10.563 0.0000000000
171183  58.333  15.743  10.310 0.0000000000
174411  58.719  16.066  9.486 0.0000000000
116043  58.497  16.242  8.820 0.0000000000
116052  58.052  16.412  7.923 0.0000000000
165644  57.173  16.883  6.629 0.0000000000
116077  56.416  16.842  6.389 0.0000000000
123348  56.798  25.197  13.330 0.0000000000
122589  56.570  24.213  13.701 0.0000000000
123346  58.106  25.392  13.636 0.0000000000
123332  58.692  25.259  14.011 0.0000000000
122576  58.963  24.708  14.211 0.0000000000
179590  60.394  25.873  14.112 0.0000000000
122575  59.859  24.691  14.275 0.0000000000
121801  60.193  23.946  14.102 0.0000000000
121800  61.317  23.883  13.827 0.0000000000
121812  61.500  23.187  13.507 0.0000000000
126790  62.667  28.943  13.183 0.0000000000
124918  62.875  27.708  12.820 0.0000000000
126787  62.724  29.139  14.143 0.0000000000
180120  62.630  25.776  12.669 0.0000000000
122586  62.705  25.164  12.759 0.0000000000
167798  62.272  23.765  13.076 0.0000000000
121057  62.274  22.845  12.783 0.0000000000
121056  62.892  22.789  12.420 0.0000000000
121073  63.120  22.326  12.221 0.0000000000
122573  63.540  24.517  13.493 0.0000000000
121055  63.438  22.829  12.825 0.0000000000
120306  63.336  21.811  12.041 0.0000000000
120294  63.542  21.967  12.645 0.0000000000
119397  63.645  20.916  13.297 0.0000000000
118518  63.714  20.020  12.758 0.0000000000
130591  57.922  35.703  15.492 0.0000000000
157605  58.231  34.937  15.614 0.0000000000
129176  59.195  33.158  15.941 0.0000000000
129177  58.193  32.516  15.315 0.0000000000
128431  59.912  32.474  16.573 0.0000000000
128424  60.474  31.941  17.250 0.0000000000
127658  60.627  30.857  17.843 0.0000000000
126755  61.096  29.968  18.285 0.0000000000
126764  58.049  29.416  16.484 0.0000000000
124888  58.666  27.605  18.020 0.0000000000
125810  59.139  28.386  17.756 0.0000000000
125809  59.597  29.291  17.646 0.0000000000
125802  60.660  28.897  18.383 0.0000000000
124879  61.022  28.521  18.426 0.0000000000
158392  61.514  28.354  18.023 0.0000000000
161954  61.548  27.001  17.923 0.0000000000
123320  62.030  25.683  17.029 0.0000000000
122557  62.507  24.308  16.259 0.0000000000
121785  61.842  23.969  16.963 0.0000000000
121784  62.342  23.453  16.487 0.0000000000
155921  62.748  22.727  15.812 0.0000000000
120276  63.287  21.308  15.078 0.0000000000
119389  63.458  20.690  14.542 0.0000000000
118510  63.528  19.932  14.094 0.0000000000
117703  63.007  18.198  14.496 0.0000000000
117694  62.667  18.368  15.451 0.0000000000
118495  62.469  19.609  16.694 0.0000000000
117687  62.348  18.595  16.442 0.0000000000
116880  62.460  17.470  15.086 0.0000000000
116881  61.972  16.786  15.623 0.0000000000
115988  61.530  16.198  15.993 0.0000000000
115102  61.228  15.836  16.129 0.0000000000
153188  60.316  21.842  19.081 0.0000000000
119359  61.306  20.262  19.014 0.0000000000
118480  61.142  19.545  18.855 0.0000000000
119361  59.944  20.272  18.437 0.0000000000
118481  60.472  19.457  18.651 0.0000000000
117668  61.481  18.896  18.545 0.0000000000
117682  61.290  17.725  18.263 0.0000000000
115980  61.425  15.863  17.054 0.0000000000
115103  61.046  15.728  16.551 0.0000000000
115104  60.427  15.763  16.377 0.0000000000
115982  59.993  15.757  17.306 0.0000000000
115983  59.031  16.016  16.939 0.0000000000
175252  58.648  15.716  17.788 0.0000000000
131976  57.355  36.855  4.434 0.0000000000
132570  57.555  38.194  5.528 0.0000000000
132584  57.996  37.706  4.965 0.0000000000
131975  58.458  36.847  3.932 0.0000000000
131973  59.906  36.799  3.838 0.0000000000
131335  60.030  36.251  3.739 0.0000000000
130668  59.748  34.978  4.308 0.0000000000
135060  55.682  41.421  10.690 0.0000000000
135068  56.456  41.381  10.087 0.0000000000
133819  55.453  40.090  13.343 0.0000000000
133829  56.354  40.701  12.791 0.0000000000
134481  57.931  40.891  10.491 0.0000000000
134489  58.014  40.873  9.770 0.0000000000
133850  58.145  40.138  9.124 0.0000000000
131945  57.480  36.989  7.357 0.0000000000
164768  58.397  37.396  6.661 0.0000000000
131949  58.976  37.279  6.132 0.0000000000
131298  58.795  35.943  5.671 0.0000000000
130645  59.317  35.495  5.020 0.0000000000
129984  59.553  33.793  4.484 0.0000000000
174479  59.637  32.994  4.734 0.0000000000
128483  60.717  31.946  5.374 0.0000000000
129231  59.886  32.310  6.120 0.0000000000
129230  61.229  32.186  6.384 0.0000000000
128482  62.011  31.904  5.988 0.0000000000
128481  62.580  31.855  6.412 0.0000000000
127722  62.012  30.454  7.373 0.0000000000
127714  61.300  30.543  8.395 0.0000000000
129206  58.669  32.908  9.034 0.0000000000
129205  60.039  33.317  8.993 0.0000000000
129204  61.271  33.672  8.977 0.0000000000
129956  61.319  33.966  9.677 0.0000000000
129203  61.909  33.574  9.045 0.0000000000
129210  61.967  33.427  8.221 0.0000000000
128466  62.507  32.281  8.388 0.0000000000
127713  62.047  31.547  8.671 0.0000000000
127705  60.245  30.198  9.102 0.0000000000
126805  58.716  29.564  10.300 0.0000000000
126802  58.655  29.478  11.290 0.0000000000
126801  59.302  29.924  11.709 0.0000000000
126799  58.829  29.260  12.230 0.0000000000
125846  58.365  28.365  12.114 0.0000000000
124925  58.440  27.722  12.637 0.0000000000
121816  55.736  23.618  13.606 0.0000000000
163445  55.840  22.803  13.371 0.0000000000
121075  55.551  21.979  12.824 0.0000000000
120311  55.048  21.342  12.505 0.0000000000
120320  54.717  20.615  12.034 0.0000000000
119432  54.119  20.138  11.292 0.0000000000
169850  53.516  20.021  10.358 0.0000000000
119401  59.102  20.567  12.982 0.0000000000
119415  57.818  20.587  12.044 0.0000000000
119429  56.608  20.660  11.131 0.0000000000
175689  57.080  20.646  10.536 0.0000000000
119430  55.854  20.591  10.989 0.0000000000
179786  54.269  20.232  10.359 0.0000000000
158979  51.917  20.572  9.108 0.0000000000
118583  51.054  20.513  8.151 0.0000000000
153271  52.469  20.858  7.865 0.0000000000
180380  50.471  19.708  7.922 0.0000000000
117753  50.444  18.895  7.836 0.0000000000
117721  63.281  18.775  10.793 0.0000000000
118579  62.099  19.152  8.051 0.0000000000
117750  61.577  18.913  6.805 0.0000000000
118587  61.357  19.489  6.839 0.0000000000
118581  60.683  19.985  7.163 0.0000000000
118582  59.661  20.056  7.145 0.0000000000
119469  58.031  20.330  6.855 0.0000000000
119479  56.996  20.610  6.412 0.0000000000
116954  57.326  17.860  4.156 0.0000000000
117775  57.273  18.270  3.657 0.0000000000
118614  57.052  18.782  4.749 0.0000000000
118622  56.282  19.009  2.876 0.0000000000
118615  56.652  18.869  4.007 0.0000000000
118607  56.826  19.342  5.319 0.0000000000
118608  56.094  19.504  5.000 0.0000000000
118600  56.493  19.899  5.979 0.0000000000
119480  55.766  20.658  6.562 0.0000000000
179559  53.811  20.102  6.377 0.0000000000
118603  52.841  19.394  6.535 0.0000000000
115127  54.677  15.487  14.366 0.0000000000
115144  54.290  15.028  13.847 0.0000000000
114270  53.534  14.432  12.657 0.0000000000
114269  54.333  14.890  12.985 0.0000000000
115136  61.516  15.210  13.304 0.0000000000
115150  60.351  15.323  12.345 0.0000000000
115155  55.110  15.294  12.822 0.0000000000
115161  60.562  15.495  11.726 0.0000000000
115193  56.049  16.033  8.747 0.0000000000
115194  54.541  15.860  8.511 0.0000000000
115974  61.582  16.305  17.687 0.0000000000
115981  60.802  15.772  17.353 0.0000000000
116031  60.951  16.258  10.440 0.0000000000
116042  59.315  16.243  8.893 0.0000000000
116044  57.613  16.187  8.994 0.0000000000
116049  60.824  16.797  8.321 0.0000000000
116066  57.160  16.565  7.485 0.0000000000
116078  55.577  16.775  6.269 0.0000000000
116086  55.427  17.037  5.500 0.0000000000
116872  61.670  17.187  17.799 0.0000000000
116897  62.824  17.219  13.209 0.0000000000
116918  63.012  18.259  10.327 0.0000000000
116930  61.733  18.545  7.090 0.0000000000
116931  61.322  17.725  7.688 0.0000000000
116965  57.168  17.694  3.478 0.0000000000
116975  57.103  17.895  2.602 0.0000000000
116988  56.418  18.214  2.095 0.0000000000
117713  63.614  18.954  11.900 0.0000000000
117741  62.008  19.074  7.302 0.0000000000
117767  57.338  18.397  4.989 0.0000000000
117783  57.237  18.110  2.793 0.0000000000
117790  56.877  18.266  2.376 0.0000000000
118479  61.616  19.758  18.811 0.0000000000
118490  58.927  19.476  17.887 0.0000000000
118536  63.543  19.730  11.366 0.0000000000
118567  62.333  19.027  8.983 0.0000000000
118580  61.531  19.507  7.516 0.0000000000
118589  59.251  19.868  7.072 0.0000000000
118601  55.408  19.849  5.887 0.0000000000
118623  55.420  19.262  2.686 0.0000000000
118631  56.503  18.642  2.369 0.0000000000
118632  55.917  18.971  2.063 0.0000000000
119368  62.152  20.336  18.187 0.0000000000
119371  58.581  20.821  17.890 0.0000000000
119381  63.071  20.534  15.454 0.0000000000
119409  63.578  20.353  11.705 0.0000000000
119413  59.817  20.049  12.433 0.0000000000
119416  56.907  20.811  11.955 0.0000000000
119424  63.323  20.275  11.202 0.0000000000
119440  53.848  20.445  9.554 0.0000000000
119449  57.738  20.781  8.784 0.0000000000
119463  54.304  21.273  7.829 0.0000000000
119465  51.822  20.716  8.000 0.0000000000
119468  58.747  20.148  7.033 0.0000000000
119478  57.670  20.277  6.569 0.0000000000
120299  56.954  21.948  13.042 0.0000000000
120308  58.266  20.710  12.704 0.0000000000
120330  57.646  20.775  7.177 0.0000000000
121016  55.337  23.104  20.362 0.0000000000
121045  63.553  23.076  13.728 0.0000000000
121062  56.315  22.186  13.063 0.0000000000
121063  55.010  22.622  13.169 0.0000000000
121072  63.305  22.394  12.411 0.0000000000
121775  59.299  23.219  19.610 0.0000000000
121802  59.195  24.041  14.233 0.0000000000
121810  63.436  23.774  13.038 0.0000000000
121813  58.505  24.180  14.146 0.0000000000
122527  56.917  24.464  20.485 0.0000000000
122538  60.093  24.325  18.994 0.0000000000
122539  59.552  24.662  19.284 0.0000000000
122587  58.233  24.705  13.942 0.0000000000
123284  56.801  25.093  20.054 0.0000000000
123328  63.411  25.286  13.101 0.0000000000
123329  62.086  25.409  13.151 0.0000000000
123331  59.516  25.467  14.193 0.0000000000
123345  62.875  26.296  12.602 0.0000000000
123347  57.472  25.503  13.379 0.0000000000
123364  56.245  25.726  12.916 0.0000000000
124065  58.173  25.619  19.345 0.0000000000
124069  60.077  26.014  18.756 0.0000000000
124071  58.680  26.333  18.851 0.0000000000
124095  62.123  26.678  17.061 0.0000000000
124096  55.137  26.858  16.607 0.0000000000
124133  56.537  26.484  12.568 0.0000000000
124896  62.610  27.863  16.243 0.0000000000
124916  60.574  27.348  13.713 0.0000000000
124922  58.801  27.344  13.279 0.0000000000
124926  57.752  27.285  12.336 0.0000000000
125807  61.426  29.252  18.078 0.0000000000
125808  61.007  29.295  18.431 0.0000000000
125832  55.226  29.577  15.553 0.0000000000
125840  62.531  28.402  12.739 0.0000000000
125843  59.770  28.634  13.320 0.0000000000
125903  59.416  28.491  6.751 0.0000000000
125920  60.322  28.647  5.608 0.0000000000
125923  58.480  28.581  6.643 0.0000000000
125936  59.179  28.376  5.671 0.0000000000
126778  53.205  29.775  15.473 0.0000000000
126788  62.470  29.690  13.585 0.0000000000
126792  61.401  29.341  12.774 0.0000000000
126798  59.764  29.695  12.394 0.0000000000
126804  59.543  30.260  10.502 0.0000000000
126862  62.046  29.932  6.515 0.0000000000
126880  58.774  28.774  5.254 0.0000000000
127657  61.084  30.789  17.971 0.0000000000
127663  61.117  31.467  17.614 0.0000000000
127672  58.758  31.096  16.324 0.0000000000
127675  55.944  30.354  15.238 0.0000000000
127694  61.009  30.586  12.089 0.0000000000
127699  59.807  30.382  11.228 0.0000000000
127747  62.122  30.776  5.493 0.0000000000
128436  54.705  31.170  14.939 0.0000000000
128446  57.348  31.808  14.896 0.0000000000
128448  55.471  32.432  14.575 0.0000000000
128451  52.918  32.281  14.953 0.0000000000
128468  62.709  31.715  7.127 0.0000000000
128506  61.704  31.082  4.939 0.0000000000
129174  60.643  33.182  16.268 0.0000000000
129185  61.430  32.726  14.507 0.0000000000
129187  55.840  33.949  15.253 0.0000000000
129209  62.414  33.029  8.448 0.0000000000
129232  58.120  33.164  6.519 0.0000000000
129241  60.799  31.819  4.560 0.0000000000
129912  60.698  33.756  15.771 0.0000000000
129913  60.377  34.405  15.695 0.0000000000
129916  56.465  34.884  16.210 0.0000000000
129947  61.599  33.630  9.820 0.0000000000
129953  55.546  33.796  10.243 0.0000000000
129966  56.733  34.021  7.939 0.0000000000
130571  53.768  35.042  17.338 0.0000000000
130584  54.786  34.992  17.216 0.0000000000
130594  53.041  35.194  14.510 0.0000000000
130598  57.212  35.540  13.841 0.0000000000
130602  52.781  35.059  13.428 0.0000000000
130606  59.263  35.654  13.224 0.0000000000
130618  54.498  34.306  11.577 0.0000000000
130623  54.246  34.577  10.622 0.0000000000
130628  54.462  34.905  9.794 0.0000000000
130667  60.116  35.638  3.679 0.0000000000
131236  51.550  35.370  16.994 0.0000000000
131251  53.388  35.335  16.756 0.0000000000
131252  52.484  35.448  16.473 0.0000000000
131255  59.373  36.245  14.976 0.0000000000
131258  56.576  35.619  15.637 0.0000000000
131265  59.656  36.132  14.077 0.0000000000
131288  55.422  35.848  8.619 0.0000000000
131293  57.307  35.429  7.044 0.0000000000
131307  59.545  36.678  5.157 0.0000000000
131337  58.554  36.159  3.334 0.0000000000
131900  52.064  36.031  14.147 0.0000000000
131912  48.457  36.681  12.452 0.0000000000
131919  53.392  36.344  10.805 0.0000000000
131941  55.864  36.451  8.375 0.0000000000
131957  59.382  37.285  5.116 0.0000000000
131974  59.421  37.168  4.350 0.0000000000
132490  52.254  37.354  13.498 0.0000000000
132504  53.203  37.598  12.251 0.0000000000
132520  54.147  37.845  11.071 0.0000000000
132522  52.792  36.775  11.984 0.0000000000
132534  55.182  37.878  10.047 0.0000000000
132546  56.231  37.891  9.007 0.0000000000
132561  58.429  38.221  6.512 0.0000000000
133191  58.020  39.647  8.663 0.0000000000
133210  58.265  38.366  6.158 0.0000000000
133222  56.134  38.644  6.083 0.0000000000
133764  50.605  39.879  19.089 0.0000000000
133766  48.813  40.006  18.678 0.0000000000
133773  52.271  40.951  17.549 0.0000000000
133775  51.449  40.550  18.144 0.0000000000
133784  50.120  40.387  17.796 0.0000000000
133790  54.779  41.140  15.910 0.0000000000
133800  55.729  41.111  14.620 0.0000000000
133802  54.868  40.607  15.208 0.0000000000
133804  51.249  39.539  14.773 0.0000000000
133812  51.898  39.491  13.120 0.0000000000
133839  58.088  40.476  9.728 0.0000000000
133862  58.120  40.045  8.571 0.0000000000
133874  57.869  39.765  7.789 0.0000000000
133875  56.673  39.985  7.442 0.0000000000
133876  55.360  40.072  7.200 0.0000000000
133880  57.921  39.260  7.449 0.0000000000
133884  53.608  39.359  6.916 0.0000000000
134440  52.827  41.149  17.440 0.0000000000
134441  52.317  41.016  17.545 0.0000000000
134449  53.540  41.313  16.428 0.0000000000
134454  54.056  41.375  15.435 0.0000000000
134470  53.417  40.638  13.463 0.0000000000
134483  54.049  40.601  10.680 0.0000000000
134488  58.080  40.383  9.256 0.0000000000
135030  55.240  41.289  15.111 0.0000000000
135035  55.638  41.188  14.699 0.0000000000
135036  55.438  41.446  13.599 0.0000000000
135067  57.565  41.179  10.443 0.0000000000
135078  55.976  41.138  9.149 0.0000000000
149678  57.673  29.037  5.753 0.0000000000
150160  56.243  15.565  10.971 0.0000000000
150162  58.646  15.603  11.829 0.0000000000
152729  60.368  28.197  18.441 0.0000000000
153024  60.767  19.065  6.659 0.0000000000
153217  61.387  32.643  15.362 0.0000000000
153251  62.434  17.920  9.149 0.0000000000
155827  58.166  18.019  6.501 0.0000000000
156860  54.339  34.770  13.194 0.0000000000
157318  62.619  32.474  7.688 0.0000000000
158220  60.739  30.364  18.104 0.0000000000
159304  60.209  21.021  18.930 0.0000000000
159340  56.444  37.097  8.250 0.0000000000
161146  54.704  22.074  12.928 0.0000000000
162349  58.352  28.799  11.568 0.0000000000
164804  57.760  20.524  10.391 0.0000000000
165127  58.956  34.957  15.708 0.0000000000
165679  62.033  15.895  14.236 0.0000000000
166048  55.048  41.204  15.579 0.0000000000
166091  55.864  28.201  16.094 0.0000000000
167530  58.187  20.496  7.290 0.0000000000
167899  62.846  23.534  12.664 0.0000000000
168097  61.132  15.318  13.833 0.0000000000
168900  61.399  32.884  13.596 0.0000000000
170984  59.301  17.372  6.997 0.0000000000
171424  55.431  41.363  14.401 0.0000000000
172849  56.397  23.345  13.670 0.0000000000
173396  59.308  36.743  3.696 0.0000000000
174352  61.189  15.584  14.602 0.0000000000
175060  52.609  35.264  12.575 0.0000000000
176111  59.390  23.742  19.597 0.0000000000
176841  58.497  37.352  4.479 0.0000000000
176927  57.117  17.606  4.127 0.0000000000
177699  58.280  35.445  6.100 0.0000000000
178378  58.614  20.385  9.307 0.0000000000
178636  50.949  40.296  18.699 0.0000000000
179094  53.356  34.677  12.013 0.0000000000
179223  54.155  25.715  12.358 0.0000000000
179270  58.324  15.661  10.848 0.0000000000
179952  59.115  36.827  5.823 0.0000000000
180269  58.034  30.671  15.870 0.0000000000
