#!ascii label  , from subject sub-v1s1x0050655_ses-1 vox2ras=TkReg
1296
98897  22.434  -2.333  -32.524 0.2500000000
98912  23.326  -2.366  -32.964 0.2500000000
98911  24.219  -2.831  -33.489 0.7500000000
101933  21.713  0.903  -32.780 0.2500000000
101939  22.084  0.635  -33.463 0.1250000000
101949  22.603  0.911  -34.311 0.3750000000
100981  22.261  -0.428  -33.275 0.2500000000
99953  22.428  -1.260  -33.026 0.2500000000
99963  24.531  -1.526  -34.551 0.7500000000
99952  23.160  -1.583  -33.475 0.3750000000
97926  24.904  -3.272  -34.038 0.8750000000
98925  24.742  -2.349  -34.251 0.8750000000
97925  25.512  -3.625  -34.490 0.8750000000
101009  23.005  0.216  -34.783 0.3750000000
100992  23.228  -0.505  -34.647 0.3750000000
99980  24.260  -0.779  -34.862 0.8750000000
99964  23.642  -1.195  -34.240 0.7500000000
98955  26.034  -1.649  -35.803 1.0000000000
98956  25.596  -1.398  -35.549 1.0000000000
99979  25.076  -1.121  -35.184 0.8750000000
97943  25.944  -3.051  -35.035 1.0000000000
98940  25.240  -1.855  -34.916 0.8750000000
97942  26.541  -3.419  -35.430 1.0000000000
158278  22.209  1.420  -33.659 0.2500000000
101963  23.276  0.818  -35.046 0.7500000000
101962  24.027  0.736  -35.593 0.8750000000
101026  24.599  0.180  -35.666 0.8750000000
101008  23.918  0.049  -35.154 0.7500000000
98973  26.355  -1.222  -36.383 1.0000000000
99992  25.892  -0.941  -35.972 1.0000000000
101025  25.246  -0.086  -35.998 1.0000000000
97971  27.113  -2.289  -36.641 1.0000000000
98954  26.545  -2.029  -36.258 1.0000000000
97958  26.983  -2.911  -36.128 1.0000000000
97959  26.270  -2.523  -35.655 1.0000000000
101940  21.844  1.527  -33.049 0.1250000000
102892  23.073  1.503  -34.623 0.6250000000
168559  24.827  1.172  -36.731 1.0000000000
102891  23.678  1.393  -35.292 0.8750000000
101977  24.695  0.617  -36.176 1.0000000000
100023  27.601  -0.790  -37.666 1.0000000000
101051  26.530  0.008  -37.201 1.0000000000
101035  25.718  -0.355  -36.289 1.0000000000
101976  25.370  0.467  -36.675 1.0000000000
100006  27.426  -1.348  -37.260 1.0000000000
100007  26.855  -0.777  -37.062 1.0000000000
158124  29.788  -1.763  -37.772 1.0000000000
98970  28.456  -2.341  -37.117 1.0000000000
178062  22.687  4.890  -33.704 0.2500000000
102864  22.178  2.023  -33.354 0.2500000000
103804  22.632  2.337  -33.795 0.3750000000
103819  22.990  2.036  -34.280 0.5000000000
103828  24.557  2.689  -36.233 1.0000000000
103818  23.498  2.027  -34.857 0.6250000000
102904  24.682  1.933  -36.506 1.0000000000
102926  25.740  1.678  -37.664 1.0000000000
160752  25.222  1.853  -37.165 1.0000000000
101049  27.760  -0.187  -38.066 1.0000000000
101062  27.409  0.362  -38.025 1.0000000000
102010  26.748  1.464  -38.287 1.0000000000
150816  28.542  0.541  -38.449 1.0000000000
179987  29.210  -1.303  -38.026 1.0000000000
152926  29.029  0.634  -38.501 1.0000000000
101047  29.634  -0.694  -38.099 1.0000000000
106745  23.397  5.580  -35.174 0.5000000000
105726  22.889  4.349  -33.890 0.3750000000
168038  23.700  4.169  -35.087 0.3750000000
104774  23.243  3.558  -34.337 0.5000000000
105746  24.250  4.407  -35.994 0.5000000000
104800  24.928  3.332  -36.778 0.8750000000
166124  25.013  4.196  -37.999 1.0000000000
103861  26.221  2.773  -38.722 1.0000000000
162929  25.479  3.245  -37.758 1.0000000000
102952  27.674  2.334  -39.141 1.0000000000
103874  27.003  2.661  -39.367 1.0000000000
102924  29.009  1.971  -37.992 1.0000000000
102936  28.770  1.839  -38.551 1.0000000000
101996  29.599  0.343  -37.912 0.8750000000
105738  23.721  4.860  -35.413 0.5000000000
106757  23.982  5.647  -36.222 0.6250000000
106767  24.570  5.729  -38.121 0.6250000000
105755  24.757  4.863  -38.125 1.0000000000
105745  24.803  4.140  -37.097 0.7500000000
105766  24.912  4.530  -38.834 1.0000000000
104810  28.076  3.896  -37.639 1.0000000000
105764  27.833  4.004  -38.761 1.0000000000
105790  27.075  4.023  -40.149 1.0000000000
104846  26.584  3.815  -40.021 1.0000000000
156634  28.308  3.449  -38.358 1.0000000000
103847  28.087  3.033  -39.130 1.0000000000
104844  27.512  3.391  -39.843 1.0000000000
104809  28.683  3.190  -37.446 0.8750000000
104819  28.596  2.847  -38.228 1.0000000000
179412  29.353  1.588  -37.629 0.8750000000
107748  24.272  6.244  -37.441 0.8750000000
106766  26.279  6.164  -38.657 1.0000000000
107776  25.648  6.140  -39.319 1.0000000000
105744  27.795  4.632  -37.233 1.0000000000
106776  26.925  5.339  -38.409 1.0000000000
170499  25.694  4.501  -39.744 1.0000000000
107745  27.942  5.991  -35.726 1.0000000000
104798  28.931  3.271  -36.305 1.0000000000
104799  28.486  3.714  -36.783 1.0000000000
106744  28.397  5.000  -35.452 1.0000000000
104788  28.682  3.994  -35.819 1.0000000000
156702  23.471  6.568  -35.723 0.5000000000
107749  23.778  7.237  -37.650 0.8750000000
108704  24.308  7.235  -38.927 1.0000000000
109660  26.990  8.731  -36.321 1.0000000000
107757  26.023  6.925  -38.043 1.0000000000
108702  25.325  7.152  -38.675 1.0000000000
108655  28.838  7.839  -34.650 1.0000000000
107737  27.678  6.951  -35.878 1.0000000000
163804  29.173  7.069  -34.150 1.0000000000
108656  28.639  7.154  -34.794 1.0000000000
107736  28.287  6.682  -35.228 1.0000000000
106743  29.045  5.359  -34.278 1.0000000000
176175  28.788  6.409  -34.469 1.0000000000
105737  29.100  4.328  -34.691 0.8750000000
112943  26.762  13.065  -35.310 1.0000000000
112179  23.947  11.932  -36.108 0.3750000000
112177  26.172  11.942  -36.195 0.8750000000
110552  26.406  9.586  -36.436 1.0000000000
109648  28.335  8.555  -35.023 1.0000000000
109638  28.496  9.174  -34.829 1.0000000000
114595  26.938  14.497  -35.030 0.8750000000
113755  27.179  13.636  -34.796 1.0000000000
112158  27.087  12.164  -35.149 1.0000000000
112935  27.374  12.718  -34.443 1.0000000000
111355  27.806  10.528  -34.998 1.0000000000
110512  28.979  9.515  -34.489 1.0000000000
111343  28.716  10.273  -34.355 1.0000000000
164100  29.448  9.861  -34.090 1.0000000000
114590  26.521  15.269  -34.980 0.7500000000
175009  28.295  13.926  -33.670 1.0000000000
113747  28.773  13.294  -33.506 1.0000000000
112933  30.387  12.667  -33.536 1.0000000000
112934  29.388  12.565  -33.539 1.0000000000
163769  28.932  10.938  -33.866 1.0000000000
114589  28.198  14.664  -33.706 1.0000000000
113746  29.755  13.360  -33.368 1.0000000000
120642  24.664  21.749  -33.464 0.1250000000
120643  24.532  21.578  -32.796 0.1250000000
157212  25.802  22.591  -34.566 0.2500000000
122136  24.745  22.760  -34.315 0.1250000000
152601  25.664  23.236  -34.747 0.3750000000
122151  23.669  23.464  -35.038 0.2500000000
122149  26.099  23.799  -34.984 0.5000000000
122899  24.470  23.841  -35.712 0.2500000000
122915  25.266  24.416  -36.354 0.3750000000
170088  23.191  24.015  -34.947 0.2500000000
154925  23.537  24.031  -35.791 0.2500000000
122917  22.652  24.241  -36.059 0.2500000000
122916  24.377  24.171  -36.595 0.2500000000
122942  23.261  24.000  -37.870 0.2500000000
122941  24.256  24.195  -37.614 0.3750000000
151347  23.443  24.100  -36.800 0.2500000000
122940  25.112  24.584  -37.242 0.3750000000
122956  22.903  23.924  -38.868 0.2500000000
155597  21.409  -2.201  -32.146 0.1250000000
99965  22.809  -0.882  -33.909 0.2500000000
165909  21.866  0.002  -32.686 0.1250000000
97969  28.595  -3.177  -36.643 1.0000000000
107769  24.724  6.437  -39.193 0.8750000000
107746  27.380  6.279  -36.662 1.0000000000
156544  21.925  -3.985  -31.478 0.1250000000
97910  24.497  -3.750  -33.176 0.6250000000
96892  25.495  -4.786  -33.714 0.7500000000
101926  21.635  0.541  -32.194 0.1250000000
95902  26.075  -5.119  -34.103 1.0000000000
99942  20.976  -1.479  -32.194 0.1250000000
96925  26.811  -4.191  -35.118 1.0000000000
97957  27.748  -3.474  -36.269 1.0000000000
96948  29.476  -3.285  -36.615 1.0000000000
102865  21.738  2.237  -32.573 0.3750000000
104752  22.195  3.374  -32.769 0.2500000000
104764  22.621  3.494  -33.482 0.2500000000
101034  30.243  -0.534  -37.393 0.8750000000
103816  29.699  1.876  -35.912 0.8750000000
154227  29.953  1.081  -37.074 0.8750000000
104787  29.297  3.446  -35.156 0.8750000000
112180  23.159  11.622  -35.599 0.1250000000
111372  23.577  11.109  -36.164 0.1250000000
160962  23.440  7.640  -36.390 0.3750000000
108692  23.782  8.334  -37.848 0.6250000000
107724  29.310  6.213  -33.565 1.0000000000
112954  25.583  12.743  -36.178 0.5000000000
113756  26.506  13.935  -35.504 0.8750000000
111371  24.636  11.330  -36.411 0.3750000000
110545  25.239  10.678  -36.563 0.8750000000
109637  29.130  8.661  -34.427 1.0000000000
110511  30.218  9.770  -33.710 1.0000000000
111341  30.505  10.557  -33.632 1.0000000000
112155  29.920  11.201  -33.685 1.0000000000
115459  27.085  15.985  -34.434 0.8750000000
164452  28.715  15.918  -33.555 1.0000000000
159103  29.754  14.958  -33.198 1.0000000000
119786  25.183  21.248  -32.448 0.1250000000
161371  24.951  19.935  -33.321 0.1250000000
119823  27.054  20.868  -34.270 0.6250000000
122135  26.518  23.153  -34.801 0.6250000000
122148  27.149  23.751  -35.304 0.5000000000
122137  23.703  23.053  -34.245 0.2500000000
122914  26.125  24.641  -36.233 0.5000000000
122138  23.172  23.616  -34.290 0.2500000000
122900  22.891  24.454  -35.156 0.2500000000
123693  25.885  24.960  -36.965 0.5000000000
122901  22.224  24.738  -35.690 0.1250000000
122182  21.527  23.836  -37.257 0.2500000000
162352  22.295  23.823  -39.054 0.2500000000
122954  24.881  24.559  -38.225 0.3750000000
123750  23.342  25.094  -39.100 0.2500000000
122164  21.018  23.982  -36.908 0.1250000000
98898  21.997  -2.648  -32.248 0.1250000000
152749  22.806  -2.948  -32.309 0.3750000000
97911  23.713  -3.295  -32.635 0.5000000000
100971  21.794  -0.980  -32.466 0.1250000000
96911  25.141  -4.132  -33.836 0.7500000000
97944  25.358  -2.721  -34.680 0.8750000000
96910  25.763  -4.401  -34.303 1.0000000000
96926  26.140  -3.914  -34.835 1.0000000000
99993  25.497  -0.780  -35.788 1.0000000000
98939  25.710  -2.188  -35.303 1.0000000000
96937  27.210  -3.776  -35.730 1.0000000000
97970  27.717  -2.737  -36.702 1.0000000000
166575  24.145  1.993  -35.635 0.8750000000
176570  25.325  1.151  -37.181 1.0000000000
100022  28.317  -0.778  -38.058 1.0000000000
158140  26.251  0.556  -37.402 1.0000000000
101998  26.244  1.159  -37.801 1.0000000000
98984  28.251  -1.535  -37.595 1.0000000000
98969  29.294  -2.555  -36.983 1.0000000000
166286  22.762  2.915  -33.789 0.3750000000
103803  23.204  2.637  -34.382 0.5000000000
103829  23.914  2.741  -35.266 0.8750000000
103838  25.219  2.774  -37.033 1.0000000000
103849  25.582  2.553  -37.680 1.0000000000
101060  29.000  0.004  -38.290 1.0000000000
102009  27.401  1.063  -38.301 1.0000000000
101997  26.810  0.640  -37.811 1.0000000000
102939  27.178  1.865  -38.807 1.0000000000
102938  28.017  1.727  -38.976 1.0000000000
102923  29.545  1.031  -37.881 1.0000000000
104801  24.450  3.443  -36.091 0.6250000000
106756  24.476  5.151  -37.194 0.6250000000
104821  25.270  3.832  -38.304 1.0000000000
106786  25.198  5.537  -39.643 1.0000000000
104832  26.486  3.268  -39.434 1.0000000000
164493  25.970  3.497  -39.059 1.0000000000
104834  25.465  4.072  -39.123 1.0000000000
103859  28.433  2.371  -38.849 1.0000000000
103837  28.922  2.315  -37.660 0.8750000000
101024  30.685  -0.490  -36.738 0.8750000000
106778  24.764  5.587  -39.073 1.0000000000
166106  25.752  5.007  -39.939 1.0000000000
105743  28.190  4.375  -36.564 1.0000000000
104820  28.057  3.572  -39.016 1.0000000000
105777  27.400  4.345  -40.003 1.0000000000
105754  27.574  4.606  -38.145 1.0000000000
103817  29.505  2.702  -35.631 0.8750000000
107747  26.760  7.072  -37.183 1.0000000000
107767  25.635  6.670  -38.844 1.0000000000
107756  26.789  6.154  -37.674 1.0000000000
106777  26.431  5.474  -39.379 1.0000000000
106754  27.831  5.246  -36.475 1.0000000000
105778  26.629  4.874  -40.102 1.0000000000
106755  27.412  5.353  -37.413 1.0000000000
167344  28.448  5.882  -34.995 1.0000000000
108693  23.629  8.148  -37.427 0.6250000000
107759  23.902  7.662  -38.291 0.7500000000
108703  24.715  7.469  -38.659 1.0000000000
108679  26.207  7.839  -37.535 1.0000000000
109661  26.278  8.685  -37.019 1.0000000000
108678  26.799  7.928  -36.737 1.0000000000
110551  27.222  9.467  -35.884 1.0000000000
109639  27.887  9.299  -35.313 1.0000000000
108669  27.403  7.880  -36.071 1.0000000000
108635  29.597  7.818  -34.100 1.0000000000
162165  27.211  7.239  -36.496 1.0000000000
112178  25.119  12.016  -36.256 0.7500000000
111369  26.605  11.153  -36.140 1.0000000000
111370  25.720  11.272  -36.272 0.7500000000
111368  27.220  10.868  -35.735 1.0000000000
110531  28.182  9.797  -34.897 1.0000000000
161545  27.429  15.038  -34.452 0.8750000000
112176  26.872  11.670  -35.835 1.0000000000
112157  27.855  11.764  -34.275 1.0000000000
178204  28.447  11.327  -34.015 1.0000000000
160088  27.465  11.309  -35.107 1.0000000000
111342  29.635  10.441  -33.877 1.0000000000
160953  28.843  15.144  -33.308 1.0000000000
114588  29.081  14.197  -33.260 1.0000000000
115458  28.060  15.497  -33.821 1.0000000000
119797  24.863  21.137  -32.778 0.1250000000
120657  25.332  21.448  -33.880 0.1250000000
119811  24.984  21.267  -33.295 0.1250000000
122125  23.803  22.824  -33.220 0.2500000000
122150  24.882  23.454  -34.846 0.2500000000
170539  25.933  21.281  -34.029 0.3750000000
120656  25.900  21.818  -34.351 0.5000000000
122897  26.533  24.286  -35.622 0.5000000000
164011  22.157  23.718  -38.925 0.2500000000
122955  23.977  24.194  -38.559 0.2500000000
97899  22.300  -3.398  -32.077 0.2500000000
96849  23.259  -4.649  -29.994 0.1250000000
96850  22.353  -4.868  -31.067 0.1250000000
96873  23.987  -4.213  -32.289 0.6250000000
174396  24.851  -4.743  -32.833 0.7500000000
96909  26.420  -4.685  -34.599 1.0000000000
111381  23.510  10.434  -36.528 0.5000000000
109671  25.527  8.453  -37.756 0.8750000000
110562  24.371  9.473  -37.500 0.7500000000
109662  25.440  9.360  -37.272 0.8750000000
111380  24.240  10.679  -36.706 0.7500000000
110553  24.806  10.120  -37.082 0.8750000000
156402  25.629  10.040  -36.646 1.0000000000
110544  26.135  10.487  -36.258 1.0000000000
116365  27.903  16.262  -33.784 1.0000000000
117234  30.082  16.962  -33.211 1.0000000000
156674  30.708  14.940  -33.434 1.0000000000
119809  25.585  20.047  -33.928 0.3750000000
162313  27.786  21.083  -34.313 0.7500000000
120655  27.371  21.621  -34.350 0.7500000000
162235  26.538  21.443  -34.249 0.5000000000
122134  27.464  22.996  -34.834 0.7500000000
123735  24.600  24.768  -38.890 0.2500000000
123734  25.416  25.057  -38.731 0.3750000000
91138  25.997  -10.204  -31.598 0.7500000000
156916  28.774  -10.048  -32.328 0.7500000000
91139  25.172  -10.094  -31.370 0.7500000000
92048  24.814  -9.397  -31.601 0.7500000000
92045  28.335  -9.335  -32.517 0.7500000000
174617  27.520  -9.347  -32.273 0.7500000000
93015  27.042  -8.580  -32.424 0.7500000000
93016  26.175  -8.828  -32.073 0.7500000000
152896  29.324  -8.686  -33.449 0.7500000000
93030  28.534  -8.711  -33.010 0.7500000000
93031  27.796  -8.163  -33.026 0.7500000000
94888  25.402  -6.295  -32.494 0.7500000000
95860  24.821  -5.642  -32.353 0.6250000000
93964  27.608  -7.283  -33.615 0.7500000000
94905  26.979  -6.484  -33.787 0.8750000000
94906  26.201  -6.359  -33.211 0.8750000000
93962  29.566  -8.141  -34.087 0.7500000000
93963  28.590  -8.009  -33.754 0.7500000000
93980  28.312  -7.207  -34.209 0.7500000000
94920  27.042  -6.026  -34.473 0.8750000000
95901  26.759  -5.448  -34.489 0.8750000000
168946  29.478  -6.768  -34.745 0.7500000000
158281  28.628  -6.690  -34.583 0.7500000000
94935  28.305  -5.838  -34.824 0.8750000000
95919  27.129  -4.915  -34.824 0.8750000000
95916  29.657  -5.371  -35.687 0.7500000000
157004  28.526  -5.223  -35.293 0.8750000000
95930  28.310  -4.612  -35.703 0.8750000000
95927  30.495  -4.344  -36.338 0.8750000000
96935  29.670  -4.069  -36.357 0.8750000000
177142  30.561  -3.571  -36.453 0.8750000000
97968  29.850  -2.644  -36.825 0.8750000000
99991  33.132  -1.839  -36.448 0.3750000000
152233  32.006  -1.966  -36.499 0.6250000000
98967  31.033  -1.722  -36.522 0.7500000000
98981  30.100  -1.751  -37.422 0.7500000000
101022  33.339  -1.185  -36.185 0.5000000000
180100  32.539  -1.750  -36.505 0.5000000000
177056  31.931  -1.275  -36.335 0.7500000000
100005  30.832  -1.146  -36.711 0.7500000000
101972  34.354  0.262  -35.947 0.1250000000
102901  33.614  0.232  -35.858 0.3750000000
101973  32.468  -0.197  -36.011 0.6250000000
101974  31.329  -0.175  -36.125 0.6250000000
101975  30.532  0.289  -36.551 0.6250000000
101957  36.163  1.056  -35.257 0.1250000000
101959  34.921  0.563  -36.027 0.1250000000
172061  33.666  1.000  -35.737 0.1250000000
178823  33.773  2.092  -35.477 0.1250000000
102875  31.240  1.477  -34.614 0.6250000000
103802  30.776  2.021  -34.515 0.6250000000
172309  30.191  2.234  -35.199 0.7500000000
103813  34.562  2.102  -35.760 0.1250000000
104783  34.539  3.419  -35.083 0.1250000000
104771  32.821  3.221  -34.388 0.1250000000
104772  31.867  2.685  -33.772 0.5000000000
104786  30.232  2.854  -34.560 0.6250000000
105736  29.898  3.754  -34.091 0.7500000000
103811  36.164  2.710  -35.302 0.1250000000
104784  31.939  3.406  -33.670 0.5000000000
105722  31.565  4.141  -33.473 0.5000000000
105723  30.508  4.394  -33.448 0.6250000000
105724  29.629  4.581  -33.889 0.7500000000
114607  25.724  15.273  -35.180 0.6250000000
116366  26.396  16.741  -34.308 0.5000000000
170848  27.165  16.664  -33.902 0.7500000000
158889  31.754  5.786  -33.619 0.6250000000
107701  30.870  7.032  -33.518 0.6250000000
107702  29.904  6.996  -33.602 0.8750000000
107721  32.473  6.646  -34.183 0.5000000000
107722  31.668  6.749  -33.675 0.6250000000
108654  31.563  7.566  -33.675 0.6250000000
108633  31.016  7.846  -33.563 0.7500000000
108634  30.378  7.780  -33.712 0.8750000000
112154  30.981  11.950  -33.571 0.8750000000
112932  31.276  12.741  -33.707 0.8750000000
109616  30.705  8.461  -33.643 0.7500000000
111340  31.368  10.628  -33.561 0.8750000000
112164  31.675  11.332  -33.699 0.8750000000
174044  32.035  12.833  -34.051 0.8750000000
113744  31.625  13.494  -33.949 0.8750000000
108652  32.845  7.627  -34.483 0.3750000000
108653  32.164  7.334  -33.936 0.5000000000
109635  32.831  8.579  -34.334 0.5000000000
110529  32.662  9.930  -33.803 0.6250000000
109647  34.078  8.276  -35.746 0.2500000000
109634  33.492  8.379  -34.978 0.3750000000
177522  32.897  9.309  -34.164 0.5000000000
117237  26.663  17.408  -33.977 0.6250000000
118074  28.065  18.472  -33.483 0.7500000000
117236  27.846  17.042  -33.586 0.8750000000
117235  28.993  17.073  -33.468 0.8750000000
114587  30.193  14.165  -33.299 0.8750000000
113754  32.040  14.327  -34.321 0.8750000000
111353  32.264  10.661  -33.682 0.6250000000
112163  32.590  11.438  -33.980 0.7500000000
167746  33.363  9.174  -34.742 0.3750000000
111351  33.412  10.561  -34.840 0.5000000000
112953  32.958  13.235  -35.192 0.7500000000
160556  33.820  9.057  -35.501 0.2500000000
118075  26.592  18.244  -33.919 0.6250000000
159117  28.457  17.772  -33.358 0.8750000000
160041  29.523  17.764  -33.278 0.8750000000
158348  31.047  17.139  -33.271 0.8750000000
118914  30.676  19.241  -33.507 0.7500000000
116361  31.469  16.466  -33.598 0.8750000000
160441  32.459  15.007  -35.146 0.7500000000
112942  32.787  12.378  -34.594 0.5000000000
112194  33.111  11.634  -37.387 0.2500000000
112190  33.397  11.785  -36.650 0.5000000000
164718  33.390  11.092  -35.373 0.5000000000
110561  33.654  9.454  -36.930 0.2500000000
118918  26.544  19.134  -33.913 0.5000000000
118917  27.370  19.660  -34.025 0.5000000000
119808  27.750  20.397  -34.149 0.6250000000
171406  29.066  19.945  -33.419 0.7500000000
119806  30.011  20.154  -33.615 0.7500000000
119821  29.545  20.986  -33.971 0.7500000000
118931  31.042  19.995  -34.037 0.7500000000
118930  31.722  19.625  -34.609 0.7500000000
174123  31.433  19.295  -33.952 0.7500000000
119820  30.568  20.801  -34.317 0.7500000000
117244  31.753  18.110  -33.885 0.7500000000
117246  32.360  17.376  -35.187 0.7500000000
118087  32.326  18.335  -35.115 0.7500000000
114611  32.741  15.082  -36.624 0.5000000000
115477  32.667  15.782  -36.090 0.3750000000
115472  32.498  15.859  -35.338 0.6250000000
112972  33.281  12.470  -37.162 0.2500000000
113783  33.100  13.672  -37.051 0.3750000000
114620  32.732  14.400  -37.113 0.3750000000
120654  28.229  21.695  -34.376 0.6250000000
119822  28.514  21.062  -34.165 0.7500000000
120652  30.146  21.696  -34.733 0.7500000000
119835  30.971  21.197  -35.191 0.7500000000
118941  31.876  19.886  -35.470 0.7500000000
118089  32.180  18.706  -36.284 0.6250000000
115487  31.898  15.877  -37.471 0.3750000000
117251  32.220  17.366  -36.713 0.3750000000
112977  31.963  11.919  -38.050 0.1250000000
113791  31.505  13.572  -38.725 0.1250000000
114621  32.104  14.410  -37.642 0.2500000000
121383  28.651  22.326  -34.667 0.6250000000
121382  29.462  22.335  -34.968 0.7500000000
174383  30.077  22.274  -35.380 0.6250000000
119834  31.512  20.696  -35.885 0.7500000000
118092  31.951  18.273  -36.921 0.3750000000
118947  32.160  19.291  -35.958 0.3750000000
118940  32.197  19.147  -35.185 0.7500000000
115500  31.272  15.851  -38.052 0.2500000000
116381  32.104  16.638  -37.132 0.3750000000
160426  32.299  18.004  -36.017 0.6250000000
112982  30.936  12.803  -39.870 0.1250000000
113793  31.073  13.561  -39.469 0.1250000000
112199  31.729  12.069  -38.788 0.1250000000
122133  28.225  22.826  -34.849 0.6250000000
122147  28.200  23.415  -35.380 0.6250000000
121403  30.260  22.374  -36.087 0.3750000000
121394  29.573  22.803  -35.721 0.3750000000
120676  31.237  21.175  -36.628 0.3750000000
118104  30.613  18.192  -38.269 0.2500000000
118090  31.881  19.157  -36.690 0.3750000000
119844  31.495  20.480  -36.715 0.3750000000
166592  30.109  15.223  -39.230 0.1250000000
116396  30.877  16.594  -38.347 0.3750000000
117252  31.745  17.430  -37.405 0.3750000000
112994  30.269  11.957  -40.931 0.1250000000
114628  30.759  14.812  -38.800 0.1250000000
123691  27.203  25.180  -37.001 0.3750000000
122896  27.256  24.345  -35.882 0.3750000000
122146  28.966  23.309  -35.716 0.3750000000
121404  29.812  22.859  -36.595 0.3750000000
122161  29.302  23.386  -36.326 0.3750000000
119851  30.473  20.780  -38.071 0.3750000000
120687  30.657  21.529  -37.371 0.3750000000
121418  30.287  22.286  -36.917 0.3750000000
152123  30.131  18.941  -38.642 0.3750000000
118961  30.835  19.141  -37.914 0.3750000000
119850  31.117  20.688  -37.332 0.3750000000
114655  28.433  14.665  -40.708 0.1250000000
116397  30.128  16.558  -38.773 0.1250000000
117274  29.633  17.322  -38.966 0.2500000000
113796  29.518  13.377  -40.597 0.1250000000
122938  28.634  24.778  -37.763 0.2500000000
121427  29.704  22.423  -38.449 0.2500000000
122937  29.120  24.110  -37.453 0.3750000000
122911  29.071  23.879  -36.772 0.3750000000
178511  29.632  19.474  -38.976 0.1250000000
120693  30.104  21.579  -38.281 0.3750000000
121419  29.825  22.778  -37.463 0.3750000000
154770  29.451  18.861  -39.110 0.1250000000
118962  30.188  19.912  -38.558 0.2500000000
116418  27.795  16.282  -40.383 0.1250000000
167580  29.901  18.120  -38.779 0.1250000000
123714  27.407  25.429  -37.818 0.3750000000
122939  27.986  25.059  -37.317 0.3750000000
122189  29.416  23.419  -38.101 0.2500000000
118974  29.376  20.163  -39.232 0.1250000000
170871  29.444  21.203  -39.490 0.1250000000
152672  29.003  19.594  -39.404 0.1250000000
119875  29.150  20.959  -39.887 0.1250000000
115530  27.285  15.832  -40.890 0.1250000000
117288  26.511  18.061  -40.346 0.1250000000
122216  29.065  23.175  -40.164 0.1250000000
118127  27.774  19.211  -39.958 0.1250000000
118975  28.738  20.398  -40.003 0.1250000000
116429  25.999  16.253  -41.072 0.1250000000
115536  26.608  15.401  -41.370 0.1250000000
95918  27.849  -5.119  -35.083 0.8750000000
97956  31.255  -3.310  -36.398 0.6250000000
169290  31.333  4.927  -33.359 0.6250000000
110530  31.825  9.916  -33.502 0.8750000000
112162  33.197  11.348  -34.648 0.5000000000
111367  33.523  10.468  -35.857 0.3750000000
162689  27.683  19.084  -33.801 0.6250000000
118916  28.585  19.177  -33.478 0.8750000000
118072  30.037  18.511  -33.320 0.8750000000
118915  29.576  19.279  -33.345 0.7500000000
170450  30.510  17.797  -33.252 0.8750000000
117233  31.278  17.926  -33.452 0.7500000000
162002  32.213  17.119  -34.407 0.7500000000
116360  32.032  16.503  -34.130 0.7500000000
177293  33.293  13.169  -35.843 0.5000000000
113764  33.039  13.769  -35.786 0.5000000000
114605  32.830  14.429  -35.722 0.7500000000
112967  33.407  12.663  -36.378 0.5000000000
115516  28.546  15.951  -39.935 0.1250000000
118117  28.264  19.915  -40.047 0.1250000000
116420  25.719  17.318  -40.675 0.1250000000
102888  32.284  0.926  -35.157 0.5000000000
102902  30.909  0.530  -35.675 0.6250000000
102903  30.111  1.042  -36.189 0.7500000000
106729  32.119  5.000  -33.746 0.3750000000
178492  32.974  6.380  -34.479 0.3750000000
108667  33.659  7.538  -35.178 0.2500000000
113753  32.368  13.380  -34.532 0.7500000000
156358  29.213  18.144  -39.305 0.1250000000
109658  34.443  8.174  -36.668 0.1250000000
90207  27.273  -11.853  -31.431 0.7500000000
90208  25.874  -11.497  -31.052 0.7500000000
91127  25.060  -10.473  -30.971 0.7500000000
91140  24.560  -9.830  -31.279 0.7500000000
91123  28.491  -11.014  -31.785 0.7500000000
164490  27.148  -10.207  -31.901 0.7500000000
92044  29.625  -9.827  -32.458 0.7500000000
94889  24.550  -6.389  -31.935 0.6250000000
93966  25.862  -7.129  -32.575 0.7500000000
174358  29.988  -8.600  -33.709 0.6250000000
93978  29.940  -7.455  -34.508 0.7500000000
93977  30.739  -7.252  -34.556 0.6250000000
94932  30.590  -6.040  -35.383 0.6250000000
96933  31.575  -3.980  -36.113 0.5000000000
97940  32.874  -3.099  -35.338 0.3750000000
97941  32.121  -3.487  -35.680 0.5000000000
98936  33.966  -2.164  -35.421 0.1250000000
101004  35.228  -0.189  -35.538 0.1250000000
101958  35.551  0.537  -35.648 0.1250000000
102872  37.564  1.329  -34.677 0.1250000000
158400  36.752  2.340  -35.210 0.1250000000
103810  37.065  2.985  -35.429 0.1250000000
104782  35.221  3.596  -35.331 0.1250000000
115460  25.501  16.210  -34.935 0.3750000000
105734  34.888  4.268  -35.236 0.1250000000
105735  34.195  4.156  -34.828 0.1250000000
180478  33.465  5.559  -34.632 0.1250000000
107720  33.450  6.204  -34.717 0.2500000000
167937  33.236  6.870  -34.715 0.2500000000
117238  25.664  18.097  -34.146 0.5000000000
110570  33.412  9.346  -37.898 0.1250000000
109659  34.089  8.922  -36.348 0.2500000000
111391  32.639  10.107  -38.841 0.1250000000
174730  32.090  11.374  -38.567 0.1250000000
112212  31.275  11.402  -40.002 0.1250000000
118932  26.707  20.110  -34.133 0.3750000000
112213  30.792  11.354  -40.708 0.1250000000
112225  29.666  11.605  -41.637 0.1250000000
112224  30.339  11.292  -41.299 0.1250000000
113797  28.666  13.835  -40.973 0.1250000000
113803  27.379  13.053  -42.276 0.1250000000
122126  23.339  23.322  -33.645 0.1250000000
123732  27.575  25.672  -38.691 0.2500000000
123731  28.142  25.572  -39.112 0.1250000000
122971  28.526  25.016  -39.677 0.1250000000
118128  26.499  19.346  -40.430 0.1250000000
120721  28.524  21.755  -40.530 0.1250000000
114669  26.093  14.805  -41.890 0.1250000000
167858  30.061  -1.402  -37.935 0.7500000000
106731  29.851  5.288  -33.440 0.7500000000
113757  25.680  14.187  -35.770 0.3750000000
113745  30.732  13.428  -33.564 0.8750000000
177344  29.037  -3.819  -36.422 0.8750000000
95883  25.644  -5.526  -33.227 0.7500000000
95882  26.489  -5.791  -33.881 0.8750000000
96924  27.516  -4.443  -35.380 0.8750000000
100020  30.571  -1.405  -36.798 0.7500000000
102890  30.589  1.407  -35.252 0.6250000000
109617  29.940  8.489  -33.881 0.8750000000
163768  29.504  15.709  -33.312 0.8750000000
116362  30.742  16.351  -33.288 0.8750000000
114586  31.156  14.216  -33.719 0.8750000000
123692  26.531  25.033  -36.812 0.3750000000
123715  26.559  25.349  -37.579 0.3750000000
171158  25.698  25.395  -39.139 0.1250000000
123733  26.196  25.434  -38.639 0.2500000000
92046  26.584  -9.447  -32.040 0.7500000000
91126  25.526  -10.793  -31.148 0.7500000000
91125  26.362  -10.929  -31.442 0.7500000000
179833  28.003  -9.874  -32.195 0.7500000000
91137  28.119  -10.471  -31.971 0.7500000000
91122  29.332  -10.709  -31.961 0.7500000000
92058  29.134  -9.299  -32.812 0.7500000000
92049  24.222  -9.225  -31.515 0.7500000000
93017  25.363  -8.719  -31.874 0.7500000000
93014  27.867  -8.798  -32.614 0.7500000000
93944  26.988  -7.739  -32.887 0.7500000000
93965  26.702  -7.044  -33.149 0.7500000000
94919  27.702  -6.469  -34.387 0.8750000000
93979  29.061  -7.459  -34.392 0.7500000000
95900  27.346  -5.748  -34.697 0.8750000000
94934  29.074  -6.184  -34.904 0.7500000000
94918  30.294  -6.686  -34.915 0.7500000000
95915  30.404  -5.392  -35.919 0.7500000000
95928  29.731  -4.840  -36.114 0.8750000000
95926  31.012  -4.989  -36.160 0.6250000000
97967  30.870  -2.630  -36.498 0.7500000000
98937  33.218  -2.281  -35.835 0.2500000000
98938  32.398  -2.623  -35.993 0.5000000000
97966  31.390  -2.342  -36.451 0.6250000000
100004  31.420  -1.597  -36.506 0.7500000000
157570  32.540  -0.974  -36.294 0.5000000000
101021  33.908  -0.408  -35.931 0.2500000000
99976  34.758  -0.809  -35.566 0.1250000000
102887  34.314  0.915  -35.977 0.2500000000
101960  32.879  0.615  -35.560 0.3750000000
101961  31.888  0.386  -35.546 0.6250000000
157281  34.718  1.431  -35.981 0.1250000000
102885  36.097  1.870  -35.397 0.1250000000
157035  34.084  1.700  -35.825 0.1250000000
102874  32.066  1.388  -34.615 0.5000000000
103799  33.468  2.496  -35.015 0.1250000000
103814  34.161  2.515  -35.362 0.1250000000
103801  31.585  1.935  -34.085 0.5000000000
162632  34.846  2.791  -35.419 0.1250000000
104770  33.807  3.320  -34.805 0.1250000000
105720  33.371  4.137  -34.536 0.1250000000
104785  31.009  3.292  -33.573 0.6250000000
106728  32.998  4.941  -34.357 0.1250000000
106730  30.801  5.404  -33.275 0.6250000000
173420  31.095  6.193  -33.361 0.6250000000
167890  32.158  9.035  -33.744 0.6250000000
166451  31.918  12.114  -33.842 0.7500000000
111352  33.058  10.663  -34.062 0.5000000000
168031  28.175  19.770  -33.831 0.6250000000
175581  32.038  15.183  -34.331 0.7500000000
162769  33.415  11.205  -36.080 0.3750000000
117232  31.776  17.310  -33.801 0.7500000000
176620  32.662  15.432  -35.651 0.6250000000
160232  32.328  16.537  -34.857 0.7500000000
112175  33.327  11.875  -35.583 0.5000000000
112195  32.607  11.453  -37.969 0.1250000000
111383  33.010  10.820  -37.718 0.1250000000
111379  33.349  10.866  -36.859 0.2500000000
165623  33.283  10.085  -37.362 0.1250000000
120653  29.142  21.736  -34.420 0.7500000000
119819  31.377  20.429  -34.876 0.7500000000
117248  32.368  17.184  -36.020 0.6250000000
162007  32.340  15.141  -37.280 0.3750000000
116378  32.417  16.576  -36.442 0.3750000000
166425  33.025  13.080  -37.339 0.1250000000
113784  32.539  13.717  -37.427 0.3750000000
120667  30.622  21.852  -35.608 0.3750000000
166223  31.746  15.161  -37.878 0.3750000000
112978  31.780  12.710  -38.126 0.1250000000
114640  31.139  14.162  -39.045 0.1250000000
112981  31.433  12.825  -39.126 0.1250000000
118103  31.312  18.229  -37.669 0.3750000000
118950  31.420  19.782  -37.217 0.3750000000
115501  30.538  15.706  -38.591 0.2500000000
113794  30.396  13.488  -40.075 0.1250000000
112986  30.196  12.671  -40.418 0.1250000000
157580  30.759  12.039  -40.206 0.1250000000
114641  30.465  14.316  -39.557 0.1250000000
122913  27.748  24.642  -36.485 0.3750000000
117263  31.145  17.410  -38.077 0.2500000000
114653  29.902  14.085  -40.173 0.1250000000
114642  29.690  14.817  -39.886 0.1250000000
175728  29.884  15.932  -39.017 0.1250000000
122912  28.577  24.463  -36.858 0.3750000000
118951  30.840  20.072  -37.840 0.3750000000
114654  29.216  14.320  -40.443 0.1250000000
115528  28.982  15.200  -40.251 0.1250000000
115529  28.120  15.445  -40.450 0.1250000000
115535  27.564  14.976  -40.900 0.1250000000
116406  29.434  16.537  -39.182 0.1250000000
117275  28.831  17.353  -39.527 0.1250000000
112987  29.589  12.486  -41.102 0.1250000000
112996  28.847  12.991  -41.318 0.1250000000
122953  28.571  24.960  -38.663 0.2500000000
123713  28.071  25.298  -38.190 0.2500000000
154345  29.348  23.006  -39.037 0.2500000000
117286  28.484  18.324  -39.668 0.1250000000
167720  27.231  17.171  -40.363 0.1250000000
117276  28.236  16.863  -39.988 0.1250000000
116419  26.916  16.565  -40.697 0.1250000000
122203  29.236  23.764  -39.132 0.1250000000
121440  29.328  22.337  -39.535 0.1250000000
120709  29.201  21.616  -39.896 0.1250000000
160757  27.043  14.616  -41.397 0.1250000000
117287  27.702  18.023  -40.026 0.1250000000
122991  29.024  24.185  -40.105 0.1250000000
89272  26.493  -12.210  -31.139 0.7500000000
91124  27.467  -11.128  -31.645 0.7500000000
89270  28.217  -11.782  -31.507 0.7500000000
90209  25.412  -11.207  -30.785 0.7500000000
89273  25.633  -12.063  -30.672 0.7500000000
93947  24.333  -7.234  -31.675 0.5000000000
93946  25.070  -7.800  -31.830 0.6250000000
170168  31.061  -6.451  -34.949 0.6250000000
95913  31.818  -5.330  -35.384 0.5000000000
106741  34.573  5.008  -35.159 0.1250000000
105742  35.961  5.003  -36.088 0.1250000000
106742  33.813  4.944  -34.740 0.1250000000
111384  32.581  10.762  -38.388 0.1250000000
113800  28.014  13.432  -41.596 0.1250000000
114668  27.829  14.234  -41.250 0.1250000000
165230  25.091  -11.593  -30.371 0.7500000000
92031  23.803  -9.466  -31.159 0.5000000000
89253  27.880  -13.130  -31.015 0.6250000000
89252  28.460  -12.518  -31.173 0.6250000000
90204  30.166  -11.461  -31.182 0.3750000000
90205  29.603  -11.424  -31.488 0.6250000000
91120  30.911  -10.301  -31.411 0.2500000000
92030  30.183  -10.217  -32.046 0.3750000000
97924  32.507  -3.902  -34.942 0.3750000000
116367  25.479  17.396  -34.685 0.3750000000
119824  26.145  20.766  -34.006 0.2500000000
89271  27.549  -12.461  -31.269 0.6250000000
93012  30.577  -9.092  -32.908 0.5000000000
93960  31.269  -7.565  -34.130 0.5000000000
93976  31.294  -7.007  -34.542 0.3750000000
90191  30.487  -11.793  -30.668 0.5000000000
90192  29.817  -11.987  -31.050 0.6250000000
94931  31.696  -6.061  -35.043 0.5000000000
87318  27.656  -14.811  -29.931 0.6250000000
90195  23.514  -10.321  -30.053 0.3750000000
164097  24.327  -11.638  -29.720 0.3750000000
170194  27.487  -13.636  -30.810 0.6250000000
170517  26.901  -13.117  -31.003 0.6250000000
89274  25.094  -12.448  -30.263 0.6250000000
89235  30.181  -13.227  -29.774 0.3750000000
174448  29.451  -13.141  -30.227 0.5000000000
88315  28.154  -13.734  -30.640 0.6250000000
92018  22.875  -9.170  -30.212 0.2500000000
90172  30.869  -12.144  -30.104 0.3750000000
92029  31.371  -9.546  -31.721 0.2500000000
91111  31.481  -10.730  -30.653 0.2500000000
95861  24.110  -5.118  -32.066 0.3750000000
93011  31.167  -8.770  -32.923 0.2500000000
93959  32.045  -7.543  -33.483 0.3750000000
94904  31.788  -6.983  -34.190 0.2500000000
95899  32.280  -5.672  -34.698 0.2500000000
96908  32.365  -4.809  -34.817 0.2500000000
104753  21.738  3.270  -32.222 0.1250000000
107725  23.043  6.339  -34.886 0.2500000000
97922  34.131  -3.248  -34.407 0.2500000000
110555  23.236  9.829  -36.598 0.3750000000
108680  23.310  8.597  -36.566 0.2500000000
112944  26.098  13.442  -36.081 0.2500000000
118076  25.663  18.635  -33.756 0.2500000000
105716  22.478  4.304  -33.200 0.1250000000
103784  21.896  2.827  -32.452 0.2500000000
96874  23.211  -4.751  -31.938 0.2500000000
109674  23.480  8.968  -37.150 0.3750000000
93961  30.479  -8.076  -34.092 0.5000000000
172534  24.939  -10.881  -30.637 0.5000000000
157878  24.394  -10.290  -30.861 0.5000000000
90193  29.092  -11.980  -31.364 0.6250000000
91121  30.163  -10.898  -31.556 0.5000000000
92043  30.313  -9.551  -32.510 0.5000000000
97923  33.277  -3.537  -34.608 0.2500000000
92032  23.215  -8.790  -31.144 0.3750000000
160394  24.206  -8.045  -31.599 0.3750000000
95862  23.292  -5.651  -31.957 0.2500000000
88333  26.069  -12.742  -30.751 0.6250000000
93001  23.408  -8.084  -31.232 0.3750000000
94917  31.598  -6.598  -34.670 0.2500000000
166205  28.668  -13.119  -30.683 0.6250000000
89251  29.274  -12.542  -30.836 0.5000000000
91112  30.721  -11.106  -30.957 0.2500000000
92017  31.796  -9.939  -31.021 0.2500000000
92042  30.973  -9.268  -32.377 0.3750000000
93028  31.252  -8.213  -33.543 0.3750000000
89250  30.144  -12.523  -30.358 0.5000000000
89234  30.856  -12.774  -29.754 0.3750000000
90194  23.970  -10.938  -29.989 0.3750000000
88316  26.091  -13.476  -30.646 0.6250000000
88302  29.630  -13.815  -29.643 0.3750000000
173102  28.981  -14.286  -29.729 0.5000000000
93010  31.935  -8.323  -32.853 0.2500000000
95881  32.751  -5.968  -34.018 0.2500000000
103785  21.529  2.676  -32.031 0.1250000000
86350  25.485  -15.749  -29.763 0.5000000000
86348  28.580  -14.938  -29.432 0.2500000000
86331  27.796  -16.339  -28.878 0.3750000000
86349  27.717  -15.539  -29.381 0.5000000000
170270  26.210  -15.036  -30.315 0.5000000000
86351  24.715  -15.673  -29.359 0.3750000000
87321  24.135  -14.133  -28.855 0.5000000000
87334  25.535  -14.670  -30.300 0.5000000000
86363  25.075  -15.087  -29.906 0.5000000000
88318  24.544  -13.492  -30.011 0.3750000000
88317  25.319  -13.755  -30.390 0.5000000000
85266  23.211  -16.696  -26.713 0.1250000000
85328  24.181  -15.960  -28.611 0.3750000000
89236  24.231  -12.775  -29.371 0.2500000000
83379  23.809  -18.761  -27.567 0.1250000000
84294  23.856  -17.327  -28.069 0.2500000000
85316  25.191  -17.153  -28.941 0.3750000000
85313  28.653  -16.530  -28.339 0.2500000000
169931  27.035  -16.898  -28.811 0.3750000000
85314  26.822  -16.127  -29.418 0.5000000000
84253  23.269  -17.577  -26.780 0.1250000000
85317  24.278  -16.848  -28.599 0.3750000000
85315  26.100  -16.777  -29.215 0.3750000000
86299  23.473  -15.351  -27.000 0.1250000000
152708  23.923  -13.825  -28.124 0.1250000000
107735  33.896  6.746  -35.281 0.1250000000
89255  24.373  -12.454  -29.587 0.3750000000
160254  26.869  -14.622  -30.369 0.5000000000
87319  26.903  -15.308  -29.905 0.5000000000
89237  23.996  -12.304  -28.898 0.2500000000
90154  24.012  -11.519  -29.260 0.2500000000
87297  30.036  -14.937  -28.703 0.2500000000
85327  25.324  -16.388  -29.410 0.5000000000
86362  26.187  -15.649  -29.893 0.5000000000
86352  24.163  -15.027  -28.707 0.5000000000
86330  28.554  -15.748  -28.833 0.3750000000
163144  24.692  -16.461  -29.071 0.3750000000
86332  23.778  -15.434  -28.095 0.2500000000
87298  23.862  -14.600  -28.237 0.1250000000
88288  24.033  -13.814  -28.506 0.1250000000
88304  24.215  -13.452  -29.141 0.1250000000
87335  24.775  -14.268  -30.014 0.5000000000
85287  23.386  -17.003  -27.432 0.1250000000
85318  23.647  -16.362  -27.979 0.2500000000
150545  23.303  -15.978  -26.710 0.1250000000
170647  23.504  -15.702  -27.626 0.1250000000
89219  24.194  -13.108  -28.548 0.1250000000
162239  23.265  -18.344  -26.449 0.1250000000
84276  23.635  -17.858  -27.530 0.1250000000
84293  24.519  -17.653  -28.484 0.3750000000
84291  27.926  -17.097  -28.387 0.2500000000
154662  23.675  -15.065  -27.687 0.1250000000
87280  23.775  -14.443  -27.879 0.1250000000
83392  24.642  -18.298  -28.337 0.2500000000
83376  26.080  -18.403  -28.205 0.2500000000
93931  23.295  -7.419  -30.992 0.2500000000
83378  24.363  -18.839  -28.042 0.1250000000
83393  24.081  -18.144  -28.062 0.1250000000
84292  26.285  -17.558  -28.614 0.2500000000
83391  25.300  -18.003  -28.549 0.2500000000
83377  25.165  -18.718  -28.188 0.1250000000
94851  22.899  -7.021  -30.648 0.1250000000
170812  24.702  15.517  -35.156 0.1250000000
114597  25.345  14.831  -35.394 0.1250000000
115466  23.353  15.713  -35.411 0.1250000000
115467  22.459  15.904  -35.163 0.1250000000
115465  23.915  16.256  -35.332 0.1250000000
115461  22.342  15.866  -34.141 0.1250000000
169856  22.888  16.508  -35.322 0.1250000000
117240  23.740  18.224  -33.690 0.1250000000
113758  23.744  14.023  -35.252 0.1250000000
171178  22.370  16.459  -34.716 0.1250000000
116356  23.052  17.528  -34.110 0.1250000000
116353  22.834  16.335  -32.165 0.1250000000
112945  24.887  13.520  -35.778 0.1250000000
112946  23.452  13.152  -35.413 0.1250000000
107738  22.944  7.373  -35.132 0.1250000000
165858  23.691  -10.579  -29.633 0.1250000000
92962  23.658  -8.225  -28.904 0.1250000000
109651  22.764  9.460  -35.287 0.1250000000
112936  22.441  13.621  -34.459 0.1250000000
113759  23.110  14.497  -34.576 0.1250000000
113739  22.616  14.154  -32.796 0.1250000000
114580  23.355  14.726  -31.276 0.1250000000
170167  23.536  16.051  -31.372 0.1250000000
117230  23.636  17.975  -32.851 0.1250000000
112955  24.403  12.636  -35.871 0.1250000000
96875  22.969  -3.857  -31.803 0.1250000000
95845  22.439  -5.105  -31.421 0.1250000000
94890  23.834  -6.557  -31.617 0.1250000000
116370  24.144  17.079  -34.953 0.1250000000
117239  24.453  18.101  -34.300 0.1250000000
92987  22.824  -8.413  -30.512 0.1250000000
92963  23.069  -9.295  -29.815 0.1250000000
108670  22.980  8.549  -35.569 0.1250000000
158697  22.885  -5.776  -31.293 0.1250000000
94874  23.446  -6.565  -31.305 0.1250000000
93901  22.815  -7.951  -30.543 0.1250000000
94830  23.715  -7.036  -29.089 0.1250000000
172111  23.518  -7.614  -29.098 0.1250000000
114598  23.900  14.788  -34.988 0.1250000000
113749  22.678  14.246  -33.706 0.1250000000
115455  22.570  15.707  -32.806 0.1250000000
113736  23.114  14.141  -31.953 0.1250000000
164086  22.929  17.233  -32.477 0.1250000000
112917  23.107  13.893  -31.855 0.1250000000
116348  24.212  16.491  -30.846 0.1250000000
88301  30.834  -13.553  -29.378 0.1250000000
89233  31.693  -12.205  -29.610 0.1250000000
90190  31.190  -11.506  -30.284 0.1250000000
92028  32.188  -9.228  -31.473 0.1250000000
93000  31.702  -8.920  -32.218 0.1250000000
93943  32.716  -7.809  -32.732 0.1250000000
94885  34.297  -6.514  -32.420 0.1250000000
94886  33.626  -6.803  -32.835 0.1250000000
94887  32.914  -7.122  -33.157 0.1250000000
96872  34.695  -4.908  -32.763 0.1250000000
95898  32.867  -5.139  -34.183 0.1250000000
97897  34.868  -4.097  -33.069 0.1250000000
96890  34.210  -4.646  -33.527 0.1250000000
97909  33.651  -3.954  -33.938 0.1250000000
153761  28.813  -17.376  -27.772 0.1250000000
168848  27.240  -17.492  -28.366 0.1250000000
85312  29.312  -15.930  -28.316 0.1250000000
88285  32.222  -13.127  -29.114 0.1250000000
88286  31.611  -13.713  -29.018 0.1250000000
90189  31.980  -11.174  -29.926 0.1250000000
91109  33.148  -10.102  -30.129 0.1250000000
92998  33.402  -8.364  -31.571 0.1250000000
93929  33.366  -7.875  -32.134 0.1250000000
94873  34.713  -7.016  -31.725 0.1250000000
96871  35.388  -4.440  -32.433 0.1250000000
98910  34.854  -2.792  -33.973 0.1250000000
97907  35.452  -2.765  -33.186 0.1250000000
97896  35.483  -3.586  -32.796 0.1250000000
98923  34.424  -2.439  -34.850 0.1250000000
87315  30.302  -14.199  -29.115 0.1250000000
88300  31.461  -13.089  -29.419 0.1250000000
96891  33.473  -4.712  -33.909 0.1250000000
91110  32.323  -10.410  -30.379 0.1250000000
94902  33.210  -6.357  -33.401 0.1250000000
86329  29.299  -15.270  -28.804 0.1250000000
173674  29.836  -15.497  -28.381 0.1250000000
84274  27.874  -17.780  -27.910 0.1250000000
87296  30.838  -14.748  -28.600 0.1250000000
91099  32.875  -10.909  -29.820 0.1250000000
92999  32.606  -8.466  -32.005 0.1250000000
156366  32.640  -9.631  -30.748 0.1250000000
93942  33.326  -7.389  -32.633 0.1250000000
95859  33.930  -6.056  -33.022 0.1250000000
93928  33.912  -7.247  -32.211 0.1250000000
95858  34.549  -5.725  -32.591 0.1250000000
95880  33.553  -5.474  -33.614 0.1250000000
151333  35.062  -3.400  -33.379 0.1250000000
96870  36.129  -3.905  -32.264 0.1250000000
83374  28.523  -18.218  -27.480 0.1250000000
84273  29.845  -17.398  -27.474 0.1250000000
90171  32.626  -11.709  -29.498 0.1250000000
174505  35.909  -1.859  -32.866 0.1250000000
83380  23.479  -18.309  -27.083 0.1250000000
84275  27.012  -18.082  -28.059 0.1250000000
85286  29.507  -16.639  -27.864 0.1250000000
85311  30.062  -15.977  -27.913 0.1250000000
85326  25.966  -16.203  -29.634 0.5000000000
86305  23.431  -15.499  -27.240 0.1250000000
86328  30.510  -15.415  -28.260 0.1250000000
87316  29.479  -14.584  -29.241 0.3750000000
87317  28.326  -14.318  -30.130 0.6250000000
87320  24.455  -14.659  -29.417 0.5000000000
87333  27.578  -14.207  -30.494 0.6250000000
87336  24.280  -13.804  -29.502 0.1250000000
88287  31.071  -14.137  -28.914 0.1250000000
88289  24.201  -13.008  -28.957 0.2500000000
88303  28.867  -13.733  -30.177 0.5000000000
88319  24.275  -13.169  -29.608 0.3750000000
88334  25.466  -12.929  -30.503 0.6250000000
88335  24.927  -13.108  -30.265 0.6250000000
89254  24.718  -13.036  -30.196 0.3750000000
89275  24.899  -11.909  -30.203 0.7500000000
90173  24.182  -11.822  -29.467 0.3750000000
90174  23.896  -10.999  -29.739 0.2500000000
90206  28.975  -11.399  -31.643 0.6250000000
90210  24.432  -11.039  -30.266 0.5000000000
91080  23.877  -10.918  -29.271 0.1250000000
91113  23.041  -9.680  -30.457 0.2500000000
91128  23.173  -9.429  -30.900 0.2500000000
92002  23.094  -9.454  -29.819 0.1250000000
92027  33.025  -8.940  -31.204 0.1250000000
92033  22.856  -8.956  -30.751 0.1250000000
92047  25.631  -9.493  -31.782 0.7500000000
92050  23.814  -8.593  -31.438 0.3750000000
92972  22.883  -8.809  -30.126 0.1250000000
93002  22.992  -8.228  -30.901 0.3750000000
93013  29.943  -9.119  -33.092 0.6250000000
93018  24.476  -8.699  -31.658 0.7500000000
93029  30.549  -8.684  -33.445 0.5000000000
93892  23.238  -7.967  -29.409 0.1250000000
93900  23.147  -7.258  -29.501 0.1250000000
93913  23.021  -7.615  -30.613 0.1250000000
93930  23.680  -7.309  -31.314 0.2500000000
93945  26.159  -8.004  -32.295 0.7500000000
93948  23.872  -7.692  -31.464 0.5000000000
94860  23.084  -6.540  -30.814 0.1250000000
94891  23.152  -5.951  -31.885 0.2500000000
94903  32.467  -6.725  -33.774 0.2500000000
94916  32.131  -6.386  -34.467 0.2500000000
94933  29.824  -6.040  -35.311 0.7500000000
95846  22.524  -4.391  -31.708 0.1250000000
95857  35.195  -5.314  -32.170 0.1250000000
95863  22.813  -5.103  -31.905 0.2500000000
95879  34.227  -5.382  -33.161 0.1250000000
95914  31.183  -5.631  -35.645 0.6250000000
95917  29.090  -5.602  -35.273 0.8750000000
95929  29.064  -5.020  -35.739 0.8750000000
96851  22.122  -4.346  -31.649 0.1250000000
96876  22.139  -3.846  -32.009 0.2500000000
96907  32.943  -4.280  -34.276 0.2500000000
96922  31.912  -4.460  -35.539 0.3750000000
96923  31.496  -4.898  -36.037 0.6250000000
96934  31.154  -4.269  -36.342 0.8750000000
96936  27.802  -4.092  -35.919 0.8750000000
96945  30.849  -3.530  -36.463 0.6250000000
96946  30.458  -2.801  -36.571 0.7500000000
96947  30.141  -3.465  -36.509 0.8750000000
97885  21.882  -3.515  -31.875 0.1250000000
97898  23.202  -3.715  -32.014 0.5000000000
97908  34.461  -3.679  -33.692 0.1250000000
97955  31.773  -2.974  -36.224 0.5000000000
97978  30.519  -2.130  -36.651 0.7500000000
97979  30.205  -2.078  -36.909 0.7500000000
98899  21.882  -3.038  -32.091 0.1250000000
98924  33.695  -2.801  -35.080 0.2500000000
98926  24.025  -1.920  -33.756 0.7500000000
98952  32.660  -2.054  -36.577 0.3750000000
98953  32.044  -2.261  -36.411 0.6250000000
98968  30.798  -2.075  -36.556 0.7500000000
98971  27.602  -2.027  -37.097 1.0000000000
98972  26.924  -1.624  -36.822 1.0000000000
98980  30.392  -1.666  -36.835 0.7500000000
98982  29.792  -2.098  -37.347 1.0000000000
98983  29.204  -1.980  -37.567 1.0000000000
99932  20.868  -1.882  -32.006 0.1250000000
99940  22.615  -1.865  -32.887 0.2500000000
99941  21.850  -1.825  -32.387 0.1250000000
99977  34.527  -1.602  -35.375 0.1250000000
99978  33.739  -1.665  -35.872 0.1250000000
100008  26.198  -0.506  -36.575 1.0000000000
100021  30.239  -1.382  -37.389 0.7500000000
100993  22.572  -0.054  -34.176 0.3750000000
101005  34.611  -0.245  -35.824 0.1250000000
101006  34.182  -0.992  -35.791 0.1250000000
101007  24.833  -0.438  -35.449 1.0000000000
101023  31.623  -0.812  -36.365 0.7500000000
101045  30.314  -1.089  -37.365 0.8750000000
101046  29.946  -0.513  -37.791 1.0000000000
101048  28.377  -0.113  -38.270 1.0000000000
101050  27.161  -0.106  -37.636 1.0000000000
101052  26.000  0.181  -36.844 1.0000000000
101059  29.313  0.063  -38.202 1.0000000000
101061  27.905  0.425  -38.290 1.0000000000
101987  30.089  0.229  -37.348 0.8750000000
101999  25.770  0.828  -37.316 1.0000000000
102006  29.162  1.058  -38.541 1.0000000000
102007  28.645  0.929  -38.718 1.0000000000
102008  27.990  0.999  -38.426 1.0000000000
102873  36.824  1.659  -34.941 0.1250000000
102876  22.576  1.732  -34.005 0.2500000000
102886  35.450  1.251  -35.785 0.1250000000
102889  31.460  0.955  -35.053 0.5000000000
102905  24.303  1.298  -36.009 0.8750000000
102913  29.540  1.753  -36.940 0.8750000000
102925  26.263  1.942  -38.213 1.0000000000
102935  29.220  1.206  -38.380 1.0000000000
102937  28.687  1.784  -38.717 1.0000000000
102940  26.656  2.220  -38.776 1.0000000000
102951  28.214  2.361  -39.006 1.0000000000
103792  22.291  2.719  -33.115 0.3750000000
103800  32.552  2.191  -34.459 0.5000000000
103812  35.296  2.149  -35.638 0.1250000000
103815  33.160  1.566  -35.272 0.1250000000
103827  29.211  2.574  -36.708 0.8750000000
103846  28.526  2.441  -38.647 1.0000000000
103848  25.905  2.431  -38.135 1.0000000000
103860  28.054  2.832  -39.129 1.0000000000
103862  25.710  3.233  -38.404 1.0000000000
103872  27.781  2.924  -39.451 1.0000000000
103873  27.414  2.977  -39.644 1.0000000000
104773  31.076  2.515  -33.943 0.5000000000
104781  36.155  3.578  -35.477 0.1250000000
104789  23.870  3.533  -35.222 0.6250000000
104811  25.193  3.607  -37.485 1.0000000000
104831  27.711  3.711  -39.794 1.0000000000
104833  26.028  3.950  -39.651 1.0000000000
104843  27.823  3.234  -39.557 1.0000000000
104845  26.935  3.329  -40.017 1.0000000000
105698  22.059  3.919  -32.600 0.1250000000
105721  32.521  4.146  -34.021 0.5000000000
105725  23.316  4.629  -34.636 0.3750000000
105733  35.624  4.333  -35.598 0.1250000000
105765  27.276  4.657  -39.367 1.0000000000
105776  27.698  4.091  -39.577 1.0000000000
105779  26.322  4.426  -40.023 1.0000000000
105780  25.165  4.877  -39.551 1.0000000000
106732  22.915  5.427  -34.276 0.2500000000
106740  35.265  5.025  -35.638 0.1250000000
106785  25.760  5.567  -39.781 1.0000000000
107723  30.241  6.136  -33.254 0.7500000000
107758  24.318  6.696  -38.547 0.8750000000
107768  24.968  6.790  -39.199 1.0000000000
107777  25.136  6.106  -39.553 1.0000000000
108668  28.094  7.676  -35.315 1.0000000000
108690  25.441  7.675  -38.181 1.0000000000
108691  24.875  8.098  -38.214 0.8750000000
109615  31.463  8.369  -33.617 0.6250000000
109636  32.191  8.078  -33.900 0.6250000000
109649  27.647  8.623  -35.656 1.0000000000
109650  23.093  9.315  -36.132 0.1250000000
109672  24.693  8.730  -37.864 0.6250000000
109673  23.942  8.828  -37.731 0.7500000000
109682  24.199  7.997  -38.267 0.7500000000
110510  31.081  9.224  -33.553 0.8750000000
110528  33.245  9.918  -34.384 0.5000000000
110532  27.498  10.061  -35.494 1.0000000000
110542  33.597  9.813  -35.200 0.3750000000
110543  26.842  10.306  -35.955 1.0000000000
110550  33.787  9.649  -36.049 0.2500000000
110554  23.864  10.093  -37.143 0.8750000000
110563  23.665  9.447  -37.302 0.8750000000
111354  28.174  10.998  -34.440 1.0000000000
111390  32.916  10.083  -38.105 0.1250000000
111419  30.062  10.808  -41.868 0.1250000000
112156  28.964  11.718  -33.729 1.0000000000
112165  26.503  12.547  -35.932 0.8750000000
112198  32.091  10.709  -39.028 0.1250000000
112204  31.711  11.407  -39.291 0.1250000000
112952  33.245  12.668  -35.476 0.5000000000
112973  32.292  13.064  -37.619 0.1250000000
112985  31.312  12.093  -39.539 0.1250000000
113748  27.872  13.362  -33.997 1.0000000000
113765  32.611  14.020  -35.119 0.7500000000
113772  33.284  13.453  -36.483 0.3750000000
113785  31.823  13.598  -37.894 0.3750000000
114584  22.817  14.990  -33.296 0.1250000000
114596  26.193  14.692  -35.441 0.7500000000
114599  23.235  15.235  -34.832 0.1250000000
114606  32.864  15.033  -35.965 0.6250000000
114610  32.999  14.271  -36.436 0.5000000000
115453  23.203  15.482  -31.718 0.1250000000
115457  31.791  15.777  -33.932 0.7500000000
115463  32.194  15.810  -34.598 0.7500000000
115464  31.542  15.016  -33.810 0.7500000000
115486  32.385  15.845  -36.831 0.3750000000
115515  29.353  15.719  -39.541 0.1250000000
116352  23.510  16.640  -31.641 0.1250000000
116357  22.419  16.561  -33.388 0.1250000000
116363  30.032  16.211  -33.290 0.8750000000
116364  29.335  16.401  -33.417 1.0000000000
116373  32.456  16.559  -35.666 0.6250000000
116382  31.528  16.632  -37.760 0.3750000000
116407  28.865  16.449  -39.559 0.1250000000
117243  32.156  17.849  -34.396 0.7500000000
117264  30.431  17.362  -38.572 0.2500000000
118071  31.379  18.653  -33.673 0.7500000000
118073  29.014  18.497  -33.256 0.8750000000
118084  31.944  18.745  -34.351 0.7500000000
118116  28.656  19.003  -39.453 0.1250000000
118907  25.017  19.452  -32.707 0.1250000000
118919  25.199  19.298  -33.627 0.3750000000
119796  24.951  20.389  -32.790 0.1250000000
119807  28.722  20.461  -33.796 0.7500000000
119810  25.132  20.592  -33.326 0.1250000000
119825  25.531  21.011  -33.643 0.1250000000
119862  29.766  20.866  -38.937 0.1250000000
120633  24.424  21.821  -32.109 0.1250000000
120666  31.155  21.420  -35.973 0.3750000000
120677  30.787  21.838  -36.442 0.3750000000
120694  29.598  21.643  -39.097 0.1250000000
121372  24.456  22.303  -33.590 0.1250000000
121384  27.804  22.325  -34.529 0.7500000000
121385  26.781  22.299  -34.500 0.6250000000
121386  25.082  22.051  -34.199 0.1250000000
121395  28.868  22.854  -35.182 0.7500000000
121426  30.148  22.140  -37.688 0.3750000000
121450  28.751  22.351  -40.491 0.1250000000
122162  28.623  23.832  -36.183 0.3750000000
122163  22.417  23.893  -37.003 0.2500000000
122181  29.473  23.441  -37.094 0.3750000000
122183  21.151  24.010  -37.540 0.1250000000
122190  22.348  23.855  -38.045 0.2500000000
122191  21.755  23.883  -38.148 0.2500000000
122895  27.890  24.075  -35.894 0.3750000000
122898  25.622  24.110  -35.502 0.5000000000
122902  21.690  24.728  -36.128 0.1250000000
122918  21.625  24.237  -36.484 0.1250000000
122952  29.071  24.288  -38.353 0.2500000000
122957  21.765  23.897  -38.963 0.2500000000
122970  28.932  24.447  -39.172 0.1250000000
122972  23.673  24.486  -38.909 0.2500000000
122973  22.815  24.177  -39.016 0.2500000000
122974  22.094  24.135  -39.130 0.2500000000
123716  25.710  25.067  -37.843 0.3750000000
148694  28.218  12.604  -41.984 0.1250000000
150435  24.161  -5.913  -31.965 0.6250000000
150833  24.734  14.412  -35.490 0.1250000000
152569  26.133  -14.316  -30.559 0.5000000000
152888  27.727  1.605  -38.732 1.0000000000
153530  26.898  24.730  -36.321 0.3750000000
153951  23.655  -14.950  -27.405 0.1250000000
154312  31.811  19.912  -36.354 0.3750000000
156486  36.034  -2.933  -32.551 0.1250000000
156815  30.733  -9.755  -31.996 0.3750000000
157822  23.089  10.429  -35.899 0.1250000000
158072  32.602  12.306  -37.631 0.1250000000
159857  23.020  -4.384  -30.558 0.1250000000
159877  21.531  1.559  -32.378 0.1250000000
160057  27.482  17.873  -33.647 0.7500000000
160413  30.835  11.216  -33.598 0.8750000000
160502  24.973  18.486  -33.811 0.1250000000
160800  31.462  14.413  -38.328 0.1250000000
161069  29.641  9.216  -33.984 1.0000000000
161086  30.055  11.954  -33.631 1.0000000000
161349  33.171  -0.514  -36.039 0.5000000000
162140  30.343  15.640  -33.317 0.8750000000
162396  31.515  18.923  -37.307 0.3750000000
162490  26.942  25.606  -38.339 0.2500000000
163483  22.747  -5.753  -30.976 0.1250000000
164167  26.836  -13.919  -30.688 0.6250000000
165227  28.315  3.081  -38.718 1.0000000000
165255  23.186  -17.121  -26.167 0.1250000000
165426  24.464  15.020  -35.146 0.1250000000
165452  31.163  15.693  -33.487 0.8750000000
165915  22.562  -5.412  -30.973 0.1250000000
166258  31.175  15.193  -38.359 0.1250000000
166721  35.513  2.998  -35.311 0.1250000000
166724  27.663  14.201  -34.309 1.0000000000
167276  31.021  10.020  -33.493 1.0000000000
167753  32.742  5.793  -34.278 0.2500000000
167824  30.288  9.026  -33.697 0.8750000000
168355  30.203  -1.071  -37.822 0.7500000000
168471  32.290  18.717  -35.711 0.6250000000
169271  28.572  16.526  -33.584 1.0000000000
170274  23.307  -16.184  -27.281 0.1250000000
170575  33.522  10.090  -36.615 0.2500000000
170718  33.335  13.097  -36.999 0.5000000000
170837  28.914  -0.586  -38.181 1.0000000000
171235  25.076  -6.926  -31.967 0.6250000000
172047  27.303  18.515  -33.788 0.6250000000
172241  28.398  -3.969  -36.222 1.0000000000
173362  29.021  -4.431  -36.145 0.8750000000
174498  26.626  -11.565  -31.380 0.7500000000
175025  23.886  -8.968  -28.779 0.1250000000
175299  23.672  -10.143  -30.560 0.3750000000
175916  28.303  12.523  -33.773 1.0000000000
176011  26.449  -7.451  -32.718 0.7500000000
176412  23.532  3.076  -34.750 0.5000000000
176762  28.698  -10.580  -32.039 0.7500000000
177444  30.232  -13.688  -29.465 0.3750000000
177537  30.838  18.451  -33.348 0.8750000000
177677  24.908  5.963  -39.495 1.0000000000
178108  29.356  20.411  -33.628 0.7500000000
178375  26.590  2.723  -39.086 1.0000000000
178502  25.699  -15.280  -30.099 0.5000000000
178699  28.688  2.363  -38.235 1.0000000000
179165  23.823  6.689  -36.688 0.5000000000
179236  29.934  -2.106  -37.216 0.8750000000
179684  28.238  24.278  -36.336 0.3750000000
179817  25.557  20.649  -33.731 0.3750000000
180189  30.471  11.592  -33.606 1.0000000000
