#!ascii label  , from subject sub-v1s1x0050655_ses-1 vox2ras=TkReg
2045
36671  27.417  -61.268  -27.422 0.8999999762
159864  27.515  -61.883  -27.767 0.8000000119
36702  28.191  -61.063  -28.836 0.8000000119
36704  27.175  -62.093  -29.947 0.6999999881
36723  26.619  -61.541  -30.656 0.8000000119
36655  26.724  -61.294  -27.182 0.8999999762
37832  28.599  -60.436  -28.392 1.0000000000
39009  28.734  -59.414  -29.370 1.0000000000
164693  27.947  -60.836  -29.571 0.8999999762
36722  27.286  -61.017  -30.203 0.8000000119
161615  26.617  -60.779  -30.829 0.8000000119
37859  26.977  -60.135  -30.749 0.8999999762
36739  26.008  -61.066  -31.283 0.8000000119
37874  25.733  -60.303  -31.890 0.6999999881
36740  25.260  -61.162  -31.846 0.6999999881
37805  25.757  -60.702  -27.107 0.8000000119
37803  27.274  -60.511  -27.136 0.8999999762
38973  27.542  -59.624  -26.969 0.8999999762
38975  25.890  -59.954  -27.097 0.8999999762
154777  24.297  -59.273  -27.650 0.8999999762
37817  29.070  -59.861  -28.021 0.8999999762
39008  29.175  -59.169  -28.970 1.0000000000
39018  27.858  -59.185  -30.330 0.8999999762
40196  27.928  -58.419  -30.429 1.0000000000
40197  27.490  -58.752  -30.730 0.8999999762
40208  27.019  -58.724  -31.158 0.8999999762
37873  26.374  -60.205  -31.356 0.8000000119
37892  25.005  -60.335  -32.335 0.6999999881
40158  28.502  -58.362  -26.680 0.8999999762
161664  27.733  -58.206  -26.485 0.8999999762
40160  26.938  -58.458  -26.668 0.8999999762
40161  25.984  -58.409  -26.965 0.8999999762
40172  24.397  -58.596  -27.682 0.8999999762
38972  28.260  -59.226  -27.029 0.8999999762
38985  29.331  -59.198  -27.754 0.8999999762
40190  28.939  -58.680  -29.468 1.0000000000
41390  26.749  -58.002  -31.429 0.8000000119
39031  26.094  -59.493  -31.814 0.8000000119
40225  24.899  -58.672  -32.383 0.8000000119
40226  23.901  -58.626  -32.666 0.8000000119
159621  23.155  -58.978  -32.941 0.8000000119
41346  26.380  -57.642  -26.735 0.8999999762
41358  24.609  -57.663  -27.636 0.8999999762
41359  23.712  -57.370  -27.769 0.8999999762
41343  29.044  -57.519  -26.448 0.8999999762
42546  25.197  -56.868  -27.384 0.8999999762
42547  24.385  -56.771  -27.537 0.8000000119
41366  22.859  -57.866  -28.042 0.8000000119
40157  29.373  -58.077  -26.905 0.8999999762
43737  24.105  -56.050  -27.221 0.6999999881
41360  23.014  -57.122  -27.681 0.6999999881
42549  22.693  -56.531  -27.398 0.6999999881
40169  30.146  -57.911  -27.974 0.8999999762
43739  22.324  -55.865  -27.010 0.6999999881
43740  21.502  -55.676  -27.240 0.6999999881
41365  30.190  -57.156  -28.401 1.0000000000
174439  21.199  -55.036  -27.050 0.6000000238
41373  29.772  -57.849  -28.694 1.0000000000
165331  29.649  -57.041  -29.123 1.0000000000
42576  29.023  -56.906  -29.777 1.0000000000
41383  27.911  -57.486  -30.511 1.0000000000
40207  27.379  -58.081  -30.941 0.8999999762
42591  28.309  -56.733  -30.219 1.0000000000
42592  27.559  -56.514  -30.626 0.8999999762
42609  27.048  -57.172  -31.149 0.8000000119
174141  26.394  -57.405  -31.571 0.8000000119
41408  25.353  -57.885  -32.200 0.8000000119
42633  25.037  -57.031  -32.226 0.8000000119
41409  24.496  -57.768  -32.422 0.8000000119
41410  23.594  -57.586  -32.537 0.8000000119
42612  24.688  -56.253  -31.991 0.8000000119
42635  23.275  -56.787  -32.256 0.8000000119
41344  28.178  -57.599  -26.325 0.8999999762
41357  25.535  -57.630  -27.212 0.8999999762
42533  27.711  -56.833  -26.229 0.8999999762
42534  26.707  -56.769  -26.550 0.8999999762
176272  26.139  -56.456  -26.791 0.8999999762
43721  25.485  -55.599  -26.872 0.8999999762
41342  29.782  -57.310  -26.670 0.8999999762
43738  23.213  -55.991  -27.028 0.6999999881
41341  30.254  -57.116  -26.985 0.8999999762
43724  22.874  -55.298  -26.612 0.6000000238
43725  21.925  -55.085  -26.630 0.6000000238
42558  30.593  -56.529  -28.056 1.0000000000
44902  20.693  -53.933  -26.783 0.5000000000
42559  30.099  -56.248  -28.765 1.0000000000
46040  20.667  -53.178  -26.667 0.5000000000
43773  29.598  -55.438  -29.207 1.0000000000
160971  29.314  -56.220  -29.420 1.0000000000
43774  28.679  -55.431  -29.713 1.0000000000
43790  28.044  -55.928  -30.235 1.0000000000
43791  27.269  -55.659  -30.568 0.8999999762
163385  25.794  -57.226  -31.894 0.8000000119
43792  26.501  -55.379  -30.832 0.8999999762
43812  26.034  -55.887  -31.341 0.8000000119
42611  25.524  -56.436  -31.798 0.8000000119
44961  26.177  -54.659  -30.499 0.8999999762
43793  25.682  -55.172  -30.968 0.8000000119
46103  25.890  -53.915  -30.134 0.8999999762
44981  24.800  -55.039  -30.989 0.8000000119
44982  23.832  -54.931  -30.957 0.8000000119
168542  24.276  -53.521  -30.348 0.8000000119
44964  23.401  -54.002  -30.741 0.8000000119
43720  26.312  -55.878  -26.657 0.8999999762
42532  28.642  -56.848  -26.104 0.8999999762
42520  29.108  -56.168  -25.717 0.8999999762
44897  25.211  -54.901  -26.513 0.6999999881
44898  24.345  -54.803  -26.399 0.8000000119
42530  30.248  -56.498  -26.488 0.8999999762
42519  29.850  -55.987  -25.867 0.8999999762
44877  23.142  -54.097  -25.710 0.6999999881
161462  21.908  -54.422  -26.156 0.6000000238
44901  21.252  -54.400  -26.567 0.6000000238
46025  23.715  -53.458  -25.381 0.6999999881
44878  22.315  -53.967  -25.750 0.6000000238
158234  21.052  -53.693  -26.366 0.5000000000
158968  30.613  -55.862  -28.306 1.0000000000
47179  21.793  -52.508  -25.754 0.5000000000
47207  20.641  -52.304  -26.782 0.5000000000
43753  30.333  -55.349  -28.695 1.0000000000
44938  29.106  -54.655  -29.391 1.0000000000
46079  28.746  -53.842  -29.392 1.0000000000
44939  28.287  -54.484  -29.732 1.0000000000
44940  27.491  -54.293  -30.017 0.8999999762
46067  29.400  -53.204  -29.089 1.0000000000
47229  28.351  -52.983  -29.279 0.8999999762
46080  27.886  -53.687  -29.604 0.8999999762
44941  26.706  -54.113  -30.115 0.8999999762
47230  27.275  -52.911  -29.379 0.8999999762
46081  26.480  -53.377  -29.722 0.8999999762
167469  25.593  -53.083  -29.808 0.8999999762
154020  25.058  -53.759  -30.191 0.8999999762
48481  26.989  -51.943  -29.138 0.8999999762
48482  26.192  -51.718  -29.256 0.8999999762
47232  25.591  -52.214  -29.571 0.8999999762
42521  28.219  -56.109  -25.915 0.8999999762
43719  27.264  -56.010  -26.257 0.8999999762
44896  26.041  -55.048  -26.494 0.8999999762
43707  26.863  -55.206  -26.242 0.8999999762
160214  26.232  -54.051  -25.715 1.0000000000
44875  24.922  -54.249  -25.983 0.8000000119
43705  28.741  -55.364  -25.530 0.8999999762
44876  24.031  -54.161  -25.852 0.6999999881
43735  31.247  -55.200  -27.393 0.8999999762
43703  30.520  -55.574  -26.135 0.8999999762
46024  24.623  -53.547  -25.473 0.6999999881
162285  23.433  -52.663  -25.170 0.6999999881
47178  22.564  -52.431  -25.413 0.5000000000
43752  30.925  -55.236  -28.156 1.0000000000
165368  22.009  -51.761  -25.727 0.5000000000
48452  21.015  -51.618  -26.665 0.5000000000
46065  30.875  -53.796  -28.481 1.0000000000
156384  30.307  -53.157  -28.719 1.0000000000
47219  30.633  -52.557  -28.465 1.0000000000
47221  28.883  -52.265  -28.918 1.0000000000
48468  29.353  -51.653  -28.534 1.0000000000
48467  30.295  -51.836  -28.409 1.0000000000
48469  28.449  -51.499  -28.640 0.8999999762
48470  27.567  -51.344  -28.752 0.8999999762
49801  27.278  -50.643  -28.626 0.8999999762
52129  22.092  -49.423  -31.839 0.6999999881
52110  22.442  -48.908  -31.348 0.8000000119
51008  21.682  -49.682  -31.195 0.8000000119
52076  22.285  -49.144  -30.786 0.8000000119
167833  30.101  -55.152  -25.561 0.8999999762
46019  29.329  -53.684  -25.057 1.0000000000
46020  28.396  -53.819  -25.266 1.0000000000
178078  27.122  -53.521  -25.346 1.0000000000
46022  26.460  -53.539  -25.381 0.6999999881
43718  31.181  -55.059  -26.533 0.8999999762
43702  30.877  -54.764  -25.856 0.8999999762
47176  24.298  -52.771  -25.082 0.6999999881
48445  22.801  -51.515  -25.456 0.6000000238
46064  31.448  -53.485  -27.969 1.0000000000
167512  31.873  -53.783  -27.368 0.8999999762
44895  31.646  -54.263  -26.164 0.8999999762
167518  21.310  -50.265  -26.478 0.4000000060
47218  31.375  -52.715  -28.094 1.0000000000
49790  29.526  -50.298  -28.156 1.0000000000
49799  28.647  -50.190  -28.333 1.0000000000
50965  29.176  -49.509  -28.143 1.0000000000
52065  23.605  -47.999  -29.493 0.8999999762
51042  23.601  -49.869  -32.882 0.6000000238
151934  22.932  -49.009  -31.966 0.6000000238
53275  23.413  -47.701  -31.060 0.8000000119
52085  22.519  -48.661  -30.755 0.8000000119
49811  22.091  -49.759  -30.828 0.8999999762
50977  23.541  -49.454  -30.109 0.8999999762
46018  30.905  -53.494  -25.290 0.8999999762
171451  30.145  -53.841  -25.136 0.8999999762
47174  26.054  -52.978  -25.032 0.8000000119
47175  25.193  -52.892  -25.126 0.6999999881
47161  24.016  -51.891  -24.964 0.6999999881
49753  23.732  -50.573  -25.032 0.6000000238
49777  21.927  -50.266  -25.976 0.4000000060
47206  31.991  -52.905  -27.500 1.0000000000
46049  32.249  -53.303  -26.906 0.8999999762
48458  31.840  -52.023  -27.753 1.0000000000
48459  31.008  -51.293  -27.999 1.0000000000
49789  30.466  -50.430  -27.905 1.0000000000
165334  29.659  -48.848  -27.824 1.0000000000
52051  29.373  -48.056  -27.872 1.0000000000
52072  24.855  -48.976  -29.356 0.8999999762
153517  24.283  -46.959  -28.765 0.8999999762
53235  24.011  -47.457  -29.097 0.8999999762
54365  22.401  -46.531  -29.429 0.8999999762
52074  23.260  -48.604  -29.954 0.8999999762
53291  25.189  -48.241  -32.123 0.6000000238
52127  24.679  -48.644  -32.390 0.6000000238
52128  23.796  -48.569  -32.170 0.6000000238
53274  24.027  -47.380  -31.363 0.8000000119
55538  23.065  -46.075  -30.300 0.8000000119
52075  22.843  -48.419  -30.293 0.8999999762
168894  29.279  -52.809  -24.785 0.8999999762
46003  27.781  -53.160  -25.078 0.8999999762
47157  27.411  -52.314  -24.761 0.6999999881
157024  29.237  -52.124  -24.609 0.8999999762
47156  28.433  -52.378  -24.729 0.8999999762
47160  24.909  -52.086  -24.914 0.6000000238
46017  31.666  -53.531  -25.716 1.0000000000
47173  31.614  -52.742  -25.382 1.0000000000
47154  30.814  -52.572  -24.959 1.0000000000
49752  25.443  -50.645  -24.738 0.6000000238
48438  24.100  -51.085  -24.945 0.6000000238
162746  23.896  -49.936  -24.813 0.5000000000
47205  32.410  -52.683  -26.989 1.0000000000
47191  32.385  -52.795  -26.393 1.0000000000
158430  32.822  -51.325  -26.590 1.0000000000
48457  32.503  -51.494  -27.184 1.0000000000
161833  31.941  -51.250  -27.610 1.0000000000
49788  31.467  -50.568  -27.610 1.0000000000
50958  30.970  -49.763  -27.612 1.0000000000
52050  30.508  -48.971  -27.616 1.0000000000
53222  29.830  -47.581  -27.648 1.0000000000
53223  29.183  -47.153  -27.779 1.0000000000
52052  28.585  -47.864  -28.145 1.0000000000
174268  27.717  -47.710  -28.354 1.0000000000
53232  26.860  -47.495  -28.481 1.0000000000
159113  26.254  -48.086  -28.545 0.8999999762
52061  27.031  -48.440  -28.560 0.8999999762
52063  25.244  -48.359  -28.979 0.8999999762
180126  23.683  -47.028  -28.936 0.8999999762
54390  26.574  -46.919  -31.514 0.6000000238
53272  26.258  -47.640  -31.702 0.6000000238
54391  25.220  -46.819  -31.489 0.6000000238
152950  24.715  -47.263  -31.541 0.6000000238
55537  23.607  -45.912  -30.756 0.8000000119
55520  22.277  -45.617  -30.040 0.8000000119
47155  29.969  -52.332  -24.684 0.8999999762
48434  27.917  -51.559  -24.494 0.6999999881
176994  26.179  -51.693  -24.752 0.6000000238
49751  26.193  -50.996  -24.675 0.6000000238
178581  32.068  -51.383  -25.031 0.8999999762
50915  25.308  -49.753  -24.518 0.6000000238
162561  24.523  -50.393  -24.775 0.5000000000
157903  32.543  -52.295  -25.989 1.0000000000
49782  32.960  -50.691  -26.900 1.0000000000
49772  33.104  -50.776  -26.236 0.8999999762
49787  32.443  -50.700  -27.334 1.0000000000
50957  32.027  -49.907  -27.402 1.0000000000
166132  31.501  -49.077  -27.462 1.0000000000
52049  30.990  -48.284  -27.528 1.0000000000
53221  30.518  -47.563  -27.525 1.0000000000
155430  30.029  -46.927  -27.547 1.0000000000
54335  29.537  -46.280  -27.616 1.0000000000
53231  28.292  -47.031  -28.117 1.0000000000
54351  27.485  -46.882  -28.321 1.0000000000
54352  26.665  -46.571  -28.442 1.0000000000
158033  25.302  -46.023  -28.424 0.8999999762
152968  25.186  -46.938  -28.591 0.8999999762
55493  23.466  -45.659  -28.347 0.8999999762
158928  22.305  -45.515  -28.599 0.8999999762
153576  26.772  -46.116  -31.550 0.6000000238
152054  25.893  -46.274  -31.451 0.6000000238
155368  25.026  -46.146  -31.343 0.6000000238
56655  24.699  -44.830  -30.962 0.6999999881
56638  24.011  -44.234  -30.683 0.6999999881
55519  22.855  -45.359  -30.361 0.6999999881
55509  21.584  -45.422  -29.695 0.8000000119
55495  21.319  -45.315  -29.367 0.8999999762
54389  27.375  -46.698  -31.512 0.6000000238
57677  23.206  -43.687  -30.354 0.6999999881
57678  22.126  -44.195  -30.063 0.8000000119
57667  21.436  -44.124  -29.454 0.8999999762
173445  26.825  -50.683  -24.458 0.6999999881
50914  26.284  -50.040  -24.559 0.6000000238
48431  30.653  -51.761  -24.597 0.8999999762
48432  29.737  -51.593  -24.377 0.8000000119
49725  28.853  -50.133  -23.959 0.6999999881
49773  32.665  -50.824  -25.508 0.8999999762
49774  32.045  -50.800  -24.803 0.8000000119
50950  33.410  -49.961  -26.523 1.0000000000
175519  33.368  -50.208  -25.881 0.8000000119
158457  33.633  -49.067  -26.366 0.8999999762
50937  33.579  -49.463  -25.842 0.8000000119
167433  32.585  -49.225  -27.249 1.0000000000
52048  32.008  -48.362  -27.335 1.0000000000
53220  31.399  -47.567  -27.400 1.0000000000
155429  30.865  -46.831  -27.423 1.0000000000
55478  30.574  -45.507  -27.446 1.0000000000
159662  29.522  -44.834  -27.768 1.0000000000
56598  28.705  -44.890  -28.033 1.0000000000
54350  27.973  -46.287  -28.102 1.0000000000
55491  26.907  -45.739  -28.378 1.0000000000
156187  26.127  -45.854  -28.456 0.8999999762
55492  24.638  -45.387  -28.235 0.8999999762
161190  24.411  -46.239  -28.510 0.8999999762
56614  22.769  -44.896  -28.017 0.8999999762
55535  25.339  -45.467  -31.243 0.6000000238
57658  21.501  -43.774  -28.424 0.8999999762
154316  27.781  -45.153  -31.577 0.6000000238
153311  27.108  -45.118  -31.440 0.6000000238
57676  24.241  -43.321  -30.642 0.6999999881
57666  22.258  -43.281  -29.860 0.6999999881
49750  27.538  -50.797  -24.310 0.6999999881
50913  27.211  -50.061  -24.303 0.6000000238
49723  30.670  -49.861  -24.002 0.8000000119
49724  29.753  -50.074  -23.895 0.8000000119
50901  29.230  -49.432  -23.702 0.6999999881
49726  28.012  -50.131  -24.069 0.6999999881
50911  32.729  -49.201  -24.700 0.6999999881
157563  31.428  -50.371  -24.395 0.8000000119
52020  33.767  -48.604  -25.705 0.6999999881
52040  33.695  -48.145  -26.212 0.6999999881
168617  33.310  -46.828  -26.539 0.8000000119
54320  32.869  -46.150  -26.735 0.8000000119
54321  32.107  -46.209  -27.170 0.8000000119
55470  32.152  -45.364  -27.037 0.8000000119
55477  31.287  -45.977  -27.405 0.8999999762
162387  31.132  -45.041  -27.339 0.8999999762
56597  30.315  -44.873  -27.514 1.0000000000
56609  29.081  -44.008  -28.099 1.0000000000
172924  27.507  -44.506  -28.304 1.0000000000
160810  26.809  -44.411  -28.282 1.0000000000
56610  28.157  -44.283  -28.263 1.0000000000
162468  26.434  -45.106  -28.363 1.0000000000
56611  25.924  -44.423  -28.266 1.0000000000
56612  24.978  -44.529  -28.121 0.8999999762
57657  24.431  -43.902  -27.661 0.8999999762
56613  23.971  -44.742  -27.907 0.8999999762
56599  23.352  -44.107  -27.451 0.8999999762
56653  26.562  -44.470  -31.223 0.6000000238
56654  25.655  -44.637  -31.069 0.6000000238
57675  25.230  -43.062  -30.867 0.6999999881
57644  21.882  -43.469  -27.551 0.8999999762
156970  21.308  -43.020  -29.229 0.8999999762
59610  23.954  -41.854  -30.371 0.6999999881
173138  23.320  -42.593  -30.291 0.6999999881
58659  21.928  -42.146  -29.679 0.8999999762
59600  21.449  -41.420  -29.299 0.8999999762
50899  30.822  -49.182  -23.713 0.6999999881
50900  30.062  -49.318  -23.582 0.6000000238
170733  28.791  -48.950  -23.647 0.6000000238
50904  26.917  -49.294  -24.305 0.6000000238
52001  32.184  -48.685  -24.169 0.6999999881
51990  30.410  -48.570  -23.504 0.6000000238
52000  33.134  -48.159  -24.477 0.6999999881
53184  34.020  -47.654  -25.518 0.6999999881
54312  34.187  -46.723  -25.663 0.6999999881
56589  32.714  -44.528  -26.789 0.8000000119
56590  31.733  -44.386  -27.156 0.8000000119
57638  31.382  -43.534  -27.291 0.8000000119
153170  30.847  -44.218  -27.454 0.8000000119
164658  30.037  -44.119  -27.820 1.0000000000
57639  30.539  -43.390  -27.655 0.8000000119
57653  28.269  -43.470  -28.344 1.0000000000
57654  27.354  -43.800  -28.272 1.0000000000
57655  26.348  -43.726  -28.184 1.0000000000
59592  27.796  -41.592  -28.498 1.0000000000
160809  26.763  -43.107  -28.187 1.0000000000
156939  25.828  -43.093  -27.899 1.0000000000
58650  25.351  -42.357  -27.717 1.0000000000
58636  24.431  -42.440  -27.156 1.0000000000
57642  23.920  -43.330  -27.025 0.8999999762
57691  25.897  -43.751  -31.092 0.6000000238
57643  22.768  -43.438  -27.162 0.8999999762
57689  27.520  -43.359  -31.660 0.6000000238
57690  26.762  -43.597  -31.357 0.6000000238
152709  26.135  -42.774  -31.294 0.6999999881
58638  22.052  -42.799  -27.113 0.8999999762
58670  25.428  -42.145  -30.881 0.6999999881
60576  24.087  -41.162  -30.186 0.6999999881
59599  22.158  -41.285  -29.530 0.8999999762
162601  28.652  -48.327  -23.613 0.5000000000
51989  31.320  -48.612  -23.780 0.6000000238
54292  30.417  -46.962  -23.288 0.5000000000
54302  33.440  -47.210  -24.358 0.6999999881
53163  32.583  -47.208  -23.908 0.6999999881
54301  34.013  -46.736  -24.535 0.6999999881
54311  34.407  -46.189  -25.235 0.6999999881
53173  34.298  -46.901  -25.052 0.6999999881
56587  34.204  -44.355  -26.197 0.6999999881
56588  33.702  -44.532  -26.498 0.6999999881
57629  32.272  -43.678  -26.958 0.8000000119
58633  31.906  -42.852  -27.080 0.8000000119
166300  31.570  -42.064  -27.270 0.8000000119
163556  31.058  -42.713  -27.445 0.8000000119
59579  31.161  -41.320  -27.426 0.8000000119
58634  30.856  -42.000  -27.552 0.8000000119
59581  29.591  -41.610  -28.115 0.8999999762
58646  29.051  -43.084  -28.294 1.0000000000
59580  30.351  -41.451  -27.708 0.8000000119
60557  29.114  -40.988  -28.231 0.8999999762
58647  28.295  -42.523  -28.453 1.0000000000
59593  26.784  -41.507  -28.372 1.0000000000
58649  26.284  -42.353  -28.132 1.0000000000
170479  24.915  -41.428  -27.468 1.0000000000
58637  23.247  -42.493  -26.899 0.8999999762
59585  22.836  -41.502  -26.739 0.8999999762
160434  23.240  -40.771  -26.735 0.8999999762
59573  21.779  -40.765  -27.274 0.8999999762
58682  27.560  -42.448  -31.850 0.6000000238
59609  24.762  -41.598  -30.568 0.6999999881
60577  23.519  -40.762  -29.812 0.8000000119
60568  21.835  -40.732  -28.860 0.8999999762
59640  27.937  -41.800  -32.039 0.6000000238
59622  25.653  -41.081  -30.927 0.6999999881
174939  24.790  -40.873  -30.468 0.6999999881
151299  23.453  -40.175  -29.334 0.8000000119
60561  22.045  -40.314  -28.129 0.8999999762
60590  24.257  -40.306  -29.986 0.6999999881
60567  22.832  -40.310  -28.620 0.8999999762
54291  31.480  -47.106  -23.532 0.5000000000
178719  30.435  -46.318  -23.184 0.5000000000
54290  33.256  -46.362  -23.937 0.6999999881
164894  31.035  -46.338  -23.279 0.5000000000
55453  34.104  -45.972  -24.279 0.6999999881
154129  34.523  -44.857  -24.881 0.6999999881
55452  34.417  -45.683  -24.750 0.6999999881
56581  34.446  -44.465  -25.666 0.6999999881
57626  34.378  -43.688  -26.071 0.6999999881
58623  33.526  -42.701  -26.585 0.6999999881
57628  33.183  -43.813  -26.664 0.6999999881
58632  32.454  -42.165  -26.887 0.8000000119
59578  32.006  -41.350  -27.152 0.8000000119
60548  30.596  -40.511  -27.510 0.8000000119
165244  29.762  -40.796  -27.856 0.8000000119
60558  28.331  -40.822  -28.382 0.8999999762
60560  26.332  -40.642  -28.236 1.0000000000
59594  25.832  -41.495  -28.035 1.0000000000
61681  30.351  -39.628  -27.459 0.8000000119
168017  29.260  -39.609  -27.660 0.8000000119
60559  27.303  -40.683  -28.392 0.8999999762
177310  25.971  -39.943  -28.010 1.0000000000
59582  25.525  -40.640  -27.863 1.0000000000
60551  26.812  -39.732  -28.070 0.8999999762
59583  24.936  -40.561  -27.508 1.0000000000
158838  24.185  -40.758  -27.099 1.0000000000
149394  23.493  -40.183  -27.059 1.0000000000
160572  22.720  -40.147  -27.035 0.8999999762
58684  26.105  -41.893  -31.260 0.6999999881
61688  23.487  -39.850  -27.510 0.8999999762
58683  26.736  -42.141  -31.609 0.6000000238
59621  26.576  -41.330  -31.451 0.6000000238
62788  23.864  -38.764  -28.317 0.8999999762
60575  26.512  -40.503  -31.171 0.6999999881
176414  25.880  -40.156  -30.832 0.6999999881
61701  25.629  -39.503  -30.434 0.6999999881
61703  24.094  -39.530  -29.373 0.6999999881
149888  24.141  -38.769  -28.831 0.8000000119
62806  25.344  -38.832  -29.886 0.6999999881
63917  24.246  -37.680  -28.390 0.8000000119
166537  24.238  -36.683  -28.037 0.8999999762
63940  25.075  -37.440  -29.264 0.6999999881
163109  32.042  -46.358  -23.543 0.5000000000
55440  34.199  -45.121  -24.301 0.6999999881
55441  33.520  -45.372  -23.841 0.5000000000
57618  34.642  -43.538  -25.528 0.6999999881
56572  34.603  -44.106  -25.060 0.6999999881
58614  34.756  -42.764  -25.974 0.6999999881
57609  35.020  -42.795  -25.272 0.6999999881
58622  34.245  -42.237  -26.445 0.6999999881
60540  34.127  -40.725  -26.555 0.6999999881
165596  33.280  -42.062  -26.675 0.6999999881
61671  33.657  -40.042  -26.758 0.6999999881
59571  32.844  -41.388  -26.853 0.6999999881
60546  32.465  -40.634  -27.085 0.8000000119
60547  31.599  -40.543  -27.319 0.8000000119
61679  32.202  -39.720  -27.248 0.8000000119
61680  31.197  -39.728  -27.386 0.8000000119
61682  29.722  -39.449  -27.526 0.8000000119
151658  31.192  -38.268  -27.428 0.8000000119
63889  30.416  -37.684  -27.435 0.8000000119
61683  28.553  -39.453  -27.737 0.8000000119
61684  27.596  -39.228  -27.731 0.8999999762
62771  26.242  -38.706  -27.259 0.8999999762
171665  25.705  -39.174  -27.461 1.0000000000
159355  30.009  -36.902  -27.426 0.8000000119
151685  28.859  -38.244  -27.391 0.8000000119
60553  24.518  -40.032  -27.444 1.0000000000
62772  25.437  -38.632  -27.374 1.0000000000
150658  27.247  -40.852  -31.580 0.6000000238
61687  24.164  -39.487  -27.518 1.0000000000
60574  26.516  -39.568  -30.752 0.6999999881
154474  26.072  -38.743  -30.304 0.6999999881
62778  23.981  -38.421  -27.967 0.8999999762
63881  24.470  -37.051  -27.623 1.0000000000
178758  26.367  -38.042  -30.146 0.6999999881
63939  25.696  -37.134  -29.641 0.8000000119
64994  24.781  -36.801  -28.865 0.8000000119
58613  35.243  -41.974  -25.581 0.6999999881
59559  35.475  -41.016  -25.431 0.6999999881
59568  35.165  -41.299  -26.028 0.6999999881
60539  34.822  -40.788  -26.296 0.6999999881
62759  33.954  -39.309  -26.771 0.6999999881
61678  33.108  -39.438  -27.058 0.6999999881
62764  33.409  -38.802  -27.062 0.6999999881
62765  32.520  -38.650  -27.298 0.8000000119
62766  31.623  -38.963  -27.373 0.8000000119
63888  31.247  -37.527  -27.437 0.8000000119
159596  31.772  -36.959  -27.462 0.8000000119
151684  28.076  -38.192  -27.390 0.8999999762
62770  27.277  -38.539  -27.377 0.8999999762
63891  28.452  -37.577  -27.395 0.8000000119
63892  27.523  -37.701  -27.261 0.8999999762
61718  27.268  -40.125  -31.184 0.6000000238
64931  27.264  -36.210  -27.358 0.8999999762
64932  26.056  -36.194  -27.243 0.8999999762
63895  25.068  -37.931  -27.352 1.0000000000
62827  28.455  -39.347  -30.708 0.6000000238
170399  24.773  -37.139  -27.370 0.8999999762
167393  26.847  -37.573  -30.211 0.6999999881
158123  24.383  -35.612  -27.715 0.8999999762
65008  25.675  -35.995  -29.656 0.8000000119
64968  24.393  -36.633  -28.346 0.8999999762
67215  24.621  -34.927  -28.060 0.8000000119
60538  35.289  -40.469  -26.001 0.6999999881
62758  34.786  -39.046  -26.479 0.6999999881
63886  33.352  -38.042  -27.178 0.6999999881
63885  33.726  -37.222  -27.158 0.6999999881
64925  32.745  -37.247  -27.395 0.6999999881
172551  29.451  -36.895  -27.459 0.8000000119
64930  28.534  -36.228  -27.559 0.8000000119
160246  28.957  -35.548  -27.720 0.8000000119
67173  28.468  -34.962  -27.862 0.8000000119
161039  25.724  -37.082  -27.133 0.8999999762
153468  27.828  -38.561  -30.400 0.6000000238
66004  27.948  -35.601  -27.619 0.8000000119
67174  27.522  -34.673  -27.837 0.8999999762
153407  25.677  -35.299  -27.422 0.8999999762
64933  24.937  -36.547  -27.185 0.8999999762
62805  28.702  -38.414  -30.287 0.6000000238
158486  26.917  -38.536  -30.425 0.6999999881
66006  25.030  -35.231  -27.446 0.8999999762
63938  26.701  -36.675  -30.252 0.6999999881
67203  24.323  -34.840  -28.062 0.8000000119
67225  25.957  -34.565  -30.345 0.6999999881
67214  25.122  -34.681  -28.815 0.8000000119
180499  35.408  -39.477  -25.992 0.6999999881
63878  35.200  -37.799  -26.441 0.6999999881
165552  34.643  -37.119  -26.773 0.6999999881
64928  30.402  -36.198  -27.504 0.8000000119
66003  29.899  -35.504  -27.694 0.8000000119
170802  29.351  -34.734  -27.991 0.8000000119
67202  28.483  -34.284  -28.122 0.8000000119
66005  26.804  -35.421  -27.479 0.8999999762
68288  26.510  -33.500  -28.321 0.8999999762
63936  28.041  -37.620  -30.242 0.6000000238
173288  25.433  -34.723  -27.679 0.8999999762
63937  27.382  -37.010  -30.280 0.6999999881
64990  27.147  -36.021  -30.713 0.6999999881
68289  25.933  -33.800  -28.314 0.8999999762
67224  26.374  -34.234  -31.188 0.6999999881
68331  26.037  -33.856  -30.408 0.8000000119
68313  25.451  -34.193  -28.533 0.8000000119
68330  26.496  -33.531  -30.985 0.6999999881
69367  25.802  -33.547  -29.575 0.8000000119
68319  25.366  -34.187  -29.008 0.8000000119
164708  26.216  -33.071  -30.139 0.8000000119
63871  35.820  -37.797  -25.712 0.6999999881
165203  35.554  -37.031  -26.298 0.6000000238
63935  28.869  -37.373  -30.059 0.6000000238
69341  27.825  -33.073  -28.366 0.8000000119
157513  26.913  -31.956  -28.441 0.8999999762
69327  26.384  -32.674  -28.603 0.8999999762
64989  28.045  -36.464  -30.458 0.6000000238
70287  25.948  -31.101  -28.505 0.8999999762
176404  26.780  -35.520  -30.916 0.8000000119
69342  25.884  -32.868  -28.976 0.8999999762
69351  25.883  -32.068  -29.124 0.8000000119
68329  27.063  -33.197  -31.256 0.6999999881
155847  26.153  -31.987  -29.644 0.8000000119
71452  25.699  -30.149  -29.739 0.8000000119
150891  27.602  -35.562  -30.849 0.6999999881
70299  27.774  -32.244  -28.430 0.8000000119
67238  28.112  -34.225  -31.310 0.5000000000
67223  27.636  -34.847  -31.189 0.6000000238
68347  27.547  -33.740  -31.525 0.6000000238
68348  26.817  -33.964  -31.628 0.6999999881
70300  25.675  -31.063  -28.752 0.8000000119
154406  28.066  -31.979  -31.347 0.6000000238
70322  27.185  -31.657  -30.782 0.6000000238
70323  26.204  -31.389  -30.227 0.6999999881
72553  25.987  -29.580  -30.235 0.8000000119
70312  25.500  -31.115  -29.107 0.8000000119
71450  26.964  -30.793  -30.553 0.6000000238
71408  27.052  -30.500  -28.524 0.8000000119
178577  26.654  -29.963  -28.512 0.8000000119
72518  26.139  -29.885  -28.576 0.8999999762
68346  28.582  -33.489  -31.301 0.6000000238
73629  25.273  -28.730  -30.226 0.8000000119
72529  25.673  -29.656  -29.090 0.8000000119
73603  25.759  -29.044  -28.902 0.8000000119
72552  26.775  -29.489  -30.905 0.6000000238
72528  27.366  -29.734  -28.639 0.8000000119
73602  26.032  -28.558  -28.657 0.8000000119
70339  28.643  -31.283  -31.414 0.6000000238
71465  28.375  -30.506  -31.423 0.6000000238
74618  25.215  -28.046  -29.612 0.8000000119
71466  27.519  -30.161  -31.084 0.6000000238
74630  25.082  -27.880  -30.389 0.6999999881
74617  25.686  -27.417  -29.011 0.8000000119
74641  27.833  -27.618  -31.924 0.6000000238
163426  26.123  -27.449  -31.772 0.6000000238
75552  26.043  -26.422  -31.489 0.6999999881
168787  28.339  -29.210  -31.656 0.6000000238
151236  27.613  -28.573  -31.759 0.6000000238
161943  27.830  -28.016  -28.935 0.8000000119
74598  26.680  -28.015  -28.554 0.8000000119
70338  29.400  -31.484  -31.619 0.6000000238
73589  27.545  -28.871  -28.819 0.8000000119
71463  29.985  -30.894  -31.771 0.5000000000
75533  25.689  -26.437  -29.046 0.8000000119
75520  26.227  -26.905  -28.445 0.8000000119
155863  29.688  -30.041  -31.638 0.6000000238
71464  29.175  -30.695  -31.567 0.6000000238
75553  25.846  -25.357  -30.492 0.6000000238
71478  30.673  -30.147  -31.794 0.5000000000
168458  29.194  -29.236  -31.697 0.6000000238
73641  28.586  -28.446  -31.718 0.6000000238
74642  26.736  -27.140  -32.291 0.6000000238
73640  29.576  -28.460  -31.669 0.6000000238
74640  28.940  -27.625  -31.755 0.6000000238
75550  28.404  -26.934  -31.901 0.6000000238
75551  27.602  -26.674  -32.270 0.6000000238
75518  27.960  -26.450  -28.893 0.8000000119
165913  27.252  -27.108  -28.633 0.8000000119
74597  28.324  -27.336  -29.116 0.8000000119
76452  28.523  -25.654  -29.014 0.6999999881
75519  26.969  -26.154  -28.482 0.6999999881
72563  30.144  -29.287  -31.623 0.6000000238
167980  26.500  -25.511  -31.651 0.6000000238
76507  26.410  -24.638  -30.812 0.6000000238
76478  25.761  -25.471  -29.310 0.6999999881
155868  30.747  -27.669  -31.804 0.5000000000
76506  27.396  -25.699  -32.398 0.6000000238
74654  30.342  -26.933  -31.915 0.5000000000
74655  29.253  -26.731  -31.958 0.6000000238
75563  28.306  -26.181  -32.325 0.6000000238
74653  31.252  -27.247  -32.089 0.5000000000
75517  28.972  -26.736  -29.286 0.6999999881
76453  27.661  -25.106  -28.689 0.6000000238
77465  26.737  -23.982  -30.001 0.6000000238
77453  27.015  -24.509  -28.973 0.6000000238
77479  27.101  -24.118  -31.261 0.6000000238
77452  27.583  -23.773  -29.448 0.6000000238
75562  30.916  -26.369  -32.181 0.5000000000
180228  28.936  -25.873  -32.487 0.6000000238
76519  29.220  -25.262  -32.726 0.6000000238
76520  28.267  -25.267  -32.865 0.6000000238
170293  26.977  -24.938  -31.764 0.6000000238
77464  27.409  -23.466  -30.349 0.6000000238
76518  30.457  -25.334  -32.413 0.6000000238
77494  30.561  -24.414  -32.632 0.6000000238
75561  32.446  -26.290  -32.640 0.5000000000
157135  31.607  -25.880  -32.430 0.5000000000
76515  33.149  -25.090  -32.888 0.4000000060
77493  32.306  -24.571  -32.670 0.5000000000
77428  28.170  -24.589  -28.968 0.6000000238
159758  28.725  -24.649  -33.064 0.6000000238
77478  27.695  -24.059  -32.003 0.6000000238
78440  27.976  -22.971  -29.867 0.6000000238
77495  29.513  -24.528  -32.910 0.6000000238
78486  29.764  -23.642  -32.957 0.6000000238
76517  31.463  -24.977  -32.554 0.5000000000
153970  31.368  -24.099  -32.577 0.6000000238
78484  32.224  -23.561  -32.620 0.5000000000
78497  34.671  -24.039  -33.201 0.4000000060
78498  33.924  -23.693  -33.095 0.4000000060
79538  28.701  -22.551  -31.981 0.6000000238
78453  27.850  -22.798  -30.699 0.5000000000
176692  28.602  -23.116  -29.737 0.5000000000
77451  28.704  -23.861  -29.490 0.5000000000
78487  29.018  -23.088  -32.886 0.6000000238
79517  28.810  -21.382  -31.716 0.5000000000
78485  30.854  -23.138  -32.672 0.6000000238
79533  32.691  -22.747  -32.708 0.5000000000
79549  33.711  -22.686  -32.977 0.4000000060
163266  29.417  -23.415  -29.852 0.4000000060
79537  29.265  -22.203  -32.330 0.5000000000
157472  31.842  -22.749  -32.590 0.4000000060
79535  31.164  -22.131  -32.581 0.6000000238
79536  30.107  -22.103  -32.555 0.6000000238
162078  33.698  -21.559  -32.896 0.4000000060
81547  29.346  -19.936  -31.769 0.4000000060
80598  30.407  -21.095  -32.479 0.4000000060
79548  34.638  -22.211  -33.159 0.4000000060
80597  31.472  -21.379  -32.612 0.4000000060
80558  31.256  -21.601  -30.649 0.4000000060
80571  29.605  -20.354  -30.989 0.4000000060
80616  30.066  -20.142  -32.247 0.4000000060
80613  34.098  -20.762  -32.887 0.4000000060
149797  33.317  -20.670  -32.701 0.4000000060
81583  32.738  -20.014  -32.514 0.4000000060
160215  31.892  -20.104  -32.364 0.4000000060
80570  30.647  -20.649  -30.994 0.4000000060
81533  30.124  -19.953  -31.524 0.4000000060
81534  29.423  -19.939  -31.528 0.4000000060
169123  34.417  -20.127  -32.916 0.3000000119
174412  32.316  -19.738  -32.371 0.4000000060
81565  29.930  -19.871  -32.016 0.4000000060
82468  31.703  -19.514  -31.856 0.4000000060
82491  31.970  -19.371  -32.081 0.4000000060
48501  21.270  -50.794  -31.114 0.8000000119
49810  22.836  -50.025  -30.475 0.8999999762
49809  23.847  -50.423  -30.211 0.8999999762
49826  22.840  -50.854  -30.514 0.8999999762
47251  23.285  -52.508  -30.504 0.8999999762
49800  28.092  -50.826  -28.446 0.8999999762
50966  28.334  -49.390  -28.367 1.0000000000
52059  28.866  -48.700  -28.162 1.0000000000
47233  25.046  -52.593  -29.891 0.8999999762
48471  26.757  -51.148  -28.955 0.8999999762
49802  26.503  -50.287  -28.884 0.8999999762
52060  28.007  -48.564  -28.386 1.0000000000
154666  25.000  -51.152  -29.642 0.8999999762
50969  25.959  -49.581  -29.035 0.8999999762
50967  27.466  -49.294  -28.534 1.0000000000
49808  24.756  -50.521  -29.698 0.8999999762
52062  25.909  -48.692  -28.777 0.8999999762
79490  28.260  -22.268  -30.431 0.4000000060
79506  28.711  -20.968  -31.248 0.4000000060
79488  29.440  -21.769  -30.314 0.4000000060
79487  30.684  -22.234  -30.355 0.4000000060
37802  28.030  -60.017  -27.266 0.8999999762
39017  28.401  -58.912  -29.948 1.0000000000
39044  25.376  -59.519  -32.254 0.8000000119
178472  25.192  -59.697  -27.263 0.8999999762
40180  29.787  -58.546  -28.235 1.0000000000
40224  25.730  -58.708  -32.079 0.8000000119
42531  29.490  -56.740  -26.180 0.8999999762
43775  27.817  -55.080  -30.203 0.8999999762
42593  26.823  -56.182  -31.065 0.8000000119
43813  25.183  -55.694  -31.479 0.8000000119
43814  24.272  -55.600  -31.459 0.8000000119
46066  30.132  -53.904  -28.920 1.0000000000
44962  25.341  -54.493  -30.537 0.8999999762
44963  24.462  -54.309  -30.615 0.8000000119
47250  24.281  -52.675  -30.197 0.8999999762
46105  23.601  -53.182  -30.500 0.8000000119
47222  27.918  -52.116  -29.060 0.8999999762
49807  25.416  -50.715  -29.420 0.8999999762
43706  27.748  -55.288  -25.924 0.8999999762
174818  26.876  -54.008  -25.690 1.0000000000
47177  23.254  -51.972  -25.181 0.6000000238
48451  21.580  -51.135  -26.288 0.4000000060
49775  23.081  -50.732  -25.421 0.4000000060
162771  28.964  -50.950  -28.337 1.0000000000
157139  27.806  -50.074  -28.482 0.8999999762
48509  20.856  -51.154  -31.592 0.6999999881
54377  22.722  -46.729  -29.852 0.8000000119
46001  30.102  -53.148  -24.903 0.8999999762
50976  24.417  -49.682  -29.733 0.8999999762
51043  22.698  -50.301  -32.655 0.6000000238
50978  22.744  -49.198  -30.406 0.8999999762
48435  26.929  -51.486  -24.560 0.6999999881
49776  22.644  -50.103  -25.631 0.4000000060
165501  25.280  -49.843  -29.379 0.8999999762
151433  22.650  -46.221  -28.892 0.8999999762
56615  21.528  -44.883  -28.762 0.8999999762
54392  24.305  -46.560  -31.257 0.6999999881
56656  23.758  -45.087  -30.727 0.6999999881
48433  28.831  -51.562  -24.403 0.8000000119
55480  29.125  -45.580  -27.793 1.0000000000
179863  26.409  -48.630  -28.652 0.8999999762
153568  25.864  -46.531  -28.518 0.8999999762
53234  25.561  -47.855  -28.643 0.8999999762
171666  25.509  -49.063  -29.142 0.8999999762
50938  33.148  -49.805  -25.362 0.8000000119
52002  26.058  -48.960  -24.376 0.5000000000
167791  33.268  -49.406  -26.884 1.0000000000
50910  33.454  -48.914  -25.220 0.6999999881
53202  33.806  -47.228  -26.136 0.8000000119
52041  33.108  -48.498  -26.901 0.8999999762
54332  32.566  -46.843  -26.911 0.8999999762
58671  24.511  -42.427  -30.620 0.6999999881
58651  21.491  -42.861  -28.168 0.8999999762
59611  23.044  -41.487  -30.016 0.8000000119
51992  28.164  -48.846  -23.844 0.6000000238
50912  31.665  -49.444  -24.168 0.8000000119
51991  29.464  -48.627  -23.456 0.6000000238
51999  33.767  -48.202  -25.128 0.6999999881
54319  33.826  -46.311  -26.290 0.6999999881
55469  33.394  -45.407  -26.549 0.6999999881
178550  29.557  -42.804  -28.139 1.0000000000
57656  25.383  -43.733  -28.033 1.0000000000
59595  21.308  -41.261  -28.591 0.8999999762
53165  29.936  -47.821  -23.342 0.6000000238
162603  27.920  -48.170  -23.821 0.5000000000
54318  34.230  -45.923  -25.849 0.6999999881
58635  30.131  -42.454  -27.872 0.8999999762
54293  29.328  -47.039  -23.327 0.5000000000
163912  34.193  -43.119  -26.369 0.6999999881
58624  32.806  -42.989  -26.734 0.8000000119
179075  22.884  -40.385  -26.811 0.8999999762
55442  32.466  -45.523  -23.530 0.6000000238
56562  31.813  -44.786  -23.197 0.5000000000
56559  34.368  -44.146  -24.391 0.6999999881
60550  27.924  -39.948  -28.138 0.8999999762
62767  30.804  -39.001  -27.421 0.8000000119
62768  29.200  -38.991  -27.459 0.8000000119
64935  24.278  -36.588  -27.853 0.8999999762
56561  32.786  -44.655  -23.489 0.5000000000
57596  34.461  -43.237  -24.226 0.6999999881
61672  32.925  -40.106  -26.985 0.6999999881
63887  31.992  -37.860  -27.421 0.8000000119
62769  28.264  -38.786  -27.523 0.8999999762
63893  26.532  -37.883  -27.139 0.8999999762
64992  26.040  -36.399  -29.914 0.8000000119
66063  25.310  -35.687  -29.301 0.8000000119
61670  34.644  -39.982  -26.418 0.6999999881
63879  34.318  -37.852  -26.850 0.6999999881
66002  30.812  -35.490  -27.690 0.8000000119
68290  25.273  -34.503  -28.001 0.8999999762
62757  35.386  -38.549  -26.152 0.6999999881
177283  27.175  -33.433  -28.267 0.8999999762
62747  35.696  -38.728  -25.563 0.6000000238
69366  26.634  -32.495  -30.597 0.6999999881
163691  26.315  -31.711  -28.612 0.8999999762
73643  25.764  -28.206  -31.231 0.6999999881
72566  27.534  -29.340  -31.448 0.6000000238
161442  26.691  -28.037  -32.031 0.6000000238
74629  25.382  -27.157  -29.748 0.8000000119
168655  26.815  -26.324  -32.222 0.6000000238
76455  26.211  -25.806  -28.583 0.6999999881
77497  28.135  -24.256  -32.879 0.6000000238
153442  29.859  -26.036  -32.117 0.6000000238
78467  28.056  -22.933  -31.589 0.6000000238
80559  30.113  -21.209  -30.549 0.4000000060
80572  28.939  -20.350  -31.186 0.4000000060
150756  31.740  -20.974  -31.025 0.4000000060
151693  33.053  -19.164  -32.468 0.4000000060
48498  23.952  -51.870  -30.296 0.8999999762
27231  24.123  -68.949  -29.120 0.4000000060
27200  22.919  -69.070  -27.621 0.4000000060
28386  21.553  -69.213  -27.436 0.4000000060
28409  25.077  -68.030  -30.058 0.4000000060
29571  23.330  -68.221  -27.800 0.4000000060
174258  22.311  -68.061  -27.809 0.4000000060
29603  26.173  -66.937  -30.740 0.3000000119
29594  24.730  -67.774  -28.678 0.4000000060
30865  26.104  -66.740  -31.606 0.4000000060
32094  25.514  -65.363  -32.528 0.4000000060
33235  25.020  -64.444  -32.612 0.4000000060
33236  24.179  -63.946  -32.938 0.4000000060
29579  23.596  -67.378  -28.010 0.5000000000
29581  21.966  -67.641  -28.170 0.4000000060
30829  25.705  -66.734  -29.467 0.4000000060
29578  24.352  -67.153  -28.313 0.4000000060
30864  26.258  -66.172  -30.808 0.5000000000
33234  25.596  -64.843  -31.941 0.4000000060
33212  25.329  -64.152  -32.028 0.4000000060
34371  24.676  -63.562  -32.319 0.5000000000
160558  24.047  -62.023  -32.675 0.5000000000
36754  23.458  -61.678  -33.098 0.6000000238
35566  23.100  -62.332  -33.303 0.5000000000
36768  21.892  -61.934  -33.458 0.6000000238
162249  21.399  -61.392  -33.385 0.4000000060
30815  23.623  -66.428  -28.146 0.5000000000
30817  22.206  -66.766  -28.501 0.5000000000
30831  21.420  -66.228  -29.091 0.5000000000
30832  20.771  -66.634  -29.633 0.5000000000
30813  25.380  -66.265  -28.885 0.6000000238
30814  24.593  -66.339  -28.376 0.6000000238
30828  26.201  -66.329  -29.984 0.5000000000
32031  26.194  -65.560  -29.379 0.6000000238
32058  26.295  -65.504  -30.047 0.5000000000
33211  25.875  -64.471  -31.390 0.5000000000
34370  25.433  -63.587  -31.697 0.4000000060
35555  24.897  -62.763  -31.814 0.6000000238
36741  24.584  -61.851  -32.104 0.6000000238
36753  24.115  -61.280  -32.714 0.6000000238
37894  23.515  -60.665  -33.065 0.6000000238
180406  23.206  -60.095  -33.139 0.6000000238
39047  22.786  -59.634  -33.171 0.6000000238
153540  22.932  -61.096  -33.288 0.6000000238
164661  22.812  -60.420  -33.260 0.6000000238
165016  22.245  -60.118  -33.311 0.6000000238
37896  21.556  -60.177  -33.314 0.6000000238
151152  22.839  -65.603  -28.225 0.5000000000
32012  22.094  -65.953  -28.680 0.5000000000
32034  21.514  -65.434  -29.147 0.5000000000
32035  20.869  -65.695  -29.778 0.5000000000
32009  25.849  -65.619  -28.862 0.6000000238
32011  24.013  -65.626  -28.060 0.6000000238
33194  26.516  -63.714  -29.914 0.6000000238
155598  26.467  -64.235  -28.697 0.6000000238
34356  26.108  -63.701  -30.965 0.5000000000
160733  26.970  -63.326  -29.367 0.6000000238
35554  25.693  -62.845  -31.334 0.6000000238
163963  25.303  -62.036  -31.562 0.6000000238
39045  24.528  -59.544  -32.575 0.6000000238
40227  22.425  -58.781  -33.088 0.6000000238
153789  22.097  -57.935  -32.820 0.6999999881
33154  22.370  -64.691  -28.306 0.6000000238
33174  21.696  -64.555  -29.059 0.5000000000
33176  20.642  -64.811  -29.998 0.5000000000
33151  25.478  -64.911  -28.405 0.6000000238
33152  24.501  -64.915  -28.036 0.6000000238
33153  23.372  -64.744  -27.939 0.6000000238
34338  20.932  -63.436  -29.614 0.5000000000
34358  19.571  -63.781  -30.216 0.5000000000
33139  25.024  -64.259  -27.884 0.6000000238
35542  26.284  -62.904  -30.654 0.6000000238
170163  22.705  -57.351  -32.527 0.6999999881
176195  23.305  -63.937  -27.798 0.6000000238
34336  22.200  -63.850  -28.603 0.6000000238
34337  21.606  -63.643  -29.225 0.6000000238
33140  24.066  -64.175  -27.732 0.6000000238
35509  22.855  -63.212  -28.155 0.6000000238
35523  22.087  -63.020  -28.814 0.6000000238
35524  21.439  -62.791  -29.331 0.6000000238
179452  19.860  -62.586  -29.580 0.6000000238
34303  24.602  -63.561  -27.512 0.6000000238
34340  19.172  -62.972  -29.765 0.5000000000
34315  26.649  -63.661  -28.262 0.6000000238
35526  19.286  -62.118  -29.543 0.6000000238
42636  22.488  -56.696  -32.159 0.6999999881
34304  23.699  -63.436  -27.594 0.6000000238
36705  21.975  -62.210  -29.049 0.6000000238
176948  24.809  -62.413  -27.302 0.6000000238
164618  23.660  -62.067  -27.644 0.6000000238
35508  22.998  -62.284  -28.121 0.6000000238
156012  21.146  -61.853  -29.373 0.6000000238
36706  20.136  -61.911  -29.446 0.6000000238
173435  25.418  -63.646  -27.646 0.6000000238
165948  20.464  -61.106  -29.338 0.6000000238
34301  26.922  -62.994  -27.870 0.6000000238
36703  27.708  -61.565  -29.366 0.6000000238
43816  22.326  -55.546  -31.354 0.6999999881
44984  21.728  -54.904  -31.132 0.6999999881
35472  26.267  -61.967  -27.168 0.6000000238
36687  23.080  -61.352  -28.023 0.6999999881
160783  22.417  -60.944  -28.585 0.6999999881
36672  26.955  -61.926  -27.380 0.6000000238
44965  22.026  -54.024  -30.916 0.6999999881
36674  23.924  -61.279  -27.591 0.6999999881
36656  26.002  -61.311  -27.079 0.6999999881
36673  24.730  -61.220  -27.332 0.6999999881
37833  22.895  -60.528  -28.256 0.6999999881
37834  22.413  -60.135  -28.538 0.6999999881
168231  21.202  -61.042  -29.172 0.6000000238
176303  21.883  -59.787  -28.665 0.6999999881
154198  21.639  -59.157  -28.593 0.6000000238
37847  20.002  -60.302  -29.373 0.5000000000
161682  21.185  -51.732  -31.118 0.8000000119
37806  25.106  -60.439  -27.265 0.6999999881
37820  24.282  -60.520  -27.524 0.6999999881
40173  23.741  -59.037  -27.931 0.6999999881
38999  22.405  -59.356  -28.478 0.6999999881
39011  19.688  -59.354  -29.453 0.5000000000
40181  23.044  -58.770  -28.267 0.6999999881
40182  22.191  -58.569  -28.349 0.6000000238
40183  21.306  -58.409  -28.516 0.6000000238
68311  28.578  -33.498  -28.342 0.6999999881
64926  32.452  -36.101  -27.491 0.6999999881
64927  31.337  -36.155  -27.513 0.6999999881
67172  30.371  -34.834  -27.996 0.6999999881
172348  33.282  -36.590  -27.346 0.6000000238
67200  30.020  -34.076  -28.335 0.6999999881
68310  29.546  -33.196  -28.524 0.6999999881
69340  28.632  -32.664  -28.509 0.6999999881
64924  34.053  -36.481  -27.098 0.6000000238
177266  32.372  -35.364  -27.609 0.6000000238
66001  31.731  -35.340  -27.688 0.6999999881
68309  30.577  -33.385  -28.572 0.6999999881
65998  34.348  -35.718  -27.090 0.6000000238
69339  29.442  -32.223  -28.777 0.6999999881
155621  28.623  -30.974  -28.923 0.6999999881
72527  28.266  -29.561  -28.954 0.6999999881
65999  33.465  -35.892  -27.353 0.6000000238
67169  33.262  -34.593  -27.650 0.6000000238
68307  32.459  -33.241  -28.437 0.6000000238
68308  31.482  -33.395  -28.514 0.6999999881
152625  30.324  -32.571  -28.838 0.6999999881
70297  29.359  -31.398  -28.998 0.6999999881
71422  28.863  -30.214  -29.076 0.6999999881
73601  28.498  -28.741  -29.096 0.6999999881
157016  33.967  -34.528  -27.497 0.6000000238
68306  33.263  -33.393  -28.189 0.5000000000
69338  31.796  -32.661  -28.781 0.6000000238
69349  31.160  -32.073  -29.150 0.5000000000
71420  30.008  -30.898  -29.208 0.6999999881
73599  30.122  -28.922  -29.471 0.6999999881
74596  29.221  -27.641  -29.363 0.6999999881
81578  37.719  -20.739  -33.419 0.3000000119
80610  36.444  -21.283  -33.393 0.3000000119
80612  34.692  -21.422  -33.085 0.3000000119
27216  22.744  -69.857  -27.655 0.4000000060
27202  21.626  -69.782  -27.289 0.3000000119
27203  20.955  -69.702  -27.385 0.4000000060
28422  24.444  -68.700  -30.072 0.3000000119
28400  20.913  -68.912  -28.043 0.4000000060
29636  25.524  -67.198  -32.241 0.4000000060
29582  21.210  -68.007  -28.524 0.4000000060
30894  25.272  -65.875  -33.221 0.4000000060
33253  24.532  -64.569  -33.321 0.4000000060
33254  23.813  -64.198  -33.609 0.4000000060
166376  23.222  -62.982  -33.439 0.5000000000
35578  21.659  -62.753  -33.705 0.4000000060
29596  20.613  -67.516  -29.341 0.4000000060
37915  21.294  -60.819  -33.308 0.5000000000
153509  19.615  -66.715  -30.763 0.5000000000
39059  20.956  -59.418  -33.227 0.6000000238
32060  20.135  -65.411  -30.363 0.5000000000
33196  19.889  -64.560  -30.391 0.5000000000
33197  19.093  -64.350  -30.659 0.5000000000
149282  21.204  -57.742  -32.807 0.6000000238
34359  18.679  -63.693  -30.201 0.5000000000
34341  18.219  -62.975  -29.864 0.4000000060
151407  21.830  -56.193  -31.773 0.6999999881
36707  19.460  -61.154  -29.547 0.5000000000
171659  21.718  -53.197  -30.928 0.6999999881
37848  19.199  -60.149  -29.803 0.5000000000
47253  21.193  -52.731  -31.149 0.8000000119
40193  19.223  -58.529  -29.658 0.5000000000
40192  19.853  -58.561  -29.301 0.6000000238
169312  34.938  -42.729  -24.541 0.6000000238
59549  35.373  -41.552  -24.753 0.6000000238
64919  34.952  -36.354  -26.716 0.6000000238
166663  34.428  -34.151  -27.456 0.5000000000
68305  33.958  -33.118  -28.077 0.5000000000
70309  33.411  -31.295  -29.145 0.5000000000
164978  31.834  -30.869  -29.425 0.5000000000
72543  30.970  -29.428  -29.446 0.5000000000
73617  31.003  -28.424  -29.585 0.5000000000
74616  29.882  -27.152  -29.587 0.5000000000
152786  39.129  -19.563  -33.157 0.3000000119
82500  38.223  -19.404  -33.226 0.3000000119
81580  35.678  -20.547  -33.248 0.3000000119
35506  27.447  -62.507  -28.158 0.6000000238
35507  27.186  -63.149  -28.687 0.6000000238
35541  26.740  -62.843  -29.954 0.6000000238
161709  23.738  -58.193  -27.947 0.8000000119
41411  22.989  -58.191  -32.809 0.6999999881
42614  22.842  -56.161  -31.797 0.6999999881
46106  22.694  -53.211  -30.741 0.6999999881
71423  27.977  -30.379  -28.794 0.6999999881
80611  35.523  -21.317  -33.241 0.3000000119
47252  22.128  -52.343  -30.843 0.8000000119
46124  20.903  -53.209  -31.503 0.6999999881
67199  31.029  -34.217  -28.302 0.6999999881
28397  24.257  -68.464  -28.512 0.4000000060
29593  25.286  -67.495  -29.593 0.4000000060
29617  25.758  -67.459  -31.326 0.3000000119
30843  25.930  -67.022  -30.088 0.5000000000
29595  21.369  -67.106  -28.903 0.5000000000
34391  22.457  -63.271  -33.843 0.3000000119
36769  21.079  -62.057  -33.528 0.4000000060
29606  19.385  -67.660  -30.604 0.5000000000
39001  20.861  -59.038  -28.798 0.6000000238
69350  30.197  -31.725  -29.126 0.6999999881
67170  32.389  -34.745  -27.780 0.6999999881
67197  32.841  -33.985  -27.987 0.6000000238
67198  31.972  -34.036  -28.157 0.6999999881
151759  31.060  -32.826  -28.800 0.6999999881
68286  33.737  -33.890  -27.759 0.6000000238
69337  32.531  -32.506  -28.797 0.5000000000
71421  29.692  -30.195  -29.218 0.6999999881
73600  29.321  -28.480  -29.331 0.6999999881
70295  33.736  -31.867  -28.734 0.5000000000
69348  32.123  -32.008  -29.155 0.5000000000
176100  30.976  -31.081  -29.335 0.5000000000
71439  30.532  -30.250  -29.330 0.5000000000
74615  30.720  -27.515  -29.707 0.5000000000
161123  35.245  -33.183  -27.473 0.5000000000
70310  32.544  -31.250  -29.360 0.5000000000
71437  32.479  -30.290  -29.456 0.5000000000
154782  31.254  -26.946  -29.918 0.5000000000
44985  21.047  -55.069  -31.538 0.6000000238
44966  20.842  -54.195  -31.459 0.6000000238
155358  21.467  -51.755  -32.670 0.5000000000
46132  21.140  -53.260  -32.281 0.6000000238
47273  20.882  -51.872  -32.103 0.6000000238
159122  23.537  -51.263  -33.408 0.5000000000
48540  22.489  -51.624  -33.028 0.5000000000
48523  21.091  -51.167  -32.189 0.6000000238
42552  20.154  -55.948  -27.925 0.5000000000
49858  21.069  -50.401  -32.004 0.6000000238
49870  24.081  -50.464  -33.439 0.5000000000
174590  23.396  -50.571  -33.049 0.5000000000
49869  24.940  -50.456  -33.597 0.5000000000
44909  20.560  -54.581  -27.246 0.4000000060
44910  19.946  -54.373  -27.771 0.4000000060
46050  20.171  -53.715  -27.332 0.4000000060
51025  25.641  -49.421  -32.636 0.5000000000
51026  24.961  -49.282  -32.770 0.5000000000
163239  20.106  -52.889  -27.200 0.4000000060
52125  26.057  -48.941  -32.171 0.5000000000
52126  25.402  -48.796  -32.372 0.5000000000
47208  19.943  -52.177  -27.288 0.4000000060
52003  25.076  -48.906  -24.234 0.4000000060
50916  24.431  -49.498  -24.521 0.4000000060
50917  23.572  -49.225  -24.706 0.4000000060
50918  22.802  -49.347  -25.240 0.3000000119
55444  30.449  -45.700  -23.065 0.4000000060
55445  29.521  -45.551  -23.026 0.4000000060
159490  27.202  -48.048  -24.053 0.4000000060
53174  26.349  -47.953  -24.148 0.4000000060
55437  29.998  -44.915  -22.815 0.4000000060
53168  27.009  -47.333  -24.000 0.4000000060
165564  25.577  -48.264  -24.167 0.4000000060
54296  26.804  -46.573  -23.841 0.4000000060
53169  26.329  -47.152  -23.983 0.4000000060
161762  24.839  -48.105  -24.054 0.4000000060
52005  23.556  -48.389  -24.327 0.4000000060
54294  28.513  -46.698  -23.467 0.4000000060
167712  28.616  -45.419  -23.088 0.4000000060
54295  27.694  -46.797  -23.712 0.4000000060
55436  30.881  -44.883  -22.967 0.4000000060
56563  29.151  -44.819  -22.807 0.4000000060
56564  28.282  -44.637  -22.841 0.4000000060
55446  28.136  -46.035  -23.446 0.4000000060
55447  27.653  -45.259  -23.235 0.4000000060
162867  26.809  -44.870  -23.405 0.4000000060
53175  25.515  -47.400  -23.984 0.4000000060
170675  26.844  -44.131  -23.115 0.4000000060
160534  25.901  -44.998  -23.588 0.4000000060
53176  24.438  -47.248  -23.952 0.4000000060
57590  30.688  -43.396  -22.601 0.4000000060
57591  29.665  -43.494  -22.614 0.4000000060
56556  28.892  -44.045  -22.670 0.4000000060
56560  33.741  -44.476  -23.821 0.5000000000
57598  33.070  -43.807  -23.428 0.4000000060
57599  32.161  -43.961  -23.099 0.4000000060
57589  31.595  -43.271  -22.777 0.4000000060
58587  29.267  -42.641  -22.589 0.4000000060
57592  28.679  -43.247  -22.640 0.4000000060
57600  28.060  -43.826  -22.775 0.4000000060
56565  27.471  -44.393  -23.020 0.4000000060
57601  27.286  -43.646  -22.850 0.4000000060
56566  26.165  -44.218  -23.343 0.4000000060
58603  35.077  -42.042  -24.227 0.5000000000
168187  34.044  -42.946  -23.788 0.5000000000
59537  33.595  -41.437  -23.173 0.5000000000
171385  32.859  -42.152  -22.999 0.4000000060
59524  32.111  -41.680  -22.736 0.4000000060
58585  31.042  -42.595  -22.517 0.4000000060
58586  30.149  -42.691  -22.551 0.4000000060
57593  27.840  -43.068  -22.665 0.4000000060
58595  33.803  -42.298  -23.487 0.5000000000
59538  32.688  -41.065  -22.805 0.4000000060
153375  30.767  -41.147  -22.390 0.4000000060
152975  29.743  -42.083  -22.519 0.4000000060
60500  32.688  -40.131  -22.641 0.4000000060
178193  32.269  -40.601  -22.629 0.4000000060
60488  31.748  -40.985  -22.521 0.4000000060
172496  30.554  -39.870  -22.350 0.4000000060
62686  33.759  -38.469  -22.739 0.4000000060
180288  33.461  -38.029  -22.650 0.4000000060
62711  33.010  -38.428  -22.558 0.4000000060
62712  32.251  -38.730  -22.533 0.4000000060
63838  32.002  -37.840  -22.544 0.4000000060
60513  35.434  -40.561  -24.518 0.5000000000
62709  35.264  -38.547  -23.872 0.5000000000
62685  34.257  -38.569  -23.060 0.4000000060
63809  33.069  -37.489  -22.578 0.4000000060
63810  31.160  -36.937  -22.649 0.3000000119
61658  35.663  -39.351  -25.361 0.5000000000
61599  34.020  -39.189  -22.927 0.5000000000
61618  33.495  -39.726  -22.780 0.4000000060
61619  32.851  -39.270  -22.560 0.4000000060
170451  31.847  -40.191  -22.459 0.4000000060
157133  30.490  -39.197  -22.556 0.4000000060
62687  31.317  -38.722  -22.570 0.4000000060
62684  34.724  -38.442  -23.440 0.5000000000
63808  33.932  -37.692  -22.773 0.4000000060
64889  33.165  -36.535  -22.737 0.4000000060
64860  31.664  -36.232  -22.824 0.3000000119
63857  36.146  -37.347  -24.857 0.5000000000
63836  35.067  -37.917  -23.606 0.5000000000
64888  34.125  -36.828  -22.939 0.4000000060
150775  33.784  -36.086  -23.028 0.4000000060
65976  32.963  -35.555  -23.149 0.4000000060
178738  32.336  -36.088  -22.879 0.3000000119
65955  30.941  -35.975  -22.971 0.3000000119
64907  35.941  -36.862  -24.147 0.5000000000
64913  36.113  -36.802  -25.545 0.4000000060
65989  35.255  -35.344  -23.528 0.3000000119
65974  34.590  -36.171  -23.309 0.4000000060
67129  32.362  -34.716  -23.583 0.3000000119
150973  31.759  -35.439  -23.150 0.3000000119
162359  30.796  -35.217  -23.371 0.3000000119
171211  30.114  -35.062  -23.466 0.3000000119
65988  36.061  -35.941  -24.014 0.3000000119
64906  36.282  -36.395  -24.730 0.4000000060
64912  36.260  -35.919  -25.480 0.4000000060
67157  36.298  -34.694  -26.039 0.4000000060
65996  35.259  -35.561  -26.704 0.4000000060
67168  34.680  -34.851  -27.196 0.4000000060
67151  34.333  -34.762  -23.399 0.3000000119
65975  34.065  -35.436  -23.252 0.3000000119
163475  32.884  -34.036  -23.972 0.3000000119
68241  31.908  -34.041  -24.164 0.3000000119
67130  31.372  -34.638  -23.681 0.3000000119
67132  29.604  -34.506  -23.587 0.3000000119
67106  29.005  -34.838  -23.179 0.3000000119
68242  30.975  -33.939  -24.101 0.3000000119
67131  30.488  -34.539  -23.726 0.3000000119
68244  29.248  -33.738  -23.956 0.3000000119
177857  36.113  -35.162  -23.932 0.3000000119
65987  36.371  -35.410  -24.691 0.3000000119
68272  36.478  -33.975  -25.758 0.3000000119
67158  35.637  -34.766  -26.678 0.4000000060
69325  34.724  -32.802  -27.864 0.4000000060
69334  34.884  -32.173  -28.092 0.4000000060
71435  33.976  -30.638  -29.153 0.4000000060
71438  31.451  -30.241  -29.426 0.4000000060
67133  28.765  -34.211  -23.448 0.3000000119
68263  35.616  -33.718  -23.685 0.3000000119
67150  34.961  -34.280  -23.507 0.3000000119
67149  35.835  -34.509  -23.769 0.3000000119
67148  36.317  -34.577  -24.321 0.3000000119
167602  36.481  -33.164  -25.488 0.3000000119
69309  35.956  -33.167  -26.961 0.3000000119
69324  35.490  -32.393  -27.545 0.4000000060
71407  35.779  -30.987  -27.741 0.3000000119
70293  35.294  -31.550  -28.022 0.4000000060
178409  34.954  -31.217  -28.375 0.4000000060
159986  33.454  -30.056  -29.412 0.4000000060
72541  32.917  -29.327  -29.503 0.4000000060
73615  32.742  -28.481  -29.578 0.4000000060
72542  31.946  -29.526  -29.479 0.4000000060
74614  31.580  -27.694  -29.767 0.4000000060
68261  36.459  -33.783  -24.749 0.3000000119
71418  35.363  -30.750  -28.343 0.3000000119
72524  35.385  -29.468  -28.873 0.3000000119
72540  33.915  -29.370  -29.460 0.4000000060
73614  33.619  -28.627  -29.546 0.4000000060
154653  32.436  -27.778  -29.735 0.4000000060
76473  32.341  -25.710  -30.280 0.4000000060
75531  31.759  -26.334  -30.130 0.4000000060
76475  30.372  -25.338  -29.894 0.4000000060
75532  29.780  -26.134  -29.591 0.5000000000
71417  36.122  -30.227  -27.844 0.3000000119
73598  35.789  -28.753  -28.770 0.3000000119
73613  34.522  -28.752  -29.442 0.3000000119
156950  34.266  -27.966  -29.576 0.4000000060
74613  33.842  -27.199  -29.749 0.4000000060
75529  33.404  -26.629  -29.980 0.4000000060
75530  32.650  -26.480  -30.113 0.4000000060
150691  33.342  -25.891  -30.222 0.3000000119
77448  32.034  -24.779  -30.344 0.4000000060
77449  30.954  -24.675  -30.134 0.3000000119
76476  29.296  -25.003  -29.410 0.4000000060
154125  30.518  -23.810  -30.096 0.3000000119
77450  29.912  -24.379  -29.818 0.3000000119
73597  36.382  -28.627  -28.077 0.3000000119
153098  35.882  -27.190  -29.200 0.3000000119
74612  34.872  -27.205  -29.596 0.3000000119
155793  34.244  -26.388  -29.908 0.3000000119
176300  34.123  -25.685  -30.196 0.3000000119
76493  33.734  -25.062  -30.406 0.3000000119
77463  33.759  -24.309  -30.542 0.3000000119
78435  33.315  -23.713  -30.599 0.3000000119
78436  32.259  -23.727  -30.462 0.3000000119
153845  31.416  -24.071  -30.263 0.3000000119
79485  32.846  -23.062  -30.664 0.3000000119
74610  36.554  -27.045  -28.458 0.3000000119
75528  35.413  -26.291  -29.616 0.3000000119
77461  35.187  -24.755  -30.264 0.3000000119
163619  35.000  -24.155  -30.473 0.3000000119
78452  34.324  -23.710  -30.658 0.3000000119
79504  33.700  -22.944  -30.833 0.3000000119
79503  33.943  -22.133  -30.886 0.3000000119
79486  31.933  -22.598  -30.583 0.3000000119
78437  31.180  -23.250  -30.291 0.3000000119
166329  33.443  -21.600  -30.915 0.3000000119
177963  32.157  -21.776  -30.744 0.3000000119
81531  32.404  -20.297  -31.334 0.3000000119
59536  34.443  -41.745  -23.654 0.5000000000
59550  35.078  -41.248  -23.976 0.5000000000
43817  21.076  -55.921  -31.742 0.6000000238
43818  20.623  -55.697  -32.137 0.5000000000
44986  20.802  -54.965  -32.135 0.5000000000
153537  21.489  -53.325  -32.995 0.5000000000
46143  21.119  -54.052  -32.788 0.5000000000
48560  24.127  -51.945  -33.878 0.5000000000
165162  23.051  -53.223  -33.954 0.5000000000
47282  22.099  -52.602  -33.243 0.5000000000
41367  21.807  -57.805  -28.104 0.6000000238
41368  20.920  -57.617  -28.439 0.6000000238
42560  21.375  -56.993  -27.979 0.6000000238
42561  20.409  -56.792  -28.290 0.5000000000
42562  19.675  -56.338  -28.381 0.5000000000
43754  19.448  -55.631  -28.325 0.5000000000
43755  18.742  -55.338  -28.872 0.5000000000
44924  18.553  -54.477  -29.168 0.4000000060
46068  19.008  -53.708  -28.830 0.4000000060
166868  19.365  -52.923  -28.372 0.4000000060
48461  19.783  -51.448  -27.610 0.4000000060
50940  21.601  -49.654  -26.140 0.3000000119
52021  22.211  -48.713  -25.310 0.3000000119
159653  22.986  -48.000  -24.347 0.4000000060
55449  25.051  -45.115  -23.743 0.4000000060
53177  23.580  -47.606  -24.117 0.4000000060
56567  25.309  -44.335  -23.593 0.4000000060
59527  29.031  -41.891  -22.562 0.4000000060
57602  26.530  -43.522  -23.028 0.4000000060
59539  26.038  -42.000  -22.728 0.4000000060
58588  28.430  -42.479  -22.596 0.4000000060
59528  28.205  -41.736  -22.569 0.4000000060
159106  29.779  -41.290  -22.588 0.4000000060
166242  27.970  -40.976  -22.531 0.4000000060
156792  30.989  -37.873  -22.622 0.4000000060
64861  30.219  -36.486  -22.853 0.4000000060
61601  29.903  -39.761  -22.489 0.4000000060
62688  30.386  -38.398  -22.583 0.4000000060
65957  29.533  -35.281  -23.211 0.3000000119
65958  28.746  -35.533  -22.870 0.3000000119
48559  24.928  -51.785  -34.235 0.5000000000
50952  20.598  -50.108  -26.931 0.4000000060
57603  25.621  -43.436  -23.315 0.4000000060
160175  28.826  -41.122  -22.574 0.4000000060
48460  20.422  -51.554  -27.045 0.4000000060
48541  21.757  -50.831  -32.568 0.5000000000
60524  35.560  -40.082  -25.386 0.5000000000
156678  35.791  -36.196  -26.198 0.5000000000
56554  31.259  -44.094  -22.826 0.4000000060
61638  35.812  -38.922  -25.013 0.5000000000
70308  34.048  -31.268  -28.825 0.4000000060
153706  30.839  -26.189  -29.962 0.4000000060
151050  32.105  -27.081  -29.978 0.4000000060
47283  21.270  -52.548  -32.580 0.6000000238
46141  22.103  -53.600  -33.569 0.5000000000
47296  23.807  -52.633  -34.095 0.5000000000
54297  25.960  -46.527  -23.832 0.4000000060
54303  25.089  -46.528  -23.852 0.4000000060
54304  24.357  -46.400  -23.916 0.4000000060
155735  33.340  -42.989  -23.444 0.5000000000
58584  31.904  -42.435  -22.776 0.4000000060
58589  27.620  -42.326  -22.620 0.4000000060
58597  26.261  -42.775  -22.909 0.4000000060
60498  34.312  -40.902  -23.397 0.5000000000
153328  31.057  -40.384  -22.264 0.4000000060
61639  35.610  -39.528  -24.650 0.5000000000
61640  35.189  -39.829  -23.849 0.5000000000
61598  34.724  -39.111  -23.461 0.5000000000
60514  34.947  -40.512  -23.705 0.5000000000
63858  35.695  -37.837  -24.248 0.5000000000
64887  34.841  -36.829  -23.380 0.4000000060
153178  35.431  -36.416  -23.638 0.4000000060
67153  36.459  -34.619  -25.191 0.3000000119
68273  36.056  -34.018  -26.524 0.4000000060
71434  34.876  -30.199  -28.958 0.4000000060
167505  34.198  -29.953  -29.309 0.4000000060
69294  36.386  -32.841  -24.601 0.3000000119
153031  32.955  -27.168  -29.845 0.4000000060
72523  36.042  -29.423  -28.302 0.3000000119
73612  35.169  -28.921  -29.202 0.3000000119
77447  32.999  -24.471  -30.456 0.3000000119
76474  31.381  -25.517  -30.184 0.4000000060
74595  36.193  -27.931  -28.672 0.3000000119
74611  35.319  -28.129  -29.321 0.3000000119
75527  36.457  -26.364  -29.076 0.3000000119
76491  35.351  -25.437  -29.939 0.3000000119
162493  35.748  -24.191  -30.190 0.3000000119
80569  32.711  -21.316  -30.929 0.3000000119
58590  26.833  -42.177  -22.674 0.4000000060
36708  18.663  -61.658  -29.780 0.4000000060
160808  18.653  -60.799  -29.998 0.4000000060
37860  17.671  -60.395  -30.622 0.4000000060
39020  18.230  -59.143  -30.272 0.3000000119
37849  18.369  -59.978  -30.239 0.4000000060
40198  18.493  -58.490  -30.087 0.3000000119
176937  20.242  -59.826  -33.191 0.5000000000
40185  19.587  -57.783  -29.254 0.5000000000
41384  18.049  -57.745  -30.302 0.3000000119
40229  20.660  -58.450  -33.117 0.5000000000
41412  20.508  -57.593  -32.953 0.5000000000
39060  19.504  -59.743  -32.985 0.5000000000
41369  20.177  -57.487  -28.722 0.5000000000
152761  19.588  -56.967  -28.764 0.4000000060
41392  20.890  -57.021  -32.412 0.5000000000
39050  19.208  -58.913  -33.152 0.5000000000
41414  19.388  -57.812  -33.548 0.3000000119
42615  20.673  -56.379  -32.197 0.5000000000
41413  19.928  -57.503  -33.251 0.4000000060
42637  19.928  -56.713  -33.096 0.4000000060
40253  18.513  -58.165  -34.255 0.3000000119
41424  19.640  -57.237  -33.546 0.3000000119
159815  19.734  -57.118  -34.286 0.3000000119
42659  19.833  -56.462  -33.938 0.3000000119
43850  21.385  -55.641  -34.443 0.3000000119
43868  20.208  -56.309  -34.231 0.3000000119
43852  20.090  -55.919  -33.883 0.4000000060
43831  20.276  -55.597  -32.804 0.4000000060
46069  18.209  -53.619  -29.472 0.3000000119
45011  22.592  -54.636  -34.588 0.4000000060
46154  22.698  -54.028  -33.980 0.4000000060
175924  21.524  -54.724  -33.637 0.4000000060
166867  18.623  -52.843  -29.155 0.3000000119
49791  20.223  -50.783  -27.318 0.3000000119
53178  22.855  -47.296  -24.304 0.3000000119
54305  23.567  -46.653  -24.090 0.3000000119
176705  24.387  -45.243  -23.947 0.3000000119
165877  23.692  -44.996  -24.124 0.3000000119
56573  24.485  -44.584  -23.853 0.3000000119
58598  25.483  -42.537  -23.089 0.3000000119
59529  27.394  -41.586  -22.586 0.3000000119
59530  26.602  -41.420  -22.612 0.3000000119
59531  25.832  -41.220  -22.673 0.3000000119
59540  25.259  -41.740  -22.915 0.3000000119
59541  24.459  -41.491  -23.166 0.3000000119
61602  29.128  -39.671  -22.544 0.3000000119
159416  27.705  -40.181  -22.488 0.3000000119
61605  26.838  -40.021  -22.536 0.3000000119
60493  26.346  -40.670  -22.599 0.3000000119
153890  29.691  -38.147  -22.565 0.3000000119
62689  29.001  -38.333  -22.584 0.3000000119
62690  28.107  -38.598  -22.516 0.3000000119
61604  27.435  -39.327  -22.472 0.3000000119
62692  26.478  -39.109  -22.504 0.3000000119
172125  28.446  -37.715  -22.603 0.3000000119
63813  27.520  -37.776  -22.551 0.3000000119
62691  27.186  -38.537  -22.505 0.3000000119
63811  30.160  -37.465  -22.631 0.3000000119
63812  29.257  -37.600  -22.610 0.3000000119
159360  28.012  -36.900  -22.610 0.3000000119
150364  20.775  -60.330  -33.247 0.5000000000
46155  22.023  -54.357  -33.858 0.4000000060
47224  18.900  -52.077  -28.720 0.3000000119
61603  28.300  -39.525  -22.485 0.3000000119
60501  25.050  -40.872  -22.816 0.3000000119
151659  28.845  -39.011  -22.538 0.3000000119
42578  18.400  -56.500  -29.449 0.3000000119
159787  18.305  -55.796  -29.463 0.3000000119
28424  19.319  -68.378  -30.135 0.4000000060
28425  18.772  -68.484  -30.735 0.4000000060
29620  18.952  -67.056  -31.293 0.4000000060
29640  18.033  -67.126  -32.325 0.4000000060
32096  17.264  -65.816  -32.364 0.3000000119
178282  19.229  -66.305  -31.194 0.4000000060
30866  18.675  -66.282  -31.509 0.4000000060
32082  18.295  -65.595  -31.394 0.4000000060
32081  19.037  -65.662  -31.222 0.4000000060
33199  17.201  -64.462  -30.418 0.3000000119
34360  16.661  -63.610  -30.368 0.3000000119
33198  18.142  -64.424  -30.447 0.4000000060
36727  16.759  -61.554  -31.143 0.3000000119
35545  16.096  -63.072  -30.875 0.3000000119
37861  16.990  -60.593  -31.195 0.3000000119
152194  17.665  -63.732  -30.063 0.4000000060
36726  17.378  -61.928  -30.441 0.3000000119
36725  18.008  -61.250  -30.276 0.3000000119
28436  18.441  -68.302  -31.437 0.4000000060
161542  18.426  -66.899  -31.795 0.4000000060
39022  17.128  -59.726  -31.152 0.3000000119
28411  20.336  -68.330  -28.919 0.3000000119
37875  16.332  -60.776  -31.755 0.3000000119
25948  20.412  -70.240  -27.412 0.4000000060
27201  22.261  -69.771  -27.375 0.3000000119
27214  23.702  -69.081  -28.441 0.4000000060
27215  23.258  -69.580  -28.020 0.4000000060
28383  24.102  -67.965  -28.057 0.4000000060
28384  23.621  -68.612  -27.988 0.4000000060
28385  22.172  -69.127  -27.358 0.4000000060
28398  22.593  -68.455  -27.622 0.4000000060
28399  21.857  -68.474  -27.668 0.4000000060
28410  24.756  -68.292  -29.261 0.4000000060
28432  25.116  -68.100  -30.827 0.3000000119
28437  17.967  -68.531  -32.054 0.4000000060
29580  22.752  -67.614  -27.930 0.5000000000
29597  20.007  -68.060  -29.879 0.4000000060
29604  25.662  -67.543  -30.475 0.3000000119
29605  20.077  -67.118  -30.074 0.5000000000
29607  18.802  -67.825  -31.200 0.4000000060
29621  18.430  -67.680  -31.854 0.4000000060
30816  23.008  -66.859  -28.183 0.5000000000
30830  24.956  -66.935  -28.941 0.4000000060
30844  20.200  -66.258  -30.255 0.5000000000
30845  19.628  -65.918  -30.790 0.5000000000
30867  17.966  -66.243  -31.956 0.4000000060
30882  25.689  -66.351  -32.476 0.4000000060
30883  17.506  -66.593  -32.723 0.4000000060
32010  25.014  -65.630  -28.395 0.6000000238
32032  25.981  -66.121  -29.324 0.6000000238
32033  21.999  -65.282  -28.627 0.6000000238
32059  26.174  -65.291  -30.918 0.5000000000
32061  19.411  -65.134  -30.758 0.4000000060
32062  18.665  -65.005  -30.978 0.5000000000
32080  26.012  -65.744  -31.694 0.4000000060
32095  25.072  -65.086  -33.110 0.4000000060
32110  24.742  -65.324  -33.759 0.4000000060
33150  26.209  -64.912  -28.780 0.6000000238
33173  26.485  -64.702  -29.323 0.6000000238
33175  21.171  -64.946  -29.534 0.5000000000
33195  26.300  -64.602  -30.370 0.5000000000
33200  16.385  -64.409  -30.784 0.3000000119
33213  17.792  -65.018  -30.930 0.4000000060
34302  26.127  -63.252  -27.623 0.6000000238
34316  25.980  -64.120  -28.183 0.6000000238
34317  22.752  -64.077  -28.049 0.6000000238
34335  26.808  -63.862  -28.957 0.6000000238
34339  20.111  -63.245  -29.765 0.6000000238
34357  20.403  -64.009  -29.981 0.5000000000
34382  23.939  -63.276  -32.919 0.4000000060
34383  23.448  -63.581  -33.443 0.4000000060
35473  25.353  -61.962  -27.193 0.6000000238
35491  27.107  -62.401  -27.676 0.6000000238
35492  26.555  -62.540  -27.451 0.6000000238
35493  25.924  -62.571  -27.257 0.6000000238
35494  24.243  -62.754  -27.375 0.6000000238
35495  23.454  -62.758  -27.718 0.6000000238
35521  27.462  -62.347  -29.012 0.6000000238
35522  27.169  -62.787  -29.417 0.6999999881
35525  20.636  -62.643  -29.538 0.6000000238
35527  18.644  -62.378  -29.727 0.4000000060
35528  18.024  -62.182  -29.954 0.4000000060
35543  17.413  -62.855  -30.139 0.3000000119
35544  16.719  -62.557  -30.643 0.3000000119
35564  24.264  -62.690  -32.410 0.5000000000
35565  23.698  -62.533  -32.986 0.5000000000
35577  22.477  -62.562  -33.540 0.5000000000
36657  25.384  -61.136  -27.176 0.6999999881
36685  28.074  -61.136  -27.941 0.8999999762
36686  27.807  -61.802  -28.474 0.8000000119
36688  22.496  -61.785  -28.613 0.6000000238
36689  21.834  -61.385  -28.979 0.6999999881
36724  26.044  -62.039  -31.108 0.8000000119
36752  24.639  -61.007  -32.338 0.6999999881
36755  22.661  -61.770  -33.350 0.6000000238
37804  26.420  -60.627  -27.055 0.8000000119
37818  28.434  -60.324  -27.733 0.8999999762
37819  27.858  -60.677  -27.456 0.8999999762
37821  23.516  -60.534  -27.868 0.6999999881
37831  28.984  -59.766  -28.708 1.0000000000
37835  21.690  -60.493  -28.863 0.6999999881
37844  28.446  -60.229  -29.269 1.0000000000
37845  27.717  -60.053  -30.107 0.8999999762
37846  20.840  -60.388  -29.137 0.5000000000
37893  24.266  -60.421  -32.710 0.6000000238
37895  22.104  -60.962  -33.351 0.6000000238
38971  28.996  -58.847  -27.198 0.8999999762
38974  26.803  -59.882  -26.922 0.8999999762
38986  28.705  -59.591  -27.505 0.8999999762
38987  24.864  -59.149  -27.426 0.8999999762
38988  24.599  -59.816  -27.464 0.6999999881
38989  23.919  -59.814  -27.763 0.8999999762
38997  29.418  -59.188  -28.339 1.0000000000
38998  23.145  -59.720  -28.228 0.6999999881
39000  21.221  -59.755  -28.850 0.6000000238
39010  20.456  -59.641  -29.083 0.6000000238
39012  18.871  -59.277  -29.929 0.5000000000
39019  27.294  -59.379  -30.745 0.8999999762
39021  17.701  -59.431  -30.628 0.3000000119
39030  26.698  -59.440  -31.263 0.8999999762
39046  23.642  -59.702  -32.930 0.6000000238
39048  21.928  -59.441  -33.280 0.6000000238
39049  20.022  -59.107  -33.150 0.5000000000
40159  27.702  -58.867  -26.720 0.8999999762
40170  29.679  -58.503  -27.578 0.8999999762
40171  25.162  -58.407  -27.378 0.8999999762
40184  20.426  -58.253  -28.886 0.6000000238
40189  29.432  -58.564  -28.883 1.0000000000
40191  20.248  -58.979  -29.077 0.5000000000
40209  26.407  -58.720  -31.624 0.8000000119
40228  21.542  -58.609  -33.130 0.6999999881
40230  19.936  -58.305  -33.211 0.5000000000
40231  19.437  -58.199  -33.369 0.3000000119
41345  27.274  -57.598  -26.452 0.8999999762
41355  30.388  -57.205  -27.640 0.8999999762
41356  30.000  -57.734  -27.237 0.8999999762
41361  22.248  -57.161  -27.705 0.6000000238
41374  29.186  -57.803  -29.486 1.0000000000
41375  18.727  -57.775  -29.733 0.3000000119
41376  18.130  -57.063  -29.810 0.3000000119
41382  28.517  -58.124  -30.020 1.0000000000
41391  26.102  -57.978  -31.861 0.8000000119
41393  20.334  -56.869  -32.704 0.4000000060
41425  19.148  -57.733  -33.864 0.3000000119
41436  19.529  -57.123  -33.908 0.3000000119
42535  25.663  -56.291  -27.033 0.8999999762
42536  24.952  -56.140  -27.294 0.8999999762
42545  30.608  -56.563  -27.232 0.8999999762
42548  23.535  -56.631  -27.479 0.6999999881
42550  21.848  -56.422  -27.479 0.6999999881
42551  20.996  -56.206  -27.743 0.6999999881
42563  18.949  -56.256  -28.854 0.5000000000
42577  18.858  -57.065  -29.267 0.4000000060
42610  26.279  -56.705  -31.492 0.8000000119
42613  23.777  -56.167  -31.948 0.8000000119
42634  24.161  -56.907  -32.296 0.8000000119
42647  19.800  -56.565  -33.523 0.3000000119
43704  29.469  -55.581  -25.548 0.8999999762
43722  24.655  -55.466  -26.883 0.6999999881
43723  23.776  -55.393  -26.732 0.8000000119
43736  30.903  -55.909  -27.686 1.0000000000
43741  20.723  -55.431  -27.491 0.5000000000
43742  19.999  -55.126  -27.802 0.4000000060
43776  18.233  -55.068  -29.535 0.3000000119
43815  23.306  -55.558  -31.367 0.8000000119
43819  20.168  -56.205  -32.611 0.4000000060
43839  20.503  -55.468  -33.437 0.5000000000
43840  19.954  -55.970  -33.474 0.3000000119
43851  20.577  -55.740  -34.118 0.3000000119
44869  31.199  -54.118  -25.641 0.8999999762
44870  30.528  -54.325  -25.446 0.8999999762
44871  29.418  -55.036  -25.375 0.8999999762
44872  28.115  -54.553  -25.604 0.8999999762
44873  27.284  -54.575  -25.865 0.8999999762
44874  25.750  -54.422  -26.041 1.0000000000
44879  21.586  -53.827  -25.997 0.6000000238
44894  32.040  -53.930  -26.728 0.8999999762
44899  23.460  -54.740  -26.238 0.6000000238
44900  22.586  -54.637  -26.136 0.6999999881
44908  31.701  -54.509  -27.026 0.8999999762
44921  31.343  -54.409  -27.904 1.0000000000
44922  30.641  -54.579  -28.580 1.0000000000
44923  29.911  -54.670  -29.048 1.0000000000
44960  26.988  -54.855  -30.407 0.8999999762
44983  22.752  -54.870  -30.962 0.6999999881
44994  20.864  -54.936  -32.717 0.6000000238
45003  21.137  -54.805  -33.228 0.5000000000
45012  21.825  -55.022  -34.161 0.3000000119
45013  21.159  -55.244  -33.803 0.4000000060
46002  28.634  -53.173  -24.959 0.8999999762
46004  26.887  -52.996  -24.998 0.6999999881
46016  32.088  -53.484  -26.241 1.0000000000
46021  27.594  -53.920  -25.522 1.0000000000
46023  25.596  -53.681  -25.520 0.6999999881
46026  22.840  -53.339  -25.424 0.6999999881
46027  22.007  -53.202  -25.630 0.5000000000
46039  21.284  -53.027  -26.076 0.5000000000
46051  19.652  -53.758  -28.123 0.4000000060
46104  24.846  -53.134  -30.050 0.8999999762
46107  21.128  -53.627  -31.070 0.8000000119
46133  20.852  -54.080  -32.098 0.6000000238
46142  21.498  -54.109  -33.339 0.5000000000
47153  31.530  -51.955  -24.988 0.8999999762
47158  26.529  -52.296  -24.809 0.8000000119
47159  25.727  -52.240  -24.883 0.6000000238
47172  32.136  -52.821  -25.844 1.0000000000
47192  21.343  -52.123  -26.291 0.5000000000
47220  29.797  -52.420  -28.712 1.0000000000
47223  19.465  -52.117  -27.965 0.4000000060
47231  26.325  -52.551  -29.414 0.8999999762
47264  20.861  -52.191  -31.496 0.6999999881
48436  25.537  -51.476  -24.825 0.6000000238
48437  24.757  -51.254  -24.876 0.6000000238
48442  32.782  -51.597  -26.014 1.0000000000
48443  32.285  -51.979  -25.529 0.8999999762
48444  23.499  -51.303  -25.146 0.6000000238
48450  32.629  -52.083  -26.630 1.0000000000
48466  31.078  -52.078  -28.239 1.0000000000
48472  26.055  -50.947  -29.210 0.8999999762
48483  25.526  -51.442  -29.477 0.8999999762
48484  24.865  -51.877  -29.884 0.8999999762
48485  24.401  -51.183  -30.035 0.8999999762
48499  22.964  -51.692  -30.520 0.8999999762
48500  21.973  -51.300  -30.847 0.8000000119
48538  24.509  -51.164  -33.760 0.5000000000
48539  23.211  -52.234  -33.585 0.5000000000
49746  32.332  -50.087  -24.818 0.6999999881
49747  30.434  -50.845  -24.175 0.8000000119
49748  29.332  -50.861  -24.084 0.8000000119
49749  28.402  -50.842  -24.191 0.6999999881
49754  23.313  -49.971  -25.193 0.5000000000
49783  20.867  -50.925  -26.779 0.4000000060
49798  29.923  -51.060  -28.281 1.0000000000
49803  25.860  -50.286  -29.211 0.8999999762
49827  21.989  -50.463  -30.822 0.8999999762
49828  21.463  -50.151  -31.046 0.8000000119
49843  21.150  -50.276  -31.412 0.8000000119
49857  21.804  -49.992  -32.209 0.6999999881
49871  22.827  -50.954  -32.862 0.5000000000
50902  28.454  -49.486  -23.867 0.6999999881
50903  27.702  -49.425  -24.069 0.6000000238
50939  22.141  -49.473  -25.738 0.4000000060
50956  32.995  -50.025  -27.179 1.0000000000
50959  30.030  -49.633  -27.846 1.0000000000
50968  26.590  -49.287  -28.713 0.8999999762
51027  24.167  -49.199  -32.710 0.6000000238
51028  22.742  -49.616  -32.353 0.5000000000
51029  21.423  -49.788  -31.684 0.6000000238
51040  25.294  -49.901  -33.137 0.5000000000
51041  24.515  -49.812  -33.198 0.5000000000
51993  27.454  -48.726  -24.064 0.6000000238
51994  26.795  -48.587  -24.232 0.4000000060
52004  24.258  -48.715  -24.265 0.4000000060
52006  22.880  -48.619  -24.727 0.4000000060
52064  24.455  -48.174  -29.235 0.8999999762
52066  23.066  -47.902  -29.787 0.8999999762
52073  24.007  -48.801  -29.633 0.8999999762
52086  22.100  -49.183  -31.096 0.8000000119
52108  25.822  -48.278  -31.979 0.6000000238
52109  23.222  -48.439  -31.485 0.8000000119
52111  21.883  -49.423  -31.429 0.8000000119
53164  30.895  -47.819  -23.567 0.6000000238
53166  28.415  -47.495  -23.590 0.5000000000
53167  27.647  -47.567  -23.842 0.4000000060
53203  33.200  -47.536  -26.635 0.8999999762
53219  32.362  -47.592  -27.148 1.0000000000
53233  26.050  -47.267  -28.528 0.8999999762
53236  23.108  -47.137  -29.259 0.8999999762
53246  22.832  -47.424  -29.799 0.8999999762
53258  23.001  -47.859  -30.274 0.8000000119
53273  25.404  -47.604  -31.762 0.6000000238
53276  23.002  -48.241  -30.847 0.8000000119
53292  24.532  -47.947  -31.871 0.6000000238
53293  23.793  -48.007  -31.595 0.6000000238
54300  34.309  -46.323  -24.752 0.6999999881
54333  31.750  -46.828  -27.291 1.0000000000
54334  30.343  -46.168  -27.472 1.0000000000
54336  28.739  -46.326  -27.867 1.0000000000
54353  23.521  -46.565  -28.747 0.8999999762
54393  23.482  -46.777  -30.877 0.8000000119
54394  23.032  -47.050  -30.456 0.8000000119
55443  31.433  -45.593  -23.256 0.5000000000
55448  26.491  -45.731  -23.645 0.4000000060
55454  24.727  -45.804  -23.839 0.4000000060
55455  23.983  -45.798  -24.023 0.3000000119
55462  34.446  -45.401  -25.430 0.6999999881
55468  34.202  -45.144  -26.140 0.6999999881
55479  29.882  -45.532  -27.532 1.0000000000
55489  28.351  -45.626  -28.008 1.0000000000
55490  27.628  -45.658  -28.225 1.0000000000
55494  21.850  -45.693  -29.209 0.8999999762
55508  22.275  -45.908  -29.627 0.8000000119
55533  27.501  -45.828  -31.557 0.6000000238
55534  26.336  -45.370  -31.334 0.6000000238
55536  24.424  -45.654  -31.099 0.6999999881
56555  30.358  -44.189  -22.699 0.4000000060
56600  22.149  -44.179  -27.693 0.8999999762
56628  21.176  -44.962  -29.669 0.8999999762
56639  22.971  -44.574  -30.433 0.6999999881
56640  21.829  -45.008  -30.242 0.8000000119
56652  27.490  -44.337  -31.522 0.6000000238
57588  32.474  -43.105  -23.086 0.4000000060
57597  33.915  -43.626  -23.804 0.5000000000
57627  34.003  -43.827  -26.438 0.6999999881
57640  29.748  -43.313  -28.012 0.8999999762
57641  24.914  -43.168  -27.428 1.0000000000
57692  24.965  -43.963  -30.921 0.6999999881
58594  34.547  -42.516  -23.959 0.5000000000
58596  27.051  -42.920  -22.741 0.4000000060
58639  21.580  -41.984  -27.785 0.8999999762
58648  27.259  -42.377  -28.394 1.0000000000
58660  21.245  -42.088  -28.954 0.8999999762
59525  31.353  -41.800  -22.518 0.4000000060
59526  30.474  -41.934  -22.464 0.4000000060
59569  34.562  -41.416  -26.365 0.6999999881
59570  33.728  -41.422  -26.626 0.6999999881
59572  22.391  -40.647  -26.785 0.8999999762
59584  23.878  -41.581  -26.974 0.8999999762
59586  21.904  -41.394  -26.982 0.8999999762
59587  21.578  -41.215  -27.767 0.8999999762
59591  28.749  -41.641  -28.414 0.8999999762
59620  27.303  -41.602  -31.795 0.6000000238
60489  30.218  -40.486  -22.474 0.4000000060
60490  29.420  -40.445  -22.558 0.4000000060
60491  28.571  -40.323  -22.527 0.3000000119
60492  27.139  -40.822  -22.555 0.3000000119
60499  33.518  -40.536  -22.945 0.4000000060
60541  33.271  -40.713  -26.796 0.6999999881
60549  28.997  -40.187  -28.040 0.8000000119
60552  25.400  -39.839  -27.704 1.0000000000
60554  22.115  -40.361  -27.433 0.8999999762
60562  21.660  -40.652  -28.033 0.8999999762
61600  31.206  -39.608  -22.403 0.4000000060
61616  35.356  -39.160  -24.023 0.5000000000
61617  34.305  -39.976  -23.246 0.5000000000
61620  32.028  -39.432  -22.496 0.4000000060
61685  26.158  -39.378  -27.612 0.8999999762
61686  25.013  -39.299  -27.610 1.0000000000
61690  22.861  -40.211  -27.780 0.8999999762
61695  23.579  -39.574  -28.804 0.8999999762
61700  27.475  -39.370  -30.727 0.6000000238
61702  24.850  -39.544  -29.945 0.6999999881
62710  33.475  -39.060  -22.659 0.4000000060
62728  35.938  -38.241  -24.978 0.5000000000
62729  35.630  -38.711  -24.485 0.5000000000
62760  24.587  -37.844  -27.575 1.0000000000
62773  24.741  -38.652  -27.587 1.0000000000
62774  24.139  -38.808  -27.717 0.8999999762
62807  25.042  -38.240  -29.485 0.6999999881
62808  24.532  -38.037  -29.035 0.8000000119
63807  34.426  -38.024  -23.158 0.5000000000
63837  34.627  -37.421  -23.269 0.4000000060
63859  35.360  -37.232  -23.709 0.5000000000
63880  34.109  -38.569  -26.831 0.6999999881
63890  29.409  -37.499  -27.423 0.8000000119
63894  25.681  -37.966  -27.192 0.8999999762
63896  24.224  -37.664  -27.832 1.0000000000
63904  24.054  -37.590  -28.054 0.8999999762
63941  24.558  -37.317  -28.749 0.8000000119
64859  33.612  -37.122  -22.669 0.4000000060
64890  32.222  -36.830  -22.608 0.4000000060
64929  29.459  -36.302  -27.541 0.8000000119
64934  24.554  -36.325  -27.445 0.8999999762
64948  24.062  -36.092  -27.979 0.8999999762
64991  26.487  -35.853  -30.582 0.8000000119
64993  25.330  -36.502  -29.335 0.8000000119
65956  30.177  -35.682  -23.162 0.3000000119
65994  36.342  -35.221  -25.536 0.4000000060
65995  36.029  -35.412  -26.159 0.4000000060
66000  32.944  -35.305  -27.554 0.6000000238
66007  24.459  -35.253  -27.648 0.8999999762
66008  24.396  -35.146  -27.871 0.8000000119
66025  24.022  -35.158  -28.152 0.8000000119
66043  24.806  -35.301  -28.554 0.8000000119
66044  24.336  -35.837  -28.142 0.8000000119
66060  27.067  -35.229  -31.101 0.8000000119
66061  26.492  -35.024  -30.884 0.8000000119
66062  25.911  -35.457  -30.073 0.6999999881
66064  24.727  -36.109  -28.736 0.8999999762
66076  26.875  -34.550  -31.462 0.8000000119
67167  35.246  -33.964  -27.169 0.5000000000
67171  31.647  -34.649  -27.971 0.6999999881
67175  25.240  -34.567  -27.877 0.8999999762
67176  24.998  -34.966  -27.491 0.8999999762
67177  24.448  -35.139  -27.723 0.8999999762
67201  29.206  -33.959  -28.276 0.8000000119
67226  25.428  -34.898  -29.436 0.8000000119
67239  27.302  -34.267  -31.551 0.6000000238
68285  34.545  -33.513  -27.622 0.5000000000
68287  26.837  -34.034  -28.037 0.8999999762
68291  24.786  -34.924  -27.868 0.8000000119
68312  27.732  -33.832  -28.198 0.8000000119
68320  24.936  -34.794  -28.289 0.8000000119
68332  25.591  -34.214  -29.579 0.8000000119
69326  27.079  -32.795  -28.384 0.8999999762
69328  26.093  -32.925  -28.751 0.8999999762
69329  25.678  -33.757  -28.575 0.8999999762
69335  34.203  -32.395  -28.339 0.5000000000
69336  33.310  -32.660  -28.561 0.5000000000
69352  25.772  -33.267  -29.057 0.8000000119
69365  27.347  -32.426  -31.106 0.6000000238
69382  28.784  -32.652  -31.395 0.6000000238
69383  27.915  -32.915  -31.322 0.6000000238
70285  27.632  -31.284  -28.594 0.6999999881
70286  26.583  -31.163  -28.489 0.8999999762
70294  34.539  -31.633  -28.454 0.4000000060
70296  32.961  -31.966  -29.063 0.5000000000
70298  28.587  -31.792  -28.669 0.6999999881
70311  31.726  -31.464  -29.330 0.5000000000
70324  25.546  -30.977  -29.619 0.8000000119
70340  27.841  -31.062  -31.057 0.6000000238
71409  26.258  -30.521  -28.474 0.8999999762
71410  25.844  -30.497  -28.603 0.8999999762
71419  34.619  -30.945  -28.677 0.4000000060
71424  25.642  -30.450  -28.859 0.8000000119
71436  33.187  -30.720  -29.368 0.4000000060
71440  25.577  -30.300  -29.266 0.8000000119
71451  25.971  -30.494  -30.163 0.6999999881
72519  25.845  -29.824  -28.772 0.8000000119
72525  30.121  -29.652  -29.347 0.5000000000
72526  29.278  -29.407  -29.237 0.6999999881
72539  34.698  -29.454  -29.280 0.3000000119
72544  25.592  -29.504  -29.588 0.8000000119
72564  28.837  -29.922  -31.611 0.6000000238
72565  28.134  -29.834  -31.535 0.6000000238
73590  26.617  -29.180  -28.658 0.8000000119
73591  26.012  -29.288  -28.693 0.8999999762
73616  31.937  -28.378  -29.617 0.4000000060
73618  30.050  -28.037  -29.553 0.6999999881
73619  25.458  -28.843  -29.382 0.8000000119
73628  25.940  -28.986  -30.898 0.6999999881
73642  26.649  -28.826  -31.521 0.6000000238
73658  30.632  -28.474  -31.691 0.5000000000
73659  29.931  -27.646  -31.741 0.6000000238
74599  25.971  -27.793  -28.596 0.8000000119
74600  25.667  -28.257  -29.005 0.8000000119
74643  25.585  -27.184  -30.847 0.6999999881
75543  25.476  -26.232  -30.089 0.6000000238
76454  26.909  -25.304  -28.507 0.6000000238
76472  34.734  -25.807  -29.977 0.3000000119
76477  26.252  -25.002  -28.794 0.6000000238
76492  34.588  -25.229  -30.261 0.3000000119
76494  26.185  -24.689  -29.645 0.6999999881
76516  32.359  -25.467  -32.671 0.4000000060
77462  34.427  -24.543  -30.463 0.3000000119
77492  33.152  -24.171  -32.900 0.5000000000
77496  28.842  -23.921  -33.092 0.6000000238
78438  30.014  -22.852  -30.146 0.4000000060
78439  28.734  -22.462  -30.043 0.5000000000
78483  33.166  -23.377  -32.833 0.4000000060
78488  28.485  -23.441  -32.540 0.6000000238
79489  28.634  -21.386  -30.622 0.4000000060
79505  32.977  -22.222  -30.769 0.3000000119
79518  28.308  -21.945  -31.121 0.5000000000
79534  32.109  -22.035  -32.654 0.4000000060
79550  32.940  -22.017  -32.849 0.4000000060
80560  29.197  -20.904  -30.637 0.4000000060
80580  28.962  -20.399  -31.745 0.4000000060
80599  29.371  -21.002  -32.261 0.4000000060
80614  32.417  -21.041  -32.682 0.4000000060
80615  31.143  -20.523  -32.436 0.4000000060
81530  33.448  -20.063  -31.273 0.3000000119
81532  31.163  -20.086  -31.509 0.4000000060
81545  30.762  -19.654  -31.898 0.4000000060
81546  29.928  -19.785  -31.846 0.4000000060
81564  30.862  -19.663  -31.975 0.4000000060
81566  29.460  -20.121  -32.093 0.4000000060
81577  38.368  -20.219  -33.307 0.3000000119
81581  34.890  -20.763  -33.087 0.3000000119
81582  33.572  -19.965  -32.682 0.4000000060
81584  30.807  -19.848  -32.146 0.4000000060
82505  31.706  -19.502  -32.106 0.4000000060
149249  23.723  -39.450  -27.927 0.8999999762
149550  31.409  -51.215  -24.577 0.8000000119
150099  27.552  -23.415  -31.278 0.6000000238
150938  33.769  -35.151  -27.402 0.6000000238
151686  29.731  -38.308  -27.428 0.8000000119
151841  33.421  -20.890  -31.056 0.3000000119
152397  29.647  -38.939  -22.596 0.3000000119
152470  30.036  -38.978  -27.449 0.8000000119
152937  24.826  -47.613  -28.833 0.8999999762
152959  22.706  -46.159  -29.965 0.8000000119
153307  31.841  -26.775  -32.399 0.5000000000
153567  26.324  -34.679  -27.691 0.8999999762
153591  29.007  -46.157  -23.303 0.4000000060
154394  25.187  -40.246  -30.453 0.6999999881
154427  22.782  -40.760  -29.416 0.8999999762
154451  28.604  -57.411  -30.043 1.0000000000
154517  29.780  -40.037  -27.621 0.8000000119
155902  22.736  -66.288  -28.327 0.5000000000
156203  33.308  -27.862  -29.648 0.4000000060
156657  26.594  -62.289  -30.502 0.6000000238
157085  25.930  -34.174  -27.946 0.8999999762
157251  33.926  -47.518  -24.825 0.6999999881
157800  27.951  -39.907  -31.098 0.6000000238
158119  26.679  -30.083  -30.561 0.6999999881
158130  25.894  -47.068  -31.527 0.6000000238
158209  28.672  -56.229  -29.865 1.0000000000
158362  22.358  -50.923  -25.782 0.4000000060
158424  30.120  -48.217  -27.636 1.0000000000
158599  26.000  -31.936  -28.848 0.8999999762
158768  31.119  -34.913  -27.960 0.6999999881
158772  26.399  -59.179  -26.956 0.8999999762
159001  27.583  -24.772  -32.400 0.6000000238
159120  23.643  -51.214  -30.348 0.8999999762
159352  26.833  -37.008  -27.155 0.8999999762
159353  27.930  -36.840  -27.411 0.8000000119
159354  28.882  -36.891  -27.480 0.8000000119
159356  30.864  -36.894  -27.434 0.6999999881
159415  25.161  -35.936  -27.185 0.8999999762
159839  27.093  -49.954  -28.609 1.0000000000
160224  25.710  -37.987  -29.797 0.6999999881
160260  27.099  -59.216  -26.808 0.8999999762
160361  32.234  -28.929  -29.516 0.4000000060
160638  35.609  -30.027  -28.506 0.3000000119
160674  24.871  -36.080  -27.126 0.8999999762
161233  34.080  -38.179  -22.880 0.4000000060
162073  34.812  -38.366  -26.568 0.6999999881
162420  28.244  -59.571  -29.824 1.0000000000
162602  24.124  -48.033  -24.047 0.4000000060
162687  25.221  -62.928  -27.297 0.6000000238
162994  32.334  -52.251  -27.245 1.0000000000
163552  19.958  -60.498  -33.055 0.5000000000
163645  29.699  -22.861  -32.804 0.6000000238
163649  27.939  -45.004  -28.236 1.0000000000
163654  17.375  -61.152  -30.737 0.3000000119
164067  29.692  -58.937  -27.970 1.0000000000
164232  27.214  -45.062  -28.338 1.0000000000
164358  27.592  -43.078  -28.362 1.0000000000
164421  29.860  -46.291  -23.149 0.5000000000
164579  31.949  -47.941  -23.858 0.6000000238
164580  25.536  -45.781  -23.728 0.4000000060
164746  19.338  -54.641  -28.401 0.4000000060
164764  25.569  -59.128  -27.153 0.8999999762
164776  28.887  -31.941  -31.478 0.6000000238
165051  27.590  -25.688  -28.659 0.6999999881
165411  34.930  -41.962  -26.128 0.6999999881
165629  25.924  -56.935  -26.943 0.8999999762
165677  34.760  -43.454  -24.817 0.6000000238
165863  23.146  -45.788  -24.209 0.3000000119
166045  30.968  -53.154  -28.391 1.0000000000
166127  24.616  -38.823  -29.447 0.6999999881
166738  31.621  -28.938  -29.508 0.4000000060
166966  24.443  -61.953  -27.393 0.6999999881
166999  31.460  -19.492  -31.949 0.4000000060
167002  21.099  -64.232  -29.591 0.5000000000
167229  27.312  -45.962  -23.601 0.4000000060
167303  27.976  -23.626  -32.100 0.6000000238
167964  21.540  -55.528  -31.433 0.6000000238
167981  30.881  -55.868  -26.829 0.8999999762
168096  26.918  -42.853  -31.593 0.6000000238
168356  25.569  -45.210  -28.316 0.8999999762
168492  21.749  -57.031  -32.381 0.6000000238
168607  22.344  -42.095  -26.954 0.8999999762
168921  32.890  -25.191  -30.366 0.3000000119
169030  29.250  -42.357  -28.288 0.8999999762
169112  26.507  -54.555  -26.015 0.8999999762
169132  29.767  -54.451  -25.244 0.8999999762
169323  28.964  -54.502  -25.299 1.0000000000
169991  29.614  -44.294  -22.684 0.4000000060
170025  25.305  -36.424  -27.131 0.8999999762
170036  19.992  -56.725  -34.258 0.3000000119
170051  23.455  -39.779  -28.312 0.8999999762
170057  21.186  -54.356  -31.127 0.6999999881
170619  27.070  -45.444  -23.511 0.4000000060
170756  26.798  -39.090  -27.562 0.8999999762
170882  30.436  -38.445  -27.444 0.8000000119
170983  29.156  -47.866  -23.419 0.5000000000
171602  19.909  -56.147  -33.095 0.4000000060
171878  21.184  -56.509  -32.022 0.5000000000
172007  25.980  -32.770  -29.415 0.8000000119
172740  25.768  -31.665  -29.009 0.8000000119
172819  37.255  -21.227  -33.474 0.3000000119
172823  26.259  -37.311  -29.942 0.6999999881
173021  22.486  -62.490  -28.572 0.6000000238
173838  35.254  -42.252  -24.871 0.6000000238
174020  26.928  -45.595  -31.524 0.6000000238
174633  23.454  -49.234  -32.451 0.6000000238
174675  23.387  -69.069  -27.936 0.4000000060
175171  30.499  -26.794  -29.778 0.5000000000
175176  21.419  -44.556  -29.928 0.8000000119
175909  27.407  -37.862  -30.284 0.6999999881
176128  27.341  -46.224  -28.299 1.0000000000
176431  25.887  -65.065  -31.478 0.4000000060
177165  25.632  -31.439  -29.264 0.8000000119
177269  30.662  -23.844  -32.678 0.6000000238
177304  20.978  -52.647  -26.444 0.5000000000
177391  24.231  -36.165  -28.040 0.8999999762
177626  28.661  -28.051  -29.185 0.6999999881
177828  25.647  -61.566  -31.455 0.6000000238
177953  25.181  -37.347  -27.202 1.0000000000
178053  32.982  -42.475  -26.700 0.8000000119
178167  31.831  -38.433  -27.401 0.8000000119
178187  29.309  -30.740  -29.125 0.6999999881
178267  29.472  -54.053  -29.209 1.0000000000
178638  27.938  -36.215  -27.492 0.8000000119
178813  34.996  -20.292  -33.109 0.4000000060
178844  29.716  -20.438  -32.287 0.4000000060
178920  27.163  -53.672  -29.749 0.8999999762
179150  34.025  -45.714  -26.242 0.6999999881
179766  36.349  -33.431  -26.253 0.3000000119
179880  33.574  -43.299  -26.566 0.6999999881
180038  32.646  -37.948  -27.343 0.6999999881
180159  19.820  -53.204  -27.777 0.4000000060
180214  36.192  -33.976  -24.027 0.3000000119
180337  20.953  -52.577  -31.924 0.6000000238
180373  19.735  -52.675  -27.712 0.4000000060
180605  18.191  -60.608  -30.307 0.4000000060
