#!ascii label  , from subject sub-v1s1x0050655_ses-1 vox2ras=TkReg
913
174632  25.753  -22.346  -26.631 0.1428571492
162286  24.516  -23.117  -26.831 0.1428571492
81484  25.639  -21.055  -27.019 0.1428571492
78387  26.467  -23.377  -25.810 0.1428571492
80519  26.316  -21.721  -26.634 0.2857142985
79451  24.977  -22.503  -26.959 0.1428571492
79449  27.177  -22.064  -26.250 0.1428571492
151351  25.919  -19.104  -27.705 0.5714285970
81482  27.285  -20.584  -26.665 0.1428571492
170567  29.025  -18.712  -27.223 0.2857142985
82419  28.208  -19.635  -26.940 0.2857142985
157163  30.220  -18.154  -27.247 0.1428571492
83373  29.359  -18.090  -27.331 0.2857142985
87296  30.838  -14.748  -28.600 0.2857142985
87297  30.036  -14.937  -28.703 0.1428571492
173674  29.836  -15.497  -28.381 0.2857142985
90189  31.980  -11.174  -29.926 0.2857142985
88285  32.222  -13.127  -29.114 0.2857142985
91110  32.323  -10.410  -30.379 0.2857142985
91111  31.481  -10.730  -30.653 0.2857142985
93929  33.366  -7.875  -32.134 0.2857142985
95880  33.553  -5.474  -33.614 0.8571428657
94886  33.626  -6.803  -32.835 0.4285714328
92998  33.402  -8.364  -31.571 0.2857142985
98910  34.854  -2.792  -33.973 0.7142857313
151333  35.062  -3.400  -33.379 0.7142857313
96890  34.210  -4.646  -33.527 0.7142857313
94902  33.210  -6.357  -33.401 0.7142857313
99951  35.646  -1.267  -34.077 0.8571428657
98909  35.380  -2.110  -33.702 0.5714285970
98923  34.424  -2.439  -34.850 0.8571428657
97909  33.651  -3.954  -33.938 0.7142857313
96891  33.473  -4.712  -33.909 0.7142857313
101947  36.840  0.866  -34.409 0.4285714328
99962  35.113  -1.056  -35.066 0.7142857313
99977  34.527  -1.602  -35.375 0.8571428657
158400  36.752  2.340  -35.210 0.2857142985
103811  36.164  2.710  -35.302 0.5714285970
101958  35.551  0.537  -35.648 0.8571428657
101957  36.163  1.056  -35.257 0.7142857313
101004  35.228  -0.189  -35.538 0.8571428657
104780  37.011  3.740  -35.881 0.1428571492
103809  37.871  2.740  -35.505 0.1428571492
103810  37.065  2.985  -35.429 0.4285714328
157281  34.718  1.431  -35.981 0.5714285970
101959  34.921  0.563  -36.027 0.8571428657
106751  36.157  5.449  -36.690 0.1428571492
104797  36.941  4.262  -36.454 0.1428571492
105732  36.373  4.338  -35.977 0.1428571492
104782  35.221  3.596  -35.331 0.4285714328
157035  34.084  1.700  -35.825 0.8571428657
107754  35.854  6.359  -37.545 0.1428571492
106764  36.408  5.483  -37.437 0.1428571492
106765  36.015  5.936  -37.068 0.1428571492
105742  35.961  5.003  -36.088 0.1428571492
106741  34.573  5.008  -35.159 0.4285714328
104783  34.539  3.419  -35.083 0.5714285970
103814  34.161  2.515  -35.362 0.7142857313
172061  33.666  1.000  -35.737 0.8571428657
107744  35.464  6.406  -36.659 0.1428571492
108688  35.026  7.364  -36.915 0.1428571492
106753  35.011  5.788  -35.709 0.1428571492
104770  33.807  3.320  -34.805 0.8571428657
178823  33.773  2.092  -35.477 0.8571428657
103799  33.468  2.496  -35.015 0.8571428657
108700  34.990  7.355  -37.904 0.1428571492
108689  34.606  8.038  -37.650 0.2857142985
107734  34.650  6.611  -35.922 0.1428571492
107735  33.896  6.746  -35.281 0.8571428657
106742  33.813  4.944  -34.740 0.8571428657
105735  34.195  4.156  -34.828 0.7142857313
106728  32.998  4.941  -34.357 0.8571428657
110570  33.412  9.346  -37.898 0.1428571492
110571  33.027  9.590  -38.569 0.1428571492
109658  34.443  8.174  -36.668 0.4285714328
108652  32.845  7.627  -34.483 0.8571428657
167937  33.236  6.870  -34.715 0.8571428657
106729  32.119  5.000  -33.746 0.8571428657
105722  31.565  4.141  -33.473 0.8571428657
109659  34.089  8.922  -36.348 0.4285714328
107721  32.473  6.646  -34.183 0.8571428657
178492  32.974  6.380  -34.479 0.8571428657
158889  31.754  5.786  -33.619 0.8571428657
165623  33.283  10.085  -37.362 0.1428571492
111383  33.010  10.820  -37.718 0.2857142985
110561  33.654  9.454  -36.930 0.5714285970
111367  33.523  10.468  -35.857 0.8571428657
160556  33.820  9.057  -35.501 0.8571428657
109634  33.492  8.379  -34.978 0.8571428657
108653  32.164  7.334  -33.936 0.8571428657
109635  32.831  8.579  -34.334 0.8571428657
107722  31.668  6.749  -33.675 0.8571428657
112195  32.607  11.453  -37.969 0.2857142985
112194  33.111  11.634  -37.387 0.7142857313
111379  33.349  10.866  -36.859 0.5714285970
162769  33.415  11.205  -36.080 0.8571428657
177522  32.897  9.309  -34.164 0.8571428657
110529  32.662  9.930  -33.803 0.8571428657
108654  31.563  7.566  -33.675 0.8571428657
112190  33.397  11.785  -36.650 0.8571428657
112175  33.327  11.875  -35.583 0.8571428657
111352  33.058  10.663  -34.062 0.8571428657
112163  32.590  11.438  -33.980 0.7142857313
111353  32.264  10.661  -33.682 0.7142857313
112967  33.407  12.663  -36.378 0.8571428657
177293  33.293  13.169  -35.843 0.8571428657
112162  33.197  11.348  -34.648 0.8571428657
112953  32.958  13.235  -35.192 0.8571428657
114605  32.830  14.429  -35.722 0.8571428657
166451  31.918  12.114  -33.842 0.7142857313
162007  32.340  15.141  -37.280 0.7142857313
114611  32.741  15.082  -36.624 0.8571428657
115477  32.667  15.782  -36.090 0.8571428657
115472  32.498  15.859  -35.338 0.8571428657
160426  32.299  18.004  -36.017 0.7142857313
112942  32.787  12.378  -34.594 0.8571428657
176620  32.662  15.432  -35.651 0.8571428657
116406  29.434  16.537  -39.182 0.1428571492
116378  32.417  16.576  -36.442 0.8571428657
117251  32.220  17.366  -36.713 0.7142857313
118092  31.951  18.273  -36.921 0.7142857313
117248  32.368  17.184  -36.020 0.8571428657
156358  29.213  18.144  -39.305 0.1428571492
118103  31.312  18.229  -37.669 0.5714285970
118961  30.835  19.141  -37.914 0.5714285970
119850  31.117  20.688  -37.332 0.5714285970
152123  30.131  18.941  -38.642 0.1428571492
118127  27.774  19.211  -39.958 0.1428571492
120687  30.657  21.529  -37.371 0.5714285970
119875  29.150  20.959  -39.887 0.1428571492
118975  28.738  20.398  -40.003 0.1428571492
118962  30.188  19.912  -38.558 0.1428571492
120721  28.524  21.755  -40.530 0.1428571492
119851  30.473  20.780  -38.071 0.5714285970
120709  29.201  21.616  -39.896 0.1428571492
121440  29.328  22.337  -39.535 0.1428571492
165575  28.693  23.776  -41.228 0.1428571492
122991  29.024  24.185  -40.105 0.1428571492
78388  25.691  -24.001  -25.793 0.1428571492
78406  24.775  -23.776  -26.327 0.1428571492
81483  26.510  -20.862  -26.756 0.2857142985
80518  27.873  -21.644  -26.334 0.1428571492
81480  29.009  -20.363  -26.714 0.2857142985
81481  28.147  -20.362  -26.682 0.2857142985
86327  31.392  -15.357  -28.214 0.2857142985
86304  30.909  -16.004  -27.763 0.2857142985
85285  30.395  -16.703  -27.610 0.1428571492
92999  32.606  -8.466  -32.005 0.2857142985
92028  32.188  -9.228  -31.473 0.2857142985
95859  33.930  -6.056  -33.022 0.4285714328
93942  33.326  -7.389  -32.633 0.5714285970
100990  36.166  -0.361  -33.975 0.2857142985
95898  32.867  -5.139  -34.183 0.7142857313
102872  37.564  1.329  -34.677 0.1428571492
101021  33.908  -0.408  -35.931 0.8571428657
103813  34.562  2.102  -35.760 0.7142857313
107755  35.437  6.816  -37.664 0.1428571492
166276  34.174  5.854  -35.095 0.8571428657
180478  33.465  5.559  -34.632 0.8571428657
104784  31.939  3.406  -33.670 0.8571428657
169290  31.333  4.927  -33.359 0.8571428657
112972  33.281  12.470  -37.162 0.8571428657
114620  32.732  14.400  -37.113 0.8571428657
115487  31.898  15.877  -37.471 0.8571428657
117252  31.745  17.430  -37.405 0.7142857313
118104  30.613  18.192  -38.269 0.2857142985
152672  29.003  19.594  -39.404 0.1428571492
154798  27.259  21.309  -41.325 0.1428571492
77404  24.088  -24.228  -26.327 0.1428571492
82441  26.719  -19.490  -27.284 0.4285714328
83374  28.523  -18.218  -27.480 0.2857142985
82440  27.549  -19.202  -27.245 0.4285714328
150957  26.841  -18.801  -27.696 0.2857142985
84273  29.845  -17.398  -27.474 0.1428571492
160031  32.235  -13.869  -28.733 0.2857142985
89232  32.564  -12.424  -29.252 0.2857142985
88300  31.461  -13.089  -29.419 0.2857142985
88301  30.834  -13.553  -29.378 0.2857142985
89233  31.693  -12.205  -29.610 0.2857142985
94887  32.914  -7.122  -33.157 0.7142857313
105753  36.800  4.947  -37.774 0.1428571492
106775  35.253  5.897  -39.075 0.1428571492
108701  34.414  7.576  -38.438 0.1428571492
109670  34.031  8.754  -37.315 0.2857142985
156039  33.858  8.462  -38.311 0.1428571492
108667  33.659  7.538  -35.178 0.8571428657
104771  32.821  3.221  -34.388 0.8571428657
103801  31.585  1.935  -34.085 1.0000000000
111391  32.639  10.107  -38.841 0.1428571492
111384  32.581  10.762  -38.388 0.1428571492
112977  31.963  11.919  -38.050 0.2857142985
110530  31.825  9.916  -33.502 0.8571428657
166425  33.025  13.080  -37.339 0.5714285970
114621  32.104  14.410  -37.642 0.5714285970
166223  31.746  15.161  -37.878 0.5714285970
116381  32.104  16.638  -37.132 0.7142857313
117263  31.145  17.410  -38.077 0.4285714328
115501  30.538  15.706  -38.591 0.2857142985
116397  30.128  16.558  -38.773 0.2857142985
117274  29.633  17.322  -38.966 0.1428571492
167580  29.901  18.120  -38.779 0.1428571492
154770  29.451  18.861  -39.110 0.1428571492
121427  29.704  22.423  -38.449 0.2857142985
117286  28.484  18.324  -39.668 0.1428571492
170871  29.444  21.203  -39.490 0.1428571492
154345  29.348  23.006  -39.037 0.1428571492
122203  29.236  23.764  -39.132 0.1428571492
118117  28.264  19.915  -40.047 0.1428571492
122971  28.526  25.016  -39.677 0.1428571492
122992  28.494  24.821  -41.203 0.1428571492
112978  31.780  12.710  -38.126 0.4285714328
113791  31.505  13.572  -38.725 0.4285714328
114640  31.139  14.162  -39.045 0.4285714328
114628  30.759  14.812  -38.800 0.4285714328
115500  31.272  15.851  -38.052 0.5714285970
116396  30.877  16.594  -38.347 0.5714285970
79450  26.453  -22.572  -26.204 0.1428571492
150763  25.304  -21.794  -26.985 0.1428571492
78405  25.545  -23.109  -26.371 0.1428571492
78407  23.895  -23.634  -26.616 0.1428571492
176208  25.969  -20.451  -27.076 0.4285714328
80534  24.560  -21.129  -27.267 0.2857142985
82421  26.635  -20.160  -26.939 0.5714285970
161485  27.824  -21.009  -26.508 0.1428571492
82439  28.355  -18.943  -27.197 0.1428571492
153761  28.813  -17.376  -27.772 0.1428571492
88286  31.611  -13.713  -29.018 0.2857142985
97923  33.277  -3.537  -34.608 0.7142857313
101948  36.025  0.222  -34.901 0.8571428657
99976  34.758  -0.809  -35.566 0.8571428657
102885  36.097  1.870  -35.397 0.5714285970
162632  34.846  2.791  -35.419 0.5714285970
106752  35.647  5.627  -36.281 0.2857142985
177434  36.558  4.893  -36.774 0.1428571492
105734  34.888  4.268  -35.236 0.1428571492
108666  34.345  7.457  -35.933 0.5714285970
105720  33.371  4.137  -34.536 0.8571428657
107720  33.450  6.204  -34.717 0.8571428657
109647  34.078  8.276  -35.746 0.8571428657
111351  33.412  10.561  -34.840 0.8571428657
167746  33.363  9.174  -34.742 0.8571428657
167890  32.158  9.035  -33.744 0.8571428657
164718  33.390  11.092  -35.373 0.8571428657
113783  33.100  13.672  -37.051 0.8571428657
113764  33.039  13.769  -35.786 0.8571428657
117275  28.831  17.353  -39.527 0.1428571492
118951  30.840  20.072  -37.840 0.5714285970
118950  31.420  19.782  -37.217 0.5714285970
120693  30.104  21.579  -38.281 0.4285714328
118974  29.376  20.163  -39.232 0.1428571492
118985  27.861  20.989  -40.585 0.1428571492
118128  26.499  19.346  -40.430 0.1428571492
178511  29.632  19.474  -38.976 0.1428571492
122216  29.065  23.175  -40.164 0.1428571492
113784  32.539  13.717  -37.427 0.5714285970
83375  27.697  -18.488  -27.572 0.4285714328
90172  30.869  -12.144  -30.104 0.5714285970
122189  29.416  23.419  -38.101 0.1428571492
89250  30.144  -12.523  -30.358 0.5714285970
166205  28.668  -13.119  -30.683 0.5714285970
170194  27.487  -13.636  -30.810 0.2857142985
90204  30.166  -11.461  -31.182 0.5714285970
90193  29.092  -11.980  -31.364 0.5714285970
87319  26.903  -15.308  -29.905 0.4285714328
90192  29.817  -11.987  -31.050 0.5714285970
88316  26.091  -13.476  -30.646 0.2857142985
89271  27.549  -12.461  -31.269 0.4285714328
92029  31.371  -9.546  -31.721 0.4285714328
92030  30.183  -10.217  -32.046 0.5714285970
91122  29.332  -10.709  -31.961 0.5714285970
91137  28.119  -10.471  -31.971 0.4285714328
93011  31.167  -8.770  -32.923 0.5714285970
93012  30.577  -9.092  -32.908 0.5714285970
92044  29.625  -9.827  -32.458 0.4285714328
93028  31.252  -8.213  -33.543 0.7142857313
93961  30.479  -8.076  -34.092 0.4285714328
93959  32.045  -7.543  -33.483 0.4285714328
89270  28.217  -11.782  -31.507 0.4285714328
89272  26.493  -12.210  -31.139 0.2857142985
88333  26.069  -12.742  -30.751 0.2857142985
156916  28.774  -10.048  -32.328 0.4285714328
93010  31.935  -8.323  -32.853 0.7142857313
94917  31.598  -6.598  -34.670 0.7142857313
94918  30.294  -6.686  -34.915 0.4285714328
95926  31.012  -4.989  -36.160 0.7142857313
95915  30.404  -5.392  -35.919 0.5714285970
95927  30.495  -4.344  -36.338 0.7142857313
96935  29.670  -4.069  -36.357 0.2857142985
95881  32.751  -5.968  -34.018 0.5714285970
95899  32.280  -5.672  -34.698 0.5714285970
94931  31.696  -6.061  -35.043 0.7142857313
97941  32.121  -3.487  -35.680 0.7142857313
97967  30.870  -2.630  -36.498 0.7142857313
98967  31.033  -1.722  -36.522 0.7142857313
98981  30.100  -1.751  -37.422 0.7142857313
97968  29.850  -2.644  -36.825 0.4285714328
167858  30.061  -1.402  -37.935 0.4285714328
97922  34.131  -3.248  -34.407 0.5714285970
97924  32.507  -3.902  -34.942 0.5714285970
98937  33.218  -2.281  -35.835 0.5714285970
152233  32.006  -1.966  -36.499 0.5714285970
100004  31.420  -1.597  -36.506 0.7142857313
100005  30.832  -1.146  -36.711 0.7142857313
101975  30.532  0.289  -36.551 0.7142857313
101034  30.243  -0.534  -37.393 0.7142857313
101996  29.599  0.343  -37.912 0.5714285970
179412  29.353  1.588  -37.629 0.5714285970
101972  34.354  0.262  -35.947 0.7142857313
157570  32.540  -0.974  -36.294 0.5714285970
180100  32.539  -1.750  -36.505 0.5714285970
101973  32.468  -0.197  -36.011 0.7142857313
177056  31.931  -1.275  -36.335 0.7142857313
102902  30.909  0.530  -35.675 0.8571428657
101047  29.634  -0.694  -38.099 0.4285714328
102890  30.589  1.407  -35.252 0.7142857313
103816  29.699  1.876  -35.912 0.7142857313
172309  30.191  2.234  -35.199 0.7142857313
103837  28.922  2.315  -37.660 0.5714285970
103817  29.505  2.702  -35.631 0.7142857313
102901  33.614  0.232  -35.858 0.5714285970
101974  31.329  -0.175  -36.125 0.7142857313
102875  31.240  1.477  -34.614 0.8571428657
103802  30.776  2.021  -34.515 0.8571428657
104787  29.297  3.446  -35.156 0.7142857313
104798  28.931  3.271  -36.305 0.5714285970
106744  28.397  5.000  -35.452 0.2857142985
102874  32.066  1.388  -34.615 0.7142857313
104786  30.232  2.854  -34.560 0.7142857313
107724  29.310  6.213  -33.565 0.7142857313
104772  31.867  2.685  -33.772 0.7142857313
105736  29.898  3.754  -34.091 0.8571428657
107701  30.870  7.032  -33.518 0.8571428657
105724  29.629  4.581  -33.889 0.8571428657
106743  29.045  5.359  -34.278 0.5714285970
107702  29.904  6.996  -33.602 0.8571428657
163804  29.173  7.069  -34.150 0.7142857313
105723  30.508  4.394  -33.448 0.8571428657
173420  31.095  6.193  -33.361 0.8571428657
108634  30.378  7.780  -33.712 0.8571428657
108633  31.016  7.846  -33.563 0.8571428657
109616  30.705  8.461  -33.643 0.8571428657
109617  29.940  8.489  -33.881 0.7142857313
113753  32.368  13.380  -34.532 0.7142857313
113744  31.625  13.494  -33.949 0.7142857313
113754  32.040  14.327  -34.321 0.5714285970
113745  30.732  13.428  -33.564 0.7142857313
160441  32.459  15.007  -35.146 0.7142857313
160232  32.328  16.537  -34.857 0.8571428657
162002  32.213  17.119  -34.407 0.7142857313
156674  30.708  14.940  -33.434 0.7142857313
117233  31.278  17.926  -33.452 0.7142857313
174123  31.433  19.295  -33.952 0.7142857313
170450  30.510  17.797  -33.252 0.5714285970
118087  32.326  18.335  -35.115 0.7142857313
118930  31.722  19.625  -34.609 0.7142857313
118914  30.676  19.241  -33.507 0.5714285970
119819  31.377  20.429  -34.876 0.4285714328
118931  31.042  19.995  -34.037 0.5714285970
119806  30.011  20.154  -33.615 0.5714285970
118940  32.197  19.147  -35.185 0.5714285970
118072  30.037  18.511  -33.320 0.5714285970
119835  30.971  21.197  -35.191 0.5714285970
119820  30.568  20.801  -34.317 0.5714285970
119821  29.545  20.986  -33.971 0.5714285970
118915  29.576  19.279  -33.345 0.4285714328
118916  28.585  19.177  -33.478 0.5714285970
159117  28.457  17.772  -33.358 0.4285714328
119822  28.514  21.062  -34.165 0.5714285970
171406  29.066  19.945  -33.419 0.5714285970
174383  30.077  22.274  -35.380 0.5714285970
162689  27.683  19.084  -33.801 0.4285714328
170848  27.165  16.664  -33.902 0.4285714328
119808  27.750  20.397  -34.149 0.5714285970
168031  28.175  19.770  -33.831 0.5714285970
162235  26.538  21.443  -34.249 0.4285714328
96872  34.695  -4.908  -32.763 0.2857142985
101022  33.339  -1.185  -36.185 0.5714285970
120655  27.371  21.621  -34.350 0.2857142985
119823  27.054  20.868  -34.270 0.4285714328
118932  26.707  20.110  -34.133 0.2857142985
173102  28.981  -14.286  -29.729 0.5714285970
86349  27.717  -15.539  -29.381 0.5714285970
91112  30.721  -11.106  -30.957 0.4285714328
88315  28.154  -13.734  -30.640 0.5714285970
92017  31.796  -9.939  -31.021 0.2857142985
91120  30.911  -10.301  -31.411 0.5714285970
160254  26.869  -14.622  -30.369 0.2857142985
91124  27.467  -11.128  -31.645 0.4285714328
92058  29.134  -9.299  -32.812 0.4285714328
174358  29.988  -8.600  -33.709 0.5714285970
90208  25.874  -11.497  -31.052 0.2857142985
164490  27.148  -10.207  -31.901 0.2857142985
93977  30.739  -7.252  -34.556 0.5714285970
97896  35.483  -3.586  -32.796 0.2857142985
157004  28.526  -5.223  -35.293 0.2857142985
177142  30.561  -3.571  -36.453 0.7142857313
104785  31.009  3.292  -33.573 0.8571428657
105737  29.100  4.328  -34.691 0.7142857313
112164  31.675  11.332  -33.699 0.7142857313
174044  32.035  12.833  -34.051 0.7142857313
112154  30.981  11.950  -33.571 0.7142857313
117232  31.776  17.310  -33.801 0.7142857313
160041  29.523  17.764  -33.278 0.5714285970
118074  28.065  18.472  -33.483 0.2857142985
118089  32.180  18.706  -36.284 0.5714285970
118941  31.876  19.886  -35.470 0.5714285970
118947  32.160  19.291  -35.958 0.5714285970
119834  31.512  20.696  -35.885 0.5714285970
120653  29.142  21.736  -34.420 0.5714285970
121383  28.651  22.326  -34.667 0.2857142985
152896  29.324  -8.686  -33.449 0.4285714328
90190  31.190  -11.506  -30.284 0.2857142985
98936  33.966  -2.164  -35.421 0.7142857313
96908  32.365  -4.809  -34.817 0.5714285970
102887  34.314  0.915  -35.977 0.7142857313
102888  32.284  0.926  -35.157 0.7142857313
101960  32.879  0.615  -35.560 0.7142857313
106730  30.801  5.404  -33.275 0.7142857313
117246  32.360  17.376  -35.187 0.8571428657
94904  31.788  -6.983  -34.190 0.5714285970
110511  30.218  9.770  -33.710 0.7142857313
97940  32.874  -3.099  -35.338 0.5714285970
90191  30.487  -11.793  -30.668 0.5714285970
89251  29.274  -12.542  -30.836 0.5714285970
174448  29.451  -13.141  -30.227 0.4285714328
89253  27.880  -13.130  -31.015 0.5714285970
89252  28.460  -12.518  -31.173 0.4285714328
87318  27.656  -14.811  -29.931 0.5714285970
170517  26.901  -13.117  -31.003 0.4285714328
91121  30.163  -10.898  -31.556 0.5714285970
90205  29.603  -11.424  -31.488 0.5714285970
91123  28.491  -11.014  -31.785 0.4285714328
85314  26.822  -16.127  -29.418 0.5714285970
90207  27.273  -11.853  -31.431 0.4285714328
92042  30.973  -9.268  -32.377 0.5714285970
92043  30.313  -9.551  -32.510 0.5714285970
179833  28.003  -9.874  -32.195 0.4285714328
93960  31.269  -7.565  -34.130 0.5714285970
93978  29.940  -7.455  -34.508 0.4285714328
93976  31.294  -7.007  -34.542 0.5714285970
170168  31.061  -6.451  -34.949 0.7142857313
94932  30.590  -6.040  -35.383 0.5714285970
95916  29.657  -5.371  -35.687 0.4285714328
94934  29.074  -6.184  -34.904 0.4285714328
168946  29.478  -6.768  -34.745 0.4285714328
95913  31.818  -5.330  -35.384 0.7142857313
96933  31.575  -3.980  -36.113 0.7142857313
95928  29.731  -4.840  -36.114 0.2857142985
97956  31.255  -3.310  -36.398 0.7142857313
98938  32.398  -2.623  -35.993 0.7142857313
97966  31.390  -2.342  -36.451 0.7142857313
100020  30.571  -1.405  -36.798 0.7142857313
99991  33.132  -1.839  -36.448 0.5714285970
101024  30.685  -0.490  -36.738 0.7142857313
154227  29.953  1.081  -37.074 0.7142857313
101961  31.888  0.386  -35.546 0.5714285970
102903  30.111  1.042  -36.189 0.7142857313
102924  29.009  1.971  -37.992 0.2857142985
104788  28.682  3.994  -35.819 0.5714285970
105743  28.190  4.375  -36.564 0.2857142985
106731  29.851  5.288  -33.440 0.8571428657
175581  32.038  15.183  -34.331 0.7142857313
116360  32.032  16.503  -34.130 0.7142857313
117244  31.753  18.110  -33.885 0.8571428657
120652  30.146  21.696  -34.733 0.7142857313
120654  28.229  21.695  -34.376 0.5714285970
118917  27.370  19.660  -34.025 0.4285714328
174617  27.520  -9.347  -32.273 0.1428571492
93030  28.534  -8.711  -33.010 0.4285714328
81503  25.153  -20.377  -27.391 0.4285714328
91099  32.875  -10.909  -29.820 0.1428571492
91109  33.148  -10.102  -30.129 0.1428571492
93928  33.912  -7.247  -32.211 0.1428571492
94885  34.297  -6.514  -32.420 0.1428571492
92016  33.487  -9.371  -30.537 0.1428571492
92001  33.969  -9.840  -29.915 0.1428571492
95844  34.976  -6.165  -32.032 0.1428571492
92997  34.116  -7.863  -31.500 0.1428571492
92986  33.839  -8.639  -30.961 0.1428571492
95858  34.549  -5.725  -32.591 0.1428571492
174505  35.909  -1.859  -32.866 0.2857142985
180522  36.546  -1.034  -33.277 0.1428571492
111340  31.368  10.628  -33.561 0.5714285970
124561  26.873  26.869  -40.861 0.1428571492
109637  29.130  8.661  -34.427 0.4285714328
124562  25.528  26.867  -39.760 0.1428571492
123731  28.142  25.572  -39.112 0.1428571492
112155  29.920  11.201  -33.685 0.4285714328
112932  31.276  12.741  -33.707 0.5714285970
113746  29.755  13.360  -33.368 0.4285714328
122954  24.881  24.559  -38.225 0.2857142985
122913  27.748  24.642  -36.485 0.2857142985
121394  29.573  22.803  -35.721 0.2857142985
122912  28.577  24.463  -36.858 0.2857142985
112157  27.855  11.764  -34.275 0.1428571492
114587  30.193  14.165  -33.299 0.5714285970
116361  31.469  16.466  -33.598 0.5714285970
122914  26.125  24.641  -36.233 0.2857142985
120667  30.622  21.852  -35.608 0.4285714328
175009  28.295  13.926  -33.670 0.4285714328
163768  29.504  15.709  -33.312 0.5714285970
122896  27.256  24.345  -35.882 0.2857142985
114589  28.198  14.664  -33.706 0.4285714328
115458  28.060  15.497  -33.821 0.2857142985
122135  26.518  23.153  -34.801 0.1428571492
122133  28.225  22.826  -34.849 0.1428571492
122148  27.149  23.751  -35.304 0.1428571492
161545  27.429  15.038  -34.452 0.1428571492
117236  27.846  17.042  -33.586 0.4285714328
122149  26.099  23.799  -34.984 0.1428571492
122915  25.266  24.416  -36.354 0.1428571492
115459  27.085  15.985  -34.434 0.2857142985
120656  25.900  21.818  -34.351 0.2857142985
161371  24.951  19.935  -33.321 0.1428571492
152601  25.664  23.236  -34.747 0.1428571492
122899  24.470  23.841  -35.712 0.1428571492
157212  25.802  22.591  -34.566 0.1428571492
122136  24.745  22.760  -34.315 0.1428571492
122150  24.882  23.454  -34.846 0.1428571492
122137  23.703  23.053  -34.245 0.1428571492
83378  24.363  -18.839  -28.042 0.4285714328
84293  24.519  -17.653  -28.484 0.2857142985
90171  32.626  -11.709  -29.498 0.1428571492
93927  34.867  -7.626  -31.184 0.1428571492
96871  35.388  -4.440  -32.433 0.1428571492
111342  29.635  10.441  -33.877 0.2857142985
118090  31.881  19.157  -36.690 0.4285714328
121404  29.812  22.859  -36.595 0.2857142985
123691  27.203  25.180  -37.001 0.2857142985
122916  24.377  24.171  -36.595 0.2857142985
83393  24.081  -18.144  -28.062 0.2857142985
89218  33.015  -12.850  -28.837 0.1428571492
97897  34.868  -4.097  -33.069 0.1428571492
114595  26.938  14.497  -35.030 0.1428571492
164100  29.448  9.861  -34.090 0.4285714328
112935  27.374  12.718  -34.443 0.2857142985
117234  30.082  16.962  -33.211 0.5714285970
120676  31.237  21.175  -36.628 0.4285714328
122940  25.112  24.584  -37.242 0.2857142985
123715  26.559  25.349  -37.579 0.2857142985
122911  29.071  23.879  -36.772 0.2857142985
122939  27.986  25.059  -37.317 0.2857142985
123734  25.416  25.057  -38.731 0.2857142985
171158  25.698  25.395  -39.139 0.1428571492
123749  24.232  25.340  -39.241 0.1428571492
123746  27.726  26.110  -39.746 0.1428571492
122941  24.256  24.195  -37.614 0.2857142985
161986  26.838  25.778  -39.235 0.1428571492
163223  26.807  26.063  -39.993 0.1428571492
122953  28.571  24.960  -38.663 0.1428571492
123732  27.575  25.672  -38.691 0.1428571492
100980  37.013  -0.281  -33.485 0.2857142985
121419  29.825  22.778  -37.463 0.4285714328
122955  23.977  24.194  -38.559 0.2857142985
122938  28.634  24.778  -37.763 0.2857142985
123713  28.071  25.298  -38.190 0.1428571492
83377  25.165  -18.718  -28.188 0.4285714328
82442  24.916  -19.514  -27.780 0.4285714328
97907  35.452  -2.765  -33.186 0.4285714328
119844  31.495  20.480  -36.715 0.4285714328
121418  30.287  22.286  -36.917 0.2857142985
122937  29.120  24.110  -37.453 0.2857142985
112933  30.387  12.667  -33.536 0.4285714328
114586  31.156  14.216  -33.719 0.5714285970
158348  31.047  17.139  -33.271 0.5714285970
121403  30.260  22.374  -36.087 0.2857142985
162313  27.786  21.083  -34.313 0.4285714328
119824  26.145  20.766  -34.006 0.2857142985
122134  27.464  22.996  -34.834 0.2857142985
111341  30.505  10.557  -33.632 0.5714285970
116362  30.742  16.351  -33.288 0.5714285970
164452  28.715  15.918  -33.555 0.5714285970
121382  29.462  22.335  -34.968 0.2857142985
122147  28.200  23.415  -35.380 0.2857142985
94873  34.713  -7.016  -31.725 0.1428571492
92015  34.358  -9.149  -30.376 0.1428571492
95843  35.646  -5.824  -31.689 0.1428571492
163769  28.932  10.938  -33.866 0.2857142985
123693  25.885  24.960  -36.965 0.2857142985
123692  26.531  25.033  -36.812 0.2857142985
122146  28.966  23.309  -35.716 0.2857142985
122161  29.302  23.386  -36.326 0.2857142985
113747  28.773  13.294  -33.506 0.2857142985
114588  29.081  14.197  -33.260 0.4285714328
122897  26.533  24.286  -35.622 0.1428571492
160953  28.843  15.144  -33.308 0.4285714328
159103  29.754  14.958  -33.198 0.5714285970
116365  27.903  16.262  -33.784 0.4285714328
96862  36.137  -4.932  -31.750 0.1428571492
110512  28.979  9.515  -34.489 0.2857142985
123714  27.407  25.429  -37.818 0.2857142985
123733  26.196  25.434  -38.639 0.2857142985
123748  25.200  25.536  -39.272 0.1428571492
102923  29.545  1.031  -37.881 0.4285714328
104799  28.486  3.714  -36.783 0.2857142985
122164  21.018  23.982  -36.908 0.1428571492
122956  22.903  23.924  -38.868 0.1428571492
122943  20.941  24.473  -37.386 0.1428571492
122138  23.172  23.616  -34.290 0.1428571492
122919  21.222  24.567  -36.662 0.1428571492
122182  21.527  23.836  -37.257 0.1428571492
164011  22.157  23.718  -38.925 0.1428571492
122900  22.891  24.454  -35.156 0.1428571492
122888  23.016  24.531  -34.285 0.1428571492
122917  22.652  24.241  -36.059 0.1428571492
123681  22.115  25.283  -35.627 0.1428571492
123695  21.007  26.235  -37.536 0.1428571492
151347  23.443  24.100  -36.800 0.1428571492
122901  22.224  24.738  -35.690 0.1428571492
124490  23.541  26.159  -34.516 0.1428571492
156993  21.976  25.814  -36.284 0.1428571492
104809  28.683  3.190  -37.446 0.2857142985
123676  22.724  25.046  -34.975 0.1428571492
124497  22.441  26.202  -35.681 0.1428571492
149034  20.500  26.690  -38.446 0.1428571492
93943  32.716  -7.809  -32.732 0.2857142985
122942  23.261  24.000  -37.870 0.1428571492
162352  22.295  23.823  -39.054 0.1428571492
122192  21.415  24.108  -38.249 0.1428571492
122975  21.522  24.555  -38.928 0.1428571492
124491  22.772  25.741  -34.978 0.1428571492
123675  23.243  25.335  -34.334 0.1428571492
93000  31.702  -8.920  -32.218 0.4285714328
86331  27.796  -16.339  -28.878 0.4285714328
85313  28.653  -16.530  -28.339 0.2857142985
85312  29.312  -15.930  -28.316 0.1428571492
86348  28.580  -14.938  -29.432 0.2857142985
86329  29.299  -15.270  -28.804 0.1428571492
88302  29.630  -13.815  -29.643 0.2857142985
84291  27.926  -17.097  -28.387 0.2857142985
117235  28.993  17.073  -33.468 0.4285714328
89234  30.856  -12.774  -29.754 0.2857142985
87315  30.302  -14.199  -29.115 0.1428571492
89235  30.181  -13.227  -29.774 0.2857142985
86330  28.554  -15.748  -28.833 0.2857142985
84292  26.285  -17.558  -28.614 0.2857142985
83391  25.300  -18.003  -28.549 0.2857142985
169931  27.035  -16.898  -28.811 0.2857142985
85315  26.100  -16.777  -29.215 0.2857142985
93962  29.566  -8.141  -34.087 0.2857142985
93979  29.061  -7.459  -34.392 0.2857142985
158281  28.628  -6.690  -34.583 0.2857142985
96948  29.476  -3.285  -36.615 0.1428571492
98969  29.294  -2.555  -36.983 0.1428571492
158124  29.788  -1.763  -37.772 0.2857142985
152926  29.029  0.634  -38.501 0.1428571492
104810  28.076  3.896  -37.639 0.1428571492
176175  28.788  6.409  -34.469 0.1428571492
107745  27.942  5.991  -35.726 0.1428571492
108656  28.639  7.154  -34.794 0.1428571492
107737  27.678  6.951  -35.878 0.1428571492
111355  27.806  10.528  -34.998 0.1428571492
112934  29.388  12.565  -33.539 0.1428571492
160088  27.465  11.309  -35.107 0.1428571492
178204  28.447  11.327  -34.015 0.1428571492
117237  26.663  17.408  -33.977 0.1428571492
115460  25.501  16.210  -34.935 0.1428571492
118075  26.592  18.244  -33.919 0.1428571492
117238  25.664  18.097  -34.146 0.1428571492
118918  26.544  19.134  -33.913 0.1428571492
171140  24.101  -19.408  -27.713 0.2857142985
168848  27.240  -17.492  -28.366 0.1428571492
108635  29.597  7.818  -34.100 0.2857142985
109648  28.335  8.555  -35.023 0.1428571492
82443  23.716  -19.656  -27.239 0.2857142985
92045  28.335  -9.335  -32.517 0.2857142985
93963  28.590  -8.009  -33.754 0.2857142985
93980  28.312  -7.207  -34.209 0.2857142985
98984  28.251  -1.535  -37.595 0.1428571492
102936  28.770  1.839  -38.551 0.1428571492
103859  28.433  2.371  -38.849 0.1428571492
104819  28.596  2.847  -38.228 0.1428571492
105764  27.833  4.004  -38.761 0.1428571492
105744  27.795  4.632  -37.233 0.1428571492
106754  27.831  5.246  -36.475 0.1428571492
106755  27.412  5.353  -37.413 0.1428571492
116366  26.396  16.741  -34.308 0.1428571492
93964  27.608  -7.283  -33.615 0.2857142985
83376  26.080  -18.403  -28.205 0.2857142985
179987  29.210  -1.303  -38.026 0.1428571492
167344  28.448  5.882  -34.995 0.1428571492
114607  25.724  15.273  -35.180 0.1428571492
93014  27.867  -8.798  -32.614 0.1428571492
108655  28.838  7.839  -34.650 0.1428571492
111343  28.716  10.273  -34.355 0.1428571492
85316  25.191  -17.153  -28.941 0.2857142985
94919  27.702  -6.469  -34.387 0.1428571492
107736  28.287  6.682  -35.228 0.1428571492
105754  27.574  4.606  -38.145 0.1428571492
83357  23.465  -18.967  -26.893 0.1428571492
83379  23.809  -18.761  -27.567 0.1428571492
170003  23.161  -18.396  -25.813 0.1428571492
84276  23.635  -17.858  -27.530 0.1428571492
85327  25.324  -16.388  -29.410 0.1428571492
163110  36.634  0.217  -33.993 0.1428571492
101937  38.135  0.320  -33.916 0.1428571492
112981  31.433  12.825  -39.126 0.1428571492
81485  23.464  -20.253  -26.791 0.1428571492
84294  23.856  -17.327  -28.069 0.1428571492
163144  24.692  -16.461  -29.071 0.1428571492
86362  26.187  -15.649  -29.893 0.1428571492
85317  24.278  -16.848  -28.599 0.1428571492
87334  25.535  -14.670  -30.300 0.1428571492
112199  31.729  12.069  -38.788 0.1428571492
113793  31.073  13.561  -39.469 0.1428571492
88317  25.319  -13.755  -30.390 0.1428571492
174730  32.090  11.374  -38.567 0.1428571492
81504  24.198  -20.197  -27.489 0.1428571492
101946  37.652  0.779  -34.197 0.1428571492
170270  26.210  -15.036  -30.315 0.1428571492
91125  26.362  -10.929  -31.442 0.1428571492
83392  24.642  -18.298  -28.337 0.1428571492
82422  23.426  -19.599  -26.661 0.1428571492
162239  23.265  -18.344  -26.449 0.1428571492
86350  25.485  -15.749  -29.763 0.1428571492
77403  24.793  -24.509  -25.968 0.1428571492
80535  23.852  -20.859  -27.213 0.1428571492
81502  25.881  -19.828  -27.340 0.4285714328
81505  23.722  -20.393  -27.147 0.1428571492
82420  27.424  -19.885  -26.902 0.2857142985
83380  23.479  -18.309  -27.083 0.1428571492
84275  27.012  -18.082  -28.059 0.1428571492
85286  29.507  -16.639  -27.864 0.1428571492
85287  23.386  -17.003  -27.432 0.1428571492
85311  30.062  -15.977  -27.913 0.2857142985
85326  25.966  -16.203  -29.634 0.1428571492
86328  30.510  -15.415  -28.260 0.1428571492
87316  29.479  -14.584  -29.241 0.2857142985
87317  28.326  -14.318  -30.130 0.5714285970
87333  27.578  -14.207  -30.494 0.2857142985
88287  31.071  -14.137  -28.914 0.2857142985
88303  28.867  -13.733  -30.177 0.5714285970
90206  28.975  -11.399  -31.643 0.5714285970
91098  33.700  -10.644  -29.669 0.1428571492
93013  29.943  -9.119  -33.092 0.5714285970
93029  30.549  -8.684  -33.445 0.5714285970
94903  32.467  -6.725  -33.774 0.5714285970
94916  32.131  -6.386  -34.467 0.7142857313
94933  29.824  -6.040  -35.311 0.4285714328
95857  35.195  -5.314  -32.170 0.1428571492
95879  34.227  -5.382  -33.161 0.4285714328
95914  31.183  -5.631  -35.645 0.5714285970
95917  29.090  -5.602  -35.273 0.2857142985
95929  29.064  -5.020  -35.739 0.2857142985
96907  32.943  -4.280  -34.276 0.5714285970
96922  31.912  -4.460  -35.539 0.5714285970
96923  31.496  -4.898  -36.037 0.7142857313
96934  31.154  -4.269  -36.342 0.7142857313
96945  30.849  -3.530  -36.463 0.7142857313
96946  30.458  -2.801  -36.571 0.7142857313
96947  30.141  -3.465  -36.509 0.7142857313
97908  34.461  -3.679  -33.692 0.7142857313
97955  31.773  -2.974  -36.224 0.7142857313
97978  30.519  -2.130  -36.651 0.7142857313
97979  30.205  -2.078  -36.909 0.7142857313
98922  35.027  -1.915  -34.601 0.5714285970
98924  33.695  -2.801  -35.080 0.5714285970
98952  32.660  -2.054  -36.577 0.5714285970
98953  32.044  -2.261  -36.411 0.7142857313
98968  30.798  -2.075  -36.556 0.7142857313
98980  30.392  -1.666  -36.835 0.7142857313
98982  29.792  -2.098  -37.347 0.2857142985
98983  29.204  -1.980  -37.567 0.2857142985
99978  33.739  -1.665  -35.872 0.7142857313
100021  30.239  -1.382  -37.389 0.7142857313
100979  37.883  -0.244  -33.500 0.2857142985
100991  35.621  -0.525  -34.752 0.7142857313
101005  34.611  -0.245  -35.824 0.8571428657
101006  34.182  -0.992  -35.791 0.8571428657
101023  31.623  -0.812  -36.365 0.7142857313
101045  30.314  -1.089  -37.365 0.7142857313
101046  29.946  -0.513  -37.791 0.4285714328
101059  29.313  0.063  -38.202 0.1428571492
101938  37.314  0.315  -33.826 0.1428571492
101987  30.089  0.229  -37.348 0.7142857313
102006  29.162  1.058  -38.541 0.1428571492
102873  36.824  1.659  -34.941 0.5714285970
102886  35.450  1.251  -35.785 0.7142857313
102889  31.460  0.955  -35.053 0.7142857313
102913  29.540  1.753  -36.940 0.5714285970
102935  29.220  1.206  -38.380 0.4285714328
102937  28.687  1.784  -38.717 0.1428571492
103800  32.552  2.191  -34.459 1.0000000000
103812  35.296  2.149  -35.638 0.5714285970
103815  33.160  1.566  -35.272 0.8571428657
103827  29.211  2.574  -36.708 0.7142857313
103846  28.526  2.441  -38.647 0.1428571492
104773  31.076  2.515  -33.943 0.7142857313
104779  37.808  3.283  -35.869 0.1428571492
104781  36.155  3.578  -35.477 0.4285714328
104796  37.630  3.812  -36.640 0.1428571492
105721  32.521  4.146  -34.021 0.8571428657
105733  35.624  4.333  -35.598 0.1428571492
106740  35.265  5.025  -35.638 0.1428571492
106774  36.132  5.936  -38.082 0.1428571492
107723  30.241  6.136  -33.254 0.8571428657
107764  35.621  6.311  -38.318 0.1428571492
108668  28.094  7.676  -35.315 0.1428571492
109615  31.463  8.369  -33.617 0.8571428657
109636  32.191  8.078  -33.900 0.8571428657
110510  31.081  9.224  -33.553 0.8571428657
110528  33.245  9.918  -34.384 0.8571428657
110542  33.597  9.813  -35.200 0.8571428657
110550  33.787  9.649  -36.049 0.8571428657
111354  28.174  10.998  -34.440 0.1428571492
111390  32.916  10.083  -38.105 0.1428571492
112156  28.964  11.718  -33.729 0.1428571492
112198  32.091  10.709  -39.028 0.1428571492
112204  31.711  11.407  -39.291 0.1428571492
112952  33.245  12.668  -35.476 0.8571428657
112973  32.292  13.064  -37.619 0.5714285970
113748  27.872  13.362  -33.997 0.2857142985
113765  32.611  14.020  -35.119 0.8571428657
113772  33.284  13.453  -36.483 0.8571428657
113785  31.823  13.598  -37.894 0.5714285970
114606  32.864  15.033  -35.965 0.8571428657
114610  32.999  14.271  -36.436 0.8571428657
115457  31.791  15.777  -33.932 0.7142857313
115463  32.194  15.810  -34.598 0.8571428657
115464  31.542  15.016  -33.810 0.7142857313
115486  32.385  15.845  -36.831 0.8571428657
116363  30.032  16.211  -33.290 0.5714285970
116364  29.335  16.401  -33.417 0.5714285970
116373  32.456  16.559  -35.666 0.8571428657
116382  31.528  16.632  -37.760 0.7142857313
117243  32.156  17.849  -34.396 0.7142857313
117264  30.431  17.362  -38.572 0.1428571492
118071  31.379  18.653  -33.673 0.7142857313
118073  29.014  18.497  -33.256 0.4285714328
118084  31.944  18.745  -34.351 0.8571428657
118116  28.656  19.003  -39.453 0.1428571492
119807  28.722  20.461  -33.796 0.5714285970
119810  25.132  20.592  -33.326 0.1428571492
119825  25.531  21.011  -33.643 0.1428571492
119862  29.766  20.866  -38.937 0.1428571492
119886  28.307  21.341  -40.545 0.1428571492
120666  31.155  21.420  -35.973 0.4285714328
120677  30.787  21.838  -36.442 0.2857142985
120694  29.598  21.643  -39.097 0.1428571492
121384  27.804  22.325  -34.529 0.2857142985
121385  26.781  22.299  -34.500 0.1428571492
121395  28.868  22.854  -35.182 0.2857142985
121426  30.148  22.140  -37.688 0.4285714328
121450  28.751  22.351  -40.491 0.1428571492
122162  28.623  23.832  -36.183 0.2857142985
122163  22.417  23.893  -37.003 0.1428571492
122181  29.473  23.441  -37.094 0.2857142985
122183  21.151  24.010  -37.540 0.1428571492
122184  20.986  24.286  -37.969 0.1428571492
122190  22.348  23.855  -38.045 0.1428571492
122191  21.755  23.883  -38.148 0.1428571492
122895  27.890  24.075  -35.894 0.2857142985
122898  25.622  24.110  -35.502 0.1428571492
122902  21.690  24.728  -36.128 0.1428571492
122918  21.625  24.237  -36.484 0.1428571492
122920  20.977  25.083  -37.170 0.1428571492
122952  29.071  24.288  -38.353 0.1428571492
122957  21.765  23.897  -38.963 0.1428571492
122958  21.241  24.391  -38.594 0.1428571492
122959  20.875  24.813  -38.221 0.1428571492
122970  28.932  24.447  -39.172 0.1428571492
122973  22.815  24.177  -39.016 0.1428571492
122974  22.094  24.135  -39.130 0.1428571492
123682  21.628  25.051  -36.211 0.1428571492
123694  21.478  25.446  -36.817 0.1428571492
123716  25.710  25.067  -37.843 0.2857142985
123717  20.872  25.465  -37.857 0.1428571492
123747  26.074  25.796  -39.538 0.1428571492
149627  27.167  -21.307  -26.491 0.1428571492
150714  26.194  26.759  -40.058 0.1428571492
152569  26.133  -14.316  -30.559 0.1428571492
153530  26.898  24.730  -36.321 0.2857142985
154312  31.811  19.912  -36.354 0.5714285970
156486  36.034  -2.933  -32.551 0.2857142985
156815  30.733  -9.755  -31.996 0.5714285970
158072  32.602  12.306  -37.631 0.2857142985
160057  27.482  17.873  -33.647 0.2857142985
160294  33.280  9.045  -38.645 0.1428571492
160413  30.835  11.216  -33.598 0.7142857313
160800  31.462  14.413  -38.328 0.4285714328
161069  29.641  9.216  -33.984 0.4285714328
161086  30.055  11.954  -33.631 0.4285714328
161349  33.171  -0.514  -36.039 0.5714285970
162140  30.343  15.640  -33.317 0.5714285970
162396  31.515  18.923  -37.307 0.4285714328
162490  26.942  25.606  -38.339 0.2857142985
164167  26.836  -13.919  -30.688 0.2857142985
165452  31.163  15.693  -33.487 0.5714285970
166258  31.175  15.193  -38.359 0.4285714328
166721  35.513  2.998  -35.311 0.5714285970
166724  27.663  14.201  -34.309 0.4285714328
167276  31.021  10.020  -33.493 0.7142857313
167753  32.742  5.793  -34.278 0.8571428657
167824  30.288  9.026  -33.697 0.7142857313
168355  30.203  -1.071  -37.822 0.4285714328
168471  32.290  18.717  -35.711 0.5714285970
169271  28.572  16.526  -33.584 0.5714285970
170575  33.522  10.090  -36.615 0.5714285970
170718  33.335  13.097  -36.999 0.8571428657
171068  24.505  -21.923  -27.123 0.1428571492
172047  27.303  18.515  -33.788 0.1428571492
174498  26.626  -11.565  -31.380 0.4285714328
175424  28.632  -19.976  -26.839 0.2857142985
175916  28.303  12.523  -33.773 0.1428571492
176762  28.698  -10.580  -32.039 0.4285714328
177444  30.232  -13.688  -29.465 0.2857142985
177537  30.838  18.451  -33.348 0.5714285970
178108  29.356  20.411  -33.628 0.5714285970
178502  25.699  -15.280  -30.099 0.1428571492
178699  28.688  2.363  -38.235 0.1428571492
179236  29.934  -2.106  -37.216 0.4285714328
179684  28.238  24.278  -36.336 0.2857142985
180189  30.471  11.592  -33.606 0.4285714328
