#Insight Transform File V1.0
#Transform 0
Transform: AffineTransform_float_3_3
Parameters: 0.999999 -0.000468022 0.000592194 0.000466979 0.999999 0.00172428 -0.000592806 -0.00172372 0.999999 -0.131528 -0.536797 -0.353379
FixedParameters: 0 0 0

#Transform 1
Transform: AffineTransform_float_3_3
Parameters: 1 -0.000467401 0.000310397 0.000466598 0.999999 0.00129015 -0.000311602 -0.00128985 0.999999 -0.0858195 -0.463329 -0.23801
FixedParameters: 0 0 0

#Transform 2
Transform: AffineTransform_float_3_3
Parameters: 1 -0.000241599 0.00042466 0.0002404 0.999999 0.0014101 -0.000425339 -0.0014099 0.999999 -0.0524785 -0.412449 -0.304451
FixedParameters: 0 0 0

#Transform 3
Transform: AffineTransform_float_3_3
Parameters: 1 -3.31477e-05 0.000128962 3.28523e-05 1 0.00114501 -0.000129038 -0.001145 1 0.0679841 -0.262216 -0.240149
FixedParameters: 0 0 0

#Transform 4
Transform: AffineTransform_float_3_3
Parameters: 1 -5.68272e-05 0.00058792 5.51726e-05 0.999999 0.00140703 -0.000588078 -0.00140697 0.999999 -0.0268436 -0.412799 -0.228126
FixedParameters: 0 0 0

#Transform 5
Transform: AffineTransform_float_3_3
Parameters: 1 -7.71244e-05 0.000128926 7.78754e-05 0.999999 0.000965009 -0.000129075 -0.000964989 0.999999 0.0407838 -0.308262 -0.211343
FixedParameters: 0 0 0

#Transform 6
Transform: AffineTransform_float_3_3
Parameters: 1 0.00012866 0.000406108 -0.00012934 0.999999 0.000837947 -0.000405892 -0.000838052 0.999999 0.0400272 -0.166516 -0.147322
FixedParameters: 0 0 0

#Transform 7
Transform: AffineTransform_float_3_3
Parameters: 1 9.43129e-06 0.00055701 -9.56868e-06 0.999999 0.00102099 -0.000556991 -0.00102101 1 -0.0396705 -0.308871 -0.148984
FixedParameters: 0 0 0

#Transform 8
Transform: AffineTransform_float_3_3
Parameters: 1 9.92027e-06 0.000129006 -1.00797e-05 1 0.000617998 -0.000128994 -0.000618001 1 0.0422128 -0.222188 -0.15151
FixedParameters: 0 0 0

#Transform 9
Transform: AffineTransform_float_3_3
Parameters: 1 -6.62167e-05 0.000577975 6.57832e-05 1 0.000375038 -0.000578024 -0.000374962 1 -0.0707187 -0.125805 0.0119807
FixedParameters: 0 0 0

#Transform 10
Transform: AffineTransform_float_3_3
Parameters: 1 1.37062e-05 0.000452009 -1.42938e-05 1 0.000649993 -0.000451991 -0.000650006 0.999999 -0.025985 -0.198503 -0.046161
FixedParameters: 0 0 0

#Transform 11
Transform: AffineTransform_float_3_3
Parameters: 1 4.16522e-05 0.000419034 -4.23477e-05 0.999999 0.000829982 -0.000418965 -0.000830017 0.999999 -0.0127798 -0.286197 -0.132669
FixedParameters: 0 0 0

#Transform 12
Transform: AffineTransform_float_3_3
Parameters: 1 0.000213861 0.000310096 -0.000214138 1 0.000446934 -0.000309904 -0.000447066 1 0.057275 -0.116592 -0.0639675
FixedParameters: 0 0 0

#Transform 13
Transform: AffineTransform_float_3_3
Parameters: 1 3.77933e-05 0.000318025 -3.72067e-05 1 0.000649988 -0.000317976 -0.000650012 0.999999 -0.00345542 -0.158363 -0.117257
FixedParameters: 0 0 0

#Transform 14
Transform: AffineTransform_float_3_3
Parameters: 1 3.49161e-05 0.000129023 -3.40838e-05 1 0.000649995 -0.000128978 -0.000650004 1 0.0236928 -0.216076 -0.157814
FixedParameters: 0 0 0

#Transform 15
Transform: AffineTransform_float_3_3
Parameters: 1 1.99876e-05 5.50045e-05 -2.00124e-05 1 0.000224999 -5.49955e-05 -0.000225001 1 0.0334178 -0.100852 -0.0763136
FixedParameters: 0 0 0

#Transform 16
Transform: AffineTransform_float_3_3
Parameters: 1 0.000486017 4.28066e-05 -0.000485983 1 -0.000398021 -4.31934e-05 0.000397979 1 0.176997 0.186706 0.119038
FixedParameters: 0 0 0

#Transform 17
Transform: AffineTransform_float_3_3
Parameters: 1 0.000486157 -0.000292739 -0.000485843 0.999999 0.000536142 0.000292261 -0.000536858 1 0.241307 -0.115486 -0.201627
FixedParameters: 0 0 0

#Transform 18
Transform: AffineTransform_float_3_3
Parameters: 1 0.000132153 -0.000292931 -0.000132846 1 0.000524039 0.00029307 -0.000523961 1 0.130949 -0.20014 -0.202288
FixedParameters: 0 0 0

#Transform 19
Transform: AffineTransform_float_3_3
Parameters: 1 7.20017e-05 -0.000119999 -7.19983e-05 1 1.40086e-05 0.000120001 -1.39914e-05 1 0.0647593 -0.0561408 -0.0220941
FixedParameters: 0 0 0

#Transform 20
Transform: AffineTransform_float_3_3
Parameters: 1 -2.09697e-05 0.000383002 2.10303e-05 1 -7.89919e-05 -0.000382998 7.9008e-05 1 -0.0515801 0.0152555 0.100204
FixedParameters: 0 0 0

#Transform 21
Transform: AffineTransform_float_3_3
Parameters: 1 3.99438e-05 0.000146015 -4.00563e-05 1 0.000385994 -0.000145985 -0.000385006 1 -0.0181734 -0.145646 -0.0717971
FixedParameters: 0 0 0

#Transform 22
Transform: AffineTransform_float_3_3
Parameters: 1 -3.32472e-05 0.000339976 3.37528e-05 0.999999 0.000727011 -0.000340024 -0.000726988 0.999999 -0.0877459 -0.268073 -0.164639
FixedParameters: 0 0 0

#Transform 23
Transform: AffineTransform_float_3_3
Parameters: 1 -0.000246044 6.38295e-05 0.000245956 0.999999 0.000693015 -6.41704e-05 -0.000692984 1 -0.102741 -0.256767 -0.255404
FixedParameters: 0 0 0

#Transform 24
Transform: AffineTransform_float_3_3
Parameters: 1 -0.00023495 -7.41595e-05 0.00023505 0.999999 0.000678982 7.38404e-05 -0.000679017 1 -0.083931 -0.182848 -0.318395
FixedParameters: 0 0 0

#Transform 25
Transform: AffineTransform_float_3_3
Parameters: 1 3.99995e-05 -3.20006e-05 -4.00005e-05 1 -1.59987e-05 3.19994e-05 1.60013e-05 1 -0.0242202 0.0566023 -0.0997521
FixedParameters: 0 0 0

#Transform 26
Transform: AffineTransform_float_3_3
Parameters: 1 4.00807e-05 -0.00010697 -3.99193e-05 0.999999 0.000754004 0.00010703 -0.000753995 0.999999 -0.00363888 -0.169369 -0.347611
FixedParameters: 0 0 0

#Transform 27
Transform: AffineTransform_float_3_3
Parameters: 1 -0.000424647 -0.000293511 0.000425352 0.999999 0.00120288 0.000292489 -0.00120312 0.999999 -0.126828 -0.432325 -0.519803
FixedParameters: 0 0 0

#Transform 28
Transform: AffineTransform_float_3_3
Parameters: 1 -0.000454891 -0.000175282 0.000455109 0.999999 0.00061892 0.000175718 -0.00061908 1 -0.165102 -0.25204 -0.320175
FixedParameters: 0 0 0

#Transform 29
Transform: AffineTransform_float_3_3
Parameters: 1 -0.000454952 -0.000293075 0.000455048 1 0.000163867 0.000292925 -0.000164133 1 -0.136056 -0.077623 -0.188934
FixedParameters: 0 0 0

#Transform 30
Transform: AffineTransform_float_3_3
Parameters: 1 -0.000454658 -0.00029353 0.000454341 0.999999 0.00116587 0.000292471 -0.00116513 1 -0.135847 -0.389335 -0.437219
FixedParameters: 0 0 0

#Transform 31
Transform: AffineTransform_float_3_3
Parameters: 1 -0.000454699 -0.000293467 0.0004543 1 0.00102587 0.000292534 -0.00102613 1 -0.142629 -0.330987 -0.514769
FixedParameters: 0 0 0

#Transform 32
Transform: AffineTransform_float_3_3
Parameters: 1 -0.000563654 -0.000293665 0.000564345 0.999999 0.00117883 0.000292335 -0.00117917 1 -0.188281 -0.342515 -0.561055
FixedParameters: 0 0 0

#Transform 33
Transform: AffineTransform_float_3_3
Parameters: 1 -0.000454771 -0.000215485 0.00045423 1 0.0010659 0.000215516 -0.0010661 1 -0.175835 -0.296363 -0.538935
FixedParameters: 0 0 0

#Transform 34
Transform: AffineTransform_float_3_3
Parameters: 1 -0.00045473 -0.000293418 0.000454269 1 0.000919867 0.000292582 -0.000920133 0.999999 -0.16605 -0.255906 -0.511106
FixedParameters: 0 0 0

#Transform 35
Transform: AffineTransform_float_3_3
Parameters: 0.999999 -0.000622963 -0.000500045 0.000623036 1 7.26885e-05 0.000499954 -7.33115e-05 1 -0.189156 -0.0748527 -0.312631
FixedParameters: 0 0 0

#Transform 36
Transform: AffineTransform_float_3_3
Parameters: 0.999999 -0.000454726 -0.000568219 0.000454274 1 0.000482742 0.000567781 -0.000482258 0.999999 -0.125118 -0.134642 -0.430481
FixedParameters: 0 0 0

#Transform 37
Transform: AffineTransform_float_3_3
Parameters: 1 -0.000454843 -0.000293244 0.000454157 1 0.000535867 0.000292756 -0.000536133 1 -0.177896 -0.185835 -0.368442
FixedParameters: 0 0 0

#Transform 38
Transform: AffineTransform_float_3_3
Parameters: 1 -0.000454686 -0.000293488 0.000454314 1 0.00107187 0.000292513 -0.00107213 1 -0.17776 -0.398152 -0.519984
FixedParameters: 0 0 0

#Transform 39
Transform: AffineTransform_float_3_3
Parameters: 1 -0.000454496 -0.000532431 0.000454504 1 0.000946759 0.00053157 -0.000947243 1 -0.131861 -0.322026 -0.557895
FixedParameters: 0 0 0

#Transform 40
Transform: AffineTransform_float_3_3
Parameters: 0.999999 -0.00076289 -0.000293284 0.000763108 0.999999 0.000371776 0.000292716 -0.000372223 1 -0.282155 -0.164501 -0.35369
FixedParameters: 0 0 0

#Transform 41
Transform: AffineTransform_float_3_3
Parameters: 0.999999 -0.00078474 -0.000293694 0.000785259 1 0.00088477 0.000292305 -0.00088523 0.999999 -0.282494 -0.297508 -0.499748
FixedParameters: 0 0 0

#Transform 42
Transform: AffineTransform_float_3_3
Parameters: 0.999999 -0.000682652 -0.00029381 0.000683347 0.999999 0.0011858 0.00029219 -0.0011852 1 -0.253515 -0.41733 -0.589625
FixedParameters: 0 0 0

#Transform 43
Transform: AffineTransform_float_3_3
Parameters: 0.999999 -0.000802834 -0.000293453 0.000803164 0.999999 0.000563764 0.000292548 -0.000563235 1 -0.300903 -0.27734 -0.440606
FixedParameters: 0 0 0

#Transform 44
Transform: AffineTransform_float_3_3
Parameters: 0.999999 -0.000903871 -0.000293398 0.000904129 1 0.000440735 0.000292601 -0.000441265 1 -0.330733 -0.199389 -0.372633
FixedParameters: 0 0 0

#Transform 45
Transform: AffineTransform_float_3_3
Parameters: 0.999999 -0.000903693 -0.000293946 0.000904307 0.999999 0.00104674 0.000293054 -0.00104627 1 -0.329333 -0.417326 -0.556054
FixedParameters: 0 0 0

#Transform 46
Transform: AffineTransform_float_3_3
Parameters: 1 -0.000903369 -0.000475202 0.000904631 0.999998 0.00132957 0.000473797 -0.00133043 0.999999 -0.303036 -0.463953 -0.717181
FixedParameters: 0 0 0

#Transform 47
Transform: AffineTransform_float_3_3
Parameters: 1 -0.000903642 -0.000626518 0.00090436 1 0.000572434 0.000626483 -0.000572567 0.999999 -0.281511 -0.247236 -0.524246
FixedParameters: 0 0 0

#Transform 48
Transform: AffineTransform_float_3_3
Parameters: 1 -0.000903928 -0.000647101 0.000904072 0.999999 0.000111415 0.000646899 -0.000111585 1 -0.277687 -0.129684 -0.345996
FixedParameters: 0 0 0

#Transform 49
Transform: AffineTransform_float_3_3
Parameters: 1 -0.000903228 -0.000610145 0.000904772 0.999999 0.00126645 0.000608855 -0.00126655 0.999999 -0.284467 -0.448478 -0.731329
FixedParameters: 0 0 0

#Transform 50
Transform: AffineTransform_float_3_3
Parameters: 1 -0.000903102 -0.000710145 0.000904899 0.999999 0.00126636 0.000708855 -0.00126664 0.999999 -0.276705 -0.449833 -0.768416
FixedParameters: 0 0 0

#Transform 51
Transform: AffineTransform_float_3_3
Parameters: 0.999999 -0.00101868 -0.000808406 0.00101832 1 0.000398177 0.000808594 -0.000398824 0.999999 -0.311474 -0.212806 -0.504401
FixedParameters: 0 0 0

#Transform 52
Transform: AffineTransform_float_3_3
Parameters: 0.999999 -0.00111853 -0.000733716 0.00111947 0.999999 0.000640179 0.000732283 -0.000640819 0.999999 -0.356121 -0.296252 -0.55557
FixedParameters: 0 0 0

#Transform 53
Transform: AffineTransform_float_3_3
Parameters: 0.999999 -0.00107162 -0.000956552 0.00107338 0.999999 0.00144697 0.000955447 -0.00144803 0.999998 -0.298997 -0.530513 -0.850804
FixedParameters: 0 0 0

#Transform 54
Transform: AffineTransform_float_3_3
Parameters: 0.999999 -0.000902733 -0.000904265 0.000904265 0.999998 0.00140018 0.000902733 -0.00140181 0.999998 -0.258003 -0.441062 -0.854789
FixedParameters: 0 0 0

#Transform 55
Transform: AffineTransform_float_3_3
Parameters: 0.999999 -0.00113106 -0.00107899 0.00113194 0.999999 0.00087578 0.00107801 -0.00087622 0.999999 -0.313054 -0.300173 -0.731091
FixedParameters: 0 0 0

#Transform 56
Transform: AffineTransform_float_3_3
Parameters: 0.999999 -0.001066 -0.00115585 0.001068 0.999998 0.00173077 0.00115415 -0.00173223 0.999998 -0.278357 -0.555034 -0.997587
FixedParameters: 0 0 0

#Transform 57
Transform: AffineTransform_float_3_3
Parameters: 0.999999 -0.00117036 -0.00135542 0.00117164 0.999998 0.00121041 0.00135358 -0.00121159 0.999999 -0.28672 -0.416422 -0.911785
FixedParameters: 0 0 0

#Transform 58
Transform: AffineTransform_float_3_3
Parameters: 0.999999 -0.00090258 -0.00151485 0.000904421 0.999999 0.000937632 0.00151315 -0.000938368 0.999999 -0.177494 -0.273976 -0.845671
FixedParameters: 0 0 0

#Transform 59
Transform: AffineTransform_float_3_3
Parameters: 0.999998 -0.000901571 -0.00137559 0.000904427 0.999998 0.00176576 0.0013734 -0.00176724 0.999998 -0.198827 -0.539412 -1.05197
FixedParameters: 0 0 0

#Transform 60
Transform: AffineTransform_float_3_3
Parameters: 0.999998 -0.00100365 -0.00139669 0.00100636 0.999998 0.0016866 0.0013953 -0.0016874 0.999997 -0.220204 -0.504451 -1.06218
FixedParameters: 0 0 0

#Transform 61
Transform: AffineTransform_float_3_3
Parameters: 0.999998 -0.0013181 -0.0013289 0.0013189 0.999999 0.000678248 0.00132711 -0.00067975 0.999999 -0.343092 -0.302315 -0.742196
FixedParameters: 0 0 0

#Transform 62
Transform: AffineTransform_float_3_3
Parameters: 0.999998 -0.00131697 -0.0014878 0.00131903 0.999998 0.00136604 0.0014852 -0.00136796 0.999998 -0.309153 -0.49931 -0.936815
FixedParameters: 0 0 0

#Transform 63
Transform: AffineTransform_float_3_3
Parameters: 0.999999 -0.0013167 -0.00126141 0.00131831 0.999998 0.00182934 0.00125859 -0.00183066 0.999997 -0.34734 -0.619858 -1.05006
FixedParameters: 0 0 0

#Transform 64
Transform: AffineTransform_float_3_3
Parameters: 0.999998 -0.00131675 -0.00154093 0.00131925 0.999998 0.00146297 0.00153907 -0.00146503 0.999997 -0.311811 -0.47256 -1.02177
FixedParameters: 0 0 0

#Transform 65
Transform: AffineTransform_float_3_3
Parameters: 0.999999 -0.0013175 -0.00129153 0.0013185 0.999999 0.0011633 0.00129047 -0.0011647 0.999998 -0.34827 -0.390824 -0.870619
FixedParameters: 0 0 0

#Transform 66
Transform: AffineTransform_float_3_3
Parameters: 0.999998 -0.00116168 -0.00124317 0.00116431 0.999997 0.00186256 0.00124183 -0.00186445 0.999998 -0.30515 -0.619679 -1.08577
FixedParameters: 0 0 0

#Transform 67
Transform: AffineTransform_float_3_3
Parameters: 0.999999 -0.00100647 -0.0014158 0.00100953 0.999998 0.00178657 0.0014142 -0.00178743 0.999998 -0.233859 -0.527433 -1.13149
FixedParameters: 0 0 0

#Transform 68
Transform: AffineTransform_float_3_3
Parameters: 0.999997 -0.00115854 -0.00179459 0.00116146 0.999999 0.00137192 0.00179341 -0.00137408 0.999998 -0.229396 -0.405667 -1.0927
FixedParameters: 0 0 0

#Transform 69
Transform: AffineTransform_float_3_3
Parameters: 0.999997 -0.0010898 -0.00188727 0.0010912 0.999998 0.00116594 0.00188573 -0.00116806 0.999997 -0.177762 -0.323821 -1.02587
FixedParameters: 0 0 0

#Transform 70
Transform: AffineTransform_float_3_3
Parameters: 0.999998 -0.00116827 -0.00164994 0.00117073 0.999998 0.00165407 0.00164807 -0.00165593 0.999998 -0.247064 -0.552591 -1.11503
FixedParameters: 0 0 0

#Transform 71
Transform: AffineTransform_float_3_3
Parameters: 0.999997 -0.00100271 -0.00217398 0.00100629 0.999998 0.00197182 0.00217202 -0.00197418 0.999995 -0.100946 -0.560762 -1.37507
FixedParameters: 0 0 0

#Transform 72
Transform: AffineTransform_float_3_3
Parameters: 0.999997 -0.00109822 -0.00191959 0.00110078 0.999999 0.00144789 0.00191741 -0.00145011 0.999997 -0.182101 -0.432916 -1.16148
FixedParameters: 0 0 0

#Transform 73
Transform: AffineTransform_float_3_3
Parameters: 0.999997 -0.00107328 -0.00186799 0.00107472 0.999999 0.000917994 0.00186701 -0.000920006 0.999998 -0.187203 -0.288056 -0.969056
FixedParameters: 0 0 0

#Transform 74
Transform: AffineTransform_float_3_3
Parameters: 0.999997 -0.00114169 -0.00185404 0.00114431 0.999997 0.00178688 0.00185196 -0.00178912 0.999996 -0.205762 -0.582335 -1.21463
FixedParameters: 0 0 0

#Transform 75
Transform: AffineTransform_float_3_3
Parameters: 0.999998 -0.00131637 -0.0016521 0.00131863 0.999998 0.00159383 0.0016499 -0.00159518 0.999998 -0.303804 -0.531657 -1.15948
FixedParameters: 0 0 0

#Transform 76
Transform: AffineTransform_float_3_3
Parameters: 0.999998 -0.00131738 -0.00190512 0.00131862 0.999999 0.00085049 0.00190388 -0.00085251 0.999998 -0.262697 -0.312221 -0.956017
FixedParameters: 0 0 0

#Transform 77
Transform: AffineTransform_float_3_3
Parameters: 0.999998 -0.00131593 -0.00184419 0.00131906 0.999997 0.00166157 0.00184181 -0.00166443 0.999997 -0.269449 -0.582997 -1.18966
FixedParameters: 0 0 0

#Transform 78
Transform: AffineTransform_float_3_3
Parameters: 0.999997 -0.00131405 -0.00211208 0.00131895 0.999997 0.00234122 0.00210991 -0.00234478 0.999995 -0.218707 -0.736182 -1.48602
FixedParameters: 0 0 0

#Transform 79
Transform: AffineTransform_float_3_3
Parameters: 0.999998 -0.00131659 -0.00184173 0.00131841 0.999999 0.00130958 0.00184027 -0.00131243 0.999998 -0.288539 -0.439764 -1.11911
FixedParameters: 0 0 0

#Transform 80
Transform: AffineTransform_float_3_3
Parameters: 0.999997 -0.00131675 -0.00217436 0.00131924 0.999998 0.00103113 0.00217264 -0.00103386 0.999997 -0.225309 -0.367788 -1.08572
FixedParameters: 0 0 0

#Transform 81
Transform: AffineTransform_float_3_3
Parameters: 0.999997 -0.00131522 -0.00212535 0.00131878 0.999997 0.0017802 0.00212365 -0.0017828 0.999996 -0.233492 -0.639217 -1.33092
FixedParameters: 0 0 0

#Transform 82
Transform: AffineTransform_float_3_3
Parameters: 0.999997 -0.0013147 -0.00212966 0.0013183 0.999997 0.0020202 0.00212634 -0.0020228 0.999995 -0.232704 -0.624557 -1.41091
FixedParameters: 0 0 0

#Transform 83
Transform: AffineTransform_float_3_3
Parameters: 0.999997 -0.0010785 -0.00242811 0.0010815 0.999999 0.00102938 0.00242689 -0.00103262 0.999996 -0.119516 -0.319849 -1.19006
FixedParameters: 0 0 0

#Transform 84
Transform: AffineTransform_float_3_3
Parameters: 0.999996 -0.0013167 -0.00227333 0.0013183 0.999998 0.00101101 0.00227267 -0.001014 0.999997 -0.229682 -0.38025 -1.12118
FixedParameters: 0 0 0

#Transform 85
Transform: AffineTransform_float_3_3
Parameters: 0.999997 -0.00110659 -0.00248097 0.00111141 0.999998 0.00177825 0.00247903 -0.00178075 0.999996 -0.119176 -0.562136 -1.41391
FixedParameters: 0 0 0

#Transform 86
Transform: AffineTransform_float_3_3
Parameters: 0.999996 -0.00131414 -0.00242664 0.00131886 0.999997 0.00200181 0.00242436 -0.00200419 0.999995 -0.193418 -0.614628 -1.50811
FixedParameters: 0 0 0

#Transform 87
Transform: AffineTransform_float_3_3
Parameters: 0.999996 -0.0013157 -0.00243479 0.0013183 0.999998 0.0013558 0.00243221 -0.00135821 0.999996 -0.197879 -0.449303 -1.31723
FixedParameters: 0 0 0

#Transform 88
Transform: AffineTransform_float_3_3
Parameters: 0.999997 -0.00116954 -0.0021368 0.00117146 0.999999 0.000681499 0.0021362 -0.0006845 0.999997 -0.208297 -0.290955 -1.04518
FixedParameters: 0 0 0

#Transform 89
Transform: AffineTransform_float_3_3
Parameters: 0.999997 -0.000517807 -0.00210505 0.000518192 1 9.09094e-05 0.00210495 -9.20901e-05 0.999998 -0.0080188 0.030144 -0.885004
FixedParameters: 0 0 0

#Transform 90
Transform: AffineTransform_float_3_3
Parameters: 0.999998 -0.000853134 -0.00206078 0.000854868 0.999999 0.000905241 0.00206023 -0.000906761 0.999998 -0.120775 -0.342685 -1.09439
FixedParameters: 0 0 0

#Transform 91
Transform: AffineTransform_float_3_3
Parameters: 0.999997 -0.000724247 -0.00203262 0.000725753 1 0.000861527 0.00203237 -0.000863474 0.999997 -0.0793573 -0.322818 -1.09071
FixedParameters: 0 0 0

#Transform 92
Transform: AffineTransform_float_3_3
Parameters: 0.999997 -0.000706347 -0.00242019 0.000706653 0.999999 0.000269291 0.00241981 -0.00027071 0.999997 -0.0289929 -0.0868 -1.00081
FixedParameters: 0 0 0

#Transform 93
Transform: AffineTransform_float_3_3
Parameters: 0.999997 -0.000679822 -0.00225505 0.000680176 1 7.74664e-05 0.00225495 -7.95332e-05 0.999998 -0.0452607 -0.0564289 -0.862008
FixedParameters: 0 0 0

#Transform 94
Transform: AffineTransform_float_3_3
Parameters: 0.999997 -0.000805253 -0.00202809 0.000807745 0.999999 0.00135336 0.00202691 -0.00135564 0.999997 -0.128616 -0.463304 -1.2136
FixedParameters: 0 0 0

#Transform 95
Transform: AffineTransform_float_3_3
Parameters: 0.999997 -0.000679457 -0.00237844 0.000681545 1 0.000648381 0.00237856 -0.000649618 0.999997 -0.0337949 -0.188144 -1.10702
FixedParameters: 0 0 0

#Transform 96
Transform: AffineTransform_float_3_3
Parameters: 0.999996 -0.000390021 -0.00255915 0.000390979 1 0.000382001 0.00255885 -0.000382999 0.999996 0.104361 0.00012027 -1.05817
FixedParameters: 0 0 0

#Transform 97
Transform: AffineTransform_float_3_3
Parameters: 0.999997 -0.000786966 -0.00226371 0.000789036 1 0.000898217 0.00226329 -0.000899784 0.999997 -0.0792859 -0.337392 -1.14533
FixedParameters: 0 0 0

#Transform 98
Transform: AffineTransform_float_3_3
Parameters: 0.999997 -0.000714953 -0.00257513 0.000719047 0.999998 0.00157115 0.00257388 -0.00157285 0.999996 0.000905837 -0.427625 -1.45539
FixedParameters: 0 0 0

#Transform 99
Transform: AffineTransform_float_3_3
Parameters: 0.999995 -0.000671193 -0.0030224 0.000672807 0.999999 0.000596969 0.0030226 -0.000599032 0.999996 0.102739 -0.105296 -1.2559
FixedParameters: 0 0 0

#Transform 100
Transform: AffineTransform_float_3_3
Parameters: 0.999997 -0.000556471 -0.00260854 0.000558532 1 0.000969547 0.00260846 -0.000970455 0.999996 0.0549946 -0.212 -1.24104
FixedParameters: 0 0 0

#Transform 101
Transform: AffineTransform_float_3_3
Parameters: 0.999996 -0.00047487 -0.00279171 0.00047913 0.999999 0.00147867 0.00279129 -0.00148033 0.999995 0.113002 -0.334566 -1.46679
FixedParameters: 0 0 0

#Transform 102
Transform: AffineTransform_float_3_3
Parameters: 0.999996 -0.000618163 -0.00273842 0.000619837 0.999999 0.000670305 0.00273759 -0.000671695 0.999996 0.0468091 -0.151018 -1.23581
FixedParameters: 0 0 0

#Transform 103
Transform: AffineTransform_float_3_3
Parameters: 0.999996 -0.000396129 -0.00299912 0.000396871 1 0.000289811 0.00299889 -0.000291189 0.999996 0.182263 0.0293757 -1.16427
FixedParameters: 0 0 0

#Transform 104
Transform: AffineTransform_float_3_3
Parameters: 0.999996 -0.000233787 -0.00286326 0.000237211 1 0.00112133 0.00286274 -0.00112267 0.999996 0.195297 -0.232877 -1.37756
FixedParameters: 0 0 0

#Transform 105
Transform: AffineTransform_float_3_3
Parameters: 0.999996 -0.000233636 -0.00306026 0.000237365 1 0.00109928 0.00305974 -0.00109972 0.999994 0.234124 -0.208095 -1.47125
FixedParameters: 0 0 0

#Transform 106
Transform: AffineTransform_float_3_3
Parameters: 0.999995 -0.000496053 -0.00320215 0.000496945 1 0.00029441 0.00320185 -0.00029659 0.999995 0.171744 -0.0272119 -1.26779
FixedParameters: 0 0 0

#Transform 107
Transform: AffineTransform_float_3_3
Parameters: 0.999996 -0.000663316 -0.00280563 0.000665684 1 0.000956136 0.00280436 -0.000957864 0.999995 0.0500959 -0.2094 -1.34611
FixedParameters: 0 0 0

#Transform 108
Transform: AffineTransform_float_3_3
Parameters: 0.999995 -0.000557528 -0.00308463 0.000560473 0.999999 0.00112528 0.00308337 -0.00112672 0.999994 0.129086 -0.284946 -1.4718
FixedParameters: 0 0 0

#Transform 109
Transform: AffineTransform_float_3_3
Parameters: 0.999995 -0.000335975 -0.00311722 0.000338024 0.999999 0.000648949 0.00311678 -0.00065005 0.999995 0.197837 -0.0583065 -1.36175
FixedParameters: 0 0 0

#Transform 110
Transform: AffineTransform_float_3_3
Parameters: 0.999996 -4.5023e-05 -0.0029 4.49766e-05 1 -8.13046e-06 0.0029 7.86946e-06 0.999996 0.254194 0.159722 -1.11087
FixedParameters: 0 0 0

#Transform 111
Transform: AffineTransform_float_3_3
Parameters: 0.999995 8.36873e-05 -0.00321493 -8.13118e-05 0.999999 0.000836266 0.00321507 -0.000835735 0.999995 0.345807 -0.0807975 -1.4365
FixedParameters: 0 0 0

#Transform 112
Transform: AffineTransform_float_3_3
Parameters: 0.999994 8.56581e-05 -0.00331391 -8.13408e-05 1 0.00110428 0.00331409 -0.00110372 0.999994 0.364672 -0.139579 -1.52137
FixedParameters: 0 0 0

#Transform 113
Transform: AffineTransform_float_3_3
Parameters: 0.999995 -0.000194543 -0.00309097 0.000194458 1 -0.000175602 0.00309104 0.0001754 0.999995 0.237838 0.12965 -1.09879
FixedParameters: 0 0 0

#Transform 114
Transform: AffineTransform_float_3_3
Parameters: 0.999995 -9.83476e-05 -0.00337805 0.000100651 1 0.000488663 0.00337795 -0.000489335 0.999994 0.322691 -0.0417003 -1.30323
FixedParameters: 0 0 0

#Transform 115
Transform: AffineTransform_float_3_3
Parameters: 0.999996 -0.000133686 -0.00301815 0.000137313 1 0.00109759 0.00301785 -0.00109841 0.999995 0.249721 -0.228878 -1.41404
FixedParameters: 0 0 0

#Transform 116
Transform: AffineTransform_float_3_3
Parameters: 0.999996 6.84311e-05 -0.00305197 -6.65714e-05 1 0.000468205 0.00305203 -0.000468793 0.999995 0.312111 0.0113775 -1.25987
FixedParameters: 0 0 0

#Transform 117
Transform: AffineTransform_float_3_3
Parameters: 0.999995 0.000130956 -0.003339 -0.000131043 1 -1.25625e-05 0.003339 1.34373e-05 0.999995 0.387432 0.174286 -1.17766
FixedParameters: 0 0 0

#Transform 118
Transform: AffineTransform_float_3_3
Parameters: 0.999995 -8.86976e-06 -0.00316501 1.21301e-05 1 0.000988967 0.00316499 -0.000989033 0.999994 0.307924 -0.136206 -1.43325
FixedParameters: 0 0 0

#Transform 119
Transform: AffineTransform_float_3_3
Parameters: 0.999995 -3.73328e-05 -0.00310505 4.06668e-05 1 0.00118088 0.00310496 -0.00118112 0.999995 0.283745 -0.203468 -1.49328
FixedParameters: 0 0 0

#Transform 120
Transform: AffineTransform_float_3_3
Parameters: 0.999994 -0.000135667 -0.00343001 0.000136335 1 9.7533e-05 0.00342999 -9.74659e-05 0.999994 0.296336 0.0998925 -1.25312
FixedParameters: 0 0 0

#Transform 121
Transform: AffineTransform_float_3_3
Parameters: 0.999994 0.000156973 -0.003279 -0.000157025 1 -7.48515e-06 0.003279 8.51476e-06 0.999994 0.375223 0.202868 -1.15894
FixedParameters: 0 0 0

#Transform 122
Transform: AffineTransform_float_3_3
Parameters: 0.999994 -8.30861e-05 -0.0034541 8.69129e-05 1 0.00113271 0.00345391 -0.00113329 0.999994 0.319716 -0.177621 -1.56788
FixedParameters: 0 0 0

#Transform 123
Transform: AffineTransform_float_3_3
Parameters: 0.999993 -4.62395e-06 -0.00380201 1.03759e-05 0.999998 0.00167697 0.00380199 -0.00167703 0.999992 0.408512 -0.248863 -1.84186
FixedParameters: 0 0 0

#Transform 124
Transform: AffineTransform_float_3_3
Parameters: 0.999993 -6.46256e-05 -0.00357802 6.63735e-05 1 0.000383765 0.00357797 -0.000384233 0.999993 0.339441 0.0925181 -1.42161
FixedParameters: 0 0 0

#Transform 125
Transform: AffineTransform_float_3_3
Parameters: 0.999993 3.41309e-05 -0.00367497 -3.08687e-05 0.999999 0.000852119 0.00367503 -0.00085188 0.999993 0.393977 0.0261094 -1.5762
FixedParameters: 0 0 0

#Transform 126
Transform: AffineTransform_float_3_3
Parameters: 0.999993 -0.000186204 -0.00355425 0.000190793 0.999999 0.00134833 0.00355374 -0.00134967 0.999993 0.301023 -0.213993 -1.73241
FixedParameters: 0 0 0

#Transform 127
Transform: AffineTransform_float_3_3
Parameters: 0.999993 -0.00019671 -0.00374133 0.000203292 0.999998 0.00168125 0.00374166 -0.00168175 0.999991 0.332037 -0.249708 -1.88243
FixedParameters: 0 0 0

#Transform 128
Transform: AffineTransform_float_3_3
Parameters: 0.999994 -0.000236739 -0.00333109 0.000237261 1 0.000378212 0.00333091 -0.000378791 0.999995 0.23373 0.0706713 -1.40211
FixedParameters: 0 0 0

#Transform 129
Transform: AffineTransform_float_3_3
Parameters: 0.999993 -0.000311061 -0.00370825 0.000313939 0.999999 0.000791841 0.00370875 -0.000793159 0.999993 0.285167 -0.0647107 -1.58551
FixedParameters: 0 0 0

#Transform 130
Transform: AffineTransform_float_3_3
Parameters: 0.999993 -0.000333536 -0.00366869 0.000340465 0.999998 0.00203476 0.00366732 -0.00203524 0.999991 0.268871 -0.343327 -1.99953
FixedParameters: 0 0 0

#Transform 131
Transform: AffineTransform_float_3_3
Parameters: 0.999993 -0.000384597 -0.00391014 0.000386401 1 0.000357492 0.00390986 -0.000359507 0.999993 0.298437 0.0608725 -1.55096
FixedParameters: 0 0 0

#Transform 132
Transform: AffineTransform_float_3_3
Parameters: 0.999993 -0.000512953 -0.00364472 0.000518048 0.999999 0.00138412 0.00364429 -0.00138588 0.999993 0.208498 -0.22658 -1.76769
FixedParameters: 0 0 0

#Transform 133
Transform: AffineTransform_float_3_3
Parameters: 0.999991 -0.000657458 -0.00401441 0.000665543 0.999998 0.00212735 0.00401259 -0.00212966 0.999989 0.231203 -0.447558 -2.09618
FixedParameters: 0 0 0

#Transform 134
Transform: AffineTransform_float_3_3
Parameters: 0.999991 -0.000548218 -0.00425714 0.00055778 0.999997 0.00206164 0.00425586 -0.00206435 0.999989 0.320691 -0.377009 -2.16006
FixedParameters: 0 0 0

#Transform 135
Transform: AffineTransform_float_3_3
Parameters: 0.999992 -0.000660967 -0.00389486 0.000666031 0.999999 0.00129042 0.00389414 -0.00129358 0.999991 0.210582 -0.197447 -1.86552
FixedParameters: 0 0 0

#Transform 136
Transform: AffineTransform_float_3_3
Parameters: 0.999993 -8.84111e-05 -0.00380509 9.15874e-05 0.999999 0.000942658 0.00380492 -0.000943343 0.999993 0.382671 0.0270584 -1.72534
FixedParameters: 0 0 0

#Transform 137
Transform: AffineTransform_float_3_3
Parameters: 0.999992 -0.000658064 -0.00411628 0.000665937 0.999998 0.00192727 0.00411472 -0.00192972 0.999989 0.256603 -0.378673 -2.07116
FixedParameters: 0 0 0

#Transform 138
Transform: AffineTransform_float_3_3
Parameters: 0.999992 -0.000658314 -0.00398628 0.000665682 0.999998 0.00192636 0.00398472 -0.00192964 0.99999 0.224746 -0.402235 -2.09813
FixedParameters: 0 0 0

#Transform 139
Transform: AffineTransform_float_3_3
Parameters: 0.999993 -0.000661141 -0.00373986 0.000665857 0.999999 0.00129752 0.00373914 -0.00130048 0.999992 0.181862 -0.193289 -1.85727
FixedParameters: 0 0 0

#Transform 140
Transform: AffineTransform_float_3_3
Parameters: 0.999993 -0.000460846 -0.00354441 0.000464155 1 0.000889361 0.00354359 -0.000890639 0.999994 0.205638 -0.096802 -1.70891
FixedParameters: 0 0 0

#Transform 141
Transform: AffineTransform_float_3_3
Parameters: 0.999993 -0.000364573 -0.00371914 0.000366426 1 0.00038264 0.00371986 -0.000384359 0.999993 0.267964 0.0695812 -1.58206
FixedParameters: 0 0 0

#Transform 142
Transform: AffineTransform_float_3_3
Parameters: 0.999992 -0.000365299 -0.00380145 0.000370703 0.999999 0.0012366 0.00380054 -0.0012374 0.999992 0.279734 -0.215495 -1.8412
FixedParameters: 0 0 0

#Transform 143
Transform: AffineTransform_float_3_3
Parameters: 0.999991 -0.000250864 -0.0042743 0.000256135 0.999999 0.00120092 0.0042737 -0.00120208 0.99999 0.409137 -0.16358 -1.97394
FixedParameters: 0 0 0

#Transform 144
Transform: AffineTransform_float_3_3
Parameters: 0.999992 -0.000220615 -0.00415213 0.000222386 1 0.000574082 0.00415188 -0.000574921 0.999991 0.385627 0.0486771 -1.79175
FixedParameters: 0 0 0

#Transform 145
Transform: AffineTransform_float_3_3
Parameters: 0.99999 -0.000431963 -0.0042843 0.000435033 0.999999 0.000707142 0.00428369 -0.000709856 0.99999 0.349223 -0.0412867 -1.81675
FixedParameters: 0 0 0

#Transform 146
Transform: AffineTransform_float_3_3
Parameters: 0.999991 -0.000214254 -0.0042303 0.000220742 0.999999 0.00135708 0.0042297 -0.00135892 0.99999 0.404954 -0.192191 -2.03289
FixedParameters: 0 0 0

#Transform 147
Transform: AffineTransform_float_3_3
Parameters: 0.999991 -0.000253341 -0.00423716 0.000256658 1 0.000626918 0.00423684 -0.000628079 0.999991 0.382172 0.0217193 -1.79002
FixedParameters: 0 0 0

#Transform 148
Transform: AffineTransform_float_3_3
Parameters: 0.999992 -0.000144066 -0.00403814 0.000147932 0.999999 0.00097341 0.00403786 -0.00097459 0.999992 0.384385 -0.0659038 -1.82433
FixedParameters: 0 0 0

#Transform 149
Transform: AffineTransform_float_3_3
Parameters: 0.999992 -0.000255957 -0.00400339 0.000262042 0.999999 0.00150896 0.00400261 -0.00151004 0.999991 0.351215 -0.254695 -1.99888
FixedParameters: 0 0 0

#Transform 150
Transform: AffineTransform_float_3_3
Parameters: 0.999992 -0.000199045 -0.00404509 0.000200957 1 0.000483191 0.0040459 -0.000483809 0.999991 0.359122 0.0479175 -1.71082
FixedParameters: 0 0 0

#Transform 151
Transform: AffineTransform_float_3_3
Parameters: 0.999991 8.41524e-05 -0.00418896 -8.18461e-05 1 0.000514347 0.00418904 -0.000513652 0.999991 0.480957 0.133683 -1.716
FixedParameters: 0 0 0

#Transform 152
Transform: AffineTransform_float_3_3
Parameters: 0.999989 -0.000155235 -0.0045272 0.000160762 0.999999 0.00127229 0.0045278 -0.00127372 0.999989 0.470797 -0.172482 -2.00422
FixedParameters: 0 0 0

#Transform 153
Transform: AffineTransform_float_3_3
Parameters: 0.999992 -0.000432762 -0.00403235 0.000436238 0.999999 0.000802247 0.00403165 -0.000803751 0.999991 0.294135 -0.102166 -1.79306
FixedParameters: 0 0 0

#Transform 154
Transform: AffineTransform_float_3_3
Parameters: 0.999993 -0.000278844 -0.00375909 0.000280156 1 0.000306949 0.00375891 -0.00030805 0.999993 0.294694 0.0897333 -1.57982
FixedParameters: 0 0 0

#Transform 155
Transform: AffineTransform_float_3_3
Parameters: 0.999991 -0.000601453 -0.0041958 0.00060755 0.999999 0.00132146 0.0041952 -0.00132354 0.999991 0.265147 -0.263037 -1.97478
FixedParameters: 0 0 0

#Transform 156
Transform: AffineTransform_float_3_3
Parameters: 0.999991 -0.000385466 -0.00421851 0.000391536 0.999999 0.00131136 0.00421849 -0.00131264 0.99999 0.335864 -0.19811 -1.99893
FixedParameters: 0 0 0

#Transform 157
Transform: AffineTransform_float_3_3
Parameters: 0.99999 -0.000257869 -0.00458712 0.000260135 1 0.000464812 0.00458788 -0.000465188 0.99999 0.442378 0.0762651 -1.85024
FixedParameters: 0 0 0

#Transform 158
Transform: AffineTransform_float_3_3
Parameters: 0.999989 -0.000231761 -0.00472821 0.000236238 0.999999 0.000895893 0.00472779 -0.000897106 0.999989 0.47612 -0.029253 -2.0027
FixedParameters: 0 0 0

#Transform 159
Transform: AffineTransform_float_3_3
Parameters: 0.99999 -0.000325076 -0.00431753 0.000331927 0.999998 0.00160358 0.00431747 -0.00160442 0.99999 0.366003 -0.255154 -2.11215
FixedParameters: 0 0 0

#Transform 160
Transform: AffineTransform_float_3_3
Parameters: 0.999989 -0.000111286 -0.00455509 0.000115711 0.999999 0.000814481 0.00455491 -0.000815515 0.99999 0.476044 0.0216206 -1.93613
FixedParameters: 0 0 0

#Transform 161
Transform: AffineTransform_float_3_3
Parameters: 0.999989 -0.000255206 -0.00471126 0.000259794 1 0.00101679 0.00471174 -0.00101821 0.999989 0.447018 -0.0366088 -2.05265
FixedParameters: 0 0 0

#Transform 162
Transform: AffineTransform_float_3_3
Parameters: 0.999989 -0.000370219 -0.00469954 0.000376781 0.999999 0.00144225 0.00469846 -0.00144376 0.999988 0.416899 -0.232342 -2.15299
FixedParameters: 0 0 0

#Transform 163
Transform: AffineTransform_float_3_3
Parameters: 0.999986 -0.000172209 -0.00529716 0.000176792 0.999999 0.000904075 0.00529784 -0.000904924 0.999985 0.590266 0.00721559 -2.13868
FixedParameters: 0 0 0

#Transform 164
Transform: AffineTransform_float_3_3
Parameters: 0.999989 -0.000284213 -0.00472923 0.000287784 0.999999 0.000799648 0.00472877 -0.000801353 0.999989 0.458542 0.00832394 -1.95549
FixedParameters: 0 0 0

#Transform 165
Transform: AffineTransform_float_3_3
Parameters: 0.999988 -0.00031647 -0.00493156 0.000324531 0.999999 0.00172942 0.00493045 -0.00173058 0.999987 0.483281 -0.282018 -2.3365
FixedParameters: 0 0 0

#Transform 166
Transform: AffineTransform_float_3_3
Parameters: 0.999988 -0.000379018 -0.00499562 0.000386978 0.999998 0.00159609 0.00499539 -0.00159891 0.999986 0.475755 -0.152878 -2.3314
FixedParameters: 0 0 0

#Transform 167
Transform: AffineTransform_float_3_3
Parameters: 0.999988 -0.000243878 -0.00486626 0.000249126 1 0.0010528 0.00486574 -0.0010532 0.999987 0.490343 0.000262542 -2.08768
FixedParameters: 0 0 0

#Transform 168
Transform: AffineTransform_float_3_3
Parameters: 0.999988 -0.000317037 -0.0047506 0.000325961 0.999998 0.00188547 0.00475039 -0.00188753 0.999987 0.446588 -0.286692 -2.29185
FixedParameters: 0 0 0

#Transform 169
Transform: AffineTransform_float_3_3
Parameters: 0.999987 -0.000423809 -0.00493897 0.00043519 0.999998 0.00226488 0.00493803 -0.00226712 0.999985 0.437862 -0.324381 -2.50854
FixedParameters: 0 0 0

#Transform 170
Transform: AffineTransform_float_3_3
Parameters: 0.999987 -0.000176382 -0.0051382 0.000181619 1 0.00109308 0.0051378 -0.00109392 0.999986 0.551476 0.0398834 -2.17672
FixedParameters: 0 0 0

#Transform 171
Transform: AffineTransform_float_3_3
Parameters: 0.999986 -0.000391187 -0.00516791 0.000402818 0.999998 0.00228595 0.00516709 -0.00228705 0.999984 0.483813 -0.350312 -2.52789
FixedParameters: 0 0 0

#Transform 172
Transform: AffineTransform_float_3_3
Parameters: 0.999987 -0.000214905 -0.00508257 0.000228093 0.999996 0.00257587 0.00508143 -0.00257712 0.999984 0.52665 -0.36625 -2.66438
FixedParameters: 0 0 0

#Transform 173
Transform: AffineTransform_float_3_3
Parameters: 0.999987 -3.9928e-05 -0.00520705 4.6076e-05 1 0.00116678 0.00520695 -0.00116622 0.999986 0.614758 0.0699979 -2.27834
FixedParameters: 0 0 0

#Transform 174
Transform: AffineTransform_float_3_3
Parameters: 0.999986 -3.59227e-06 -0.00530302 1.34075e-05 0.999998 0.00177395 0.00530299 -0.00177404 0.999985 0.638847 -0.112027 -2.4395
FixedParameters: 0 0 0

#Transform 175
Transform: AffineTransform_float_3_3
Parameters: 0.999986 1.71949e-06 -0.00525502 1.37193e-05 0.999996 0.00280097 0.00525498 -0.00280103 0.999983 0.629605 -0.378653 -2.75818
FixedParameters: 0 0 0

#Transform 176
Transform: AffineTransform_float_3_3
Parameters: 0.999984 3.6068e-08 -0.00552601 1.30358e-05 0.999997 0.00235896 0.00552598 -0.00235904 0.999982 0.665157 -0.203732 -2.69792
FixedParameters: 0 0 0

#Transform 177
Transform: AffineTransform_float_3_3
Parameters: 0.999985 0.000206292 -0.00546384 -0.000202708 0.999999 0.000786119 0.00546416 -0.000784884 0.999985 0.727107 0.196689 -2.17454
FixedParameters: 0 0 0

#Transform 178
Transform: AffineTransform_float_3_3
Parameters: 0.999986 -4.13723e-06 -0.00540402 1.28625e-05 0.999998 0.00163995 0.00540399 -0.00164005 0.999984 0.646336 -0.0987505 -2.41909
FixedParameters: 0 0 0

#Transform 179
Transform: AffineTransform_float_3_3
Parameters: 0.999985 2.02115e-06 -0.00560901 1.30209e-05 0.999997 0.00267797 0.00560898 -0.00267803 0.99998 0.679455 -0.371852 -2.80987
FixedParameters: 0 0 0

#Transform 180
Transform: AffineTransform_float_3_3
Parameters: 0.999984 1.86634e-06 -0.00569802 1.28661e-05 0.999996 0.00260897 0.00569799 -0.00260903 0.999981 0.686509 -0.254414 -2.83627
FixedParameters: 0 0 0

#Transform 181
Transform: AffineTransform_float_3_3
Parameters: 0.999984 0.00023286 -0.00564868 -0.00022514 0.999999 0.00139229 0.00564832 -0.00139071 0.999983 0.754844 0.0901418 -2.41433
FixedParameters: 0 0 0

#Transform 182
Transform: AffineTransform_float_3_3
Parameters: 0.999986 0.000148373 -0.00531269 -0.000137625 0.999997 0.00214176 0.0053123 -0.00214024 0.999983 0.650753 -0.175039 -2.55892
FixedParameters: 0 0 0

#Transform 183
Transform: AffineTransform_float_3_3
Parameters: 0.999983 3.79295e-06 -0.00593802 1.37927e-05 0.999996 0.00282797 0.00593799 -0.00282803 0.999979 0.725873 -0.349925 -2.94208
FixedParameters: 0 0 0

#Transform 184
Transform: AffineTransform_float_3_3
Parameters: 0.999981 4.32834e-06 -0.00606301 1.33281e-05 0.999996 0.00285797 0.00606298 -0.00285802 0.999977 0.747901 -0.330802 -3.00318
FixedParameters: 0 0 0

#Transform 185
Transform: AffineTransform_float_3_3
Parameters: 0.999982 0.000345989 -0.00596237 -0.000335011 0.999998 0.00184403 0.00596263 -0.00184197 0.99998 0.830255 0.0331973 -2.69346
FixedParameters: 0 0 0

#Transform 186
Transform: AffineTransform_float_3_3
Parameters: 0.999984 0.000359279 -0.00554941 -0.000349721 0.999998 0.00167297 0.00554959 -0.00167103 0.999983 0.754715 0.0448406 -2.53817
FixedParameters: 0 0 0

#Transform 187
Transform: AffineTransform_float_3_3
Parameters: 0.999981 0.000134033 -0.00606573 -0.000120961 0.999997 0.00214977 0.00606627 -0.00214823 0.99998 0.777418 -0.186007 -2.78216
FixedParameters: 0 0 0

#Transform 188
Transform: AffineTransform_float_3_3
Parameters: 0.999982 2.31761e-06 -0.00598101 1.33174e-05 0.999996 0.00256097 0.00598099 -0.00256103 0.999979 0.735459 -0.312691 -2.87105
FixedParameters: 0 0 0

#Transform 189
Transform: AffineTransform_float_3_3
Parameters: 0.999986 0.000206984 -0.00537952 -0.000194015 0.999997 0.00241408 0.00538048 -0.00241292 0.999982 0.6914 -0.218842 -2.70451
FixedParameters: 0 0 0

#Transform 190
Transform: AffineTransform_float_3_3
Parameters: 0.999984 0.000113707 -0.00566785 -0.000105295 0.999999 0.00135962 0.00566815 -0.00135938 0.999983 0.71361 0.0532032 -2.5022
FixedParameters: 0 0 0

#Transform 191
Transform: AffineTransform_float_3_3
Parameters: 0.999985 -3.85606e-06 -0.00538501 1.31437e-05 0.999998 0.00169795 0.00538498 -0.00169804 0.999984 0.630926 -0.0905713 -2.51516
FixedParameters: 0 0 0

#Transform 192
Transform: AffineTransform_float_3_3
Parameters: 0.999984 9.43393e-07 -0.00553301 1.29432e-05 0.999997 0.00251997 0.00553298 -0.00252003 0.999981 0.667386 -0.301671 -2.80984
FixedParameters: 0 0 0

#Transform 193
Transform: AffineTransform_float_3_3
Parameters: 0.999985 8.2067e-07 -0.00545402 1.28205e-05 0.999997 0.00253397 0.00545399 -0.00253403 0.999982 0.652034 -0.257963 -2.79731
FixedParameters: 0 0 0

#Transform 194
Transform: AffineTransform_float_3_3
Parameters: 0.999983 0.000156314 -0.00571962 -0.000142688 0.999997 0.00250286 0.00571937 -0.00250215 0.99998 0.72918 -0.159803 -2.84008
FixedParameters: 0 0 0

#Transform 195
Transform: AffineTransform_float_3_3
Parameters: 0.999983 1.60985e-06 -0.00573601 1.36096e-05 0.999997 0.00254696 0.00573598 -0.00254703 0.999981 0.684909 -0.251823 -2.95046
FixedParameters: 0 0 0

#Transform 196
Transform: AffineTransform_float_3_3
Parameters: 0.999981 0.000182948 -0.00606256 -0.000168059 0.999997 0.00246506 0.00606243 -0.00246494 0.999978 0.801947 -0.175976 -3.02946
FixedParameters: 0 0 0

#Transform 197
Transform: AffineTransform_float_3_3
Parameters: 0.999981 0.000183396 -0.00605669 -0.000173603 0.999999 0.00171708 0.00605731 -0.00171592 0.99998 0.801954 0.0309999 -2.78389
FixedParameters: 0 0 0

#Transform 198
Transform: AffineTransform_float_3_3
Parameters: 0.999983 1.194e-06 -0.00579102 1.31938e-05 0.999997 0.00245097 0.00579099 -0.00245103 0.99998 0.696023 -0.256833 -2.90164
FixedParameters: 0 0 0

#Transform 199
Transform: AffineTransform_float_3_3
Parameters: 0.999984 0.000128295 -0.00576676 -0.000117706 0.999998 0.00195871 0.00576725 -0.00195829 0.999982 0.741363 -0.105271 -2.79209
FixedParameters: 0 0 0

#Transform 200
Transform: AffineTransform_float_3_3
Parameters: 0.999982 0.000347914 -0.00587053 -0.000340087 0.999999 0.00134902 0.00587046 -0.00134698 0.999982 0.823903 0.115666 -2.63335
FixedParameters: 0 0 0

#Transform 201
Transform: AffineTransform_float_3_3
Parameters: 0.999983 0.000383071 -0.00579328 -0.000371934 0.999998 0.00191119 0.00579372 -0.00190981 0.999982 0.833567 -0.0842588 -2.70179
FixedParameters: 0 0 0

#Transform 202
Transform: AffineTransform_float_3_3
Parameters: 0.999985 0.000399159 -0.00557528 -0.000389841 0.999999 0.0018232 0.00557572 -0.0018208 0.999983 0.796542 -0.0509683 -2.66241
FixedParameters: 0 0 0

#Transform 203
Transform: AffineTransform_float_3_3
Parameters: 0.999981 0.000692592 -0.0062135 -0.000688408 1 0.000741293 0.00621352 -0.000736712 0.999981 1.00883 0.309609 -2.47227
FixedParameters: 0 0 0

#Transform 204
Transform: AffineTransform_float_3_3
Parameters: 0.999984 0.000720514 -0.00557755 -0.000717486 0.999999 0.000632012 0.00557746 -0.000627991 0.999984 0.894222 0.290826 -2.26883
FixedParameters: 0 0 0

#Transform 205
Transform: AffineTransform_float_3_3
Parameters: 0.999981 0.000487736 -0.00612308 -0.000475265 0.999998 0.00191795 0.00612393 -0.00191505 0.99998 0.911397 -0.114379 -2.76335
FixedParameters: 0 0 0

#Transform 206
Transform: AffineTransform_float_3_3
Parameters: 0.999981 0.000410649 -0.0061511 -0.000396349 0.999998 0.00222048 0.00615189 -0.00221752 0.999978 0.890017 -0.143484 -2.90959
FixedParameters: 0 0 0

#Transform 207
Transform: AffineTransform_float_3_3
Parameters: 0.999982 0.000513092 -0.00608724 -0.000503908 0.999999 0.0014951 0.00608776 -0.0014919 0.999981 0.902172 0.120694 -2.72851
FixedParameters: 0 0 0

#Transform 208
Transform: AffineTransform_float_3_3
Parameters: 0.999983 0.000552925 -0.00579506 -0.000543075 0.999999 0.00171418 0.00579594 -0.00171082 0.999981 0.865075 0.0482128 -2.72475
FixedParameters: 0 0 0

#Transform 209
Transform: AffineTransform_float_3_3
Parameters: 0.999982 0.000555729 -0.00586981 -0.000543268 0.999997 0.00217023 0.00587119 -0.00216677 0.999981 0.884013 -0.0764291 -2.9079
FixedParameters: 0 0 0

#Transform 210
Transform: AffineTransform_float_3_3
Parameters: 0.999984 0.000553038 -0.005535 -0.000542961 0.999998 0.00181503 0.00553599 -0.00181197 0.999983 0.824477 0.0308838 -2.77439
FixedParameters: 0 0 0

#Transform 211
Transform: AffineTransform_float_3_3
Parameters: 0.999984 0.000545942 -0.00553571 -0.000543057 0.999999 0.000533014 0.00553628 -0.000529985 0.999984 0.823949 0.324221 -2.35878
FixedParameters: 0 0 0

#Transform 212
Transform: AffineTransform_float_3_3
Parameters: 0.999985 0.000548933 -0.00556742 -0.000543068 1 0.00106704 0.00556758 -0.00106396 0.999984 0.82143 0.155789 -2.4779
FixedParameters: 0 0 0

#Transform 213
Transform: AffineTransform_float_3_3
Parameters: 0.999982 0.000553384 -0.00595204 -0.000543621 0.999999 0.00174527 0.00595296 -0.00174274 0.999981 0.893718 -0.0180359 -2.80451
FixedParameters: 0 0 0

#Transform 214
Transform: AffineTransform_float_3_3
Parameters: 0.999981 0.000552822 -0.00604311 -0.000543175 0.999998 0.00162731 0.00604389 -0.00162369 0.999981 0.910563 0.0363577 -2.79325
FixedParameters: 0 0 0

#Transform 215
Transform: AffineTransform_float_3_3
Parameters: 0.999983 0.000550045 -0.00571632 -0.000542954 0.999999 0.00123412 0.00571667 -0.00123088 0.999983 0.851031 0.140545 -2.62975
FixedParameters: 0 0 0

#Transform 216
Transform: AffineTransform_float_3_3
Parameters: 0.999987 0.000546635 -0.00521062 -0.000543366 0.999999 0.000698841 0.00521038 -0.000696161 0.999986 0.771505 0.300007 -2.38409
FixedParameters: 0 0 0

#Transform 217
Transform: AffineTransform_float_3_3
Parameters: 0.999986 0.000551175 -0.00536917 -0.000543825 0.999998 0.00152394 0.00536984 -0.00152106 0.999985 0.794427 0.0511992 -2.60908
FixedParameters: 0 0 0

#Transform 218
Transform: AffineTransform_float_3_3
Parameters: 0.999983 0.000555159 -0.00583285 -0.000543839 0.999997 0.00208621 0.00583414 -0.0020828 0.999981 0.884702 -0.0654279 -2.85643
FixedParameters: 0 0 0

#Transform 219
Transform: AffineTransform_float_3_3
Parameters: 0.999983 0.00054746 -0.00578958 -0.000543538 0.999999 0.00077216 0.00579042 -0.000768843 0.999983 0.883498 0.281383 -2.49858
FixedParameters: 0 0 0

#Transform 220
Transform: AffineTransform_float_3_3
Parameters: 0.999984 0.000680374 -0.00549409 -0.000673621 0.999999 0.00134472 0.00549491 -0.00134028 0.999984 0.860543 0.111628 -2.6008
FixedParameters: 0 0 0

#Transform 221
Transform: AffineTransform_float_3_3
Parameters: 0.999984 0.000552536 -0.00573209 -0.000543464 0.999998 0.00166514 0.00573292 -0.00166186 0.999982 0.873894 0.0143708 -2.76867
FixedParameters: 0 0 0

#Transform 222
Transform: AffineTransform_float_3_3
Parameters: 0.999982 0.000547539 -0.00586157 -0.000543459 0.999999 0.000776198 0.00586242 -0.000772803 0.999982 0.897483 0.279666 -2.51535
FixedParameters: 0 0 0

#Transform 223
Transform: AffineTransform_float_3_3
Parameters: 0.999983 0.000551766 -0.00592519 -0.000543231 0.999999 0.00148125 0.00592681 -0.00147776 0.999982 0.910824 0.044937 -2.71941
FixedParameters: 0 0 0

#Transform 224
Transform: AffineTransform_float_3_3
Parameters: 0.999984 0.000328792 -0.00574562 -0.000322209 0.999999 0.00118287 0.00574639 -0.00118113 0.999983 0.808725 0.0877008 -2.6367
FixedParameters: 0 0 0

#Transform 225
Transform: AffineTransform_float_3_3
Parameters: 0.999985 0.000546875 -0.00543061 -0.000543125 0.999999 0.00071496 0.00543139 -0.00071204 0.999985 0.813996 0.295917 -2.41382
FixedParameters: 0 0 0

#Transform 226
Transform: AffineTransform_float_3_3
Parameters: 0.999985 0.000550745 -0.00546322 -0.000543255 0.999999 0.00141899 0.00546378 -0.00141601 0.999984 0.817723 0.066632 -2.59533
FixedParameters: 0 0 0

#Transform 227
Transform: AffineTransform_float_3_3
Parameters: 0.999984 0.000552571 -0.00573609 -0.000543434 0.999998 0.00166914 0.00573692 -0.00166686 0.999982 0.874546 0.00830606 -2.74864
FixedParameters: 0 0 0

#Transform 228
Transform: AffineTransform_float_3_3
Parameters: 0.999986 0.000105288 -0.00526286 -9.87145e-05 0.999999 0.00138454 0.00526314 -0.00138447 0.999985 0.647805 0.0310413 -2.61231
FixedParameters: 0 0 0

#Transform 229
Transform: AffineTransform_float_3_3
Parameters: 0.999985 0.000455448 -0.0054798 -0.000453554 1 0.000447492 0.0054802 -0.000445511 0.999985 0.800948 0.332128 -2.40137
FixedParameters: 0 0 0

#Transform 230
Transform: AffineTransform_float_3_3
Parameters: 0.999985 0.00046637 -0.00549629 -0.000457631 0.999998 0.00152354 0.0054977 -0.00152146 0.999983 0.802361 0.019007 -2.69968
FixedParameters: 0 0 0

#Transform 231
Transform: AffineTransform_float_3_3
Parameters: 0.999984 0.000514308 -0.00554724 -0.000505691 0.999998 0.00149883 0.00554876 -0.00149617 0.999984 0.82678 0.0438175 -2.71063
FixedParameters: 0 0 0

#Transform 232
Transform: AffineTransform_float_3_3
Parameters: 0.999986 0.000420345 -0.00539574 -0.000416659 0.999999 0.000620257 0.00539626 -0.000618741 0.999985 0.769238 0.277953 -2.46553
FixedParameters: 0 0 0

#Transform 233
Transform: AffineTransform_float_3_3
Parameters: 0.999986 0.000495755 -0.00514563 -0.000492241 0.999999 0.000731542 0.00514636 -0.000728458 0.999986 0.726794 0.253337 -2.39758
FixedParameters: 0 0 0

#Transform 234
Transform: AffineTransform_float_3_3
Parameters: 0.999985 0.000414361 -0.00557439 -0.000406643 0.999999 0.00150029 0.00557462 -0.00149871 0.999984 0.771046 0.0193715 -2.70405
FixedParameters: 0 0 0

#Transform 235
Transform: AffineTransform_float_3_3
Parameters: 0.999984 0.000448729 -0.00551146 -0.000442275 0.999999 0.00122146 0.00551154 -0.00121955 0.999984 0.767354 0.120907 -2.66713
FixedParameters: 0 0 0

#Transform 236
Transform: AffineTransform_float_3_3
Parameters: 0.999986 0.000715716 -0.00527263 -0.000713285 0.999999 0.000516768 0.00527337 -0.000513233 0.999986 0.804441 0.361972 -2.39225
FixedParameters: 0 0 0

#Transform 237
Transform: AffineTransform_float_3_3
Parameters: 0.999983 0.000720021 -0.00575013 -0.000712984 0.999999 0.00122212 0.00575087 -0.00121888 0.999982 0.894836 0.13887 -2.66984
FixedParameters: 0 0 0

#Transform 238
Transform: AffineTransform_float_3_3
Parameters: 0.999985 0.000722084 -0.00556183 -0.000712917 0.999999 0.00163499 0.00556317 -0.00163101 0.999983 0.861014 0.0594693 -2.7672
FixedParameters: 0 0 0

#Transform 239
Transform: AffineTransform_float_3_3
Parameters: 0.999984 0.000716786 -0.00565052 -0.000713214 1 0.000672041 0.00565148 -0.00066796 0.999984 0.88434 0.332225 -2.49663
FixedParameters: 0 0 0

#Transform 240
Transform: AffineTransform_float_3_3
Parameters: 0.999984 0.000718699 -0.00550626 -0.000713301 0.999999 0.00103694 0.00550674 -0.00103306 0.999985 0.859771 0.196623 -2.55478
FixedParameters: 0 0 0

#Transform 241
Transform: AffineTransform_float_3_3
Parameters: 0.999983 0.000723841 -0.00575065 -0.00071316 0.999998 0.00188713 0.00575135 -0.00188287 0.999981 0.906525 0.0130485 -2.86668
FixedParameters: 0 0 0

#Transform 242
Transform: AffineTransform_float_3_3
Parameters: 0.999983 0.000716171 -0.00581961 -0.000712828 0.999999 0.000547158 0.00581939 -0.000542841 0.999983 0.917077 0.361031 -2.52023
FixedParameters: 0 0 0

#Transform 243
Transform: AffineTransform_float_3_3
Parameters: 0.999986 0.000715639 -0.00524464 -0.000712362 0.999999 0.000504743 0.00524536 -0.000501253 0.999986 0.819665 0.356133 -2.34662
FixedParameters: 0 0 0

#Transform 244
Transform: AffineTransform_float_3_3
Parameters: 0.999985 0.000720964 -0.00552997 -0.000713036 0.999998 0.00144196 0.00553103 -0.00143803 0.999983 0.862276 0.0634324 -2.69276
FixedParameters: 0 0 0

#Transform 245
Transform: AffineTransform_float_3_3
Parameters: 0.999984 0.00072276 -0.00565076 -0.000713241 0.999999 0.00172906 0.00565124 -0.00172494 0.999982 0.893831 0.0635284 -2.83235
FixedParameters: 0 0 0

#Transform 246
Transform: AffineTransform_float_3_3
Parameters: 0.999985 0.000716898 -0.00547549 -0.000713101 0.999999 0.000713915 0.00547651 -0.000710084 0.999985 0.8617 0.342824 -2.49647
FixedParameters: 0 0 0

#Transform 247
Transform: AffineTransform_float_3_3
Parameters: 0.999984 0.000721846 -0.0057289 -0.000713153 0.999998 0.00154611 0.00573011 -0.00154189 0.999983 0.90355 0.0882716 -2.7564
FixedParameters: 0 0 0

#Transform 248
Transform: AffineTransform_float_3_3
Parameters: 0.999983 0.000720443 -0.00580108 -0.000712556 0.999999 0.00128516 0.00580192 -0.00128084 0.999983 0.910015 0.164946 -2.72937
FixedParameters: 0 0 0

#Transform 249
Transform: AffineTransform_float_3_3
Parameters: 0.999985 0.000900634 -0.0054264 -0.000897367 1 0.00067188 0.0054276 -0.000667122 0.999985 0.897971 0.360496 -2.44496
FixedParameters: 0 0 0

#Transform 250
Transform: AffineTransform_float_3_3
Parameters: 0.999983 0.000853742 -0.0058696 -0.00084326 0.999999 0.00166198 0.00587041 -0.00165702 0.999982 0.967215 0.0743776 -2.80582
FixedParameters: 0 0 0

#Transform 251
Transform: AffineTransform_float_3_3
Parameters: 0.999982 0.000723634 -0.00592071 -0.000712366 0.999998 0.00179825 0.00592129 -0.00179375 0.999981 0.938408 0.0422553 -2.85718
FixedParameters: 0 0 0

#Transform 252
Transform: AffineTransform_float_3_3
Parameters: 0.999983 0.000983777 -0.00576019 -0.000978226 0.999999 0.000831649 0.00576081 -0.000826347 0.999983 0.993989 0.353556 -2.52657
FixedParameters: 0 0 0

#Transform 253
Transform: AffineTransform_float_3_3
Parameters: 0.999982 0.000877882 -0.00603171 -0.000868116 0.999998 0.00147526 0.00603329 -0.00146973 0.99998 1.00397 0.152176 -2.78076
FixedParameters: 0 0 0

#Transform 254
Transform: AffineTransform_float_3_3
Parameters: 0.99998 0.00087598 -0.0063641 -0.000862018 0.999997 0.00219953 0.00636591 -0.00219347 0.999978 1.06268 -0.00393413 -3.08885
FixedParameters: 0 0 0

#Transform 255
Transform: AffineTransform_float_3_3
Parameters: 0.999982 0.000961169 -0.005885 -0.000955833 0.999999 0.00105064 0.00588601 -0.00104536 0.999982 0.999779 0.304981 -2.66461
FixedParameters: 0 0 0

#Transform 256
Transform: AffineTransform_float_3_3
Parameters: 0.999982 0.00108251 -0.005943 -0.00107649 0.999999 0.000930414 0.005944 -0.000924582 0.999982 1.04615 0.347803 -2.59004
FixedParameters: 0 0 0

#Transform 257
Transform: AffineTransform_float_3_3
Parameters: 0.999984 0.000723402 -0.00571169 -0.000712599 0.999998 0.0018231 0.00571231 -0.0018189 0.999982 0.890346 0.0312435 -2.82672
FixedParameters: 0 0 0

#Transform 258
Transform: AffineTransform_float_3_3
Parameters: 0.999982 0.000713948 -0.00586088 -0.000713049 0.999999 0.000164182 0.00586111 -0.000159818 0.999983 0.921231 0.412771 -2.39588
FixedParameters: 0 0 0

#Transform 259
Transform: AffineTransform_float_3_3
Parameters: 0.999984 0.00127238 -0.00541585 -0.00127662 0.999999 -0.000665096 0.00541515 0.000671901 0.999985 0.98428 0.68129 -2.01221
FixedParameters: 0 0 0

#Transform 260
Transform: AffineTransform_float_3_3
Parameters: 0.999983 0.00116035 -0.00582294 -0.00117565 0.999996 -0.0025142 0.00581906 0.0025208 0.99998 1.04767 0.947983 -1.55597
FixedParameters: 0 0 0

#Transform 261
Transform: AffineTransform_float_3_3
Parameters: 0.999987 0.00116817 -0.00508957 -0.00117483 0.999999 -0.00133904 0.00508743 0.00134496 0.999986 0.917718 0.722919 -1.78595
FixedParameters: 0 0 0

#Transform 262
Transform: AffineTransform_float_3_3
Parameters: 0.999981 0.00152236 -0.00601219 -0.00153064 0.999998 -0.00143282 0.0060098 0.00144218 0.999981 1.19305 0.867604 -1.91446
FixedParameters: 0 0 0

#Transform 263
Transform: AffineTransform_float_3_3
Parameters: 0.999984 0.00152419 -0.00543935 -0.00152881 0.999999 -0.000880699 0.00543765 0.000889302 0.999985 1.09885 0.658219 -1.96643
FixedParameters: 0 0 0

#Transform 264
Transform: AffineTransform_float_3_3
Parameters: 0.999984 0.00136551 -0.00559934 -0.00137049 0.999998 -0.000976342 0.00559866 0.000983661 0.999984 1.09467 0.664831 -1.95158
FixedParameters: 0 0 0

#Transform 265
Transform: AffineTransform_float_3_3
Parameters: 0.999983 0.00142481 -0.00575628 -0.00143719 0.999997 -0.00228777 0.00575272 0.00229624 0.999981 1.13313 1.00954 -1.65869
FixedParameters: 0 0 0

#Transform 266
Transform: AffineTransform_float_3_3
Parameters: 0.999985 0.00116978 -0.00539413 -0.00117522 0.999999 -0.000964675 0.00539286 0.000971323 0.999985 0.973941 0.658552 -1.93801
FixedParameters: 0 0 0

#Transform 267
Transform: AffineTransform_float_3_3
Parameters: 0.999983 0.00117109 -0.00581779 -0.00117491 0.999999 -0.000668176 0.00581721 0.000674824 0.999983 1.061 0.570836 -2.0972
FixedParameters: 0 0 0

#Transform 268
Transform: AffineTransform_float_3_3
Parameters: 0.999984 0.00134244 -0.0056073 -0.00135156 0.999997 -0.00170145 0.0056047 0.00170955 0.999983 1.06412 0.877691 -1.8101
FixedParameters: 0 0 0

#Transform 269
Transform: AffineTransform_float_3_3
Parameters: 0.999982 0.00159882 -0.00574784 -0.00160918 0.999997 -0.00176678 0.00574516 0.00177622 0.999982 1.17367 0.959025 -1.78554
FixedParameters: 0 0 0

#Transform 270
Transform: AffineTransform_float_3_3
Parameters: 0.999982 0.00159775 -0.00587071 -0.00160425 0.999998 -0.0010606 0.0058683 0.0010704 0.999982 1.20124 0.721155 -2.03631
FixedParameters: 0 0 0

#Transform 271
Transform: AffineTransform_float_3_3
Parameters: 0.999981 0.00128074 -0.00592641 -0.00132727 0.999968 -0.00797828 0.00591659 0.00798572 0.99995 1.10736 2.09386 -0.0554508
FixedParameters: 0 0 0

#Transform 272
Transform: AffineTransform_float_3_3
Parameters: 0.99998 0.00185588 -0.0059613 -0.00187612 0.999993 -0.00337188 0.00595469 0.00338312 0.999976 1.30287 1.14827 -1.36177
FixedParameters: 0 0 0

#Transform 273
Transform: AffineTransform_float_3_3
Parameters: 0.999985 0.00186528 -0.00517387 -0.00187672 0.999996 -0.00206732 0.00517012 0.00207767 0.999984 1.18432 0.913438 -1.53911
FixedParameters: 0 0 0

#Transform 274
Transform: AffineTransform_float_3_3
Parameters: 0.999988 0.001941 -0.00433814 -0.001948 0.999997 -0.00161057 0.00433486 0.00161843 0.99999 1.03714 0.995199 -1.54292
FixedParameters: 0 0 0

#Transform 275
Transform: AffineTransform_float_3_3
Parameters: 0.999985 0.0024381 -0.00494038 -0.0024529 0.999993 -0.00301193 0.00493362 0.00302408 0.999984 1.28478 1.3524 -1.27201
FixedParameters: 0 0 0

#Transform 276
Transform: AffineTransform_float_3_3
Parameters: 0.999986 0.00250667 -0.00481344 -0.00251933 0.999993 -0.00255791 0.00480656 0.00257009 0.999985 1.29292 1.16585 -1.31662
FixedParameters: 0 0 0

#Transform 277
Transform: AffineTransform_float_3_3
Parameters: 0.999985 0.00268447 -0.00491532 -0.00269553 0.999993 -0.00234079 0.00490869 0.00235421 0.999985 1.37101 1.15866 -1.40644
FixedParameters: 0 0 0

#Transform 278
Transform: AffineTransform_float_3_3
Parameters: 0.999983 0.00271547 -0.00513584 -0.00273453 0.99999 -0.00360502 0.00512616 0.00361898 0.999981 1.40933 1.50906 -1.14862
FixedParameters: 0 0 0

#Transform 279
Transform: AffineTransform_float_3_3
Parameters: 0.999982 0.00267677 -0.00546197 -0.00269724 0.99999 -0.00370134 0.00545204 0.00371567 0.999978 1.46332 1.49297 -1.15018
FixedParameters: 0 0 0

#Transform 280
Transform: AffineTransform_float_3_3
Parameters: 0.999978 0.00316304 -0.00581271 -0.00317895 0.999991 -0.00273758 0.00580329 0.00275642 0.99998 1.67721 1.31425 -1.52808
FixedParameters: 0 0 0

#Transform 281
Transform: AffineTransform_float_3_3
Parameters: 0.999977 0.00323253 -0.00585668 -0.00325047 0.999991 -0.00297603 0.00584632 0.00299497 0.999979 1.7093 1.42712 -1.49676
FixedParameters: 0 0 0

#Transform 282
Transform: AffineTransform_float_3_3
Parameters: 0.999979 0.00285778 -0.00570421 -0.00288422 0.999986 -0.00459364 0.00569079 0.00460936 0.999973 1.56801 1.74259 -0.989165
FixedParameters: 0 0 0

#Transform 283
Transform: AffineTransform_float_3_3
Parameters: 0.99998 0.00297493 -0.00546697 -0.00299506 0.999989 -0.0036657 0.00545603 0.0036823 0.999979 1.56298 1.48317 -1.20439
FixedParameters: 0 0 0

#Transform 284
Transform: AffineTransform_float_3_3
Parameters: 0.999982 0.00281687 -0.00541395 -0.00283413 0.999991 -0.00315872 0.00540506 0.00317429 0.999981 1.49825 1.32927 -1.30168
FixedParameters: 0 0 0

#Transform 285
Transform: AffineTransform_float_3_3
Parameters: 0.999979 0.00298495 -0.00574903 -0.00300806 0.999988 -0.00400579 0.00573697 0.00402321 0.999976 1.60931 1.63445 -1.15107
FixedParameters: 0 0 0

#Transform 286
Transform: AffineTransform_float_3_3
Parameters: 0.99998 0.00281216 -0.00562996 -0.00283385 0.999989 -0.00387612 0.00561903 0.00389188 0.999976 1.5308 1.5304 -1.16155
FixedParameters: 0 0 0

#Transform 287
Transform: AffineTransform_float_3_3
Parameters: 0.99998 0.00281494 -0.00570544 -0.00283406 0.999991 -0.0033349 0.00569556 0.0033511 0.999978 1.54824 1.38324 -1.36204
FixedParameters: 0 0 0

#Transform 288
Transform: AffineTransform_float_3_3
Parameters: 0.999977 0.00280929 -0.00608646 -0.00283371 0.999988 -0.00405484 0.00607553 0.00407216 0.999974 1.60986 1.62046 -1.24333
FixedParameters: 0 0 0

#Transform 289
Transform: AffineTransform_float_3_3
Parameters: 0.999976 0.00302521 -0.00621764 -0.00304879 0.999988 -0.00382114 0.00620537 0.00383987 0.999974 1.70293 1.52456 -1.30232
FixedParameters: 0 0 0

#Transform 290
Transform: AffineTransform_float_3_3
Parameters: 0.999975 0.00296219 -0.00641312 -0.00298381 0.99999 -0.00339395 0.00640288 0.00341305 0.999973 1.71583 1.42449 -1.479
FixedParameters: 0 0 0

#Transform 291
Transform: AffineTransform_float_3_3
Parameters: 0.999977 0.00285775 -0.00616823 -0.00288425 0.999987 -0.00425131 0.00615577 0.00426869 0.999972 1.62981 1.68705 -1.21809
FixedParameters: 0 0 0

#Transform 292
Transform: AffineTransform_float_3_3
Parameters: 0.999978 0.00281127 -0.00604063 -0.00283373 0.999989 -0.00375796 0.00603037 0.00377504 0.999974 1.58204 1.50739 -1.30461
FixedParameters: 0 0 0

#Transform 293
Transform: AffineTransform_float_3_3
Parameters: 0.999975 0.00281302 -0.00657602 -0.00283398 0.999991 -0.00318345 0.00656699 0.00320156 0.999974 1.68281 1.38361 -1.61193
FixedParameters: 0 0 0

#Transform 294
Transform: AffineTransform_float_3_3
Parameters: 0.999976 0.00280604 -0.00644325 -0.00283396 0.999986 -0.00433384 0.00643075 0.00435215 0.99997 1.6664 1.68471 -1.25265
FixedParameters: 0 0 0

#Transform 295
Transform: AffineTransform_float_3_3
Parameters: 0.999978 0.00280892 -0.005901 -0.00283408 0.999987 -0.00424636 0.00588899 0.00426263 0.999973 1.55519 1.64681 -1.13771
FixedParameters: 0 0 0

#Transform 296
Transform: AffineTransform_float_3_3
Parameters: 0.999973 0.00280934 -0.00669939 -0.00283366 0.999989 -0.00367411 0.0066896 0.00369289 0.999971 1.70029 1.45425 -1.48556
FixedParameters: 0 0 0

#Transform 297
Transform: AffineTransform_float_3_3
Parameters: 0.999974 0.00280858 -0.00674864 -0.00283342 0.999989 -0.00375998 0.00673837 0.00377903 0.99997 1.72179 1.52068 -1.45061
FixedParameters: 0 0 0

#Transform 298
Transform: AffineTransform_float_3_3
Parameters: 0.999975 0.00280415 -0.00650595 -0.00283384 0.999985 -0.00458268 0.00649306 0.00460132 0.999969 1.67309 1.75611 -1.15581
FixedParameters: 0 0 0

#Transform 299
Transform: AffineTransform_float_3_3
Parameters: 0.999978 0.00309264 -0.00597021 -0.00311736 0.999986 -0.00424349 0.0059568 0.00426252 0.999973 1.67598 1.67041 -1.12341
FixedParameters: 0 0 0

#Transform 300
Transform: AffineTransform_float_3_3
Parameters: 0.999978 0.00280863 -0.00593008 -0.00283336 0.999987 -0.00427329 0.00591792 0.00428971 0.999974 1.56076 1.57778 -1.14606
FixedParameters: 0 0 0

#Transform 301
Transform: AffineTransform_float_3_3
Parameters: 0.999975 0.00280199 -0.0064949 -0.002834 0.999984 -0.00492371 0.0064811 0.00494228 0.999967 1.65234 1.81982 -1.08142
FixedParameters: 0 0 0

#Transform 302
Transform: AffineTransform_float_3_3
Parameters: 0.999974 0.00280352 -0.00667688 -0.00283347 0.999985 -0.0045592 0.00666413 0.0045778 0.999968 1.69151 1.66304 -1.20842
FixedParameters: 0 0 0

#Transform 303
Transform: AffineTransform_float_3_3
Parameters: 0.999973 0.00291963 -0.0067224 -0.00294837 0.999987 -0.00421429 0.00671061 0.00423371 0.999969 1.74658 1.56513 -1.32308
FixedParameters: 0 0 0

#Transform 304
Transform: AffineTransform_float_3_3
Parameters: 0.999975 0.00280111 -0.00659207 -0.00283389 0.999983 -0.00498544 0.00657793 0.00500355 0.999966 1.67267 1.77259 -1.14278
FixedParameters: 0 0 0

#Transform 305
Transform: AffineTransform_float_3_3
Parameters: 0.999976 0.00316864 -0.00616318 -0.00319736 0.999983 -0.0047604 0.00614782 0.00477959 0.999969 1.72351 1.79251 -1.10737
FixedParameters: 0 0 0

#Transform 306
Transform: AffineTransform_float_3_3
Parameters: 0.999973 0.00326149 -0.0065827 -0.00328951 0.999986 -0.00417346 0.00656829 0.00419453 0.999969 1.82573 1.65013 -1.35958
FixedParameters: 0 0 0

#Transform 307
Transform: AffineTransform_float_3_3
Parameters: 0.999976 0.00311341 -0.00620345 -0.00314359 0.999983 -0.00492862 0.00618755 0.00494738 0.999968 1.70438 1.84261 -1.10058
FixedParameters: 0 0 0

#Transform 308
Transform: AffineTransform_float_3_3
Parameters: 0.999968 0.0037849 -0.00702148 -0.00381909 0.999981 -0.00484834 0.00700251 0.00487566 0.999963 2.07603 1.89814 -1.2287
FixedParameters: 0 0 0

#Transform 309
Transform: AffineTransform_float_3_3
Parameters: 0.999971 0.00361903 -0.00669175 -0.00364897 0.999984 -0.00432171 0.00667625 0.00434629 0.999969 1.97583 1.74508 -1.31794
FixedParameters: 0 0 0

#Transform 310
Transform: AffineTransform_float_3_3
Parameters: 0.999969 0.0035788 -0.00709141 -0.00361721 0.999979 -0.00538152 0.0070726 0.00540648 0.999961 2.01964 2.02165 -1.07236
FixedParameters: 0 0 0

#Transform 311
Transform: AffineTransform_float_3_3
Parameters: 0.999968 0.00366527 -0.00710446 -0.00369773 0.999983 -0.00445787 0.00708854 0.00448412 0.999965 2.05145 1.78812 -1.35621
FixedParameters: 0 0 0

#Transform 312
Transform: AffineTransform_float_3_3
Parameters: 0.999967 0.00395684 -0.00701125 -0.00398816 0.999981 -0.00457918 0.00699275 0.00460682 0.999965 2.12733 1.86403 -1.29652
FixedParameters: 0 0 0

#Transform 313
Transform: AffineTransform_float_3_3
Parameters: 0.999967 0.00369131 -0.00731665 -0.00372969 0.999979 -0.00528089 0.00729736 0.00530812 0.99996 2.09312 2.04065 -1.16759
FixedParameters: 0 0 0

#Transform 314
Transform: AffineTransform_float_3_3
Parameters: 0.999966 0.00386167 -0.00721148 -0.00389632 0.999981 -0.00475206 0.00719251 0.00477993 0.999962 2.13094 1.91826 -1.31294
FixedParameters: 0 0 0

#Transform 315
Transform: AffineTransform_float_3_3
Parameters: 0.999963 0.00390684 -0.00767791 -0.00393516 0.999985 -0.00378593 0.0076631 0.00381608 0.999964 2.22417 1.68768 -1.69759
FixedParameters: 0 0 0

#Transform 316
Transform: AffineTransform_float_3_3
Parameters: 0.999959 0.00395031 -0.00812941 -0.00398969 0.99998 -0.00487177 0.0081096 0.00490424 0.999955 2.31951 2.0034 -1.4855
FixedParameters: 0 0 0

#Transform 317
Transform: AffineTransform_float_3_3
Parameters: 0.999966 0.00399491 -0.00724302 -0.00403108 0.999979 -0.00497397 0.00722298 0.00500303 0.999962 2.17666 2.03433 -1.21973
FixedParameters: 0 0 0

#Transform 318
Transform: AffineTransform_float_3_3
Parameters: 0.999962 0.00431369 -0.00748896 -0.00434231 0.999983 -0.00390163 0.00747204 0.00393438 0.999965 2.32312 1.79269 -1.587
FixedParameters: 0 0 0

#Transform 319
Transform: AffineTransform_float_3_3
Parameters: 0.999964 0.00384177 -0.00764481 -0.00387724 0.999982 -0.00459953 0.0076272 0.00462847 0.99996 2.18972 1.89853 -1.45447
FixedParameters: 0 0 0
