#!ascii label  , from subject sub-v1s1x0050658_ses-1 vox2ras=TkReg
896
19440  -25.829  -84.333  56.239 0.0000000000
50614  -40.001  -55.626  62.520 0.0000000000
144398  -43.118  -48.101  59.062 0.0000000000
58956  -53.285  -46.767  53.108 0.0000000000
46636  -37.858  -60.286  61.403 0.0000000000
60014  -48.079  -46.212  55.863 0.0000000000
63224  -50.778  -44.014  49.264 0.0000000000
68233  -52.616  -39.183  51.420 0.0000000000
132058  -43.732  -56.271  63.594 0.0000000000
54718  -44.501  -50.849  63.506 0.0000000000
55747  -40.231  -51.128  61.901 0.0000000000
24027  -24.565  -78.636  62.225 0.0000000000
30188  -24.102  -74.227  60.848 0.0000000000
33941  -27.622  -70.679  61.561 0.0000000000
154233  -32.529  -70.287  61.189 0.0000000000
36006  -36.634  -68.521  61.784 0.0000000000
41585  -38.379  -64.648  62.085 0.0000000000
150744  -40.892  -60.622  62.575 0.0000000000
54748  -48.211  -50.939  59.224 0.0000000000
70091  -53.358  -35.881  50.936 0.0000000000
50587  -41.829  -55.844  65.239 0.0000000000
52655  -41.971  -53.163  65.145 0.0000000000
52676  -39.956  -53.464  62.495 0.0000000000
135085  -23.063  -75.187  65.370 0.0000000000
27622  -25.224  -76.904  61.807 0.0000000000
133650  -36.265  -66.563  62.972 0.0000000000
148606  -37.476  -66.906  61.966 0.0000000000
41568  -37.143  -64.435  62.915 0.0000000000
48613  -39.297  -58.189  61.644 0.0000000000
45586  -39.225  -60.856  63.614 0.0000000000
47569  -40.560  -58.411  64.405 0.0000000000
46598  -43.202  -58.586  63.135 0.0000000000
57692  -44.111  -48.301  62.784 0.0000000000
55774  -45.901  -50.232  61.048 0.0000000000
58826  -46.392  -47.608  60.889 0.0000000000
61066  -50.641  -46.132  54.427 0.0000000000
57781  -50.333  -48.236  55.659 0.0000000000
56778  -52.008  -49.677  53.754 0.0000000000
55855  -52.728  -50.741  52.181 0.0000000000
62124  -54.386  -43.654  48.806 0.0000000000
61118  -53.840  -45.521  48.174 0.0000000000
44681  -36.261  -61.895  61.266 0.0000000000
58965  -48.880  -47.708  52.054 0.0000000000
64234  -51.113  -41.743  50.423 0.0000000000
65225  -54.104  -42.013  49.326 0.0000000000
69181  -53.196  -37.287  47.899 0.0000000000
49640  -43.202  -56.563  60.272 0.0000000000
52677  -43.781  -53.528  63.400 0.0000000000
55737  -42.978  -50.193  64.507 0.0000000000
21683  -25.490  -81.248  59.153 0.0000000000
30211  -26.511  -75.144  58.212 0.0000000000
33938  -24.888  -71.752  60.745 0.0000000000
140914  -25.151  -71.954  58.002 0.0000000000
35034  -27.881  -69.949  58.157 0.0000000000
139669  -30.097  -69.780  58.855 0.0000000000
36049  -32.704  -69.331  58.734 0.0000000000
34984  -34.410  -69.961  61.456 0.0000000000
132201  -37.348  -69.090  59.344 0.0000000000
152273  -38.005  -62.561  63.288 0.0000000000
43619  -39.312  -62.513  62.617 0.0000000000
43646  -41.213  -62.398  59.297 0.0000000000
44690  -42.957  -61.072  60.080 0.0000000000
47632  -43.606  -58.497  60.925 0.0000000000
58852  -48.653  -47.529  58.098 0.0000000000
57908  -52.732  -47.537  48.785 0.0000000000
57846  -54.492  -48.495  51.144 0.0000000000
21704  -24.959  -81.680  56.546 0.0000000000
50607  -40.733  -55.526  64.289 0.0000000000
146020  -40.718  -54.192  64.171 0.0000000000
51640  -39.971  -54.513  62.452 0.0000000000
131545  -35.719  -65.103  61.247 0.0000000000
41578  -36.565  -65.100  62.788 0.0000000000
41577  -36.371  -64.244  62.181 0.0000000000
154779  -39.951  -57.045  62.675 0.0000000000
47587  -39.863  -58.545  63.847 0.0000000000
49606  -40.336  -56.798  63.874 0.0000000000
139811  -41.640  -56.953  64.981 0.0000000000
58799  -45.325  -48.119  62.192 0.0000000000
58837  -45.510  -47.500  60.050 0.0000000000
61073  -51.445  -46.047  53.492 0.0000000000
58927  -52.121  -46.917  54.852 0.0000000000
57808  -52.945  -48.160  53.620 0.0000000000
137669  -52.394  -50.093  53.109 0.0000000000
57809  -53.361  -48.432  53.041 0.0000000000
62180  -55.110  -45.094  46.936 0.0000000000
61128  -55.488  -45.623  47.067 0.0000000000
154930  -54.207  -46.652  46.041 0.0000000000
66239  -49.761  -40.107  48.633 0.0000000000
66229  -51.789  -40.609  50.921 0.0000000000
64248  -53.597  -42.149  50.120 0.0000000000
135327  -53.365  -40.723  50.818 0.0000000000
66241  -53.878  -40.871  49.341 0.0000000000
67259  -53.421  -39.335  51.060 0.0000000000
69169  -53.887  -37.214  50.193 0.0000000000
49625  -43.786  -56.420  62.184 0.0000000000
51649  -43.602  -54.925  62.066 0.0000000000
50615  -43.717  -55.475  63.285 0.0000000000
54705  -40.850  -51.489  63.280 0.0000000000
54688  -42.872  -51.496  64.777 0.0000000000
55735  -41.605  -50.239  63.125 0.0000000000
56691  -41.979  -49.582  62.734 0.0000000000
56699  -40.800  -49.799  61.379 0.0000000000
22899  -26.701  -81.197  58.786 0.0000000000
22890  -25.847  -80.158  60.123 0.0000000000
132031  -24.931  -76.222  61.386 0.0000000000
131875  -27.491  -70.805  62.343 0.0000000000
33959  -26.313  -70.894  60.792 0.0000000000
33970  -24.867  -71.970  58.956 0.0000000000
33972  -26.158  -70.848  59.956 0.0000000000
35033  -26.109  -70.740  58.068 0.0000000000
35016  -27.469  -70.452  59.791 0.0000000000
35019  -31.197  -70.028  59.516 0.0000000000
36048  -31.847  -69.591  58.896 0.0000000000
35021  -32.948  -69.965  59.989 0.0000000000
37095  -35.706  -68.343  62.278 0.0000000000
37094  -34.676  -68.547  62.190 0.0000000000
36004  -35.573  -69.446  61.433 0.0000000000
35023  -35.212  -69.754  60.491 0.0000000000
36016  -35.853  -69.634  60.509 0.0000000000
36053  -36.787  -69.438  59.382 0.0000000000
138498  -36.865  -69.134  60.559 0.0000000000
39393  -37.664  -66.015  62.129 0.0000000000
142865  -37.599  -66.748  61.165 0.0000000000
40519  -38.182  -65.559  61.019 0.0000000000
41600  -38.577  -64.855  60.377 0.0000000000
156085  -36.887  -62.323  62.301 0.0000000000
44676  -37.699  -61.193  62.655 0.0000000000
45602  -40.498  -60.380  63.772 0.0000000000
44668  -39.421  -61.549  63.343 0.0000000000
43620  -39.910  -61.776  62.342 0.0000000000
43636  -39.940  -62.384  60.901 0.0000000000
44688  -41.242  -61.220  60.773 0.0000000000
44683  -42.121  -60.657  60.867 0.0000000000
48592  -43.649  -57.682  63.640 0.0000000000
47620  -43.660  -58.427  61.733 0.0000000000
134657  -43.830  -57.661  62.211 0.0000000000
145800  -43.558  -57.219  60.827 0.0000000000
27590  -22.841  -76.751  65.156 0.0000000000
24012  -23.793  -79.211  62.299 0.0000000000
22888  -24.353  -80.283  60.279 0.0000000000
53726  -43.564  -52.386  62.126 0.0000000000
54734  -44.245  -50.936  61.198 0.0000000000
54736  -47.323  -50.328  59.908 0.0000000000
60004  -47.160  -46.587  57.097 0.0000000000
59978  -47.544  -46.765  58.340 0.0000000000
59996  -48.249  -46.301  57.234 0.0000000000
55827  -49.694  -50.435  55.000 0.0000000000
56756  -49.078  -49.557  56.540 0.0000000000
145374  -55.471  -47.349  48.170 0.0000000000
59009  -53.424  -46.938  48.529 0.0000000000
130941  -55.152  -47.820  49.020 0.0000000000
57866  -53.926  -47.680  50.103 0.0000000000
57888  -55.022  -48.353  49.600 0.0000000000
138154  -54.273  -49.627  50.810 0.0000000000
69167  -51.060  -37.906  49.275 0.0000000000
69161  -53.161  -37.481  51.239 0.0000000000
132599  -51.957  -36.521  50.145 0.0000000000
71033  -51.964  -35.207  49.474 0.0000000000
50597  -42.976  -55.897  65.129 0.0000000000
51612  -42.935  -54.368  64.945 0.0000000000
51610  -41.756  -54.561  65.140 0.0000000000
152946  -40.750  -52.726  63.848 0.0000000000
54715  -40.024  -51.717  62.115 0.0000000000
153172  -23.770  -77.170  63.871 0.0000000000
26423  -25.057  -77.709  62.258 0.0000000000
132199  -23.746  -73.739  63.248 0.0000000000
38219  -36.846  -67.394  62.674 0.0000000000
37109  -36.949  -68.263  61.685 0.0000000000
38200  -36.934  -66.868  62.952 0.0000000000
151262  -37.101  -65.888  62.967 0.0000000000
40490  -37.768  -64.818  62.754 0.0000000000
46637  -38.474  -59.749  61.949 0.0000000000
45600  -38.425  -60.626  62.992 0.0000000000
47586  -39.340  -59.289  63.195 0.0000000000
46579  -40.089  -59.788  64.225 0.0000000000
45589  -41.058  -59.814  64.060 0.0000000000
45604  -42.044  -59.533  63.295 0.0000000000
46582  -42.006  -58.924  64.421 0.0000000000
48560  -42.665  -57.053  64.994 0.0000000000
30151  -22.266  -74.688  66.675 0.0000000000
56680  -44.590  -49.490  64.133 0.0000000000
55748  -45.000  -50.183  62.956 0.0000000000
56694  -45.686  -49.172  62.797 0.0000000000
56702  -46.720  -49.181  61.191 0.0000000000
56708  -47.494  -49.390  59.941 0.0000000000
133256  -49.382  -46.035  55.307 0.0000000000
58876  -49.569  -46.559  56.882 0.0000000000
58913  -50.631  -46.767  55.890 0.0000000000
56767  -50.707  -48.912  55.002 0.0000000000
62122  -52.486  -44.270  49.111 0.0000000000
62141  -53.214  -44.869  48.511 0.0000000000
62142  -54.358  -44.588  48.284 0.0000000000
59011  -55.631  -46.929  47.564 0.0000000000
132822  -39.829  -55.668  60.930 0.0000000000
48622  -39.716  -57.159  60.669 0.0000000000
140720  -44.639  -47.643  58.524 0.0000000000
58925  -47.267  -46.871  54.361 0.0000000000
58939  -48.455  -46.833  53.629 0.0000000000
60043  -50.037  -46.468  53.143 0.0000000000
60050  -51.364  -46.617  52.285 0.0000000000
155543  -51.336  -43.000  50.216 0.0000000000
63181  -53.313  -42.713  50.047 0.0000000000
63200  -54.257  -42.932  49.176 0.0000000000
63247  -54.435  -43.355  47.589 0.0000000000
135993  -53.677  -37.797  50.683 0.0000000000
68275  -53.285  -39.012  48.014 0.0000000000
51657  -42.946  -54.615  60.770 0.0000000000
52687  -43.360  -53.324  61.864 0.0000000000
53716  -43.923  -52.532  63.291 0.0000000000
52657  -43.454  -53.268  64.520 0.0000000000
54689  -43.625  -51.527  64.764 0.0000000000
54691  -44.175  -50.821  64.732 0.0000000000
56679  -43.915  -49.176  64.142 0.0000000000
57708  -42.814  -48.410  61.722 0.0000000000
52686  -39.348  -53.216  61.218 0.0000000000
53724  -39.327  -52.483  61.158 0.0000000000
56705  -39.676  -49.903  60.271 0.0000000000
20574  -25.958  -83.364  56.675 0.0000000000
20562  -27.124  -83.034  57.278 0.0000000000
28897  -28.158  -75.240  57.671 0.0000000000
32743  -24.534  -72.528  64.243 0.0000000000
32753  -24.179  -72.644  63.188 0.0000000000
31537  -24.142  -73.147  60.364 0.0000000000
31548  -25.207  -73.456  58.101 0.0000000000
36067  -27.434  -69.829  57.221 0.0000000000
134175  -29.426  -69.187  57.582 0.0000000000
35990  -32.739  -69.794  62.415 0.0000000000
37093  -33.640  -68.729  62.374 0.0000000000
132310  -33.712  -70.223  61.863 0.0000000000
35022  -33.797  -69.934  60.374 0.0000000000
36050  -34.318  -69.546  59.077 0.0000000000
39421  -37.376  -67.468  61.125 0.0000000000
43625  -36.403  -62.927  61.833 0.0000000000
42580  -37.547  -63.467  63.088 0.0000000000
41571  -38.524  -63.814  62.851 0.0000000000
44655  -38.732  -61.325  63.475 0.0000000000
43613  -39.018  -62.460  63.096 0.0000000000
41586  -38.748  -63.980  61.732 0.0000000000
42604  -39.305  -63.146  61.075 0.0000000000
42612  -39.899  -63.497  59.194 0.0000000000
44697  -43.421  -61.250  59.078 0.0000000000
46638  -43.092  -59.521  61.899 0.0000000000
147435  -43.443  -59.557  60.778 0.0000000000
46668  -43.418  -59.892  58.923 0.0000000000
47653  -43.278  -59.049  59.220 0.0000000000
22903  -24.877  -80.876  58.038 0.0000000000
59964  -46.664  -47.274  59.559 0.0000000000
58828  -47.541  -47.905  59.532 0.0000000000
56720  -48.303  -49.913  58.987 0.0000000000
57770  -49.606  -47.919  57.042 0.0000000000
55802  -48.574  -50.114  58.237 0.0000000000
132719  -48.354  -51.129  58.758 0.0000000000
58984  -50.215  -48.003  51.065 0.0000000000
58968  -51.858  -47.174  51.565 0.0000000000
61126  -51.599  -45.758  48.067 0.0000000000
59008  -52.235  -47.147  48.355 0.0000000000
57886  -52.203  -48.029  49.276 0.0000000000
58987  -53.579  -47.519  50.893 0.0000000000
58970  -53.908  -47.388  52.027 0.0000000000
56797  -54.130  -49.249  51.447 0.0000000000
19439  -25.228  -83.552  56.128 0.0000000000
138534  -40.281  -55.788  63.623 0.0000000000
51632  -40.190  -54.954  63.166 0.0000000000
138807  -35.578  -64.578  60.570 0.0000000000
41584  -35.872  -64.294  61.443 0.0000000000
42603  -35.527  -63.443  60.740 0.0000000000
49615  -39.924  -56.641  62.098 0.0000000000
135631  -40.085  -56.570  63.023 0.0000000000
49607  -40.678  -56.267  64.386 0.0000000000
58823  -44.034  -47.996  60.497 0.0000000000
58824  -44.993  -47.631  60.772 0.0000000000
58836  -44.548  -47.704  59.939 0.0000000000
60046  -52.590  -46.346  52.881 0.0000000000
60037  -52.641  -46.347  53.760 0.0000000000
58941  -53.429  -47.589  53.160 0.0000000000
62179  -54.292  -44.653  46.519 0.0000000000
61140  -54.723  -45.468  46.378 0.0000000000
67264  -51.397  -39.231  50.138 0.0000000000
67258  -51.892  -39.618  51.001 0.0000000000
65213  -53.045  -40.726  51.142 0.0000000000
67245  -52.969  -39.568  51.600 0.0000000000
66230  -53.548  -40.232  50.674 0.0000000000
68234  -53.063  -38.940  51.516 0.0000000000
50624  -43.750  -56.042  62.750 0.0000000000
54716  -40.414  -51.420  62.546 0.0000000000
138382  -41.407  -50.830  63.434 0.0000000000
150010  -40.853  -50.796  62.593 0.0000000000
56690  -41.173  -50.037  62.229 0.0000000000
55760  -40.475  -50.468  61.720 0.0000000000
148490  -24.271  -79.376  61.772 0.0000000000
24043  -25.379  -79.598  60.783 0.0000000000
28852  -24.406  -75.324  61.334 0.0000000000
28861  -25.101  -75.892  60.700 0.0000000000
33940  -26.677  -70.955  61.713 0.0000000000
33960  -27.062  -70.690  61.039 0.0000000000
33973  -26.911  -70.609  60.325 0.0000000000
150110  -26.737  -70.583  59.603 0.0000000000
34996  -27.761  -70.544  60.687 0.0000000000
150161  -31.827  -70.343  61.132 0.0000000000
134200  -31.479  -70.282  60.272 0.0000000000
35020  -32.085  -70.008  59.697 0.0000000000
34998  -32.318  -70.202  60.473 0.0000000000
35994  -36.029  -68.870  61.892 0.0000000000
36005  -36.225  -69.194  61.332 0.0000000000
139966  -35.858  -69.541  60.994 0.0000000000
36017  -36.346  -69.394  60.794 0.0000000000
36033  -36.505  -69.486  60.202 0.0000000000
36018  -36.727  -68.877  61.206 0.0000000000
40503  -38.060  -65.428  61.772 0.0000000000
39405  -37.778  -66.165  61.514 0.0000000000
41589  -38.471  -64.794  61.352 0.0000000000
45616  -37.187  -61.469  62.095 0.0000000000
45632  -37.438  -60.926  61.893 0.0000000000
45617  -40.659  -60.525  63.254 0.0000000000
44669  -40.022  -61.056  63.404 0.0000000000
44677  -40.262  -61.159  62.827 0.0000000000
44682  -40.753  -61.068  61.909 0.0000000000
154430  -41.411  -60.786  61.361 0.0000000000
44678  -41.625  -60.391  61.907 0.0000000000
49608  -43.741  -57.189  63.534 0.0000000000
48604  -43.739  -57.615  63.045 0.0000000000
49616  -43.860  -56.933  62.724 0.0000000000
150367  -43.813  -56.999  61.720 0.0000000000
25200  -23.906  -78.633  62.777 0.0000000000
25193  -23.540  -78.303  63.412 0.0000000000
24042  -24.440  -79.816  61.037 0.0000000000
54717  -44.100  -51.620  62.857 0.0000000000
54725  -43.808  -51.548  61.669 0.0000000000
54726  -44.402  -50.890  62.330 0.0000000000
54747  -47.901  -51.048  59.447 0.0000000000
54746  -47.207  -51.139  59.495 0.0000000000
54758  -47.767  -51.481  59.032 0.0000000000
54759  -48.078  -51.468  59.034 0.0000000000
60005  -47.973  -46.190  56.883 0.0000000000
60006  -48.536  -46.090  56.621 0.0000000000
62140  -50.714  -44.648  48.614 0.0000000000
57909  -55.397  -48.064  48.391 0.0000000000
59010  -54.885  -47.084  48.659 0.0000000000
58999  -54.756  -47.956  49.749 0.0000000000
50588  -42.415  -55.871  65.327 0.0000000000
50589  -42.707  -55.172  65.172 0.0000000000
147164  -42.149  -55.207  65.298 0.0000000000
52667  -40.287  -54.051  63.361 0.0000000000
52668  -40.712  -53.432  64.026 0.0000000000
53703  -40.311  -53.033  63.269 0.0000000000
53704  -40.486  -52.239  63.306 0.0000000000
53714  -40.001  -52.435  62.484 0.0000000000
137146  -23.849  -73.186  63.974 0.0000000000
39420  -35.612  -65.795  61.695 0.0000000000
39404  -35.562  -66.647  62.322 0.0000000000
39391  -35.938  -67.174  62.662 0.0000000000
38199  -36.562  -67.007  62.951 0.0000000000
152845  -36.651  -66.553  63.091 0.0000000000
133613  -36.889  -65.540  62.931 0.0000000000
40489  -37.371  -65.777  62.666 0.0000000000
41569  -37.367  -65.042  62.962 0.0000000000
47605  -38.998  -59.096  62.365 0.0000000000
149972  -40.118  -59.106  64.305 0.0000000000
130182  -40.692  -59.056  64.436 0.0000000000
46580  -40.847  -59.562  64.290 0.0000000000
129697  -41.373  -58.970  64.510 0.0000000000
46581  -41.457  -59.365  64.296 0.0000000000
47570  -41.226  -58.351  64.649 0.0000000000
149934  -41.572  -56.355  65.083 0.0000000000
48559  -42.187  -57.036  65.047 0.0000000000
49581  -42.069  -56.443  65.206 0.0000000000
49596  -43.116  -56.635  64.880 0.0000000000
30158  -22.648  -74.938  65.983 0.0000000000
28825  -23.233  -76.037  65.016 0.0000000000
57676  -44.493  -48.771  63.674 0.0000000000
57677  -45.144  -49.001  63.483 0.0000000000
57693  -44.940  -48.444  62.956 0.0000000000
58811  -45.778  -47.741  61.438 0.0000000000
57710  -45.939  -48.250  61.950 0.0000000000
58812  -46.814  -48.105  60.911 0.0000000000
56707  -47.070  -49.326  60.512 0.0000000000
57721  -47.133  -48.701  60.418 0.0000000000
61060  -49.997  -46.070  54.999 0.0000000000
60017  -50.287  -46.295  55.501 0.0000000000
152213  -50.640  -46.205  54.931 0.0000000000
56768  -51.639  -48.630  54.467 0.0000000000
57795  -51.608  -47.573  54.920 0.0000000000
131536  -51.094  -49.676  54.378 0.0000000000
55846  -51.962  -50.778  53.282 0.0000000000
62123  -53.729  -44.044  49.100 0.0000000000
59025  -55.554  -47.518  47.660 0.0000000000
49624  -39.854  -56.510  61.172 0.0000000000
58926  -48.116  -46.601  54.251 0.0000000000
58954  -49.451  -47.042  52.630 0.0000000000
58955  -50.383  -46.788  52.416 0.0000000000
58966  -49.794  -47.422  51.835 0.0000000000
143502  -50.966  -40.876  50.056 0.0000000000
65223  -50.523  -41.656  49.560 0.0000000000
64246  -50.167  -42.241  49.250 0.0000000000
64247  -50.752  -42.510  49.926 0.0000000000
63180  -52.277  -42.780  50.361 0.0000000000
64235  -51.577  -42.332  50.591 0.0000000000
64237  -53.772  -41.745  50.058 0.0000000000
64249  -53.989  -42.256  49.550 0.0000000000
64261  -54.338  -42.667  48.984 0.0000000000
64270  -54.547  -43.009  48.337 0.0000000000
64269  -54.182  -42.473  47.881 0.0000000000
133834  -53.811  -40.211  49.281 0.0000000000
70090  -52.754  -36.667  50.929 0.0000000000
69162  -53.467  -37.532  51.026 0.0000000000
155026  -53.674  -37.036  50.771 0.0000000000
69176  -53.749  -37.189  49.092 0.0000000000
151699  -53.806  -37.902  49.389 0.0000000000
50639  -42.746  -55.770  59.728 0.0000000000
50640  -43.189  -55.740  60.695 0.0000000000
138553  -43.651  -54.153  62.520 0.0000000000
152680  -43.663  -53.194  62.683 0.0000000000
133819  -43.820  -52.679  64.098 0.0000000000
52645  -42.664  -53.597  65.146 0.0000000000
52646  -43.163  -53.658  64.839 0.0000000000
52656  -42.604  -52.830  65.050 0.0000000000
55726  -42.688  -50.835  64.560 0.0000000000
55727  -43.534  -50.816  64.777 0.0000000000
55738  -44.001  -50.027  64.651 0.0000000000
146456  -43.237  -49.610  64.199 0.0000000000
56700  -41.558  -49.357  61.817 0.0000000000
57690  -42.380  -48.909  62.258 0.0000000000
21692  -25.950  -82.100  57.875 0.0000000000
20561  -26.403  -82.783  57.291 0.0000000000
21693  -26.739  -82.369  57.813 0.0000000000
26429  -25.591  -77.569  61.685 0.0000000000
26430  -26.145  -77.867  61.248 0.0000000000
27661  -28.126  -76.552  58.892 0.0000000000
28882  -27.470  -75.688  58.378 0.0000000000
134552  -28.631  -75.954  58.256 0.0000000000
146680  -25.320  -71.993  64.825 0.0000000000
32773  -24.304  -72.382  61.088 0.0000000000
32781  -24.470  -72.280  60.342 0.0000000000
32786  -24.935  -72.716  58.340 0.0000000000
32790  -25.397  -72.737  57.481 0.0000000000
31557  -26.514  -73.903  57.181 0.0000000000
31563  -26.008  -73.122  56.877 0.0000000000
31564  -26.808  -73.312  56.593 0.0000000000
35015  -27.033  -70.365  58.830 0.0000000000
35045  -26.272  -70.543  57.197 0.0000000000
132687  -26.896  -70.227  57.728 0.0000000000
35037  -30.364  -70.057  59.401 0.0000000000
35036  -29.608  -70.021  59.221 0.0000000000
36047  -29.496  -69.697  58.467 0.0000000000
136765  -30.225  -69.422  58.257 0.0000000000
138143  -32.227  -69.034  58.185 0.0000000000
37153  -32.630  -68.654  57.611 0.0000000000
36070  -33.241  -68.940  58.215 0.0000000000
36003  -34.815  -69.703  61.630 0.0000000000
35992  -34.239  -69.493  62.159 0.0000000000
36002  -34.193  -70.051  61.929 0.0000000000
35000  -33.803  -70.100  61.209 0.0000000000
35001  -34.550  -69.867  60.784 0.0000000000
154489  -35.479  -69.737  60.020 0.0000000000
36032  -34.655  -69.760  59.935 0.0000000000
36051  -35.324  -69.620  59.209 0.0000000000
36072  -34.766  -69.367  58.427 0.0000000000
153770  -37.006  -69.288  59.947 0.0000000000
138164  -36.894  -69.475  58.454 0.0000000000
36054  -37.315  -69.259  58.729 0.0000000000
38235  -37.193  -67.732  61.896 0.0000000000
43635  -35.905  -62.606  61.162 0.0000000000
150201  -36.506  -62.406  61.805 0.0000000000
43610  -37.278  -62.623  62.801 0.0000000000
42581  -38.099  -63.416  63.261 0.0000000000
41570  -38.165  -64.101  63.058 0.0000000000
45601  -38.851  -60.750  63.432 0.0000000000
44667  -38.235  -61.241  63.195 0.0000000000
42588  -38.831  -63.246  62.758 0.0000000000
42595  -39.054  -63.226  62.171 0.0000000000
43637  -40.656  -61.927  60.292 0.0000000000
42605  -40.068  -62.745  59.925 0.0000000000
42613  -40.717  -63.012  58.919 0.0000000000
148407  -43.322  -61.005  59.653 0.0000000000
46597  -42.598  -58.982  63.648 0.0000000000
45619  -42.295  -59.762  62.352 0.0000000000
46618  -42.805  -59.174  62.761 0.0000000000
133216  -43.455  -59.186  61.484 0.0000000000
46649  -43.531  -59.173  60.474 0.0000000000
140655  -43.486  -59.843  60.129 0.0000000000
46659  -43.475  -59.536  59.712 0.0000000000
47643  -43.485  -58.742  60.077 0.0000000000
48632  -43.210  -57.339  59.905 0.0000000000
22891  -24.905  -80.805  59.727 0.0000000000
22898  -24.869  -81.005  58.991 0.0000000000
21682  -25.468  -81.450  58.404 0.0000000000
21691  -25.290  -81.519  57.494 0.0000000000
55762  -45.830  -49.851  61.981 0.0000000000
55761  -44.989  -50.359  61.739 0.0000000000
58873  -45.282  -47.409  57.787 0.0000000000
59976  -46.075  -47.281  59.290 0.0000000000
153247  -48.319  -46.978  58.250 0.0000000000
58838  -47.424  -47.394  59.265 0.0000000000
58839  -48.042  -47.590  58.750 0.0000000000
57732  -48.007  -48.431  59.129 0.0000000000
56715  -48.324  -49.009  58.767 0.0000000000
145094  -50.191  -47.512  56.385 0.0000000000
58894  -49.732  -47.229  57.043 0.0000000000
56745  -48.838  -49.370  57.473 0.0000000000
154832  -48.689  -50.403  57.427 0.0000000000
153736  -48.468  -50.552  58.627 0.0000000000
54776  -48.572  -51.473  57.552 0.0000000000
58967  -50.777  -47.304  51.687 0.0000000000
58985  -51.263  -47.929  50.867 0.0000000000
61117  -52.609  -45.610  48.210 0.0000000000
156813  -52.674  -46.739  48.274 0.0000000000
59024  -51.279  -47.055  47.968 0.0000000000
57907  -51.482  -47.783  48.575 0.0000000000
58988  -54.340  -47.768  50.336 0.0000000000
145420  -53.636  -47.191  51.644 0.0000000000
58971  -54.167  -47.798  51.223 0.0000000000
57845  -54.182  -48.254  51.841 0.0000000000
50596  -41.175  -55.836  64.917 0.0000000000
144380  -41.111  -54.864  64.627 0.0000000000
51633  -40.491  -54.883  63.872 0.0000000000
40493  -36.016  -65.917  62.736 0.0000000000
39374  -36.539  -66.058  63.023 0.0000000000
131268  -35.964  -65.086  62.115 0.0000000000
144205  -36.787  -64.139  62.639 0.0000000000
48603  -39.746  -57.488  62.343 0.0000000000
47606  -39.466  -58.330  62.852 0.0000000000
48591  -39.971  -57.487  63.303 0.0000000000
48574  -40.395  -57.650  64.171 0.0000000000
48575  -41.002  -57.539  64.758 0.0000000000
49594  -40.692  -56.992  64.469 0.0000000000
58809  -44.211  -48.100  61.842 0.0000000000
58798  -44.718  -48.140  62.289 0.0000000000
58810  -45.001  -47.829  61.573 0.0000000000
154333  -45.441  -47.625  61.145 0.0000000000
58825  -45.871  -47.494  60.701 0.0000000000
61067  -51.206  -45.980  54.017 0.0000000000
60027  -51.345  -46.158  54.558 0.0000000000
60028  -52.139  -46.334  54.480 0.0000000000
57796  -52.370  -47.707  54.298 0.0000000000
56769  -52.390  -48.699  53.899 0.0000000000
56779  -52.832  -49.197  53.248 0.0000000000
56787  -52.831  -49.982  52.554 0.0000000000
62143  -54.699  -44.153  48.109 0.0000000000
62158  -54.898  -44.844  47.468 0.0000000000
61141  -55.416  -45.701  46.789 0.0000000000
66234  -50.663  -39.889  49.385 0.0000000000
154325  -51.448  -41.236  50.630 0.0000000000
150927  -52.291  -42.106  50.858 0.0000000000
65217  -52.717  -41.478  50.994 0.0000000000
65218  -53.336  -41.450  50.615 0.0000000000
144166  -53.719  -41.118  50.240 0.0000000000
65233  -54.017  -41.506  49.003 0.0000000000
65224  -53.936  -41.340  49.665 0.0000000000
66236  -53.847  -40.415  49.963 0.0000000000
67271  -53.839  -39.376  49.750 0.0000000000
137794  -53.846  -35.637  50.739 0.0000000000
70096  -53.860  -36.293  50.568 0.0000000000
70102  -53.948  -36.282  49.794 0.0000000000
50631  -43.607  -56.152  61.542 0.0000000000
148891  -43.683  -55.691  62.109 0.0000000000
130288  -43.685  -55.176  62.669 0.0000000000
51641  -43.718  -54.590  63.349 0.0000000000
53705  -41.151  -52.116  64.098 0.0000000000
53696  -42.101  -52.265  64.879 0.0000000000
138153  -41.839  -51.323  64.222 0.0000000000
55736  -42.100  -50.491  63.970 0.0000000000
56678  -42.401  -49.816  63.711 0.0000000000
57706  -41.219  -49.191  60.951 0.0000000000
21684  -26.237  -81.700  58.554 0.0000000000
21681  -26.033  -81.234  59.209 0.0000000000
22893  -26.270  -80.683  59.457 0.0000000000
24051  -26.687  -79.826  59.679 0.0000000000
28880  -25.992  -75.210  58.667 0.0000000000
33957  -24.901  -71.793  59.905 0.0000000000
33958  -25.556  -71.320  60.339 0.0000000000
33971  -25.488  -71.295  59.476 0.0000000000
33976  -25.493  -71.292  58.565 0.0000000000
143056  -25.527  -71.361  57.770 0.0000000000
33977  -26.140  -70.771  59.099 0.0000000000
131269  -28.061  -70.212  59.255 0.0000000000
131410  -30.811  -69.683  58.844 0.0000000000
36030  -32.775  -69.687  59.283 0.0000000000
38217  -35.320  -67.773  62.344 0.0000000000
35993  -35.205  -69.167  61.981 0.0000000000
34985  -35.215  -69.717  61.045 0.0000000000
129839  -36.075  -69.669  59.761 0.0000000000
39422  -37.845  -66.249  60.664 0.0000000000
146915  -39.148  -64.161  59.714 0.0000000000
45639  -36.251  -61.429  60.651 0.0000000000
43626  -36.786  -61.883  61.922 0.0000000000
45631  -36.819  -61.337  61.405 0.0000000000
44666  -37.219  -61.878  62.510 0.0000000000
135651  -37.711  -61.851  63.055 0.0000000000
44657  -40.034  -60.950  63.705 0.0000000000
44656  -39.266  -61.318  63.536 0.0000000000
43614  -39.617  -61.765  62.999 0.0000000000
43627  -39.589  -62.441  61.795 0.0000000000
43628  -40.298  -61.761  61.356 0.0000000000
45641  -42.956  -60.438  60.745 0.0000000000
47589  -43.517  -58.069  63.458 0.0000000000
46619  -43.391  -58.842  62.255 0.0000000000
47607  -43.616  -58.179  62.635 0.0000000000
48623  -43.713  -57.798  61.372 0.0000000000
130083  -43.501  -57.969  60.485 0.0000000000
26405  -22.762  -77.665  64.602 0.0000000000
25186  -22.903  -78.257  63.948 0.0000000000
25192  -22.965  -78.733  63.454 0.0000000000
55775  -46.644  -49.990  60.902 0.0000000000
54735  -46.695  -50.348  60.199 0.0000000000
58874  -46.230  -47.039  57.395 0.0000000000
59994  -47.019  -46.723  57.970 0.0000000000
59995  -47.804  -46.455  57.569 0.0000000000
59979  -48.082  -46.574  57.923 0.0000000000
56757  -49.831  -49.118  55.682 0.0000000000
57780  -49.579  -48.565  56.593 0.0000000000
60062  -54.390  -46.320  48.243 0.0000000000
58997  -53.866  -47.306  48.946 0.0000000000
57887  -53.419  -47.698  49.387 0.0000000000
58998  -54.548  -47.543  49.514 0.0000000000
57867  -54.661  -48.302  50.387 0.0000000000
56798  -54.713  -49.021  50.707 0.0000000000
68258  -51.585  -38.284  50.127 0.0000000000
68251  -52.832  -38.343  51.369 0.0000000000
69160  -52.410  -37.749  50.957 0.0000000000
70101  -51.618  -36.135  49.283 0.0000000000
70095  -52.564  -35.717  50.374 0.0000000000
71028  -52.801  -34.822  50.183 0.0000000000
144058  -43.493  -55.997  64.530 0.0000000000
50598  -43.194  -55.139  64.741 0.0000000000
51611  -42.419  -54.460  65.245 0.0000000000
52644  -42.014  -53.880  65.253 0.0000000000
51620  -41.351  -53.824  64.799 0.0000000000
53695  -41.317  -52.892  64.531 0.0000000000
53715  -40.289  -51.823  62.775 0.0000000000
26422  -24.336  -77.880  62.960 0.0000000000
27612  -24.192  -77.098  63.372 0.0000000000
27621  -24.636  -76.997  62.640 0.0000000000
141071  -24.466  -76.094  62.167 0.0000000000
131939  -24.013  -75.185  62.124 0.0000000000
30178  -23.731  -74.502  62.614 0.0000000000
30181  -23.869  -74.336  61.771 0.0000000000
34983  -32.344  -70.359  61.858 0.0000000000
38218  -36.250  -67.605  62.633 0.0000000000
37096  -36.502  -68.087  62.321 0.0000000000
37097  -36.981  -67.864  62.241 0.0000000000
38220  -37.170  -67.207  62.577 0.0000000000
156990  -37.128  -66.841  62.823 0.0000000000
39375  -36.860  -66.276  63.069 0.0000000000
39376  -37.089  -66.468  62.889 0.0000000000
39392  -37.288  -66.611  62.603 0.0000000000
40494  -37.896  -65.197  62.309 0.0000000000
46616  -38.082  -60.473  62.329 0.0000000000
46617  -38.753  -59.932  62.725 0.0000000000
46578  -39.469  -60.278  63.733 0.0000000000
47568  -39.619  -59.525  63.907 0.0000000000
45588  -40.366  -60.206  64.064 0.0000000000
45603  -41.243  -59.952  63.671 0.0000000000
45618  -41.438  -60.109  62.877 0.0000000000
46596  -41.854  -59.358  64.045 0.0000000000
153146  -42.454  -58.818  64.162 0.0000000000
47554  -41.745  -57.659  64.872 0.0000000000
47572  -42.678  -58.305  64.432 0.0000000000
47588  -43.030  -58.459  63.889 0.0000000000
137352  -43.119  -57.461  64.554 0.0000000000
49597  -43.570  -56.874  64.231 0.0000000000
28819  -22.785  -75.884  65.616 0.0000000000
27601  -23.396  -76.855  64.459 0.0000000000
136649  -44.835  -50.251  63.885 0.0000000000
154914  -45.131  -49.935  63.493 0.0000000000
55749  -45.456  -49.677  62.942 0.0000000000
55750  -46.006  -49.424  62.263 0.0000000000
57694  -45.527  -48.623  62.652 0.0000000000
56701  -46.322  -49.100  61.964 0.0000000000
55763  -46.441  -49.518  61.465 0.0000000000
55764  -46.952  -49.753  60.655 0.0000000000
55776  -47.459  -49.958  59.987 0.0000000000
55785  -47.928  -50.566  59.591 0.0000000000
60015  -48.962  -45.988  55.901 0.0000000000
60007  -49.170  -46.150  56.408 0.0000000000
60016  -49.566  -46.123  55.722 0.0000000000
60008  -49.927  -46.373  56.220 0.0000000000
57782  -50.888  -47.442  55.543 0.0000000000
58914  -51.450  -46.865  55.320 0.0000000000
55828  -50.179  -49.739  54.969 0.0000000000
63197  -51.672  -43.623  49.692 0.0000000000
155728  -51.456  -44.342  49.047 0.0000000000
61119  -54.725  -45.551  47.813 0.0000000000
143296  -54.777  -44.879  47.716 0.0000000000
60063  -55.294  -46.505  47.836 0.0000000000
133829  -39.913  -55.901  61.654 0.0000000000
50623  -39.855  -55.070  61.649 0.0000000000
46648  -37.976  -59.915  60.605 0.0000000000
47631  -38.847  -58.757  60.796 0.0000000000
142370  -39.554  -57.634  61.049 0.0000000000
48614  -39.736  -57.286  61.475 0.0000000000
58849  -43.650  -48.008  58.469 0.0000000000
58850  -44.093  -47.805  59.189 0.0000000000
58872  -44.223  -47.946  57.648 0.0000000000
153916  -44.813  -47.709  57.209 0.0000000000
58893  -47.189  -46.484  56.183 0.0000000000
58912  -47.161  -46.621  55.209 0.0000000000
60024  -47.848  -46.417  54.905 0.0000000000
60025  -48.719  -46.103  55.003 0.0000000000
60033  -48.940  -46.373  54.124 0.0000000000
60034  -49.734  -46.304  53.913 0.0000000000
60042  -49.173  -46.666  53.367 0.0000000000
60035  -50.609  -46.161  53.759 0.0000000000
60044  -50.947  -46.275  52.965 0.0000000000
60045  -51.808  -46.199  52.850 0.0000000000
64259  -50.161  -42.951  49.216 0.0000000000
63196  -50.752  -43.337  49.651 0.0000000000
63198  -52.927  -43.444  49.683 0.0000000000
63199  -53.876  -43.199  49.443 0.0000000000
64236  -52.950  -42.133  50.614 0.0000000000
154508  -53.860  -42.619  49.646 0.0000000000
63225  -54.505  -43.371  48.590 0.0000000000
63248  -54.722  -43.858  47.948 0.0000000000
63269  -54.640  -44.287  47.252 0.0000000000
65240  -53.845  -41.617  48.160 0.0000000000
69145  -53.244  -38.220  51.317 0.0000000000
139880  -53.697  -38.763  50.562 0.0000000000
68259  -53.878  -38.271  50.018 0.0000000000
130206  -43.396  -55.260  61.473 0.0000000000
134232  -43.301  -54.261  61.590 0.0000000000
53706  -44.210  -51.671  63.913 0.0000000000
50608  -43.621  -55.112  64.033 0.0000000000
52669  -43.696  -53.908  64.054 0.0000000000
53697  -43.032  -52.241  64.878 0.0000000000
140582  -43.508  -52.349  64.597 0.0000000000
54690  -43.969  -51.563  64.447 0.0000000000
54706  -44.443  -50.844  64.307 0.0000000000
55739  -44.605  -50.238  64.381 0.0000000000
56693  -43.732  -48.673  63.420 0.0000000000
56692  -42.924  -49.097  63.359 0.0000000000
57691  -43.211  -48.515  62.622 0.0000000000
57709  -43.531  -48.233  62.044 0.0000000000
58834  -42.640  -48.201  59.519 0.0000000000
129953  -39.565  -52.898  61.779 0.0000000000
53725  -39.591  -52.087  61.654 0.0000000000
54724  -39.664  -51.419  61.440 0.0000000000
55759  -39.827  -50.830  61.254 0.0000000000
56698  -40.091  -50.212  60.963 0.0000000000
18178  -26.621  -84.132  56.442 0.0000000000
19426  -27.279  -83.678  56.522 0.0000000000
25221  -25.819  -78.688  61.117 0.0000000000
24044  -26.364  -79.110  60.410 0.0000000000
31530  -23.772  -73.444  62.388 0.0000000000
31535  -23.890  -73.295  61.401 0.0000000000
30210  -25.410  -74.672  58.808 0.0000000000
32785  -24.599  -72.780  58.985 0.0000000000
30218  -25.532  -74.189  58.138 0.0000000000
30220  -27.131  -74.765  57.577 0.0000000000
35044  -25.765  -71.067  57.144 0.0000000000
142149  -28.204  -70.458  60.021 0.0000000000
35035  -28.798  -69.942  58.831 0.0000000000
36046  -28.780  -69.683  58.022 0.0000000000
36069  -31.172  -69.142  58.070 0.0000000000
34968  -31.986  -70.048  62.369 0.0000000000
136112  -33.371  -69.479  62.385 0.0000000000
34969  -32.933  -70.201  62.119 0.0000000000
133073  -33.092  -70.290  61.630 0.0000000000
34999  -33.083  -70.138  60.805 0.0000000000
36031  -33.659  -69.731  59.565 0.0000000000
148701  -33.454  -69.423  58.905 0.0000000000
36071  -34.008  -69.230  58.529 0.0000000000
37120  -37.075  -68.346  60.998 0.0000000000
36034  -37.285  -68.811  60.069 0.0000000000
38262  -37.489  -67.978  60.160 0.0000000000
37129  -37.655  -68.450  59.254 0.0000000000
42594  -36.119  -63.449  61.609 0.0000000000
42587  -36.602  -63.474  62.262 0.0000000000
43618  -36.778  -62.849  62.326 0.0000000000
42579  -37.023  -63.485  62.730 0.0000000000
142640  -37.674  -64.179  63.096 0.0000000000
41579  -38.277  -64.413  62.619 0.0000000000
43611  -38.254  -61.793  63.319 0.0000000000
43603  -39.007  -62.040  63.403 0.0000000000
43602  -38.666  -61.980  63.391 0.0000000000
43612  -38.568  -62.666  63.287 0.0000000000
42582  -38.525  -63.312  63.047 0.0000000000
41580  -38.655  -63.913  62.441 0.0000000000
41590  -38.903  -64.078  60.769 0.0000000000
134640  -39.420  -63.509  60.147 0.0000000000
45633  -42.667  -60.122  61.470 0.0000000000
45634  -43.233  -59.881  61.107 0.0000000000
45642  -43.310  -60.362  60.273 0.0000000000
47652  -42.788  -58.446  58.667 0.0000000000
48645  -43.191  -58.177  59.544 0.0000000000
21705  -25.629  -82.380  57.076 0.0000000000
58851  -45.076  -47.525  59.285 0.0000000000
59963  -46.197  -47.413  60.016 0.0000000000
59953  -46.483  -47.470  60.219 0.0000000000
59977  -46.835  -46.968  58.805 0.0000000000
59954  -46.947  -47.364  59.763 0.0000000000
152887  -47.119  -47.609  59.863 0.0000000000
57722  -47.541  -48.628  59.796 0.0000000000
56714  -47.985  -49.290  59.367 0.0000000000
55786  -48.208  -50.486  59.247 0.0000000000
59997  -48.857  -46.281  57.099 0.0000000000
58875  -49.188  -46.970  57.496 0.0000000000
57756  -49.146  -47.956  57.691 0.0000000000
140603  -49.166  -48.550  57.412 0.0000000000
57741  -48.623  -48.553  58.279 0.0000000000
55794  -48.452  -50.042  58.596 0.0000000000
135314  -48.372  -50.553  58.903 0.0000000000
58983  -49.276  -48.167  51.283 0.0000000000
60051  -52.361  -46.531  52.200 0.0000000000
61116  -51.822  -45.071  48.502 0.0000000000
61125  -50.842  -45.428  48.039 0.0000000000
139874  -53.160  -46.285  48.190 0.0000000000
60061  -52.031  -46.394  48.076 0.0000000000
60068  -50.877  -46.220  47.670 0.0000000000
57885  -51.105  -48.454  49.258 0.0000000000
57864  -51.755  -48.281  50.009 0.0000000000
57865  -52.897  -47.963  50.055 0.0000000000
58986  -52.408  -47.727  50.777 0.0000000000
58969  -52.941  -46.983  51.561 0.0000000000
60052  -53.335  -46.709  52.246 0.0000000000
57825  -53.798  -47.956  52.554 0.0000000000
56780  -53.558  -49.045  52.395 0.0000000000
55856  -53.371  -49.993  51.886 0.0000000000
55864  -53.717  -50.087  51.231 0.0000000000
55863  -53.087  -50.658  51.602 0.0000000000
22894  -27.116  -80.395  59.010 0.0000000000
22897  -24.398  -80.408  59.486 0.0000000000
24028  -24.981  -79.102  61.475 0.0000000000
25199  -23.313  -78.996  62.906 0.0000000000
25206  -25.414  -78.247  61.727 0.0000000000
26413  -23.401  -77.672  64.014 0.0000000000
26414  -23.880  -77.626  63.552 0.0000000000
28881  -26.555  -75.719  58.850 0.0000000000
30219  -26.172  -74.449  57.765 0.0000000000
31556  -25.741  -73.669  57.532 0.0000000000
32783  -24.494  -72.530  59.657 0.0000000000
35046  -26.779  -70.131  56.772 0.0000000000
35991  -33.560  -70.012  62.185 0.0000000000
45587  -39.744  -60.557  63.813 0.0000000000
46595  -38.958  -59.952  63.259 0.0000000000
47571  -41.930  -58.356  64.695 0.0000000000
47573  -43.373  -57.955  64.038 0.0000000000
47619  -38.802  -59.072  61.593 0.0000000000
48576  -42.414  -57.676  64.868 0.0000000000
48577  -43.584  -57.482  64.002 0.0000000000
49582  -42.567  -56.497  65.216 0.0000000000
49595  -41.056  -56.656  64.893 0.0000000000
51609  -41.597  -55.269  65.074 0.0000000000
51621  -43.386  -54.225  64.550 0.0000000000
53685  -43.139  -52.979  64.888 0.0000000000
53747  -47.925  -51.973  58.598 0.0000000000
55777  -48.142  -49.784  59.568 0.0000000000
55801  -48.546  -50.887  58.264 0.0000000000
56681  -45.076  -49.702  63.684 0.0000000000
56721  -48.462  -49.404  58.537 0.0000000000
56729  -48.684  -49.159  58.102 0.0000000000
57695  -46.062  -48.752  62.217 0.0000000000
57711  -46.491  -48.565  61.535 0.0000000000
57712  -46.858  -48.753  60.933 0.0000000000
57733  -48.375  -48.211  58.581 0.0000000000
57794  -50.999  -48.119  55.036 0.0000000000
58827  -47.194  -48.022  60.246 0.0000000000
58835  -43.578  -48.008  59.747 0.0000000000
58895  -50.120  -46.829  56.563 0.0000000000
58928  -52.615  -46.862  54.372 0.0000000000
58940  -53.069  -47.188  53.847 0.0000000000
58957  -53.637  -47.175  52.607 0.0000000000
59965  -47.259  -47.062  59.110 0.0000000000
59966  -47.861  -46.995  58.633 0.0000000000
59980  -48.595  -46.679  57.709 0.0000000000
60018  -51.054  -46.428  55.229 0.0000000000
60026  -49.494  -46.136  54.660 0.0000000000
60036  -51.846  -45.974  53.939 0.0000000000
60082  -55.122  -46.224  46.409 0.0000000000
61065  -50.100  -46.174  54.380 0.0000000000
61127  -55.189  -45.619  47.413 0.0000000000
64260  -54.260  -42.270  48.688 0.0000000000
65212  -52.581  -40.749  51.255 0.0000000000
65216  -51.914  -41.533  50.961 0.0000000000
66218  -52.576  -39.987  51.448 0.0000000000
66219  -52.960  -40.075  51.521 0.0000000000
66220  -53.218  -40.091  51.248 0.0000000000
67246  -53.108  -39.485  51.471 0.0000000000
67265  -53.692  -39.621  50.443 0.0000000000
68235  -53.226  -38.850  51.326 0.0000000000
68250  -52.082  -38.688  50.988 0.0000000000
68252  -53.452  -38.357  51.053 0.0000000000
69168  -51.820  -37.336  50.185 0.0000000000
70092  -53.611  -36.592  51.061 0.0000000000
132424  -45.483  -47.363  58.657 0.0000000000
135025  -46.812  -47.635  60.349 0.0000000000
135053  -44.378  -47.949  61.170 0.0000000000
138798  -43.528  -56.563  61.021 0.0000000000
139091  -26.754  -83.437  56.899 0.0000000000
144419  -25.880  -74.767  58.289 0.0000000000
145975  -52.060  -46.070  53.374 0.0000000000
147061  -51.709  -46.483  54.956 0.0000000000
148654  -46.334  -47.951  61.403 0.0000000000
151806  -53.927  -41.726  49.776 0.0000000000
153292  -43.594  -58.949  61.108 0.0000000000
153614  -50.350  -44.161  48.906 0.0000000000
154696  -27.954  -70.677  62.707 0.0000000000
155986  -37.747  -64.541  63.002 0.0000000000
