#!ascii label  , from subject sub-v1s1x0050658_ses-1 vox2ras=TkReg
613
16730  -43.964  -86.586  -16.605 0.0000000000
28562  -48.887  -75.876  -19.727 0.0000000000
22540  -43.209  -81.979  -13.892 0.0000000000
23741  -43.528  -80.717  -19.336 0.0000000000
28455  -48.162  -77.355  -12.243 0.0000000000
141112  -48.835  -84.286  -12.077 0.0000000000
23632  -41.726  -80.549  -7.710 0.0000000000
24722  -41.253  -80.167  -1.868 0.0000000000
27219  -42.791  -77.631  -11.441 0.0000000000
26022  -45.147  -79.217  -12.975 0.0000000000
29785  -46.158  -75.330  -10.005 0.0000000000
142312  -45.855  -82.315  -9.466 0.0000000000
22469  -45.234  -81.955  -6.250 0.0000000000
25874  -37.495  -78.118  0.180 0.0000000000
25923  -38.265  -77.696  -3.270 0.0000000000
17897  -40.776  -85.487  -18.605 0.0000000000
27337  -45.731  -77.348  -19.589 0.0000000000
23769  -45.560  -80.519  -23.252 0.0000000000
26203  -46.534  -78.270  -24.329 0.0000000000
20234  -47.932  -83.415  -16.373 0.0000000000
19127  -44.211  -84.174  -18.670 0.0000000000
27298  -45.887  -77.788  -16.088 0.0000000000
28500  -48.145  -76.457  -15.943 0.0000000000
19067  -46.846  -84.166  -13.258 0.0000000000
22510  -42.263  -81.595  -10.651 0.0000000000
27203  -40.419  -77.842  -9.579 0.0000000000
22422  -44.764  -81.467  -3.295 0.0000000000
135426  -41.378  -79.987  -4.617 0.0000000000
25961  -38.816  -77.809  -5.978 0.0000000000
29705  -41.211  -74.816  -7.011 0.0000000000
21426  -43.000  -82.801  -21.753 0.0000000000
32437  -53.124  -73.475  -15.184 0.0000000000
29925  -51.332  -74.012  -20.279 0.0000000000
32587  -49.971  -71.498  -23.536 0.0000000000
155248  -42.834  -75.866  -10.047 0.0000000000
28445  -44.527  -76.449  -11.288 0.0000000000
17882  -41.796  -85.493  -17.505 0.0000000000
28560  -47.186  -76.392  -19.672 0.0000000000
142860  -45.921  -77.295  -21.743 0.0000000000
28589  -47.335  -75.873  -22.027 0.0000000000
28644  -47.119  -76.473  -24.113 0.0000000000
29956  -48.129  -75.220  -22.044 0.0000000000
21355  -44.514  -82.989  -15.160 0.0000000000
22552  -44.078  -81.321  -15.188 0.0000000000
26024  -46.381  -78.433  -12.852 0.0000000000
26039  -45.723  -78.647  -14.229 0.0000000000
27269  -47.121  -77.801  -13.890 0.0000000000
27299  -46.505  -77.163  -16.575 0.0000000000
27270  -47.769  -77.194  -14.400 0.0000000000
17850  -48.030  -84.595  -14.285 0.0000000000
20202  -48.269  -83.984  -12.374 0.0000000000
146566  -44.094  -81.677  -8.882 0.0000000000
21320  -44.328  -82.440  -10.210 0.0000000000
23651  -42.031  -80.933  -8.966 0.0000000000
24796  -41.088  -79.710  -9.877 0.0000000000
24790  -40.944  -79.952  -9.085 0.0000000000
23576  -42.774  -80.647  -2.356 0.0000000000
23588  -43.364  -80.910  -3.627 0.0000000000
24731  -41.332  -80.013  -3.165 0.0000000000
28331  -37.885  -76.293  -4.238 0.0000000000
27158  -38.701  -77.860  -4.990 0.0000000000
28365  -38.355  -76.586  -5.791 0.0000000000
140471  -38.884  -76.042  -6.844 0.0000000000
22608  -44.104  -82.063  -18.768 0.0000000000
20274  -43.011  -83.137  -19.884 0.0000000000
22620  -43.783  -81.782  -20.900 0.0000000000
142739  -44.570  -81.997  -24.263 0.0000000000
135849  -52.123  -73.505  -13.940 0.0000000000
31253  -53.042  -73.343  -17.647 0.0000000000
32542  -50.824  -72.610  -20.937 0.0000000000
24815  -42.751  -79.981  -12.526 0.0000000000
23690  -44.049  -80.241  -13.911 0.0000000000
136421  -44.045  -78.757  -12.302 0.0000000000
27221  -45.798  -77.490  -11.781 0.0000000000
136403  -46.908  -76.254  -11.326 0.0000000000
20174  -47.516  -83.236  -10.979 0.0000000000
155343  -45.282  -81.832  -8.224 0.0000000000
22467  -43.719  -81.497  -6.780 0.0000000000
137917  -39.203  -79.511  -0.673 0.0000000000
25909  -39.566  -79.115  -2.428 0.0000000000
27116  -37.759  -77.688  -1.651 0.0000000000
28321  -37.466  -76.255  -2.458 0.0000000000
31036  -37.798  -74.471  -3.831 0.0000000000
26121  -44.433  -78.628  -19.610 0.0000000000
135549  -44.045  -80.376  -21.290 0.0000000000
26154  -44.811  -78.783  -21.719 0.0000000000
26186  -46.253  -79.178  -23.714 0.0000000000
24991  -45.643  -79.193  -25.590 0.0000000000
27428  -45.781  -77.592  -25.968 0.0000000000
28661  -46.579  -76.010  -25.434 0.0000000000
30023  -46.852  -74.805  -25.525 0.0000000000
17871  -46.068  -85.397  -16.785 0.0000000000
17884  -44.041  -85.476  -17.727 0.0000000000
21404  -46.324  -82.295  -18.175 0.0000000000
23728  -44.619  -80.183  -17.738 0.0000000000
24843  -44.612  -79.711  -15.128 0.0000000000
24860  -44.941  -79.487  -16.737 0.0000000000
26089  -44.869  -78.726  -17.730 0.0000000000
27308  -45.780  -77.595  -17.891 0.0000000000
28531  -47.519  -76.577  -17.900 0.0000000000
141070  -48.502  -76.378  -18.059 0.0000000000
17860  -47.315  -85.136  -15.693 0.0000000000
20217  -46.545  -83.789  -14.758 0.0000000000
20209  -44.379  -83.679  -13.530 0.0000000000
20188  -46.325  -83.471  -11.695 0.0000000000
20186  -43.925  -83.244  -11.824 0.0000000000
21341  -42.483  -82.070  -12.095 0.0000000000
24808  -41.864  -79.340  -11.434 0.0000000000
27211  -41.448  -77.737  -10.665 0.0000000000
29768  -41.812  -75.868  -9.164 0.0000000000
22434  -44.757  -81.652  -4.771 0.0000000000
152686  -43.092  -81.202  -5.467 0.0000000000
23618  -41.879  -80.451  -6.123 0.0000000000
25925  -39.787  -79.101  -3.750 0.0000000000
25949  -39.902  -78.989  -5.620 0.0000000000
24762  -40.373  -79.518  -6.957 0.0000000000
25985  -39.546  -78.124  -7.872 0.0000000000
28421  -40.082  -76.635  -8.606 0.0000000000
19126  -42.459  -84.140  -18.735 0.0000000000
19154  -41.471  -84.615  -20.427 0.0000000000
22634  -44.728  -81.986  -22.851 0.0000000000
20325  -43.355  -83.740  -24.264 0.0000000000
27251  -49.960  -77.661  -13.527 0.0000000000
28502  -50.262  -76.778  -15.798 0.0000000000
28517  -50.838  -76.294  -17.244 0.0000000000
29875  -51.759  -75.350  -17.584 0.0000000000
29905  -50.526  -75.318  -19.325 0.0000000000
29958  -50.180  -74.091  -21.548 0.0000000000
29992  -49.184  -73.436  -23.516 0.0000000000
29769  -42.729  -75.612  -9.267 0.0000000000
29782  -43.495  -75.597  -9.845 0.0000000000
155680  -42.126  -86.668  -16.602 0.0000000000
16750  -43.556  -86.043  -17.098 0.0000000000
28561  -48.066  -75.961  -19.897 0.0000000000
28588  -47.116  -76.132  -21.278 0.0000000000
29941  -47.918  -75.542  -21.268 0.0000000000
29922  -48.668  -75.527  -20.563 0.0000000000
21354  -43.674  -82.726  -14.436 0.0000000000
21363  -45.216  -82.305  -15.917 0.0000000000
22551  -43.640  -81.949  -14.668 0.0000000000
27231  -46.909  -78.026  -12.450 0.0000000000
26040  -46.432  -78.358  -13.566 0.0000000000
27232  -47.670  -77.803  -12.647 0.0000000000
27249  -47.976  -77.642  -13.450 0.0000000000
27233  -48.536  -77.635  -12.823 0.0000000000
16677  -47.511  -85.519  -12.121 0.0000000000
17825  -48.260  -85.195  -12.704 0.0000000000
17840  -48.514  -84.631  -12.820 0.0000000000
19070  -48.691  -84.401  -12.396 0.0000000000
22480  -42.816  -81.234  -8.145 0.0000000000
22500  -43.411  -81.683  -9.319 0.0000000000
23642  -42.222  -80.902  -8.285 0.0000000000
23641  -41.540  -80.504  -8.618 0.0000000000
24695  -41.017  -80.217  -1.038 0.0000000000
23551  -41.826  -80.575  -0.554 0.0000000000
23558  -41.879  -80.494  -1.305 0.0000000000
23560  -43.246  -81.025  -1.496 0.0000000000
23575  -41.996  -80.402  -2.076 0.0000000000
24732  -42.047  -80.319  -2.869 0.0000000000
150284  -41.464  -80.160  -2.507 0.0000000000
29665  -38.055  -75.672  -4.753 0.0000000000
28345  -38.052  -76.603  -4.951 0.0000000000
29687  -38.822  -75.154  -5.983 0.0000000000
31072  -39.091  -74.400  -5.701 0.0000000000
22593  -43.786  -81.321  -18.787 0.0000000000
21414  -43.705  -82.459  -19.573 0.0000000000
23752  -43.610  -80.831  -20.418 0.0000000000
32509  -52.336  -73.072  -18.889 0.0000000000
32543  -51.284  -72.796  -20.672 0.0000000000
32530  -51.165  -72.766  -20.244 0.0000000000
157053  -42.892  -78.819  -11.981 0.0000000000
26010  -43.314  -79.180  -12.353 0.0000000000
26003  -43.363  -78.298  -11.915 0.0000000000
153501  -45.094  -75.894  -11.021 0.0000000000
27220  -44.886  -77.359  -11.682 0.0000000000
28446  -45.433  -76.603  -11.408 0.0000000000
28447  -46.293  -76.813  -11.550 0.0000000000
148851  -46.919  -75.554  -10.610 0.0000000000
22482  -44.254  -81.601  -7.326 0.0000000000
22468  -44.577  -81.705  -6.609 0.0000000000
154484  -39.066  -79.638  -0.157 0.0000000000
24692  -38.551  -79.303  -0.208 0.0000000000
24706  -38.610  -78.988  -1.094 0.0000000000
25894  -38.006  -78.369  -1.156 0.0000000000
31035  -37.507  -74.864  -3.043 0.0000000000
17930  -41.269  -85.574  -20.275 0.0000000000
26122  -45.116  -77.892  -20.119 0.0000000000
26139  -44.528  -78.600  -20.673 0.0000000000
26140  -45.252  -77.929  -21.214 0.0000000000
26171  -46.440  -78.167  -23.607 0.0000000000
26170  -45.970  -78.632  -23.048 0.0000000000
155386  -46.490  -78.746  -23.997 0.0000000000
26202  -46.280  -78.811  -24.899 0.0000000000
26217  -46.066  -78.293  -25.482 0.0000000000
28627  -47.617  -75.630  -23.508 0.0000000000
28662  -46.945  -76.287  -24.748 0.0000000000
28645  -47.511  -75.470  -24.237 0.0000000000
30009  -47.982  -74.300  -24.448 0.0000000000
19103  -47.616  -84.130  -16.818 0.0000000000
19113  -46.429  -84.264  -17.757 0.0000000000
22595  -46.123  -81.651  -17.967 0.0000000000
22584  -45.619  -81.095  -17.590 0.0000000000
24823  -44.545  -79.642  -13.456 0.0000000000
23698  -44.173  -80.419  -14.750 0.0000000000
24830  -44.587  -79.769  -14.218 0.0000000000
24844  -45.029  -79.089  -15.465 0.0000000000
26075  -45.070  -78.818  -17.006 0.0000000000
24876  -44.808  -79.410  -17.359 0.0000000000
26076  -45.340  -78.192  -17.394 0.0000000000
26090  -45.187  -78.129  -18.215 0.0000000000
28499  -47.263  -76.708  -16.199 0.0000000000
28513  -47.135  -76.711  -17.053 0.0000000000
28514  -48.023  -76.417  -16.989 0.0000000000
28515  -48.790  -76.378  -16.536 0.0000000000
19080  -47.857  -84.324  -13.823 0.0000000000
19089  -47.835  -84.014  -14.584 0.0000000000
19079  -46.628  -84.165  -13.998 0.0000000000
131866  -45.322  -83.841  -14.153 0.0000000000
20210  -45.519  -84.026  -13.355 0.0000000000
129841  -46.697  -82.724  -10.163 0.0000000000
155501  -46.903  -83.351  -11.323 0.0000000000
132802  -45.468  -82.712  -10.313 0.0000000000
152358  -42.771  -82.093  -10.544 0.0000000000
129686  -43.427  -82.578  -10.967 0.0000000000
21319  -42.554  -82.155  -11.289 0.0000000000
21331  -42.996  -82.700  -11.957 0.0000000000
22520  -42.157  -81.463  -11.494 0.0000000000
23670  -42.068  -80.437  -11.822 0.0000000000
145035  -41.818  -80.870  -10.849 0.0000000000
24801  -40.898  -79.030  -10.138 0.0000000000
25995  -41.096  -78.484  -10.482 0.0000000000
27210  -40.854  -77.966  -10.167 0.0000000000
28437  -41.736  -76.914  -10.301 0.0000000000
28429  -40.483  -77.086  -9.292 0.0000000000
139253  -44.966  -81.579  -4.033 0.0000000000
130681  -42.683  -80.621  -4.105 0.0000000000
23595  -43.294  -81.067  -4.514 0.0000000000
142603  -42.599  -80.704  -4.894 0.0000000000
23605  -42.420  -80.721  -5.568 0.0000000000
23604  -41.961  -80.340  -5.217 0.0000000000
25908  -38.864  -78.499  -2.634 0.0000000000
153008  -39.454  -78.911  -3.051 0.0000000000
25924  -38.963  -78.474  -3.542 0.0000000000
25948  -39.280  -78.432  -5.293 0.0000000000
153258  -39.406  -78.455  -6.076 0.0000000000
24748  -40.479  -79.529  -6.047 0.0000000000
25962  -39.839  -78.925  -6.523 0.0000000000
25975  -39.842  -78.785  -7.446 0.0000000000
25974  -39.329  -78.108  -6.933 0.0000000000
29726  -39.486  -75.693  -7.272 0.0000000000
28400  -39.769  -76.162  -7.920 0.0000000000
29727  -40.407  -75.371  -7.563 0.0000000000
29753  -40.637  -75.792  -8.267 0.0000000000
19111  -44.593  -84.824  -18.179 0.0000000000
19110  -43.433  -84.690  -18.273 0.0000000000
145910  -43.320  -84.016  -18.848 0.0000000000
20284  -42.486  -83.213  -20.981 0.0000000000
20273  -42.126  -83.502  -20.073 0.0000000000
20283  -41.873  -83.853  -20.772 0.0000000000
19166  -42.124  -84.630  -21.454 0.0000000000
134717  -42.692  -84.090  -22.620 0.0000000000
23768  -45.199  -80.717  -22.657 0.0000000000
23762  -44.609  -80.962  -21.989 0.0000000000
23781  -45.281  -81.241  -23.246 0.0000000000
21472  -43.520  -82.987  -25.032 0.0000000000
21459  -43.690  -83.060  -24.313 0.0000000000
155429  -50.006  -77.395  -12.451 0.0000000000
147729  -50.752  -77.583  -12.427 0.0000000000
28503  -51.100  -76.814  -15.710 0.0000000000
131684  -50.749  -76.579  -16.457 0.0000000000
31271  -52.540  -73.347  -18.670 0.0000000000
29876  -52.841  -74.304  -17.082 0.0000000000
29907  -52.069  -74.328  -18.906 0.0000000000
28549  -51.062  -75.242  -18.827 0.0000000000
29906  -51.448  -74.426  -19.591 0.0000000000
156062  -49.603  -74.887  -20.891 0.0000000000
148739  -50.610  -74.294  -20.732 0.0000000000
31337  -50.329  -72.173  -22.418 0.0000000000
31336  -49.986  -72.542  -23.111 0.0000000000
31357  -49.521  -72.357  -23.841 0.0000000000
28444  -43.070  -76.816  -11.035 0.0000000000
135573  -43.808  -77.254  -11.546 0.0000000000
28439  -43.322  -76.040  -10.565 0.0000000000
29783  -44.305  -75.703  -10.533 0.0000000000
29784  -45.297  -75.499  -10.367 0.0000000000
140398  -37.303  -77.124  -0.991 0.0000000000
28302  -37.148  -76.513  -0.473 0.0000000000
17881  -40.753  -85.914  -17.827 0.0000000000
146879  -46.388  -76.782  -19.919 0.0000000000
27354  -45.921  -77.121  -20.634 0.0000000000
138262  -46.460  -76.684  -21.274 0.0000000000
27373  -46.612  -76.671  -22.153 0.0000000000
27386  -46.617  -77.069  -23.147 0.0000000000
27399  -46.769  -77.336  -23.919 0.0000000000
28626  -47.108  -76.451  -23.395 0.0000000000
28608  -47.537  -75.723  -22.756 0.0000000000
29973  -48.290  -74.956  -22.829 0.0000000000
20223  -46.525  -83.318  -15.548 0.0000000000
21364  -46.496  -82.581  -16.281 0.0000000000
21377  -46.116  -81.629  -16.802 0.0000000000
22562  -44.896  -81.370  -15.957 0.0000000000
26023  -45.784  -78.814  -13.262 0.0000000000
24824  -45.174  -79.279  -13.698 0.0000000000
26062  -46.454  -77.959  -14.488 0.0000000000
27287  -45.865  -78.116  -15.171 0.0000000000
27288  -46.603  -77.368  -15.488 0.0000000000
129824  -47.071  -77.415  -14.700 0.0000000000
27289  -47.503  -76.847  -15.271 0.0000000000
28485  -48.428  -76.648  -15.043 0.0000000000
19081  -48.263  -84.541  -13.474 0.0000000000
20201  -47.179  -83.886  -12.484 0.0000000000
21306  -44.995  -81.876  -8.927 0.0000000000
149087  -44.975  -82.254  -9.641 0.0000000000
21305  -44.216  -81.976  -9.480 0.0000000000
22511  -43.429  -82.102  -10.041 0.0000000000
23662  -41.872  -81.135  -9.857 0.0000000000
23661  -41.451  -80.271  -10.287 0.0000000000
23650  -41.445  -80.447  -9.430 0.0000000000
25989  -40.236  -78.506  -9.181 0.0000000000
23561  -43.996  -81.252  -1.939 0.0000000000
23578  -43.963  -81.171  -2.927 0.0000000000
23577  -43.286  -80.814  -2.911 0.0000000000
23587  -42.700  -80.575  -3.282 0.0000000000
148250  -41.182  -79.873  -3.846 0.0000000000
133353  -38.008  -77.103  -4.131 0.0000000000
25935  -38.554  -77.834  -4.153 0.0000000000
27157  -38.374  -77.255  -5.431 0.0000000000
27168  -38.516  -77.151  -6.124 0.0000000000
132895  -38.815  -77.332  -6.802 0.0000000000
29702  -38.603  -75.925  -6.232 0.0000000000
29703  -39.201  -75.347  -6.630 0.0000000000
29704  -40.076  -74.925  -6.948 0.0000000000
21415  -44.438  -82.775  -18.833 0.0000000000
20260  -43.663  -83.559  -19.168 0.0000000000
20275  -43.834  -83.040  -19.459 0.0000000000
21427  -43.263  -82.595  -20.434 0.0000000000
22627  -43.729  -82.291  -21.492 0.0000000000
22646  -45.242  -81.274  -24.174 0.0000000000
140408  -52.854  -73.233  -15.359 0.0000000000
154837  -53.381  -73.202  -15.886 0.0000000000
32477  -53.403  -73.059  -16.321 0.0000000000
32476  -53.255  -73.106  -16.979 0.0000000000
31288  -51.941  -73.318  -19.991 0.0000000000
31304  -51.427  -73.168  -20.583 0.0000000000
156994  -50.920  -72.650  -21.065 0.0000000000
32569  -50.220  -71.593  -22.618 0.0000000000
23688  -43.101  -81.211  -13.372 0.0000000000
23689  -43.530  -80.591  -13.596 0.0000000000
24816  -43.465  -79.764  -12.833 0.0000000000
24817  -44.245  -79.390  -12.789 0.0000000000
26011  -44.862  -78.780  -12.436 0.0000000000
26004  -44.384  -78.106  -11.991 0.0000000000
27230  -45.318  -78.134  -12.091 0.0000000000
26013  -46.145  -78.119  -12.263 0.0000000000
27222  -46.599  -77.578  -11.931 0.0000000000
28448  -47.704  -76.717  -11.632 0.0000000000
20191  -49.080  -83.843  -11.344 0.0000000000
21307  -47.019  -82.411  -9.292 0.0000000000
21295  -46.741  -82.257  -8.343 0.0000000000
21294  -45.960  -82.085  -8.677 0.0000000000
134244  -44.380  -81.618  -8.155 0.0000000000
22481  -43.433  -81.419  -7.642 0.0000000000
23633  -42.535  -81.062  -7.615 0.0000000000
24694  -40.486  -80.207  -0.447 0.0000000000
24708  -40.007  -79.763  -1.031 0.0000000000
130802  -40.491  -79.799  -1.750 0.0000000000
24707  -39.348  -79.321  -1.303 0.0000000000
25895  -38.437  -78.392  -1.822 0.0000000000
27124  -38.199  -77.910  -2.409 0.0000000000
27123  -37.759  -77.168  -2.521 0.0000000000
28330  -37.719  -76.567  -3.407 0.0000000000
29650  -37.759  -75.498  -3.880 0.0000000000
137286  -38.173  -74.133  -4.394 0.0000000000
136081  -43.891  -79.283  -20.150 0.0000000000
151963  -43.685  -79.948  -20.547 0.0000000000
24913  -44.166  -79.429  -21.117 0.0000000000
24929  -44.768  -79.890  -22.075 0.0000000000
24945  -45.517  -79.965  -22.880 0.0000000000
24946  -45.883  -79.945  -23.532 0.0000000000
23818  -45.382  -80.152  -25.291 0.0000000000
27413  -46.651  -77.303  -24.633 0.0000000000
28660  -46.143  -76.876  -25.696 0.0000000000
136361  -45.538  -76.823  -26.391 0.0000000000
30043  -46.029  -75.297  -25.997 0.0000000000
153862  -46.461  -74.501  -25.865 0.0000000000
17870  -45.220  -85.728  -17.004 0.0000000000
16751  -44.446  -85.970  -17.139 0.0000000000
17885  -44.943  -85.359  -17.635 0.0000000000
19112  -45.497  -84.639  -17.949 0.0000000000
19128  -45.209  -84.126  -18.412 0.0000000000
21405  -47.080  -82.576  -17.978 0.0000000000
143594  -45.368  -82.829  -18.447 0.0000000000
21403  -45.189  -82.210  -18.288 0.0000000000
22594  -44.749  -81.314  -18.099 0.0000000000
23742  -43.882  -80.521  -18.488 0.0000000000
24831  -45.050  -79.207  -14.607 0.0000000000
146528  -44.897  -79.592  -15.965 0.0000000000
146756  -44.543  -79.257  -17.958 0.0000000000
24886  -43.568  -80.012  -19.007 0.0000000000
26104  -44.498  -78.771  -18.581 0.0000000000
26105  -45.057  -78.005  -19.102 0.0000000000
27322  -45.697  -77.509  -18.710 0.0000000000
27323  -46.254  -77.145  -18.412 0.0000000000
27338  -46.348  -76.937  -19.156 0.0000000000
28545  -46.967  -76.669  -18.647 0.0000000000
28546  -48.031  -76.315  -18.994 0.0000000000
28547  -49.119  -76.158  -18.908 0.0000000000
16732  -45.458  -86.050  -16.324 0.0000000000
17872  -47.014  -84.933  -16.468 0.0000000000
17873  -47.809  -84.358  -16.103 0.0000000000
17861  -47.945  -84.430  -15.290 0.0000000000
19090  -48.152  -83.992  -15.062 0.0000000000
20218  -47.753  -83.665  -15.402 0.0000000000
20216  -45.304  -83.465  -14.929 0.0000000000
143300  -44.328  -83.438  -14.362 0.0000000000
21348  -43.173  -82.651  -13.450 0.0000000000
20190  -48.468  -83.684  -11.654 0.0000000000
20200  -45.859  -83.844  -12.528 0.0000000000
21332  -44.587  -82.976  -10.993 0.0000000000
20187  -45.066  -83.494  -11.760 0.0000000000
20199  -44.614  -83.701  -12.625 0.0000000000
20198  -43.511  -83.268  -12.826 0.0000000000
21342  -42.883  -82.546  -12.655 0.0000000000
22539  -42.737  -81.861  -12.903 0.0000000000
23679  -42.617  -80.906  -12.646 0.0000000000
24809  -42.496  -79.354  -12.001 0.0000000000
26002  -42.400  -78.508  -11.643 0.0000000000
23669  -41.646  -80.051  -11.031 0.0000000000
26001  -41.628  -78.498  -11.109 0.0000000000
27218  -42.039  -77.874  -11.239 0.0000000000
28431  -42.124  -76.148  -9.870 0.0000000000
22421  -44.151  -81.337  -4.019 0.0000000000
22433  -43.966  -81.424  -5.053 0.0000000000
22449  -43.865  -81.517  -5.965 0.0000000000
23620  -43.217  -81.348  -6.251 0.0000000000
23634  -42.926  -81.270  -6.897 0.0000000000
135851  -42.224  -80.752  -6.915 0.0000000000
130186  -40.766  -79.785  -2.552 0.0000000000
24730  -40.622  -79.610  -3.410 0.0000000000
144891  -40.571  -79.544  -4.244 0.0000000000
25936  -39.150  -78.479  -4.399 0.0000000000
25937  -39.901  -78.998  -4.725 0.0000000000
24739  -40.585  -79.516  -5.132 0.0000000000
24749  -41.218  -80.011  -5.594 0.0000000000
24763  -41.066  -80.047  -6.490 0.0000000000
141619  -40.975  -80.076  -7.355 0.0000000000
24776  -40.361  -79.450  -7.855 0.0000000000
25986  -39.921  -78.653  -8.350 0.0000000000
27196  -39.807  -77.675  -8.643 0.0000000000
27180  -39.321  -77.461  -7.630 0.0000000000
28420  -39.539  -76.944  -8.058 0.0000000000
28422  -40.942  -76.219  -8.955 0.0000000000
29754  -41.548  -75.566  -8.449 0.0000000000
17883  -42.959  -85.359  -17.529 0.0000000000
19109  -42.194  -84.779  -18.101 0.0000000000
17898  -41.236  -85.106  -18.249 0.0000000000
20259  -42.685  -83.636  -19.355 0.0000000000
19142  -41.879  -83.894  -19.376 0.0000000000
19153  -41.005  -84.967  -19.740 0.0000000000
23757  -44.052  -81.226  -21.348 0.0000000000
22621  -44.365  -81.795  -21.947 0.0000000000
21437  -43.618  -82.786  -22.598 0.0000000000
21460  -44.333  -82.426  -23.639 0.0000000000
21448  -44.231  -82.499  -22.934 0.0000000000
20298  -42.973  -83.433  -22.669 0.0000000000
29772  -45.443  -75.382  -9.419 0.0000000000
29786  -47.781  -75.488  -10.348 0.0000000000
29800  -48.318  -75.972  -11.076 0.0000000000
28449  -48.751  -76.796  -11.750 0.0000000000
129968  -49.361  -77.636  -13.003 0.0000000000
27250  -49.028  -77.486  -13.455 0.0000000000
28486  -49.452  -76.794  -14.933 0.0000000000
27252  -50.824  -77.965  -13.584 0.0000000000
28487  -50.599  -77.328  -14.848 0.0000000000
28501  -49.117  -76.480  -15.791 0.0000000000
28516  -49.796  -76.538  -16.724 0.0000000000
141328  -49.361  -76.296  -18.191 0.0000000000
29877  -53.331  -73.668  -16.222 0.0000000000
29859  -52.619  -74.871  -15.938 0.0000000000
28518  -51.646  -75.830  -16.502 0.0000000000
28534  -50.898  -75.859  -18.101 0.0000000000
28548  -50.127  -75.982  -18.716 0.0000000000
28563  -49.793  -75.667  -19.515 0.0000000000
29957  -49.194  -74.501  -22.196 0.0000000000
29974  -49.228  -73.960  -22.934 0.0000000000
29991  -48.335  -74.521  -23.634 0.0000000000
16749  -42.500  -86.045  -16.973 0.0000000000
16762  -40.511  -86.147  -18.812 0.0000000000
17815  -48.413  -85.023  -11.978 0.0000000000
17816  -48.856  -84.402  -11.779 0.0000000000
17826  -48.648  -84.569  -12.342 0.0000000000
17886  -45.796  -85.053  -17.427 0.0000000000
17887  -46.729  -84.620  -17.164 0.0000000000
17915  -40.779  -85.556  -19.380 0.0000000000
19068  -48.031  -84.240  -13.065 0.0000000000
19069  -48.512  -84.406  -12.680 0.0000000000
19096  -48.099  -83.825  -15.814 0.0000000000
19124  -40.973  -84.903  -18.994 0.0000000000
19125  -41.625  -84.460  -18.763 0.0000000000
19141  -41.324  -84.385  -19.516 0.0000000000
20189  -47.489  -83.567  -11.791 0.0000000000
20203  -48.803  -84.218  -12.048 0.0000000000
20208  -43.665  -83.281  -13.768 0.0000000000
20222  -45.486  -83.017  -15.575 0.0000000000
20224  -47.633  -83.126  -16.287 0.0000000000
20225  -48.020  -83.621  -15.797 0.0000000000
20261  -46.026  -83.229  -18.289 0.0000000000
20272  -41.605  -83.938  -20.029 0.0000000000
20296  -42.320  -83.910  -21.680 0.0000000000
20297  -42.632  -83.429  -21.938 0.0000000000
20312  -43.318  -83.581  -23.463 0.0000000000
21321  -46.386  -83.153  -10.883 0.0000000000
21333  -45.535  -83.197  -11.090 0.0000000000
21362  -44.204  -82.187  -15.256 0.0000000000
21438  -44.229  -82.276  -22.367 0.0000000000
21447  -43.739  -82.976  -23.500 0.0000000000
21473  -44.014  -82.282  -25.025 0.0000000000
22490  -42.593  -81.194  -8.600 0.0000000000
22491  -43.360  -81.434  -8.554 0.0000000000
22499  -42.641  -81.356  -9.164 0.0000000000
22531  -42.340  -81.389  -12.189 0.0000000000
22607  -43.587  -81.691  -19.728 0.0000000000
22645  -44.905  -81.797  -23.577 0.0000000000
23552  -42.412  -80.824  -0.189 0.0000000000
23559  -42.517  -80.674  -1.591 0.0000000000
23594  -42.131  -80.345  -4.525 0.0000000000
23619  -42.595  -80.999  -6.190 0.0000000000
23680  -43.180  -80.396  -13.074 0.0000000000
23697  -43.603  -81.126  -14.228 0.0000000000
24693  -39.653  -79.972  -0.094 0.0000000000
24721  -39.788  -79.392  -1.775 0.0000000000
24740  -41.940  -80.222  -3.778 0.0000000000
24777  -40.948  -80.062  -8.232 0.0000000000
24789  -40.477  -79.324  -8.724 0.0000000000
24795  -40.667  -79.169  -9.518 0.0000000000
24802  -41.322  -79.334  -10.666 0.0000000000
24822  -43.834  -79.964  -13.307 0.0000000000
24861  -45.080  -78.936  -16.263 0.0000000000
24887  -44.064  -79.616  -18.457 0.0000000000
24899  -43.511  -79.994  -19.753 0.0000000000
24900  -43.865  -79.355  -19.222 0.0000000000
25885  -37.556  -77.918  -0.705 0.0000000000
25886  -37.933  -78.693  -0.394 0.0000000000
25896  -39.101  -78.967  -1.864 0.0000000000
25910  -40.071  -79.326  -2.907 0.0000000000
25994  -40.655  -78.467  -9.887 0.0000000000
26012  -45.652  -78.641  -12.624 0.0000000000
26169  -45.375  -79.123  -22.575 0.0000000000
27142  -38.266  -77.363  -4.722 0.0000000000
27204  -40.972  -77.382  -9.981 0.0000000000
27212  -42.249  -77.228  -10.898 0.0000000000
27223  -47.336  -77.502  -12.076 0.0000000000
27234  -50.201  -77.718  -12.961 0.0000000000
27248  -47.120  -78.135  -13.086 0.0000000000
27271  -48.699  -77.117  -14.173 0.0000000000
27272  -49.736  -77.380  -14.158 0.0000000000
27309  -46.543  -77.034  -17.646 0.0000000000
27372  -46.146  -77.640  -22.709 0.0000000000
27429  -46.340  -77.539  -25.312 0.0000000000
28380  -38.624  -76.646  -6.539 0.0000000000
28399  -39.060  -76.632  -7.359 0.0000000000
28430  -41.313  -76.587  -9.630 0.0000000000
28438  -42.549  -76.488  -10.474 0.0000000000
28456  -49.233  -77.387  -12.457 0.0000000000
28532  -49.053  -76.333  -17.361 0.0000000000
28533  -50.036  -76.362  -17.767 0.0000000000
28574  -46.799  -76.445  -20.542 0.0000000000
28575  -47.617  -75.922  -20.513 0.0000000000
28607  -47.031  -76.352  -22.720 0.0000000000
28680  -45.913  -76.226  -25.992 0.0000000000
29649  -37.525  -75.715  -3.036 0.0000000000
29686  -38.320  -75.809  -5.506 0.0000000000
29798  -46.005  -75.837  -11.019 0.0000000000
29799  -47.533  -75.898  -11.058 0.0000000000
29891  -51.645  -75.065  -18.318 0.0000000000
29892  -52.561  -74.233  -18.145 0.0000000000
29923  -49.669  -75.275  -20.249 0.0000000000
29924  -50.503  -74.871  -19.940 0.0000000000
29942  -48.930  -74.976  -21.386 0.0000000000
30024  -47.272  -75.207  -24.922 0.0000000000
31052  -38.100  -74.840  -4.567 0.0000000000
31226  -53.349  -73.341  -15.672 0.0000000000
31242  -53.315  -73.241  -16.874 0.0000000000
31270  -52.222  -73.526  -19.403 0.0000000000
31289  -52.239  -72.990  -19.494 0.0000000000
31303  -50.910  -73.355  -21.141 0.0000000000
31356  -48.776  -73.351  -24.104 0.0000000000
31389  -47.634  -73.878  -25.167 0.0000000000
32257  -37.966  -73.604  -3.852 0.0000000000
32461  -52.338  -73.213  -15.991 0.0000000000
32492  -52.785  -73.195  -17.865 0.0000000000
32557  -50.387  -72.336  -21.809 0.0000000000
32588  -50.236  -71.338  -23.003 0.0000000000
33735  -50.162  -71.536  -22.545 0.0000000000
133820  -44.689  -83.438  -18.750 0.0000000000
134734  -46.975  -77.021  -11.710 0.0000000000
134786  -44.895  -81.393  -22.547 0.0000000000
134967  -46.566  -76.856  -25.163 0.0000000000
135996  -42.660  -81.718  -9.884 0.0000000000
136975  -43.780  -76.367  -11.081 0.0000000000
137913  -43.627  -82.217  -20.398 0.0000000000
141011  -44.047  -82.551  -24.428 0.0000000000
141654  -45.408  -78.290  -16.583 0.0000000000
142450  -41.593  -80.382  -6.916 0.0000000000
145119  -53.316  -73.077  -16.303 0.0000000000
145785  -48.043  -84.378  -14.231 0.0000000000
147428  -43.474  -80.948  -2.316 0.0000000000
152064  -50.203  -71.155  -22.854 0.0000000000
153029  -50.524  -77.733  -14.083 0.0000000000
154219  -45.174  -81.889  -6.820 0.0000000000
154286  -40.145  -79.474  -2.279 0.0000000000
155566  -45.370  -78.678  -15.038 0.0000000000
157364  -47.981  -83.760  -16.418 0.0000000000
