#!ascii label  , from subject sub-v1s1x0050658_ses-1 vox2ras=TkReg
329
145991  38.066  -83.606  -8.452 0.0000000000
18850  38.031  -85.239  -18.005 0.0000000000
19931  46.359  -83.921  -12.555 0.0000000000
24795  40.350  -80.284  -13.363 0.0000000000
15507  43.564  -88.036  -17.111 0.0000000000
134183  46.425  -84.477  -15.168 0.0000000000
14398  43.255  -89.777  -13.947 0.0000000000
22318  38.686  -82.798  -15.170 0.0000000000
24787  34.689  -80.345  -12.501 0.0000000000
144807  41.238  -84.482  -10.940 0.0000000000
157582  42.870  -81.823  -13.637 0.0000000000
21141  43.381  -82.643  -15.865 0.0000000000
17682  40.687  -86.444  -17.153 0.0000000000
14461  41.033  -89.839  -19.159 0.0000000000
21015  38.082  -83.105  -4.861 0.0000000000
21063  41.174  -83.465  -7.594 0.0000000000
21086  45.589  -83.514  -9.527 0.0000000000
26112  37.039  -78.579  -10.721 0.0000000000
15431  44.343  -88.717  -12.799 0.0000000000
19955  37.718  -84.349  -16.049 0.0000000000
21133  36.733  -83.184  -15.066 0.0000000000
19915  44.277  -84.434  -11.698 0.0000000000
21127  44.250  -83.311  -13.587 0.0000000000
17678  45.002  -85.852  -16.313 0.0000000000
21156  45.008  -83.265  -16.283 0.0000000000
135678  44.440  -84.902  -16.862 0.0000000000
19969  41.598  -84.641  -16.547 0.0000000000
17680  43.060  -86.278  -17.333 0.0000000000
14460  41.624  -89.191  -20.101 0.0000000000
139395  43.268  -83.498  -6.936 0.0000000000
21075  42.831  -83.456  -8.222 0.0000000000
21045  45.543  -83.756  -7.410 0.0000000000
24782  40.534  -80.167  -12.456 0.0000000000
135586  38.229  -79.016  -11.837 0.0000000000
27408  32.664  -78.408  -12.569 0.0000000000
27403  32.627  -78.432  -11.575 0.0000000000
137098  47.112  -84.767  -12.812 0.0000000000
19940  46.888  -83.714  -14.102 0.0000000000
17667  46.186  -86.114  -13.854 0.0000000000
136144  44.903  -86.868  -14.798 0.0000000000
152311  43.040  -89.179  -15.456 0.0000000000
22300  39.288  -81.829  -14.683 0.0000000000
24797  37.745  -79.908  -13.066 0.0000000000
22289  36.745  -82.025  -13.951 0.0000000000
24807  34.041  -80.876  -13.961 0.0000000000
143859  38.647  -84.751  -19.169 0.0000000000
19902  39.655  -84.298  -10.001 0.0000000000
154665  41.393  -81.213  -12.491 0.0000000000
23499  41.605  -80.782  -13.313 0.0000000000
21131  45.931  -82.860  -15.044 0.0000000000
22297  43.062  -81.733  -14.580 0.0000000000
22298  41.439  -81.379  -14.588 0.0000000000
145559  41.207  -82.809  -15.645 0.0000000000
19970  40.487  -84.832  -16.370 0.0000000000
17683  39.762  -86.321  -17.235 0.0000000000
14422  42.456  -89.173  -18.052 0.0000000000
15523  42.169  -88.889  -18.962 0.0000000000
16589  41.042  -87.931  -18.964 0.0000000000
146693  39.413  -86.457  -19.187 0.0000000000
22231  36.349  -82.687  -5.504 0.0000000000
146348  37.993  -83.367  -7.029 0.0000000000
136304  39.234  -83.413  -6.233 0.0000000000
133638  39.711  -83.767  -8.368 0.0000000000
19890  41.181  -84.088  -9.054 0.0000000000
19899  43.524  -83.866  -9.812 0.0000000000
144396  45.384  -83.914  -10.867 0.0000000000
19897  47.222  -84.175  -9.912 0.0000000000
18804  47.200  -84.535  -10.785 0.0000000000
26123  35.281  -79.726  -11.859 0.0000000000
21067  37.438  -83.434  -7.946 0.0000000000
21081  36.892  -83.126  -8.734 0.0000000000
18849  38.173  -85.292  -17.261 0.0000000000
19956  37.060  -84.130  -16.121 0.0000000000
138223  45.131  -84.170  -12.388 0.0000000000
19932  43.952  -84.149  -12.645 0.0000000000
19942  45.299  -83.717  -13.164 0.0000000000
150563  44.460  -86.456  -16.634 0.0000000000
17679  44.493  -85.782  -16.830 0.0000000000
16566  44.048  -86.634  -17.124 0.0000000000
17696  43.877  -85.989  -17.139 0.0000000000
148742  43.512  -86.935  -17.451 0.0000000000
14486  39.779  -89.599  -21.513 0.0000000000
138704  44.334  -83.559  -7.174 0.0000000000
24794  40.501  -80.109  -12.865 0.0000000000
24784  39.197  -79.455  -12.384 0.0000000000
24796  38.785  -79.595  -12.927 0.0000000000
135773  32.417  -76.987  -11.764 0.0000000000
143727  46.786  -85.421  -13.281 0.0000000000
17637  46.128  -86.610  -12.858 0.0000000000
14372  43.258  -89.740  -13.373 0.0000000000
142660  44.892  -87.443  -13.929 0.0000000000
16532  43.909  -88.356  -14.353 0.0000000000
16552  43.943  -87.820  -15.325 0.0000000000
15470  43.445  -88.930  -14.743 0.0000000000
22317  39.761  -82.495  -15.205 0.0000000000
23514  37.722  -81.608  -14.077 0.0000000000
22301  38.207  -82.201  -14.632 0.0000000000
23515  35.195  -81.941  -14.384 0.0000000000
23516  34.462  -81.254  -14.588 0.0000000000
140071  33.381  -79.673  -14.017 0.0000000000
19910  40.382  -84.375  -10.694 0.0000000000
19911  39.485  -84.055  -10.698 0.0000000000
19917  40.926  -84.251  -11.497 0.0000000000
23493  41.753  -80.833  -13.023 0.0000000000
22283  42.375  -81.445  -13.458 0.0000000000
19946  46.857  -84.085  -14.458 0.0000000000
21125  46.365  -83.367  -14.520 0.0000000000
21130  46.453  -83.491  -15.118 0.0000000000
21157  44.060  -83.326  -16.406 0.0000000000
21140  44.401  -82.601  -15.807 0.0000000000
147202  42.806  -81.990  -15.295 0.0000000000
23525  42.399  -81.547  -14.616 0.0000000000
22315  41.839  -82.024  -15.257 0.0000000000
22316  40.814  -82.219  -15.195 0.0000000000
21142  42.184  -82.926  -15.857 0.0000000000
18846  41.133  -85.590  -16.782 0.0000000000
18847  40.084  -85.742  -16.687 0.0000000000
11239  37.638  -93.214  -20.078 0.0000000000
13414  40.170  -90.425  -19.585 0.0000000000
13398  39.656  -91.590  -19.036 0.0000000000
13379  40.300  -91.308  -18.325 0.0000000000
14442  41.780  -89.516  -18.554 0.0000000000
15522  42.682  -88.453  -18.262 0.0000000000
15551  41.716  -88.783  -20.633 0.0000000000
16596  41.837  -88.627  -19.536 0.0000000000
16597  41.034  -87.945  -19.750 0.0000000000
16580  40.196  -87.224  -18.355 0.0000000000
17725  40.427  -87.277  -19.940 0.0000000000
22218  36.461  -82.465  -4.611 0.0000000000
22230  37.190  -82.931  -5.122 0.0000000000
21034  37.031  -83.144  -5.989 0.0000000000
21033  37.848  -83.257  -5.698 0.0000000000
21048  41.473  -83.406  -6.752 0.0000000000
133028  40.085  -83.418  -6.150 0.0000000000
21049  40.610  -83.421  -6.856 0.0000000000
140682  39.736  -83.432  -6.913 0.0000000000
21064  40.213  -83.517  -7.613 0.0000000000
21077  40.645  -83.707  -8.317 0.0000000000
21076  41.424  -83.634  -8.286 0.0000000000
21074  43.887  -83.416  -8.499 0.0000000000
21088  43.114  -83.568  -9.016 0.0000000000
21087  44.299  -83.463  -9.295 0.0000000000
19898  44.811  -83.602  -10.084 0.0000000000
21096  46.145  -83.625  -10.213 0.0000000000
18773  45.101  -85.384  -9.817 0.0000000000
18792  47.125  -84.525  -10.063 0.0000000000
19905  47.233  -84.186  -10.347 0.0000000000
24798  36.571  -80.459  -12.954 0.0000000000
158457  36.496  -79.846  -12.430 0.0000000000
27396  32.754  -78.356  -10.743 0.0000000000
21144  38.149  -83.701  -15.556 0.0000000000
21132  37.660  -83.067  -15.097 0.0000000000
146216  42.953  -84.566  -11.180 0.0000000000
19916  41.912  -84.459  -11.608 0.0000000000
148585  43.007  -84.490  -12.079 0.0000000000
18837  45.724  -85.089  -15.938 0.0000000000
19950  45.977  -84.115  -15.935 0.0000000000
19966  45.275  -84.146  -16.479 0.0000000000
137427  44.585  -83.949  -16.671 0.0000000000
19967  43.730  -84.229  -16.763 0.0000000000
21159  42.079  -83.891  -16.312 0.0000000000
19968  42.678  -84.482  -16.705 0.0000000000
18845  42.303  -85.435  -16.976 0.0000000000
17681  41.838  -86.427  -17.266 0.0000000000
132492  41.852  -89.186  -19.442 0.0000000000
14475  40.897  -89.630  -20.303 0.0000000000
14474  41.449  -89.088  -20.883 0.0000000000
140407  41.886  -83.416  -7.322 0.0000000000
147192  41.986  -83.460  -7.933 0.0000000000
21061  43.547  -83.447  -7.725 0.0000000000
21060  44.731  -83.493  -7.973 0.0000000000
21073  45.148  -83.456  -8.769 0.0000000000
26110  38.646  -79.177  -11.299 0.0000000000
131338  37.499  -78.932  -11.482 0.0000000000
24788  33.825  -80.158  -12.794 0.0000000000
26124  34.222  -79.855  -12.042 0.0000000000
28717  32.445  -77.788  -11.766 0.0000000000
132341  32.339  -77.300  -11.056 0.0000000000
19930  46.920  -84.134  -12.717 0.0000000000
19941  46.525  -83.693  -13.565 0.0000000000
145680  47.050  -83.927  -13.337 0.0000000000
18832  46.650  -84.970  -14.211 0.0000000000
17672  46.004  -85.558  -14.869 0.0000000000
17668  45.482  -86.556  -14.387 0.0000000000
17673  45.330  -86.128  -15.407 0.0000000000
16551  44.624  -86.841  -15.735 0.0000000000
23512  39.911  -80.838  -14.104 0.0000000000
23500  39.360  -80.248  -13.500 0.0000000000
23501  38.275  -80.498  -13.600 0.0000000000
23502  37.200  -81.005  -13.546 0.0000000000
147520  35.596  -81.135  -13.147 0.0000000000
22303  36.342  -82.631  -14.510 0.0000000000
158653  35.537  -81.708  -13.675 0.0000000000
24800  34.273  -80.769  -13.161 0.0000000000
26131  33.226  -79.545  -13.281 0.0000000000
27413  32.885  -78.446  -13.395 0.0000000000
18870  38.435  -85.374  -18.628 0.0000000000
21078  39.160  -84.025  -9.241 0.0000000000
21098  38.158  -83.492  -10.133 0.0000000000
19903  38.841  -83.986  -10.068 0.0000000000
24793  41.175  -80.432  -12.926 0.0000000000
24806  41.148  -80.531  -13.301 0.0000000000
22287  44.192  -82.420  -14.362 0.0000000000
21139  45.351  -82.724  -15.549 0.0000000000
22296  43.914  -82.128  -14.761 0.0000000000
22288  43.033  -81.679  -14.036 0.0000000000
23509  42.485  -81.356  -14.061 0.0000000000
23510  41.813  -80.972  -13.848 0.0000000000
23511  40.935  -80.778  -13.957 0.0000000000
22299  40.393  -81.479  -14.676 0.0000000000
21143  40.280  -83.135  -15.686 0.0000000000
19952  41.056  -83.747  -16.101 0.0000000000
19953  39.823  -84.122  -16.003 0.0000000000
19971  39.305  -85.133  -16.353 0.0000000000
146238  38.741  -85.489  -16.835 0.0000000000
18862  38.964  -85.996  -17.407 0.0000000000
135238  42.498  -89.989  -15.502 0.0000000000
12299  38.386  -92.500  -19.860 0.0000000000
14410  42.247  -89.785  -16.703 0.0000000000
15508  42.950  -88.634  -17.544 0.0000000000
16577  43.246  -87.810  -17.809 0.0000000000
16578  42.772  -87.989  -18.262 0.0000000000
144936  42.113  -87.740  -18.197 0.0000000000
16588  42.167  -88.364  -18.682 0.0000000000
16579  41.143  -87.581  -18.282 0.0000000000
17698  40.354  -86.975  -17.705 0.0000000000
17700  39.013  -86.312  -17.996 0.0000000000
17712  38.861  -86.099  -18.612 0.0000000000
17727  38.967  -85.648  -19.266 0.0000000000
150590  35.169  -81.786  -5.493 0.0000000000
22219  35.657  -82.167  -5.045 0.0000000000
22232  35.619  -82.322  -5.911 0.0000000000
142467  36.239  -82.832  -6.384 0.0000000000
21053  36.960  -83.259  -6.959 0.0000000000
21066  38.423  -83.524  -7.727 0.0000000000
21030  40.416  -83.412  -5.278 0.0000000000
21032  38.687  -83.347  -5.555 0.0000000000
21050  38.876  -83.422  -6.964 0.0000000000
21065  39.307  -83.551  -7.653 0.0000000000
138395  38.800  -83.734  -8.440 0.0000000000
19891  40.103  -84.134  -9.107 0.0000000000
19901  40.460  -84.394  -9.802 0.0000000000
19909  41.224  -84.474  -10.125 0.0000000000
21089  42.123  -83.705  -8.650 0.0000000000
19900  42.291  -84.193  -9.580 0.0000000000
19908  42.905  -84.383  -10.352 0.0000000000
19907  43.929  -84.264  -10.686 0.0000000000
19914  45.997  -84.062  -11.668 0.0000000000
21084  47.077  -83.897  -10.192 0.0000000000
19906  46.656  -83.856  -10.892 0.0000000000
19913  46.786  -84.203  -11.759 0.0000000000
26130  38.202  -79.315  -12.528 0.0000000000
26122  36.477  -79.365  -11.763 0.0000000000
26113  35.852  -79.007  -11.043 0.0000000000
26115  33.674  -79.385  -11.615 0.0000000000
26105  34.055  -79.015  -10.834 0.0000000000
12298  39.026  -91.975  -19.489 0.0000000000
14384  42.667  -90.225  -13.846 0.0000000000
14399  42.820  -89.920  -14.573 0.0000000000
14485  40.680  -89.374  -21.192 0.0000000000
15444  44.282  -88.426  -13.548 0.0000000000
15458  43.669  -89.158  -13.745 0.0000000000
15538  41.815  -88.883  -19.891 0.0000000000
16531  44.408  -87.610  -14.599 0.0000000000
16598  40.107  -87.258  -19.187 0.0000000000
17697  41.385  -87.162  -17.691 0.0000000000
17699  39.577  -86.622  -17.832 0.0000000000
17711  39.474  -86.699  -18.479 0.0000000000
18818  46.793  -85.588  -12.468 0.0000000000
18827  47.044  -84.350  -13.555 0.0000000000
18842  45.540  -84.560  -16.315 0.0000000000
18843  45.152  -85.033  -16.596 0.0000000000
18844  43.437  -85.247  -17.026 0.0000000000
18848  39.317  -85.784  -16.866 0.0000000000
18863  38.488  -85.792  -17.972 0.0000000000
19929  47.128  -84.250  -12.862 0.0000000000
19951  45.763  -83.388  -15.846 0.0000000000
19954  38.690  -84.357  -15.974 0.0000000000
19972  38.262  -84.980  -16.469 0.0000000000
19973  37.442  -84.593  -16.710 0.0000000000
19989  37.961  -84.720  -18.479 0.0000000000
21051  38.407  -83.373  -6.310 0.0000000000
21052  37.667  -83.311  -6.388 0.0000000000
21062  42.597  -83.438  -7.498 0.0000000000
21079  38.216  -83.721  -9.302 0.0000000000
21080  37.565  -83.485  -8.817 0.0000000000
21128  43.398  -82.442  -13.695 0.0000000000
21134  35.981  -82.959  -15.125 0.0000000000
21158  43.010  -83.546  -16.403 0.0000000000
22290  35.938  -82.188  -13.996 0.0000000000
22295  45.009  -82.462  -14.944 0.0000000000
22302  37.203  -82.521  -14.534 0.0000000000
22304  35.762  -82.469  -14.600 0.0000000000
22313  44.538  -82.339  -15.243 0.0000000000
22314  43.635  -82.052  -15.201 0.0000000000
23498  42.123  -81.132  -13.615 0.0000000000
23503  36.229  -81.500  -13.525 0.0000000000
23504  34.812  -81.371  -13.588 0.0000000000
23513  38.793  -81.183  -14.139 0.0000000000
24777  39.920  -79.998  -11.752 0.0000000000
24783  39.824  -79.803  -12.411 0.0000000000
24785  37.356  -79.425  -12.326 0.0000000000
24786  35.681  -80.267  -12.528 0.0000000000
24799  34.965  -80.893  -12.918 0.0000000000
24801  33.678  -80.252  -13.591 0.0000000000
24808  33.669  -80.168  -14.385 0.0000000000
26109  39.278  -79.461  -11.862 0.0000000000
26114  34.697  -79.360  -11.301 0.0000000000
26116  32.904  -79.042  -12.025 0.0000000000
26121  38.672  -79.268  -12.302 0.0000000000
26125  33.396  -79.564  -12.428 0.0000000000
26126  32.918  -79.104  -12.740 0.0000000000
26132  32.886  -78.907  -13.217 0.0000000000
27402  33.112  -78.910  -11.174 0.0000000000
27412  33.101  -78.981  -13.945 0.0000000000
30102  32.219  -76.384  -10.998 0.0000000000
138981  47.065  -84.193  -10.852 0.0000000000
139685  42.720  -87.265  -17.797 0.0000000000
143782  34.032  -80.611  -14.733 0.0000000000
146282  39.211  -83.450  -15.614 0.0000000000
146889  39.718  -79.790  -12.866 0.0000000000
148115  32.869  -77.803  -13.182 0.0000000000
148808  44.092  -87.347  -16.613 0.0000000000
150863  45.961  -83.040  -15.398 0.0000000000
152064  43.754  -87.330  -17.335 0.0000000000
152947  42.038  -84.508  -10.628 0.0000000000
154226  38.831  -79.199  -11.951 0.0000000000
156553  43.022  -81.750  -14.914 0.0000000000
157072  32.452  -77.955  -11.113 0.0000000000
