#!ascii label  , from subject sub-v1s1x0050658_ses-1 vox2ras=TkReg
756
73049  21.754  -35.904  -8.564 0.1428571492
73948  20.578  -35.771  -8.083 0.1428571492
74961  21.309  -34.026  -8.275 0.1428571492
73946  22.636  -35.803  -8.511 0.1428571492
74960  22.269  -34.827  -9.178 0.2857142985
73961  21.508  -35.413  -8.742 0.1428571492
73959  22.958  -35.165  -9.039 0.1428571492
132177  22.385  -33.209  -9.076 0.5714285970
74958  23.667  -34.515  -8.888 0.1428571492
75950  24.921  -33.062  -8.442 0.2857142985
75942  25.181  -33.868  -8.177 0.2857142985
76902  25.607  -32.434  -8.034 0.1428571492
149966  25.615  -33.251  -7.995 0.2857142985
79574  26.400  -29.469  -8.578 0.2857142985
78752  25.920  -30.120  -8.557 0.1428571492
78753  25.458  -30.745  -8.702 0.2857142985
81291  27.166  -27.353  -9.094 0.2857142985
80415  26.857  -28.759  -8.537 0.2857142985
82116  27.027  -26.106  -9.242 0.2857142985
145543  27.533  -23.943  -8.589 0.2857142985
87396  27.674  -20.730  -7.850 0.8571428657
85558  27.760  -22.411  -8.474 0.4285714328
83841  27.905  -24.610  -8.646 0.2857142985
89110  28.721  -18.736  -7.864 0.7142857313
88283  28.821  -19.535  -8.434 0.7142857313
87395  28.316  -20.120  -8.290 0.7142857313
86471  27.189  -21.436  -7.686 0.7142857313
90004  29.561  -17.504  -9.029 0.8571428657
89988  29.286  -18.173  -8.472 0.5714285970
89989  28.767  -17.832  -7.625 0.8571428657
88268  28.133  -19.441  -7.755 0.7142857313
144991  27.659  -19.953  -7.647 0.7142857313
91711  30.000  -14.868  -9.622 0.4285714328
90833  29.331  -16.554  -8.717 0.7142857313
143510  29.114  -17.308  -8.148 0.8571428657
93405  31.658  -12.408  -10.332 0.2857142985
151901  31.064  -12.791  -10.091 0.5714285970
92572  29.989  -14.100  -9.747 0.7142857313
91678  29.415  -15.626  -8.837 0.8571428657
95094  32.906  -10.989  -11.285 0.1428571492
95079  32.427  -11.498  -10.854 0.1428571492
95080  31.571  -11.721  -10.579 0.4285714328
93379  30.191  -13.275  -9.629 0.5714285970
93364  29.802  -13.691  -9.073 0.8571428657
96840  33.005  -9.394  -13.531 0.1428571492
95928  33.058  -10.246  -11.842 0.1428571492
136195  32.360  -9.826  -11.975 0.1428571492
95095  31.797  -11.083  -10.875 0.4285714328
93363  29.879  -12.985  -9.050 0.8571428657
98568  31.964  -7.366  -14.162 0.1428571492
97704  33.520  -8.123  -14.176 0.1428571492
97699  32.313  -8.818  -14.018 0.1428571492
130828  32.475  -9.407  -12.570 0.1428571492
137072  31.605  -9.169  -11.975 0.4285714328
95901  30.845  -11.175  -10.506 0.5714285970
140909  30.371  -11.527  -10.317 0.7142857313
137844  29.747  -13.141  -8.189 0.8571428657
97706  31.544  -8.255  -14.051 0.1428571492
98569  29.992  -7.469  -14.283 0.1428571492
97700  31.232  -8.536  -13.709 0.1428571492
96837  31.001  -8.634  -12.756 0.5714285970
95890  30.260  -10.883  -10.335 0.8571428657
94186  29.868  -12.287  -8.558 0.8571428657
151358  30.045  -11.288  -9.411 0.8571428657
99431  31.403  -5.978  -15.057 0.1428571492
99427  29.763  -6.774  -14.849 0.2857142985
97707  30.493  -8.123  -14.095 0.1428571492
97702  29.606  -8.015  -13.501 0.8571428657
96829  30.857  -9.675  -11.288 0.8571428657
95902  30.626  -10.373  -10.661 0.7142857313
133808  30.394  -9.622  -10.902 0.8571428657
100209  28.458  -5.949  -13.875 0.1428571492
100922  29.437  -4.449  -14.563 0.1428571492
98564  28.668  -7.113  -14.091 0.4285714328
99415  28.797  -7.193  -12.572 0.8571428657
146126  29.490  -7.551  -12.382 0.8571428657
97667  30.157  -8.809  -11.073 0.8571428657
97636  30.264  -9.318  -9.328 0.8571428657
99423  28.326  -6.585  -13.359 0.4285714328
98543  29.462  -7.246  -11.735 0.8571428657
156296  29.966  -7.959  -11.191 0.8571428657
98533  30.165  -8.302  -10.412 0.8571428657
136556  28.003  -4.343  -13.935 0.1428571492
100919  27.625  -4.395  -13.411 0.2857142985
100205  27.822  -5.940  -13.040 0.5714285970
100195  27.803  -5.981  -12.378 0.8571428657
99416  28.196  -6.615  -12.723 0.8571428657
99403  28.449  -6.615  -12.043 0.8571428657
97668  29.918  -7.173  -10.579 0.8571428657
99393  29.225  -6.421  -11.230 0.8571428657
101695  27.592  -3.645  -13.270 0.2857142985
100909  27.541  -4.446  -12.747 0.7142857313
140930  27.409  -5.262  -12.871 0.5714285970
100901  27.803  -5.127  -12.039 0.8571428657
100178  29.084  -5.654  -10.821 0.8571428657
100173  29.346  -5.518  -9.826 0.8571428657
139845  29.852  -6.743  -9.558 0.8571428657
101687  27.765  -3.977  -11.974 0.8571428657
150174  28.189  -3.764  -10.978 0.8571428657
100892  28.861  -4.968  -10.399 0.8571428657
100885  28.862  -4.155  -8.793 0.7142857313
100884  29.044  -4.867  -9.322 0.7142857313
102454  27.858  -2.968  -11.495 0.8571428657
131946  28.300  -3.272  -10.218 0.8571428657
100893  28.635  -4.150  -10.010 0.8571428657
102439  28.489  -2.808  -9.263 0.8571428657
132627  28.431  -1.859  -9.276 0.8571428657
101672  28.638  -3.547  -9.290 0.7142857313
103182  27.050  -1.328  -11.291 0.7142857313
103181  27.816  -1.644  -10.450 0.8571428657
103910  27.726  -0.902  -10.459 0.8571428657
103902  28.304  -0.501  -9.608 0.8571428657
105310  28.269  1.057  -9.157 0.7142857313
105331  25.266  2.056  -12.682 0.1428571492
104615  27.856  -0.125  -10.379 0.8571428657
104607  27.906  0.750  -10.317 0.7142857313
105311  27.999  1.511  -9.782 0.7142857313
104606  28.323  0.282  -9.443 0.8571428657
107363  25.092  4.222  -12.683 0.1428571492
155451  27.159  2.324  -10.660 0.5714285970
105964  26.519  2.829  -11.200 0.5714285970
106664  27.003  3.813  -10.565 0.5714285970
106665  26.188  3.708  -11.467 0.1428571492
108100  24.626  5.281  -14.124 0.1428571492
108081  26.939  5.553  -10.535 0.5714285970
109547  25.214  7.606  -13.056 0.1428571492
109554  24.818  7.599  -13.782 0.1428571492
130815  26.386  5.650  -11.497 0.1428571492
110272  24.715  8.608  -13.924 0.1428571492
107357  26.714  4.585  -10.922 0.5714285970
131645  25.368  8.283  -12.294 0.1428571492
110967  24.598  10.181  -13.454 0.1428571492
110258  25.000  9.136  -12.094 0.1428571492
154253  21.245  -36.459  -8.116 0.1428571492
73039  20.566  -36.501  -7.935 0.1428571492
74959  22.950  -34.491  -9.223 0.2857142985
73958  23.919  -35.210  -8.423 0.1428571492
74947  25.493  -34.650  -7.888 0.2857142985
75951  24.313  -33.785  -8.701 0.2857142985
78741  26.519  -30.126  -7.917 0.2857142985
78742  26.016  -30.792  -7.998 0.2857142985
77852  25.557  -31.536  -8.224 0.1428571492
83842  27.163  -24.744  -8.811 0.2857142985
82993  26.904  -25.426  -9.039 0.2857142985
86470  27.930  -21.626  -8.450 0.4285714328
85559  27.180  -22.855  -8.233 0.5714285970
90853  29.762  -16.914  -9.331 0.2857142985
92586  31.073  -14.421  -9.884 0.1428571492
92555  29.363  -15.113  -8.102 0.8571428657
94200  30.146  -12.519  -9.513 0.7142857313
148653  31.412  -6.744  -14.382 0.1428571492
97696  30.347  -8.176  -12.656 0.8571428657
131067  30.352  -8.925  -11.442 0.8571428657
96805  30.131  -10.159  -9.971 0.8571428657
97653  30.269  -8.614  -9.634 0.8571428657
101688  27.501  -3.137  -12.755 0.8571428657
102446  27.314  -2.108  -11.391 0.8571428657
103911  27.097  -0.524  -11.149 0.8571428657
105319  27.369  1.510  -10.704 0.7142857313
107362  25.946  4.604  -11.752 0.1428571492
108092  25.226  5.934  -13.089 0.1428571492
110971  25.093  9.931  -14.890 0.1428571492
72134  20.718  -37.066  -7.567 0.1428571492
75952  23.393  -33.725  -9.200 0.4285714328
76909  24.781  -32.110  -8.768 0.2857142985
76910  24.095  -32.949  -9.084 0.4285714328
76911  23.168  -32.814  -9.374 0.2857142985
79573  26.993  -29.427  -7.841 0.2857142985
158136  27.293  -28.029  -8.412 0.2857142985
157088  26.224  -28.025  -9.659 0.2857142985
80427  26.196  -28.791  -9.310 0.2857142985
80426  26.738  -28.064  -9.182 0.2857142985
85537  27.198  -22.140  -7.883 0.7142857313
96839  34.204  -9.787  -14.057 0.1428571492
99424  32.953  -6.190  -14.472 0.1428571492
100213  29.878  -5.971  -15.066 0.1428571492
99428  29.075  -6.537  -14.690 0.2857142985
100208  29.231  -5.478  -14.643 0.1428571492
98563  28.959  -7.763  -14.021 0.8571428657
95881  30.063  -10.805  -9.703 0.8571428657
95042  30.018  -11.430  -8.583 1.0000000000
101712  28.588  -3.911  -14.422 0.1428571492
101705  28.009  -3.463  -13.973 0.1428571492
102465  27.098  -2.419  -13.352 0.2857142985
100162  29.282  -5.553  -8.819 0.8571428657
102455  27.073  -2.377  -12.470 0.5714285970
103189  26.691  -1.641  -12.315 0.5714285970
103919  26.511  -0.822  -12.174 0.5714285970
104616  27.341  0.181  -10.958 0.7142857313
105320  26.527  1.884  -11.368 0.4285714328
104626  25.900  0.643  -12.636 0.2857142985
105330  25.893  1.489  -12.245 0.2857142985
135075  25.896  2.213  -11.928 0.1428571492
105972  25.457  2.868  -12.140 0.1428571492
108824  26.569  6.678  -10.802 0.2857142985
140763  24.854  4.775  -13.408 0.1428571492
108833  25.548  7.229  -12.511 0.1428571492
109543  25.598  8.153  -11.664 0.1428571492
108842  24.938  6.587  -13.683 0.1428571492
110961  24.458  10.171  -12.648 0.1428571492
110952  24.592  9.799  -11.961 0.1428571492
111635  24.571  10.951  -13.680 0.1428571492
103200  26.716  -1.790  -13.284 0.4285714328
103190  26.396  -1.024  -13.194 0.4285714328
103920  25.893  -0.238  -13.201 0.4285714328
104625  26.517  0.104  -11.780 0.5714285970
105329  26.551  1.035  -11.640 0.5714285970
73960  22.189  -35.435  -8.994 0.1428571492
150365  21.632  -34.718  -8.828 0.1428571492
73947  21.075  -36.058  -8.457 0.1428571492
143662  22.006  -34.028  -8.855 0.4285714328
73962  20.967  -34.845  -8.239 0.2857142985
142295  22.661  -33.978  -9.178 0.5714285970
74948  24.580  -34.570  -8.314 0.1428571492
88269  27.170  -19.352  -7.202 0.7142857313
139022  29.736  -16.146  -9.306 0.8571428657
90834  28.838  -16.544  -7.622 0.8571428657
93394  30.755  -13.631  -9.999 0.5714285970
95081  30.771  -12.057  -10.315 0.5714285970
96841  31.919  -9.010  -13.128 0.2857142985
96836  33.453  -9.671  -12.722 0.1428571492
96828  31.550  -10.007  -11.516 0.1428571492
97708  29.586  -7.939  -14.073 0.5714285970
96812  30.339  -10.154  -10.490 0.8571428657
150966  30.309  -8.281  -12.011 0.8571428657
98557  28.606  -7.227  -13.349 0.8571428657
150316  28.442  -5.248  -11.241 0.8571428657
151213  28.307  -5.911  -11.646 0.8571428657
99376  29.568  -6.119  -9.229 0.8571428657
100179  28.298  -4.539  -11.137 0.8571428657
102445  28.062  -2.430  -10.351 0.8571428657
148726  24.726  3.208  -12.837 0.1428571492
146989  27.424  3.099  -10.142 0.5714285970
134068  24.602  6.644  -14.768 0.1428571492
110276  24.753  8.776  -15.086 0.1428571492
136206  24.620  7.803  -14.627 0.1428571492
108086  25.491  5.266  -12.416 0.1428571492
108832  26.035  6.430  -12.037 0.1428571492
110960  24.772  9.408  -12.990 0.1428571492
140273  26.714  -30.844  -7.441 0.1428571492
76924  23.061  -31.867  -9.425 0.4285714328
158317  26.569  -27.401  -9.565 0.5714285970
109542  26.058  7.525  -11.418 0.1428571492
137938  25.112  -27.428  -9.463 0.5714285970
81310  24.245  -27.795  -9.155 0.5714285970
81294  22.391  -27.312  -8.497 0.2857142985
82117  24.985  -26.296  -8.791 0.5714285970
82118  23.756  -26.241  -8.382 0.5714285970
80430  22.490  -28.892  -8.784 0.4285714328
82134  24.602  -26.981  -8.981 0.5714285970
137689  21.485  -27.100  -8.242 0.2857142985
82119  22.877  -26.695  -8.430 0.4285714328
83843  26.242  -24.948  -8.662 0.4285714328
83844  25.060  -24.829  -8.161 0.5714285970
82996  23.224  -25.156  -8.310 0.5714285970
84723  25.656  -23.990  -7.945 0.5714285970
84707  24.853  -23.397  -7.659 0.5714285970
83845  23.898  -24.603  -8.190 0.4285714328
84706  25.599  -23.058  -7.583 0.7142857313
85540  24.681  -22.644  -7.771 0.4285714328
85539  25.473  -22.230  -7.549 0.4285714328
82997  22.357  -25.652  -8.489 0.4285714328
82998  21.467  -25.510  -8.436 0.2857142985
82121  21.141  -26.209  -8.124 0.2857142985
149252  22.908  -24.239  -8.555 0.4285714328
147046  26.488  -23.351  -8.035 0.7142857313
87397  25.498  -20.885  -7.536 0.7142857313
158153  24.126  -20.263  -8.544 0.4285714328
139923  25.072  -19.278  -7.912 0.7142857313
89112  25.644  -18.507  -7.482 0.7142857313
89128  24.783  -18.392  -8.221 0.2857142985
139765  26.540  -20.834  -7.342 0.5714285970
141608  25.735  -20.090  -7.335 0.7142857313
89096  26.641  -18.572  -7.080 0.7142857313
145976  25.729  -17.045  -7.479 0.7142857313
90835  26.060  -16.363  -7.263 0.7142857313
140064  25.562  -15.937  -7.624 0.7142857313
90836  24.988  -16.949  -8.129 0.4285714328
91681  25.327  -15.296  -7.760 0.4285714328
135118  28.214  -18.127  -7.193 0.5714285970
89974  28.154  -17.409  -7.060 0.5714285970
90821  26.900  -16.236  -6.750 0.5714285970
91667  27.180  -15.491  -6.600 0.7142857313
92545  26.674  -14.882  -6.829 0.7142857313
144849  27.537  -13.251  -6.435 0.7142857313
92557  25.907  -14.654  -7.293 0.7142857313
93366  25.650  -13.778  -7.404 0.5714285970
94180  27.321  -12.340  -6.507 0.5714285970
142548  29.610  -14.655  -8.978 0.7142857313
92556  29.005  -15.017  -7.302 0.5714285970
91666  27.768  -16.094  -6.500 0.5714285970
93352  28.998  -14.232  -6.879 0.7142857313
92543  28.413  -14.893  -6.627 0.7142857313
94188  29.017  -12.575  -6.634 0.8571428657
92558  25.067  -14.493  -7.896 0.4285714328
95044  29.319  -11.689  -6.742 0.7142857313
95029  28.304  -11.765  -6.339 0.7142857313
95845  28.879  -10.883  -6.318 0.7142857313
95030  27.090  -11.466  -6.467 0.5714285970
95846  27.857  -10.767  -6.177 0.7142857313
139817  29.423  -14.396  -7.701 0.5714285970
93353  27.991  -14.090  -6.547 0.7142857313
95043  29.768  -11.578  -7.612 0.8571428657
95868  29.579  -10.890  -6.955 0.8571428657
140767  29.217  -10.166  -6.705 0.7142857313
95847  26.754  -10.578  -6.469 0.5714285970
97609  26.942  -9.041  -6.144 0.2857142985
146129  29.736  -10.270  -7.299 0.7142857313
156970  28.013  -7.511  -6.365 0.7142857313
95867  29.987  -10.821  -7.798 0.7142857313
96767  29.602  -9.449  -7.216 0.8571428657
96768  28.880  -9.495  -6.559 0.8571428657
98497  29.381  -7.340  -7.467 0.8571428657
97622  27.757  -8.273  -6.230 0.5714285970
147117  28.843  -7.836  -6.704 0.8571428657
98498  28.650  -7.089  -6.749 0.7142857313
96789  30.129  -9.262  -8.258 0.8571428657
98513  29.828  -7.671  -8.288 0.8571428657
99366  29.119  -6.564  -7.332 0.8571428657
99365  29.592  -6.737  -8.449 0.8571428657
156303  29.399  -6.073  -8.586 0.8571428657
140553  28.820  -6.007  -7.045 0.7142857313
101667  28.692  -3.369  -8.233 0.7142857313
102421  28.520  -2.841  -7.295 0.7142857313
102432  28.596  -2.412  -8.224 0.5714285970
101647  27.519  -3.378  -6.401 0.7142857313
103157  28.493  -1.956  -7.350 0.7142857313
155774  28.568  -1.654  -8.168 0.7142857313
103166  28.573  -0.950  -8.692 0.8571428657
104587  28.319  0.393  -7.361 0.7142857313
103158  28.235  -1.379  -6.814 0.7142857313
104588  27.947  0.961  -7.086 0.7142857313
105279  27.274  1.244  -6.706 0.7142857313
104575  26.785  0.466  -6.465 0.5714285970
105303  28.314  1.309  -8.318 0.7142857313
105295  27.776  1.670  -7.270 0.7142857313
158598  26.760  1.722  -6.643 0.5714285970
147182  27.677  2.491  -7.549 0.4285714328
105926  27.103  2.214  -6.887 0.5714285970
105927  26.189  2.140  -6.607 0.5714285970
105941  28.151  1.869  -7.930 0.5714285970
105281  25.468  1.437  -6.636 0.5714285970
134898  27.620  3.341  -7.961 0.5714285970
137727  27.132  3.186  -7.231 0.5714285970
151139  26.529  2.867  -6.871 0.5714285970
105928  25.093  2.279  -6.710 0.5714285970
133347  24.877  0.714  -6.903 0.4285714328
106638  25.267  3.651  -6.831 0.5714285970
106619  25.701  2.981  -6.768 0.5714285970
106636  27.091  4.235  -7.680 0.5714285970
105929  24.176  2.397  -6.817 0.4285714328
104589  23.647  0.172  -7.376 0.4285714328
106620  24.753  3.096  -6.685 0.5714285970
106622  23.383  3.850  -6.781 0.4285714328
142112  28.479  -20.842  -8.659 0.2857142985
91665  28.502  -15.774  -6.916 0.5714285970
106639  23.571  4.347  -7.142 0.2857142985
106623  23.206  3.248  -6.321 0.2857142985
80445  24.834  -28.541  -9.608 0.5714285970
80447  23.273  -29.035  -9.155 0.5714285970
83007  26.364  -25.869  -9.138 0.2857142985
83008  25.783  -26.276  -9.239 0.4285714328
80429  23.094  -28.184  -8.853 0.5714285970
82994  25.516  -25.639  -8.713 0.5714285970
140631  21.979  -28.019  -8.441 0.2857142985
83846  22.278  -24.667  -8.603 0.4285714328
84724  23.446  -23.697  -8.420 0.4285714328
143957  23.996  -23.131  -8.190 0.5714285970
87398  24.548  -20.957  -8.173 0.5714285970
88282  29.301  -19.639  -8.681 0.2857142985
142567  23.552  -19.054  -8.693 0.2857142985
89991  25.286  -17.714  -7.840 0.7142857313
96766  30.087  -10.087  -8.001 0.8571428657
97621  28.900  -8.723  -6.624 0.7142857313
137409  28.744  -4.154  -7.841 0.7142857313
101656  28.578  -3.708  -7.134 0.7142857313
100859  28.074  -4.129  -6.462 0.7142857313
104574  27.781  0.248  -6.739 0.7142857313
104576  25.828  0.610  -6.499 0.5714285970
105282  24.361  1.476  -7.038 0.2857142985
105952  27.954  2.540  -8.411 0.5714285970
154076  27.795  2.308  -9.663 0.5714285970
106637  26.215  3.737  -7.119 0.5714285970
134662  25.502  5.051  -7.507 0.2857142985
147421  23.126  -22.866  -8.666 0.4285714328
82132  26.337  -26.697  -9.517 0.2857142985
153008  28.625  -17.145  -7.448 0.7142857313
144994  26.824  -20.064  -7.252 0.5714285970
149413  29.672  -13.884  -8.158 0.7142857313
94187  29.562  -12.449  -7.420 0.7142857313
93365  29.400  -13.450  -7.275 0.7142857313
97637  30.138  -8.449  -8.713 0.7142857313
103896  28.547  -0.267  -7.867 0.8571428657
85538  26.397  -22.577  -7.661 0.5714285970
86472  26.253  -21.687  -7.428 0.5714285970
100152  28.721  -5.375  -7.120 0.7142857313
89111  27.733  -18.712  -7.189 0.5714285970
82133  25.481  -26.865  -9.423 0.5714285970
81293  23.273  -27.435  -8.675 0.5714285970
81292  23.761  -27.056  -8.690 0.4285714328
82120  21.877  -26.400  -8.497 0.4285714328
82995  24.434  -25.500  -8.314 0.5714285970
79602  22.895  -29.674  -9.211 0.5714285970
139695  24.452  -24.000  -7.896 0.5714285970
156671  22.246  -23.974  -8.646 0.4285714328
86473  24.574  -21.814  -7.956 0.5714285970
150156  25.256  -21.515  -7.637 0.5714285970
144163  24.851  -20.172  -8.040 0.5714285970
88285  24.221  -19.596  -8.550 0.4285714328
134439  23.492  -19.970  -8.762 0.4285714328
86491  23.888  -21.404  -8.413 0.4285714328
88270  26.112  -19.309  -7.197 0.7142857313
88284  24.298  -18.926  -8.520 0.2857142985
89990  26.144  -17.773  -7.179 0.7142857313
89095  27.282  -17.793  -6.927 0.7142857313
89975  26.589  -17.015  -6.975 0.7142857313
91680  26.212  -15.533  -7.148 0.7142857313
90819  28.242  -16.643  -6.947 0.5714285970
93354  26.731  -14.043  -6.747 0.7142857313
140019  28.638  -13.389  -6.543 0.5714285970
94179  28.216  -12.673  -6.332 0.7142857313
94181  25.696  -12.138  -7.257 0.2857142985
96748  27.393  -9.892  -6.202 0.5714285970
96749  26.397  -9.730  -6.504 0.2857142985
97620  29.651  -8.350  -7.547 0.8571428657
131461  28.524  -1.101  -7.555 0.7142857313
103876  28.323  -0.451  -7.045 0.7142857313
105294  28.236  1.156  -7.651 0.8571428657
107315  25.235  4.400  -7.152 0.5714285970
142807  23.861  3.180  -6.632 0.4285714328
84726  22.013  -23.444  -8.581 0.1428571492
144639  22.420  -22.756  -8.644 0.4285714328
75953  21.578  -33.249  -8.574 0.4285714328
81281  27.699  -27.329  -8.275 0.1428571492
82106  27.500  -26.586  -8.854 0.1428571492
156184  27.458  -26.006  -8.920 0.1428571492
154846  27.844  -23.063  -8.630 0.1428571492
85557  28.313  -22.271  -8.718 0.1428571492
82991  28.238  -25.270  -8.473 0.1428571492
82105  28.210  -26.654  -8.006 0.1428571492
84722  28.579  -22.919  -8.714 0.1428571492
145286  28.270  -23.750  -8.576 0.1428571492
86490  28.665  -21.535  -8.856 0.1428571492
88281  29.735  -19.312  -8.868 0.2857142985
90003  30.136  -17.656  -9.417 0.1428571492
100878  28.924  -4.938  -8.113 0.5714285970
113028  24.259  12.841  -12.159 0.1428571492
99357  27.444  -6.261  -6.371 0.4285714328
113029  23.757  13.088  -11.732 0.1428571492
110259  24.481  9.600  -11.226 0.1428571492
100860  26.951  -4.180  -6.451 0.4285714328
101648  26.338  -3.366  -6.541 0.4285714328
110231  23.394  8.800  -8.758 0.2857142985
108805  24.997  7.057  -8.449 0.2857142985
140480  26.813  5.255  -7.898 0.2857142985
108816  25.569  7.501  -9.311 0.2857142985
135565  23.482  -3.721  -8.221 0.1428571492
102412  27.138  -2.651  -6.356 0.5714285970
103877  27.972  -0.632  -6.630 0.5714285970
108806  23.800  7.227  -8.304 0.2857142985
106648  27.563  4.134  -8.497 0.4285714328
102414  25.256  -2.315  -6.942 0.4285714328
103879  25.526  -0.899  -6.626 0.5714285970
108047  25.103  5.643  -7.629 0.2857142985
102424  23.369  -2.099  -7.820 0.4285714328
103159  24.005  -1.373  -7.460 0.2857142985
108048  24.116  5.305  -7.614 0.1428571492
108795  24.255  6.290  -7.866 0.1428571492
103160  23.244  -1.177  -7.624 0.1428571492
138594  24.360  0.056  -7.219 0.4285714328
108049  23.535  4.931  -7.359 0.1428571492
108796  23.526  5.772  -7.465 0.1428571492
108807  23.192  6.688  -7.846 0.1428571492
103888  23.134  -0.384  -7.469 0.2857142985
107316  23.183  4.533  -6.937 0.2857142985
107308  22.759  4.096  -5.400 0.1428571492
108040  23.230  5.347  -7.101 0.1428571492
108793  23.068  6.223  -7.198 0.1428571492
147716  23.114  5.144  -6.573 0.1428571492
108038  23.154  5.553  -5.683 0.1428571492
134786  23.096  5.871  -6.538 0.1428571492
108784  23.097  6.328  -5.801 0.1428571492
76913  21.853  -32.566  -8.779 0.4285714328
141927  21.057  -30.982  -8.367 0.2857142985
83828  28.667  -24.504  -8.340 0.1428571492
86489  29.226  -21.516  -8.907 0.1428571492
156517  27.443  -4.801  -6.440 0.2857142985
108073  26.909  6.287  -9.653 0.2857142985
109526  23.067  7.398  -8.245 0.2857142985
109524  24.459  7.872  -8.870 0.2857142985
109513  22.798  7.309  -8.002 0.2857142985
144333  20.459  -30.898  -7.876 0.2857142985
152392  26.225  -31.490  -7.630 0.1428571492
158195  25.899  -31.905  -7.797 0.1428571492
135857  27.451  -28.701  -7.751 0.1428571492
80414  27.836  -27.980  -7.672 0.1428571492
89126  29.742  -18.397  -9.027 0.1428571492
138907  28.919  -20.185  -8.729 0.1428571492
158048  22.870  -2.315  -7.935 0.1428571492
100144  27.347  -5.514  -6.435 0.4285714328
134567  23.820  -2.936  -7.809 0.2857142985
134998  26.167  -0.228  -6.449 0.5714285970
106658  27.529  4.003  -9.527 0.4285714328
109535  24.079  8.668  -9.150 0.2857142985
108815  26.387  7.054  -9.759 0.2857142985
109534  25.033  8.264  -9.769 0.2857142985
110245  23.751  9.244  -9.542 0.2857142985
110931  23.271  9.896  -10.069 0.1428571492
111607  23.079  10.589  -10.712 0.1428571492
110953  24.058  10.062  -11.351 0.1428571492
109497  22.774  7.003  -7.446 0.2857142985
131716  22.955  8.084  -8.255 0.2857142985
110946  23.267  10.231  -11.006 0.1428571492
111619  23.715  10.639  -11.761 0.1428571492
110255  25.134  9.022  -11.208 0.1428571492
90852  30.384  -16.628  -9.520 0.2857142985
134302  23.218  9.608  -9.207 0.2857142985
109540  25.536  8.401  -10.779 0.2857142985
110244  24.607  8.951  -10.137 0.1428571492
76912  22.429  -32.287  -9.141 0.4285714328
89127  29.320  -18.993  -8.631 0.4285714328
137031  27.796  3.264  -8.991 0.4285714328
108072  27.247  5.489  -9.558 0.2857142985
102422  28.224  -2.353  -6.812 0.5714285970
103144  26.862  -1.869  -6.380 0.5714285970
147169  27.154  -0.405  -6.475 0.5714285970
108060  27.051  5.709  -8.682 0.2857142985
106621  24.305  3.869  -6.915 0.4285714328
107317  22.982  3.918  -6.341 0.2857142985
107331  24.147  4.609  -7.364 0.2857142985
100869  28.156  -5.033  -6.589 0.5714285970
103878  26.517  -1.063  -6.408 0.5714285970
135401  25.226  -0.071  -6.811 0.5714285970
135861  26.206  4.717  -7.491 0.2857142985
108062  25.614  6.294  -7.954 0.2857142985
142151  28.444  -25.883  -8.072 0.1428571492
85556  28.879  -22.190  -8.870 0.1428571492
100861  25.773  -4.229  -6.836 0.2857142985
109525  23.493  8.024  -8.566 0.2857142985
108061  26.434  5.939  -8.141 0.2857142985
108804  26.272  6.665  -8.757 0.2857142985
101650  24.777  -2.930  -7.392 0.2857142985
102413  26.160  -2.490  -6.526 0.4285714328
103146  24.908  -1.547  -6.970 0.4285714328
103145  25.856  -1.709  -6.565 0.5714285970
103887  23.801  -0.558  -7.430 0.4285714328
77866  20.885  -31.649  -8.043 0.2857142985
140797  25.275  -5.766  -7.106 0.2857142985
110256  24.178  9.500  -10.405 0.2857142985
152049  26.326  -12.930  -6.856 0.4285714328
95848  25.871  -10.361  -6.949 0.2857142985
111577  23.028  10.217  -6.731 0.1428571492
110232  23.176  9.001  -8.594 0.1428571492
112290  23.106  11.022  -7.583 0.1428571492
110177  23.603  8.190  -5.140 0.1428571492
110212  22.867  8.950  -7.707 0.1428571492
110914  23.058  9.472  -8.522 0.1428571492
110188  23.186  8.717  -5.865 0.1428571492
110196  22.826  8.332  -6.808 0.1428571492
111571  23.620  10.276  -5.578 0.1428571492
112288  23.242  11.337  -6.670 0.1428571492
132253  22.710  7.798  -7.634 0.1428571492
110893  22.987  9.250  -6.472 0.1428571492
111561  24.569  10.271  -4.487 0.1428571492
112284  23.458  11.090  -5.844 0.1428571492
95031  25.997  -11.282  -6.908 0.2857142985
110187  23.771  9.060  -5.255 0.1428571492
111562  23.969  11.064  -5.090 0.1428571492
132175  23.249  11.825  -7.302 0.1428571492
111587  23.077  10.086  -8.972 0.1428571492
111580  22.927  10.053  -8.057 0.1428571492
112292  23.196  11.024  -8.687 0.1428571492
155830  24.185  10.464  -4.943 0.1428571492
110877  24.569  9.659  -4.437 0.1428571492
140534  26.730  -24.065  -8.511 0.4285714328
79601  23.857  -29.668  -9.487 0.4285714328
78754  24.882  -30.675  -9.319 0.2857142985
142903  24.585  -29.227  -9.540 0.2857142985
79588  24.724  -29.917  -9.515 0.1428571492
77876  23.612  -31.247  -9.501 0.2857142985
81308  25.820  -27.517  -9.719 0.2857142985
78767  23.296  -30.440  -9.447 0.4285714328
79586  25.855  -29.536  -9.086 0.1428571492
79587  25.370  -30.042  -9.212 0.1428571492
77861  25.039  -31.301  -8.919 0.1428571492
80444  25.640  -28.333  -9.689 0.2857142985
80446  23.992  -28.745  -9.336 0.4285714328
143851  25.553  -2.943  -6.887 0.2857142985
78766  24.158  -30.571  -9.544 0.2857142985
152365  22.197  -31.046  -9.065 0.2857142985
77865  21.706  -31.634  -8.709 0.2857142985
78755  22.477  -30.399  -9.122 0.2857142985
79589  22.060  -29.640  -8.725 0.2857142985
85560  23.706  -22.181  -8.398 0.2857142985
86492  23.177  -21.391  -8.657 0.2857142985
87414  23.612  -20.737  -8.604 0.2857142985
90005  24.456  -17.631  -8.443 0.1428571492
90854  24.085  -16.814  -8.607 0.1428571492
91697  24.814  -16.066  -8.161 0.2857142985
93367  24.777  -13.693  -7.992 0.1428571492
147530  25.342  -10.142  -7.460 0.1428571492
97610  25.982  -8.931  -6.518 0.1428571492
147146  27.004  -7.530  -6.118 0.1428571492
136797  25.709  -8.236  -6.700 0.1428571492
98500  25.961  -7.539  -6.433 0.1428571492
98501  25.185  -7.752  -7.382 0.1428571492
100145  25.080  -4.887  -7.314 0.1428571492
100871  23.275  -4.476  -8.503 0.1428571492
100870  24.163  -4.514  -8.078 0.1428571492
154486  24.124  0.688  -7.271 0.1428571492
105283  23.595  1.751  -6.934 0.1428571492
103889  22.654  -0.157  -7.176 0.1428571492
105284  23.005  1.871  -6.359 0.1428571492
105930  23.450  2.523  -6.524 0.1428571492
76914  21.219  -32.441  -8.299 0.2857142985
77877  22.834  -31.099  -9.351 0.1428571492
99367  28.401  -6.445  -6.653 0.2857142985
99368  25.435  -6.755  -6.946 0.1428571492
101649  25.267  -3.555  -7.125 0.1428571492
75943  20.788  -33.191  -8.033 0.2857142985
84725  22.651  -23.468  -8.673 0.2857142985
85561  22.807  -22.098  -8.685 0.2857142985
86493  22.602  -21.436  -8.647 0.2857142985
91698  23.881  -15.889  -8.575 0.1428571492
94189  25.305  -12.919  -7.629 0.1428571492
137342  24.958  -12.135  -7.895 0.1428571492
95045  25.313  -11.528  -7.538 0.1428571492
95882  24.200  -10.549  -8.317 0.1428571492
96770  25.016  -9.597  -7.703 0.1428571492
147925  24.597  -8.987  -8.030 0.1428571492
97625  24.711  -8.289  -7.906 0.1428571492
99358  26.328  -6.034  -6.499 0.1428571492
154360  23.282  -5.213  -8.542 0.1428571492
104578  22.781  0.620  -6.989 0.1428571492
104577  23.515  0.898  -7.210 0.1428571492
85562  22.317  -22.095  -8.629 0.2857142985
77864  22.445  -31.591  -9.168 0.2857142985
91682  24.508  -15.205  -8.267 0.1428571492
97623  26.479  -8.245  -6.223 0.1428571492
103161  22.637  -0.954  -7.420 0.1428571492
98489  26.572  -6.826  -6.295 0.1428571492
154407  26.284  -5.075  -6.640 0.1428571492
78756  21.628  -30.500  -8.683 0.2857142985
143795  22.907  -20.620  -8.730 0.1428571492
150867  23.815  -9.856  -8.453 0.1428571492
76904  19.795  -32.179  -7.211 0.1428571492
76903  20.477  -32.352  -7.717 0.1428571492
76893  19.410  -31.936  -6.619 0.1428571492
77853  20.164  -31.578  -7.538 0.1428571492
90864  30.182  -15.666  -9.539 0.1428571492
90851  31.155  -16.578  -9.444 0.1428571492
103208  26.725  -1.096  -13.911 0.1428571492
74949  20.499  -34.010  -7.712 0.1428571492
78743  20.200  -30.091  -7.602 0.1428571492
79590  21.201  -29.543  -8.403 0.1428571492
80431  21.559  -28.785  -8.445 0.1428571492
78757  20.811  -30.226  -8.192 0.1428571492
102475  27.237  -1.926  -14.075 0.1428571492
103209  26.260  -0.488  -13.853 0.1428571492
101696  27.515  -2.828  -13.729 0.1428571492
91710  30.652  -15.036  -9.628 0.1428571492
158070  21.717  -24.924  -8.580 0.1428571492
75944  19.912  -33.087  -7.397 0.1428571492
150518  19.686  -31.512  -7.089 0.1428571492
80428  25.349  -29.209  -9.510 0.2857142985
81307  26.961  -26.812  -9.436 0.2857142985
81309  25.166  -27.919  -9.646 0.5714285970
82115  27.890  -25.959  -8.582 0.1428571492
87413  29.421  -20.122  -8.741 0.2857142985
90820  27.520  -16.869  -6.778 0.5714285970
90863  30.935  -15.867  -9.524 0.1428571492
91679  29.106  -15.779  -7.855 0.8571428657
91696  29.749  -15.400  -9.317 0.8571428657
92544  27.476  -14.786  -6.538 0.7142857313
94211  30.571  -12.700  -9.921 0.5714285970
94224  32.575  -12.022  -10.665 0.1428571492
95056  30.034  -11.850  -9.492 0.8571428657
95067  30.260  -12.009  -10.086 0.7142857313
95866  30.124  -10.750  -8.735 0.7142857313
95870  24.830  -10.353  -7.880 0.1428571492
95920  32.094  -10.535  -11.445 0.1428571492
95921  31.240  -10.489  -10.939 0.5714285970
96747  28.407  -10.064  -6.286 0.7142857313
96750  25.610  -9.589  -7.064 0.2857142985
96769  28.052  -9.222  -6.289 0.7142857313
96771  24.439  -9.755  -8.184 0.1428571492
96788  30.155  -10.066  -9.026 0.8571428657
96842  34.530  -9.361  -14.106 0.1428571492
96843  33.485  -9.074  -14.136 0.1428571492
97624  25.259  -8.764  -7.371 0.1428571492
97654  30.066  -7.642  -9.360 0.8571428657
97683  29.992  -8.045  -11.772 0.8571428657
97697  29.897  -7.815  -12.569 0.8571428657
97701  30.315  -8.264  -13.580 0.8571428657
97705  32.621  -8.309  -14.089 0.1428571492
98499  27.691  -6.935  -6.333 0.2857142985
98556  29.155  -7.651  -13.186 0.8571428657
98570  29.188  -7.360  -14.306 0.4285714328
99369  24.718  -7.063  -7.699 0.1428571492
99385  29.622  -6.214  -10.240 0.8571428657
99425  32.223  -6.442  -14.465 0.1428571492
99426  30.673  -6.767  -14.545 0.1428571492
99432  30.438  -6.135  -15.065 0.1428571492
100151  29.127  -5.896  -7.911 0.7142857313
100153  28.236  -5.780  -6.588 0.7142857313
100155  23.860  -5.245  -8.479 0.1428571492
100868  28.573  -4.566  -7.079 0.7142857313
100923  28.568  -4.867  -14.134 0.1428571492
101657  28.186  -3.196  -6.722 0.7142857313
101658  24.877  -4.186  -7.381 0.1428571492
101659  24.348  -3.651  -7.681 0.1428571492
102411  27.879  -2.718  -6.498 0.5714285970
102423  24.326  -2.207  -7.415 0.4285714328
103143  27.794  -2.031  -6.464 0.7142857313
103173  28.262  -1.173  -9.732 0.8571428657
103880  24.614  -0.723  -7.107 0.5714285970
104600  28.448  0.562  -8.314 0.7142857313
105280  26.402  1.281  -6.491 0.5714285970
105304  28.126  1.787  -8.835 0.5714285970
105980  24.823  2.459  -13.336 0.1428571492
106672  25.430  3.701  -12.159 0.1428571492
107341  27.319  4.912  -8.263 0.2857142985
107351  27.473  4.892  -9.045 0.2857142985
107356  27.276  4.755  -10.019 0.5714285970
108046  26.028  5.551  -7.714 0.2857142985
109539  26.015  7.714  -10.316 0.2857142985
110264  25.085  8.433  -13.009 0.1428571492
110884  24.135  9.763  -5.029 0.1428571492
110885  23.481  9.494  -5.675 0.1428571492
110930  23.484  9.616  -9.938 0.2857142985
110945  23.704  9.829  -10.636 0.1428571492
111618  24.248  10.304  -11.978 0.1428571492
113720  23.384  12.757  -7.561 0.1428571492
132162  23.184  11.072  -11.466 0.1428571492
132221  24.803  4.984  -7.478 0.1428571492
132815  27.510  -1.229  -6.461 0.5714285970
134738  27.211  0.719  -11.128 0.7142857313
134863  30.773  -8.723  -11.878 0.8571428657
134993  28.505  -0.164  -8.762 0.8571428657
136010  27.775  -5.143  -13.507 0.1428571492
139484  29.034  -20.822  -8.933 0.1428571492
142241  30.096  -11.442  -10.077 0.8571428657
142961  30.292  -9.348  -10.327 0.8571428657
143172  26.329  -32.212  -7.551 0.1428571492
144164  26.446  -12.027  -6.778 0.5714285970
147085  27.196  -23.461  -8.455 0.2857142985
148848  30.950  -7.475  -14.178 0.1428571492
149954  23.113  0.246  -7.317 0.1428571492
150440  30.423  -14.401  -9.842 0.1428571492
154178  27.921  -15.427  -6.409 0.7142857313
155021  24.894  2.609  -12.704 0.1428571492
155198  23.205  9.821  -6.067 0.1428571492
157006  26.572  5.122  -11.191 0.5714285970
157378  22.902  -33.444  -9.311 0.4285714328
157960  27.631  -3.779  -12.695 0.7142857313
158231  25.433  -16.464  -7.746 0.4285714328
