#!ascii label  , from subject sub-v1s1x0050650_ses-1 vox2ras=TkReg
1805
34844  -40.077  -33.016  23.683 0.0000000000
52953  -48.855  -10.896  14.811 0.0000000000
48745  -38.302  -15.956  24.074 0.0000000000
98028  -9.881  -41.285  21.356 0.0000000000
95434  -25.046  -32.299  26.517 0.0000000000
33009  -8.030  -34.874  22.644 0.0000000000
32080  -9.156  -35.984  30.987 0.0000000000
48824  -45.079  -16.420  18.690 0.0000000000
95509  -7.216  -29.997  16.693 0.0000000000
24605  -8.522  -45.044  28.984 0.0000000000
38915  -41.143  -28.011  17.507 0.0000000000
33019  -35.577  -34.693  21.649 0.0000000000
33904  -33.268  -33.837  25.326 0.0000000000
112217  -50.704  -8.739  11.148 0.0000000000
103152  -41.834  -16.129  21.344 0.0000000000
32977  -20.073  -34.451  23.034 0.0000000000
39669  -7.181  -27.106  22.278 0.0000000000
105004  -13.320  -37.003  22.273 0.0000000000
33087  -12.496  -35.634  16.942 0.0000000000
28162  -11.724  -41.383  17.014 0.0000000000
26327  -14.702  -41.697  32.393 0.0000000000
27131  -10.955  -42.557  33.807 0.0000000000
46097  -37.346  -20.579  23.444 0.0000000000
34779  -30.158  -33.053  28.824 0.0000000000
93974  -27.997  -32.230  23.362 0.0000000000
31230  -8.651  -35.811  26.683 0.0000000000
97828  -11.686  -38.664  27.094 0.0000000000
49730  -47.718  -14.737  17.016 0.0000000000
28002  -17.006  -40.380  29.238 0.0000000000
30435  -17.640  -37.758  26.380 0.0000000000
35717  -8.990  -32.434  19.780 0.0000000000
32262  -7.346  -35.922  15.401 0.0000000000
32889  -10.735  -36.493  34.934 0.0000000000
100946  -9.905  -40.283  31.987 0.0000000000
28031  -8.341  -43.324  25.588 0.0000000000
36539  -40.754  -30.987  23.850 0.0000000000
34892  -39.495  -32.658  20.892 0.0000000000
36554  -40.848  -31.207  20.841 0.0000000000
96058  -37.899  -34.279  22.115 0.0000000000
33981  -37.359  -33.767  19.959 0.0000000000
97884  -36.932  -34.848  24.795 0.0000000000
54635  -49.614  -9.640  13.190 0.0000000000
51306  -46.260  -12.156  13.239 0.0000000000
95646  -47.391  -10.673  11.234 0.0000000000
108343  -48.713  -9.483  9.805 0.0000000000
49645  -39.934  -15.467  23.288 0.0000000000
47875  -36.155  -17.406  21.746 0.0000000000
49667  -37.129  -15.223  21.639 0.0000000000
49694  -39.506  -15.249  19.650 0.0000000000
30490  -11.277  -39.531  21.565 0.0000000000
101515  -11.975  -38.908  19.859 0.0000000000
28945  -10.384  -41.309  19.211 0.0000000000
27320  -9.905  -43.710  17.251 0.0000000000
27306  -9.290  -43.605  18.546 0.0000000000
25440  -14.634  -43.743  29.366 0.0000000000
112596  -12.768  -44.034  31.795 0.0000000000
44362  -38.966  -22.565  22.721 0.0000000000
40470  -39.960  -25.994  20.859 0.0000000000
41260  -38.853  -25.849  18.339 0.0000000000
42773  -39.012  -24.286  20.762 0.0000000000
45272  -38.016  -21.801  20.547 0.0000000000
98882  -32.408  -32.825  29.515 0.0000000000
33939  -32.096  -33.086  22.891 0.0000000000
97724  -30.599  -32.800  24.772 0.0000000000
56273  -51.064  -6.618  7.377 0.0000000000
57073  -51.566  -5.451  6.349 0.0000000000
32091  -9.031  -35.762  28.997 0.0000000000
31233  -10.936  -37.277  27.601 0.0000000000
31216  -10.687  -37.589  29.840 0.0000000000
47916  -46.205  -16.184  18.030 0.0000000000
93901  -41.964  -15.922  17.489 0.0000000000
47042  -44.117  -16.314  15.837 0.0000000000
47950  -44.953  -15.605  15.365 0.0000000000
28796  -16.337  -39.401  31.159 0.0000000000
30402  -17.715  -37.721  29.792 0.0000000000
111154  -5.559  -32.281  23.384 0.0000000000
36547  -6.931  -31.232  21.731 0.0000000000
33948  -8.416  -34.095  21.771 0.0000000000
30569  -10.534  -38.571  15.693 0.0000000000
32241  -9.091  -36.504  16.228 0.0000000000
29762  -8.030  -38.653  14.477 0.0000000000
32892  -11.966  -36.154  34.730 0.0000000000
25410  -9.810  -44.114  31.726 0.0000000000
28787  -10.257  -41.290  33.249 0.0000000000
111212  -9.093  -43.350  30.563 0.0000000000
105512  -9.076  -42.580  28.470 0.0000000000
25454  -8.387  -44.557  27.368 0.0000000000
38897  -40.623  -28.400  20.753 0.0000000000
96996  -34.150  -33.782  28.177 0.0000000000
32941  -35.566  -34.715  26.413 0.0000000000
32980  -34.726  -34.230  23.419 0.0000000000
55481  -51.808  -7.306  9.701 0.0000000000
54682  -50.032  -7.967  8.894 0.0000000000
48806  -42.901  -16.020  20.225 0.0000000000
48820  -40.444  -15.615  18.283 0.0000000000
34837  -23.602  -32.034  23.532 0.0000000000
34811  -22.330  -32.795  25.380 0.0000000000
38895  -8.603  -27.685  19.257 0.0000000000
107955  -11.667  -35.495  22.668 0.0000000000
33030  -10.503  -34.835  20.615 0.0000000000
32196  -13.800  -36.022  19.690 0.0000000000
93576  -12.672  -38.785  16.697 0.0000000000
28205  -11.498  -41.166  14.906 0.0000000000
29587  -14.706  -39.786  34.332 0.0000000000
97542  -12.344  -39.505  35.591 0.0000000000
26309  -12.755  -41.906  34.160 0.0000000000
24568  -11.160  -44.414  32.364 0.0000000000
46982  -36.694  -18.438  23.449 0.0000000000
46119  -36.604  -20.062  20.782 0.0000000000
34794  -28.101  -32.822  27.522 0.0000000000
33873  -31.715  -33.134  27.326 0.0000000000
33899  -29.312  -32.621  26.140 0.0000000000
34825  -26.880  -31.846  24.638 0.0000000000
98571  -6.109  -33.129  24.997 0.0000000000
34801  -7.280  -33.462  25.912 0.0000000000
31271  -7.865  -35.451  24.444 0.0000000000
32115  -11.927  -36.265  25.636 0.0000000000
98777  -12.713  -37.924  25.282 0.0000000000
97521  -10.401  -39.941  24.037 0.0000000000
50523  -48.336  -13.215  16.440 0.0000000000
49751  -45.158  -14.437  14.511 0.0000000000
28789  -15.572  -39.594  32.545 0.0000000000
27149  -16.209  -41.143  30.551 0.0000000000
98358  -15.867  -42.408  28.024 0.0000000000
32948  -21.149  -33.851  26.407 0.0000000000
110611  -19.683  -34.798  27.715 0.0000000000
31225  -18.694  -36.238  29.201 0.0000000000
28839  -17.377  -39.243  27.668 0.0000000000
27187  -16.649  -41.365  26.611 0.0000000000
38877  -5.725  -28.844  23.032 0.0000000000
38142  -8.947  -29.484  21.398 0.0000000000
36560  -7.363  -31.025  17.979 0.0000000000
94494  -10.205  -33.545  18.330 0.0000000000
34006  -7.336  -33.752  16.731 0.0000000000
34959  -6.804  -33.427  15.880 0.0000000000
32896  -9.056  -35.944  32.895 0.0000000000
29580  -10.721  -38.557  35.390 0.0000000000
95135  -9.775  -38.595  34.134 0.0000000000
31207  -9.913  -37.663  31.941 0.0000000000
97830  -10.234  -40.178  28.945 0.0000000000
28849  -9.609  -41.261  26.386 0.0000000000
28072  -8.048  -42.661  23.667 0.0000000000
23142  -7.789  -47.558  26.859 0.0000000000
23909  -8.321  -46.181  24.708 0.0000000000
26439  -8.303  -44.131  21.003 0.0000000000
34845  -40.417  -32.285  23.734 0.0000000000
106670  -40.521  -31.933  24.894 0.0000000000
34858  -39.685  -33.023  22.819 0.0000000000
35703  -40.036  -32.087  21.802 0.0000000000
99720  -39.135  -33.649  23.164 0.0000000000
33955  -38.667  -33.439  21.847 0.0000000000
33906  -39.528  -33.458  24.667 0.0000000000
32966  -38.712  -34.173  23.888 0.0000000000
53767  -49.379  -10.294  14.329 0.0000000000
52089  -47.713  -11.516  14.391 0.0000000000
52106  -46.846  -11.472  12.687 0.0000000000
52957  -47.937  -10.905  13.544 0.0000000000
53773  -48.434  -10.347  12.098 0.0000000000
49644  -38.819  -15.267  23.553 0.0000000000
49633  -40.421  -15.892  24.195 0.0000000000
48718  -39.261  -16.795  25.374 0.0000000000
48768  -36.346  -16.465  21.764 0.0000000000
49655  -37.601  -15.234  22.552 0.0000000000
50469  -38.452  -14.820  22.406 0.0000000000
29686  -10.321  -40.704  21.502 0.0000000000
29698  -10.946  -40.274  20.493 0.0000000000
28926  -10.312  -41.110  20.508 0.0000000000
28144  -9.689  -42.199  19.454 0.0000000000
28143  -9.077  -42.594  19.651 0.0000000000
25447  -13.974  -43.961  28.200 0.0000000000
25439  -13.949  -44.182  29.110 0.0000000000
41993  -40.213  -24.845  21.113 0.0000000000
42007  -39.368  -25.283  20.583 0.0000000000
42774  -39.800  -24.628  21.545 0.0000000000
43575  -39.115  -23.344  21.357 0.0000000000
56266  -51.997  -6.544  8.010 0.0000000000
56282  -51.484  -6.224  7.144 0.0000000000
57940  -53.072  -4.768  6.384 0.0000000000
32086  -9.077  -35.798  30.066 0.0000000000
31214  -9.306  -36.389  29.217 0.0000000000
31210  -9.285  -36.768  30.333 0.0000000000
47903  -46.128  -16.339  18.432 0.0000000000
47897  -46.524  -16.089  19.203 0.0000000000
93892  -43.556  -16.275  17.918 0.0000000000
48853  -43.230  -16.347  16.327 0.0000000000
48841  -44.587  -16.345  17.873 0.0000000000
47923  -45.458  -16.155  16.845 0.0000000000
31208  -18.284  -36.646  30.611 0.0000000000
31209  -19.154  -36.100  30.472 0.0000000000
34792  -25.865  -32.974  27.865 0.0000000000
34803  -24.624  -32.524  27.251 0.0000000000
38914  -6.833  -28.779  17.098 0.0000000000
102373  -6.943  -33.975  23.652 0.0000000000
34864  -6.913  -33.034  22.547 0.0000000000
33949  -8.549  -34.553  21.966 0.0000000000
28987  -9.872  -40.335  14.235 0.0000000000
29752  -8.997  -38.676  14.902 0.0000000000
28986  -9.219  -39.627  13.934 0.0000000000
32895  -12.191  -35.603  33.894 0.0000000000
32064  -12.575  -36.803  34.548 0.0000000000
98960  -9.033  -44.714  30.393 0.0000000000
26334  -9.208  -43.639  30.844 0.0000000000
25429  -8.690  -44.282  30.009 0.0000000000
26347  -8.601  -43.954  28.847 0.0000000000
24604  -8.415  -44.936  28.461 0.0000000000
37340  -40.625  -29.616  22.456 0.0000000000
37348  -40.941  -29.739  20.691 0.0000000000
38886  -40.809  -28.455  22.272 0.0000000000
39675  -40.548  -27.875  21.592 0.0000000000
94127  -35.895  -34.834  22.868 0.0000000000
94760  -35.829  -34.631  23.664 0.0000000000
33000  -35.422  -34.657  22.395 0.0000000000
101011  -33.502  -33.645  21.824 0.0000000000
55468  -51.360  -8.034  10.076 0.0000000000
100474  -50.323  -9.169  10.745 0.0000000000
53788  -49.667  -9.058  9.615 0.0000000000
54669  -50.333  -8.918  10.021 0.0000000000
54683  -50.839  -7.938  9.068 0.0000000000
48772  -42.492  -16.218  21.327 0.0000000000
94795  -43.118  -16.337  21.906 0.0000000000
48758  -42.902  -16.459  22.682 0.0000000000
49670  -40.694  -15.623  21.149 0.0000000000
48803  -39.989  -15.511  18.982 0.0000000000
93540  -41.434  -15.781  20.356 0.0000000000
107459  -41.838  -15.690  19.420 0.0000000000
40463  -7.577  -26.229  21.989 0.0000000000
40479  -8.280  -26.736  19.801 0.0000000000
38890  -8.670  -27.807  21.204 0.0000000000
32994  -13.040  -35.432  22.821 0.0000000000
33013  -13.131  -35.461  21.763 0.0000000000
31333  -13.464  -36.698  21.365 0.0000000000
28947  -11.667  -40.449  18.227 0.0000000000
111425  -12.487  -39.251  18.144 0.0000000000
106771  -12.338  -40.622  16.598 0.0000000000
28980  -12.188  -40.418  15.289 0.0000000000
27335  -11.658  -41.840  15.369 0.0000000000
27322  -10.933  -42.789  16.180 0.0000000000
27972  -14.942  -40.992  33.772 0.0000000000
27127  -13.759  -41.362  34.353 0.0000000000
26316  -13.541  -42.029  33.501 0.0000000000
24591  -11.953  -44.941  31.107 0.0000000000
24579  -11.827  -44.748  31.721 0.0000000000
23856  -11.048  -45.140  31.252 0.0000000000
23854  -10.050  -45.103  31.208 0.0000000000
46101  -36.657  -19.436  23.284 0.0000000000
45249  -37.865  -21.378  22.465 0.0000000000
46120  -37.214  -20.784  20.903 0.0000000000
111994  -36.795  -20.162  22.470 0.0000000000
46988  -36.390  -19.001  22.705 0.0000000000
110585  -29.562  -32.975  29.390 0.0000000000
108555  -28.343  -33.308  28.696 0.0000000000
97479  -28.619  -33.204  28.167 0.0000000000
33890  -33.908  -34.140  26.712 0.0000000000
96823  -33.151  -33.681  27.711 0.0000000000
106750  -32.330  -33.450  26.606 0.0000000000
34843  -29.556  -32.408  23.465 0.0000000000
33900  -30.117  -32.710  25.576 0.0000000000
34827  -28.899  -32.528  24.549 0.0000000000
93521  -28.294  -32.500  25.066 0.0000000000
34841  -27.420  -32.131  23.976 0.0000000000
34839  -26.272  -31.718  22.987 0.0000000000
33865  -7.791  -34.773  27.714 0.0000000000
32935  -7.192  -34.925  25.868 0.0000000000
32944  -6.794  -34.969  25.270 0.0000000000
31241  -8.353  -35.643  25.793 0.0000000000
31273  -9.240  -35.725  25.108 0.0000000000
31257  -9.628  -36.062  25.824 0.0000000000
109146  -12.008  -37.964  27.383 0.0000000000
30423  -12.228  -37.560  26.683 0.0000000000
30433  -12.067  -38.337  26.523 0.0000000000
29655  -11.369  -39.023  24.566 0.0000000000
29644  -10.802  -39.481  25.660 0.0000000000
49736  -48.093  -14.056  16.750 0.0000000000
51281  -49.550  -13.133  17.440 0.0000000000
49724  -48.515  -14.666  17.966 0.0000000000
47936  -46.032  -15.601  16.357 0.0000000000
48879  -45.204  -15.242  15.215 0.0000000000
49739  -46.301  -14.655  15.558 0.0000000000
49740  -46.837  -13.906  15.670 0.0000000000
30393  -15.941  -38.524  32.458 0.0000000000
28807  -17.049  -39.956  30.102 0.0000000000
28800  -16.231  -40.309  30.918 0.0000000000
27993  -16.747  -40.799  30.138 0.0000000000
27161  -16.329  -42.006  29.473 0.0000000000
27162  -16.828  -41.489  29.102 0.0000000000
33922  -20.622  -33.574  23.605 0.0000000000
33897  -21.822  -33.444  25.863 0.0000000000
32947  -20.003  -34.117  25.094 0.0000000000
31261  -18.027  -36.967  25.414 0.0000000000
32116  -18.821  -35.438  25.887 0.0000000000
31246  -18.272  -36.438  26.615 0.0000000000
112037  -18.920  -35.548  28.030 0.0000000000
31236  -18.009  -36.996  27.650 0.0000000000
30414  -17.666  -37.836  27.862 0.0000000000
29637  -17.479  -38.421  26.743 0.0000000000
27200  -17.092  -40.918  25.539 0.0000000000
38131  -5.048  -29.717  23.229 0.0000000000
98829  -8.391  -32.655  21.038 0.0000000000
37338  -7.546  -30.382  21.846 0.0000000000
36553  -9.110  -31.030  20.007 0.0000000000
37347  -9.180  -30.226  19.486 0.0000000000
36561  -8.625  -31.492  18.506 0.0000000000
33068  -12.206  -34.688  18.462 0.0000000000
33066  -10.492  -34.114  19.140 0.0000000000
33991  -11.435  -34.332  17.318 0.0000000000
32239  -7.822  -36.052  15.952 0.0000000000
34031  -8.339  -34.613  16.527 0.0000000000
33105  -7.381  -35.207  16.000 0.0000000000
107558  -6.965  -33.561  16.457 0.0000000000
33103  -6.935  -34.682  15.657 0.0000000000
34082  -6.786  -34.136  14.633 0.0000000000
32893  -9.794  -35.937  34.087 0.0000000000
27959  -11.891  -41.001  35.001 0.0000000000
30378  -11.693  -38.665  35.797 0.0000000000
28783  -11.119  -40.279  35.163 0.0000000000
28790  -9.998  -41.311  32.667 0.0000000000
28791  -10.162  -40.611  33.426 0.0000000000
94880  -10.000  -39.902  33.250 0.0000000000
30395  -9.723  -38.176  33.223 0.0000000000
29598  -10.341  -39.611  31.513 0.0000000000
94071  -10.877  -39.248  30.686 0.0000000000
28806  -9.866  -40.824  30.302 0.0000000000
111023  -8.815  -42.637  27.068 0.0000000000
28019  -9.383  -42.137  27.234 0.0000000000
28032  -8.943  -42.181  25.747 0.0000000000
28870  -8.982  -41.905  24.596 0.0000000000
27212  -7.850  -43.245  24.288 0.0000000000
101900  -7.671  -48.747  25.049 0.0000000000
23896  -7.758  -46.553  25.918 0.0000000000
37334  -40.925  -29.737  23.189 0.0000000000
34918  -39.868  -32.940  19.086 0.0000000000
105094  -40.452  -32.319  19.491 0.0000000000
35712  -40.120  -32.358  20.515 0.0000000000
36550  -40.451  -30.966  21.742 0.0000000000
33020  -36.410  -34.661  21.652 0.0000000000
109752  -37.603  -33.979  21.195 0.0000000000
33983  -38.647  -33.455  20.231 0.0000000000
32983  -37.768  -34.616  23.621 0.0000000000
54651  -50.224  -9.062  12.657 0.0000000000
52114  -46.361  -11.338  11.003 0.0000000000
52969  -46.956  -10.815  10.491 0.0000000000
108535  -47.833  -9.806  9.541 0.0000000000
52962  -48.091  -10.268  11.259 0.0000000000
53774  -48.980  -10.023  11.607 0.0000000000
49658  -40.767  -15.576  22.552 0.0000000000
49647  -41.902  -16.228  23.551 0.0000000000
49634  -41.404  -16.161  24.286 0.0000000000
48720  -41.235  -16.914  25.756 0.0000000000
47014  -36.210  -19.207  19.997 0.0000000000
47885  -35.728  -17.540  20.588 0.0000000000
48784  -35.655  -16.353  20.456 0.0000000000
49691  -36.290  -15.152  19.390 0.0000000000
96026  -37.954  -14.967  18.802 0.0000000000
111138  -37.876  -14.548  20.277 0.0000000000
49669  -39.906  -15.361  21.507 0.0000000000
30478  -12.364  -38.261  22.428 0.0000000000
96413  -12.947  -37.684  20.998 0.0000000000
30505  -11.655  -39.128  20.705 0.0000000000
29709  -11.090  -40.217  19.811 0.0000000000
28146  -10.602  -41.532  18.342 0.0000000000
27308  -10.657  -42.612  17.172 0.0000000000
27290  -10.062  -42.880  17.893 0.0000000000
26481  -9.604  -44.012  17.664 0.0000000000
102851  -14.867  -42.766  31.090 0.0000000000
26325  -13.802  -42.680  32.386 0.0000000000
25431  -13.953  -44.017  30.539 0.0000000000
45250  -38.436  -21.958  23.159 0.0000000000
40488  -39.529  -26.919  19.695 0.0000000000
40493  -39.896  -26.773  18.048 0.0000000000
41249  -39.179  -26.312  19.482 0.0000000000
42017  -38.712  -25.035  19.663 0.0000000000
42811  -38.483  -24.276  19.498 0.0000000000
44389  -38.671  -23.425  20.418 0.0000000000
109800  -38.837  -22.610  21.770 0.0000000000
34768  -31.099  -32.858  29.285 0.0000000000
101668  -32.690  -33.693  24.113 0.0000000000
33902  -31.894  -33.252  25.150 0.0000000000
33938  -31.286  -32.706  23.208 0.0000000000
34855  -29.840  -32.256  22.715 0.0000000000
56290  -50.156  -6.478  6.309 0.0000000000
57072  -50.679  -5.861  6.074 0.0000000000
57945  -51.129  -5.052  5.686 0.0000000000
58798  -51.279  -3.675  4.234 0.0000000000
102694  -8.658  -35.812  27.634 0.0000000000
31231  -9.273  -36.343  27.000 0.0000000000
31220  -9.180  -36.178  28.271 0.0000000000
31222  -10.905  -37.420  28.408 0.0000000000
30413  -11.629  -37.999  28.182 0.0000000000
48854  -46.682  -15.699  17.606 0.0000000000
48826  -46.891  -15.758  18.947 0.0000000000
48878  -42.612  -16.168  15.160 0.0000000000
94681  -43.795  -16.152  14.190 0.0000000000
98657  -44.039  -16.143  14.317 0.0000000000
47052  -44.511  -16.042  15.565 0.0000000000
47924  -45.599  -16.018  16.752 0.0000000000
30394  -16.407  -38.163  31.835 0.0000000000
30397  -17.055  -37.821  31.318 0.0000000000
29601  -17.173  -38.279  30.224 0.0000000000
29615  -17.052  -39.452  29.711 0.0000000000
30464  -18.115  -37.567  24.096 0.0000000000
97934  -17.550  -38.766  25.305 0.0000000000
36538  -4.973  -31.363  23.969 0.0000000000
37333  -5.421  -30.460  22.763 0.0000000000
35701  -6.488  -32.127  22.218 0.0000000000
112341  -7.420  -32.688  21.748 0.0000000000
34880  -8.734  -33.181  20.770 0.0000000000
100130  -11.327  -37.565  16.214 0.0000000000
95209  -11.067  -36.334  16.516 0.0000000000
31384  -9.597  -37.396  16.249 0.0000000000
107853  -8.458  -37.651  15.801 0.0000000000
31403  -7.817  -37.273  15.296 0.0000000000
34710  -12.484  -33.569  32.770 0.0000000000
33806  -11.761  -34.999  34.101 0.0000000000
32891  -11.405  -36.203  34.739 0.0000000000
26319  -10.352  -43.406  32.880 0.0000000000
27971  -10.714  -41.773  33.613 0.0000000000
104907  -9.901  -43.113  32.026 0.0000000000
27139  -9.728  -42.970  31.565 0.0000000000
27154  -9.429  -42.709  30.623 0.0000000000
28805  -9.659  -41.666  29.901 0.0000000000
27160  -8.808  -43.303  29.526 0.0000000000
94821  -8.551  -43.692  28.294 0.0000000000
97870  -8.408  -44.181  26.696 0.0000000000
38168  -41.053  -29.661  17.137 0.0000000000
36566  -41.297  -31.138  19.370 0.0000000000
111070  -41.452  -29.799  18.906 0.0000000000
38906  -40.950  -27.997  19.356 0.0000000000
40481  -40.169  -27.572  20.635 0.0000000000
41231  -40.161  -26.097  21.596 0.0000000000
32939  -33.980  -34.104  25.837 0.0000000000
105025  -36.015  -34.899  25.917 0.0000000000
105031  -35.303  -34.464  24.932 0.0000000000
32960  -34.001  -34.120  24.969 0.0000000000
33941  -33.374  -33.878  22.633 0.0000000000
54690  -48.838  -8.452  7.860 0.0000000000
55495  -50.228  -7.375  7.812 0.0000000000
55497  -51.631  -6.911  8.381 0.0000000000
48807  -43.674  -16.225  19.770 0.0000000000
48788  -45.068  -16.577  20.960 0.0000000000
94122  -44.248  -16.435  21.121 0.0000000000
49707  -38.492  -15.318  18.110 0.0000000000
94121  -41.202  -15.723  17.976 0.0000000000
48822  -43.089  -16.033  18.811 0.0000000000
34824  -25.079  -32.005  24.857 0.0000000000
34812  -23.308  -32.477  25.835 0.0000000000
107728  -22.775  -32.267  23.811 0.0000000000
33923  -21.197  -33.030  23.221 0.0000000000
39690  -7.228  -27.784  17.999 0.0000000000
38158  -7.412  -29.235  17.727 0.0000000000
32145  -9.184  -35.436  22.988 0.0000000000
33011  -9.457  -34.937  21.519 0.0000000000
32183  -11.117  -35.246  21.138 0.0000000000
33049  -12.954  -35.103  19.775 0.0000000000
33070  -13.528  -35.687  18.256 0.0000000000
31332  -13.044  -37.628  20.000 0.0000000000
30531  -13.309  -37.770  18.202 0.0000000000
94012  -12.853  -37.989  16.746 0.0000000000
30570  -12.154  -39.099  15.503 0.0000000000
108844  -12.785  -38.285  35.259 0.0000000000
29585  -13.413  -39.581  35.116 0.0000000000
27122  -13.085  -41.074  35.144 0.0000000000
26307  -11.421  -42.520  33.929 0.0000000000
104957  -12.317  -43.486  32.717 0.0000000000
25397  -11.907  -43.224  33.236 0.0000000000
25395  -10.914  -43.584  33.339 0.0000000000
24566  -10.369  -44.200  32.344 0.0000000000
24588  -9.642  -44.839  31.163 0.0000000000
23865  -9.135  -45.555  29.798 0.0000000000
47860  -37.249  -17.472  24.006 0.0000000000
47850  -38.337  -16.989  25.205 0.0000000000
46967  -37.563  -18.373  25.232 0.0000000000
40507  -39.683  -26.630  17.339 0.0000000000
46130  -36.525  -20.133  19.576 0.0000000000
46987  -36.250  -18.118  22.454 0.0000000000
34793  -26.695  -33.114  28.059 0.0000000000
34805  -26.628  -32.603  26.906 0.0000000000
34781  -32.934  -33.140  28.771 0.0000000000
33857  -31.906  -33.129  28.045 0.0000000000
106387  -31.211  -32.907  27.836 0.0000000000
33889  -31.677  -33.225  25.936 0.0000000000
106968  -30.601  -32.931  26.799 0.0000000000
33871  -30.000  -32.969  27.321 0.0000000000
34807  -28.658  -32.519  26.782 0.0000000000
34815  -26.913  -32.080  26.153 0.0000000000
34814  -26.194  -31.885  25.408 0.0000000000
106610  -25.528  -31.838  23.816 0.0000000000
59634  -51.714  -3.186  3.339 0.0000000000
59644  -52.051  -2.789  2.843 0.0000000000
60488  -51.928  -1.920  2.185 0.0000000000
35684  -5.734  -32.598  24.381 0.0000000000
33921  -6.708  -33.976  23.909 0.0000000000
95094  -6.410  -33.739  25.279 0.0000000000
32954  -6.625  -34.830  24.601 0.0000000000
32144  -7.559  -35.140  23.624 0.0000000000
32973  -9.726  -35.583  23.560 0.0000000000
32132  -11.433  -35.817  24.185 0.0000000000
32133  -13.314  -36.168  24.073 0.0000000000
32108  -11.376  -36.715  26.177 0.0000000000
31260  -12.991  -36.771  25.569 0.0000000000
31290  -13.012  -37.622  23.651 0.0000000000
99366  -12.057  -38.655  23.091 0.0000000000
29661  -10.642  -39.979  23.142 0.0000000000
29673  -9.726  -41.224  22.335 0.0000000000
52081  -48.545  -11.948  15.923 0.0000000000
47970  -44.275  -15.883  14.031 0.0000000000
48905  -44.248  -15.394  13.166 0.0000000000
49761  -44.815  -13.963  13.724 0.0000000000
98237  -46.097  -13.319  14.519 0.0000000000
107740  -47.555  -12.593  15.436 0.0000000000
102182  -15.183  -39.871  33.743 0.0000000000
27975  -15.204  -40.703  32.783 0.0000000000
29596  -15.851  -39.494  31.837 0.0000000000
27976  -15.489  -40.323  32.088 0.0000000000
27140  -15.224  -41.335  31.830 0.0000000000
99938  -15.078  -43.343  28.793 0.0000000000
33884  -23.066  -32.878  26.743 0.0000000000
33883  -22.248  -33.619  26.772 0.0000000000
32938  -21.453  -34.204  27.223 0.0000000000
32946  -19.393  -34.742  25.560 0.0000000000
32937  -20.341  -34.269  26.872 0.0000000000
32923  -21.004  -34.937  28.516 0.0000000000
32099  -20.267  -35.174  29.145 0.0000000000
32093  -19.669  -35.730  29.666 0.0000000000
31219  -19.062  -36.227  29.963 0.0000000000
31218  -18.314  -36.959  29.532 0.0000000000
28815  -17.259  -38.954  28.753 0.0000000000
28825  -17.159  -39.649  28.443 0.0000000000
28048  -16.994  -39.808  26.169 0.0000000000
28033  -16.809  -40.380  26.628 0.0000000000
28020  -16.871  -41.038  27.669 0.0000000000
26365  -16.258  -41.837  26.909 0.0000000000
38883  -6.681  -28.138  22.593 0.0000000000
38135  -5.840  -29.707  22.506 0.0000000000
38140  -6.839  -29.686  22.211 0.0000000000
38885  -8.484  -28.683  21.803 0.0000000000
38896  -9.233  -28.557  19.558 0.0000000000
112130  -7.578  -29.829  17.870 0.0000000000
36559  -7.088  -30.704  17.412 0.0000000000
33029  -9.758  -34.616  20.799 0.0000000000
33973  -9.389  -33.722  20.150 0.0000000000
33972  -9.305  -33.122  19.228 0.0000000000
34033  -10.198  -34.520  16.642 0.0000000000
34008  -8.947  -33.766  17.071 0.0000000000
34909  -8.768  -32.835  18.291 0.0000000000
34908  -7.705  -32.594  17.791 0.0000000000
35745  -6.844  -32.294  16.735 0.0000000000
36587  -6.729  -31.116  16.268 0.0000000000
35792  -6.677  -32.318  14.978 0.0000000000
111156  -12.031  -37.999  35.656 0.0000000000
98711  -11.341  -37.242  35.786 0.0000000000
32052  -10.500  -36.860  35.494 0.0000000000
96610  -10.512  -40.021  34.502 0.0000000000
30388  -9.905  -38.397  34.748 0.0000000000
31186  -9.748  -37.019  34.748 0.0000000000
31196  -9.245  -37.272  33.791 0.0000000000
31195  -8.904  -36.890  32.991 0.0000000000
31205  -8.866  -36.964  31.307 0.0000000000
31212  -10.570  -37.781  30.675 0.0000000000
29604  -11.238  -38.752  29.969 0.0000000000
107719  -10.571  -39.848  28.191 0.0000000000
28812  -9.717  -41.778  28.978 0.0000000000
29629  -10.050  -40.486  28.020 0.0000000000
28850  -9.842  -40.265  26.431 0.0000000000
29642  -9.555  -40.740  25.134 0.0000000000
96756  -9.480  -41.263  23.963 0.0000000000
28910  -8.978  -41.840  22.739 0.0000000000
23102  -8.556  -46.303  28.716 0.0000000000
22351  -8.037  -48.089  27.333 0.0000000000
98094  -8.030  -46.414  27.758 0.0000000000
23895  -8.050  -45.869  27.167 0.0000000000
109880  -8.285  -45.184  25.878 0.0000000000
25472  -8.256  -44.487  25.343 0.0000000000
23915  -8.414  -46.252  24.025 0.0000000000
25492  -7.846  -44.065  24.197 0.0000000000
26411  -7.655  -43.453  22.983 0.0000000000
110491  -7.908  -43.394  22.100 0.0000000000
27264  -8.433  -42.977  21.023 0.0000000000
26454  -8.590  -43.782  19.848 0.0000000000
25571  -8.676  -44.831  18.323 0.0000000000
34830  -40.350  -32.482  24.327 0.0000000000
34859  -40.152  -32.597  23.105 0.0000000000
33929  -39.553  -33.442  23.368 0.0000000000
33943  -39.323  -33.440  22.880 0.0000000000
33916  -39.644  -33.481  23.989 0.0000000000
33928  -39.156  -33.751  23.635 0.0000000000
34829  -40.014  -33.089  24.442 0.0000000000
53760  -49.630  -10.658  15.313 0.0000000000
52090  -48.335  -11.471  15.063 0.0000000000
52952  -48.233  -11.117  14.402 0.0000000000
53766  -48.624  -10.612  13.904 0.0000000000
49632  -39.326  -15.749  24.199 0.0000000000
48731  -38.776  -16.359  24.745 0.0000000000
48744  -37.457  -16.492  23.716 0.0000000000
48756  -37.121  -16.202  22.935 0.0000000000
49643  -37.887  -15.610  23.367 0.0000000000
49656  -38.359  -15.042  23.000 0.0000000000
29685  -9.988  -41.096  21.723 0.0000000000
29696  -10.229  -41.096  21.105 0.0000000000
28925  -9.926  -41.439  20.740 0.0000000000
28131  -9.541  -41.939  20.134 0.0000000000
28119  -9.439  -41.846  20.700 0.0000000000
106664  -40.103  -24.651  21.664 0.0000000000
32915  -8.760  -35.510  30.309 0.0000000000
32087  -9.126  -36.305  30.707 0.0000000000
48825  -45.778  -16.482  19.012 0.0000000000
48823  -44.163  -16.276  18.793 0.0000000000
47902  -45.517  -16.388  18.077 0.0000000000
32083  -19.892  -35.902  30.992 0.0000000000
32082  -19.073  -36.032  30.882 0.0000000000
34804  -25.712  -32.605  27.165 0.0000000000
38167  -7.033  -29.349  16.770 0.0000000000
99554  -6.694  -29.045  16.275 0.0000000000
110264  -7.558  -34.618  23.129 0.0000000000
33934  -7.344  -34.200  23.161 0.0000000000
32061  -13.024  -37.522  34.617 0.0000000000
24597  -8.705  -44.873  29.631 0.0000000000
25437  -8.581  -44.535  29.135 0.0000000000
38136  -40.991  -28.898  22.804 0.0000000000
38143  -40.727  -29.017  22.026 0.0000000000
38878  -41.154  -28.244  22.773 0.0000000000
95023  -35.933  -34.912  22.198 0.0000000000
33018  -34.876  -34.380  21.863 0.0000000000
102983  -51.189  -8.086  11.060 0.0000000000
54670  -50.784  -8.550  10.433 0.0000000000
48771  -42.200  -16.258  22.057 0.0000000000
48785  -41.377  -15.859  20.957 0.0000000000
49682  -40.842  -15.689  20.440 0.0000000000
48786  -41.943  -16.041  20.821 0.0000000000
103614  -6.256  -26.307  23.163 0.0000000000
39670  -7.951  -27.074  21.490 0.0000000000
98701  -13.498  -36.300  22.361 0.0000000000
32166  -13.478  -35.816  21.628 0.0000000000
28956  -11.909  -40.705  17.436 0.0000000000
29731  -12.385  -39.957  17.560 0.0000000000
28179  -12.076  -41.626  16.105 0.0000000000
27323  -11.559  -42.296  15.878 0.0000000000
28178  -11.380  -42.159  16.630 0.0000000000
27137  -14.652  -41.530  33.116 0.0000000000
27134  -14.607  -41.387  33.595 0.0000000000
26317  -14.147  -41.805  33.341 0.0000000000
24590  -11.504  -45.028  31.346 0.0000000000
46096  -37.204  -20.009  23.963 0.0000000000
45241  -37.707  -20.783  23.926 0.0000000000
106725  -41.103  -28.828  17.022 0.0000000000
46109  -37.402  -20.895  21.836 0.0000000000
46102  -36.855  -20.140  23.068 0.0000000000
34778  -29.119  -33.192  28.742 0.0000000000
34795  -29.536  -33.121  28.113 0.0000000000
93450  -33.195  -33.832  26.208 0.0000000000
33903  -32.500  -33.574  25.667 0.0000000000
34842  -28.767  -32.434  23.742 0.0000000000
34828  -29.414  -32.527  24.133 0.0000000000
93781  -28.139  -32.416  24.234 0.0000000000
93975  -27.229  -31.830  23.139 0.0000000000
34853  -27.799  -31.900  22.497 0.0000000000
32100  -7.697  -35.302  26.788 0.0000000000
32926  -7.508  -34.842  26.776 0.0000000000
112301  -7.603  -35.355  26.148 0.0000000000
32107  -7.912  -35.542  25.976 0.0000000000
31242  -9.158  -35.919  26.217 0.0000000000
108085  -11.760  -38.355  27.715 0.0000000000
30422  -12.169  -38.069  27.009 0.0000000000
97827  -11.423  -38.955  26.260 0.0000000000
106124  -47.466  -14.481  16.504 0.0000000000
49731  -48.394  -14.338  17.424 0.0000000000
48869  -47.117  -15.060  16.542 0.0000000000
48880  -46.388  -15.190  16.058 0.0000000000
48881  -46.923  -14.554  16.091 0.0000000000
27994  -17.058  -40.439  29.872 0.0000000000
28001  -16.971  -40.933  29.532 0.0000000000
100215  -17.042  -40.981  28.805 0.0000000000
109503  -20.641  -33.542  24.569 0.0000000000
32959  -19.997  -34.235  24.120 0.0000000000
101557  -17.958  -37.096  26.132 0.0000000000
31262  -18.310  -36.259  26.034 0.0000000000
101452  -17.974  -37.043  26.857 0.0000000000
30424  -17.602  -37.703  27.119 0.0000000000
38122  -4.869  -29.803  24.361 0.0000000000
35707  -8.838  -31.859  20.515 0.0000000000
94537  -9.135  -31.642  19.396 0.0000000000
112578  -9.121  -31.980  18.943 0.0000000000
33992  -12.289  -34.880  17.541 0.0000000000
110313  -11.686  -34.319  17.999 0.0000000000
33086  -11.627  -35.240  16.755 0.0000000000
32263  -7.669  -36.433  15.566 0.0000000000
32238  -7.397  -35.615  15.719 0.0000000000
33104  -7.155  -34.830  15.934 0.0000000000
33124  -7.127  -35.231  15.541 0.0000000000
33144  -6.850  -35.164  14.861 0.0000000000
32281  -7.145  -35.875  14.794 0.0000000000
33803  -10.875  -35.414  33.998 0.0000000000
32888  -10.560  -35.932  34.341 0.0000000000
27965  -11.512  -41.498  34.661 0.0000000000
27964  -11.340  -40.786  34.938 0.0000000000
27130  -11.054  -41.817  34.083 0.0000000000
28793  -9.723  -41.153  31.788 0.0000000000
28794  -9.946  -40.516  32.681 0.0000000000
29594  -10.074  -39.551  32.549 0.0000000000
28799  -9.868  -40.553  31.190 0.0000000000
27186  -8.449  -43.611  26.561 0.0000000000
28017  -8.631  -42.794  26.361 0.0000000000
105973  -8.559  -42.673  25.336 0.0000000000
102980  -8.187  -43.084  24.784 0.0000000000
20765  -7.798  -49.979  24.139 0.0000000000
21579  -7.707  -49.337  24.656 0.0000000000
100365  -40.879  -30.448  23.507 0.0000000000
34906  -39.863  -32.936  19.972 0.0000000000
35697  -40.518  -31.472  23.180 0.0000000000
36549  -40.284  -31.643  21.787 0.0000000000
100197  -40.622  -30.943  23.278 0.0000000000
95551  -40.565  -30.447  22.743 0.0000000000
93980  -37.256  -34.494  22.122 0.0000000000
96447  -37.091  -34.396  21.432 0.0000000000
33021  -37.554  -34.252  21.552 0.0000000000
33969  -39.065  -33.052  21.370 0.0000000000
33968  -38.597  -33.361  21.037 0.0000000000
34891  -39.183  -33.167  20.498 0.0000000000
34905  -39.277  -33.300  19.643 0.0000000000
32984  -38.304  -34.366  23.386 0.0000000000
32965  -38.245  -34.541  24.166 0.0000000000
33002  -37.839  -34.469  22.800 0.0000000000
93981  -37.169  -34.653  23.038 0.0000000000
54636  -50.421  -9.207  13.699 0.0000000000
51305  -45.615  -12.449  12.845 0.0000000000
107112  -47.622  -10.769  12.310 0.0000000000
52961  -46.893  -11.138  11.596 0.0000000000
52970  -47.542  -10.403  10.615 0.0000000000
100459  -49.084  -10.192  13.426 0.0000000000
53772  -49.046  -10.104  12.527 0.0000000000
54650  -49.578  -9.539  12.124 0.0000000000
49646  -41.070  -15.709  23.455 0.0000000000
48719  -40.239  -16.767  25.605 0.0000000000
48733  -40.824  -16.409  24.993 0.0000000000
47006  -35.963  -18.425  20.655 0.0000000000
105500  -35.978  -17.716  21.127 0.0000000000
112409  -36.627  -15.876  21.707 0.0000000000
49666  -36.260  -15.796  21.202 0.0000000000
49678  -36.204  -15.313  20.246 0.0000000000
49679  -36.987  -14.873  20.735 0.0000000000
49692  -37.212  -14.758  19.619 0.0000000000
50479  -37.982  -14.448  21.200 0.0000000000
50458  -39.147  -15.001  22.805 0.0000000000
50481  -39.199  -15.072  22.015 0.0000000000
49657  -39.914  -15.348  22.312 0.0000000000
100699  -40.523  -15.578  21.837 0.0000000000
30477  -11.675  -38.964  22.337 0.0000000000
30491  -12.167  -38.565  21.489 0.0000000000
29708  -10.590  -40.699  20.163 0.0000000000
28937  -10.676  -40.678  19.512 0.0000000000
28946  -10.899  -40.832  18.715 0.0000000000
28160  -10.350  -42.139  17.925 0.0000000000
28145  -10.096  -42.087  18.798 0.0000000000
27288  -9.402  -42.938  19.001 0.0000000000
27307  -9.680  -43.305  18.231 0.0000000000
96509  -9.132  -44.333  18.003 0.0000000000
26342  -15.144  -43.047  30.463 0.0000000000
25425  -14.479  -43.362  30.870 0.0000000000
25432  -14.658  -43.636  30.140 0.0000000000
98703  -39.519  -26.134  20.289 0.0000000000
42794  -39.459  -24.893  20.946 0.0000000000
42006  -38.921  -24.823  20.248 0.0000000000
42793  -38.791  -24.463  20.303 0.0000000000
43602  -38.508  -23.792  19.862 0.0000000000
44363  -39.468  -23.171  22.207 0.0000000000
34769  -31.713  -32.832  29.650 0.0000000000
33926  -32.381  -33.526  23.545 0.0000000000
107470  -31.748  -33.104  23.637 0.0000000000
55518  -50.196  -6.924  7.086 0.0000000000
56280  -49.621  -6.915  6.572 0.0000000000
56281  -50.574  -6.548  6.888 0.0000000000
57064  -51.965  -5.723  6.829 0.0000000000
57063  -51.043  -6.058  6.711 0.0000000000
57083  -50.426  -5.495  5.481 0.0000000000
57946  -51.971  -4.632  5.927 0.0000000000
32096  -8.527  -35.611  28.215 0.0000000000
32097  -9.176  -35.920  28.646 0.0000000000
31215  -9.789  -37.037  29.608 0.0000000000
97885  -10.418  -37.288  29.011 0.0000000000
31223  -11.139  -37.752  28.935 0.0000000000
47917  -46.331  -16.016  17.908 0.0000000000
48842  -46.736  -15.792  18.348 0.0000000000
47904  -46.419  -16.107  18.627 0.0000000000
48852  -42.244  -16.096  16.596 0.0000000000
47921  -43.909  -16.390  16.007 0.0000000000
48867  -43.379  -16.243  15.584 0.0000000000
47933  -43.913  -16.250  15.416 0.0000000000
47066  -44.112  -16.042  14.884 0.0000000000
110459  -44.472  -16.206  15.833 0.0000000000
101646  -45.958  -16.115  17.392 0.0000000000
47925  -46.066  -15.860  17.033 0.0000000000
31204  -18.102  -36.909  30.903 0.0000000000
98112  -17.863  -37.368  30.308 0.0000000000
30400  -17.575  -37.556  30.790 0.0000000000
29605  -16.975  -39.164  29.970 0.0000000000
29606  -17.139  -38.615  29.753 0.0000000000
30452  -17.846  -38.113  24.374 0.0000000000
94836  -17.573  -38.652  23.590 0.0000000000
97434  -5.460  -31.887  23.063 0.0000000000
35695  -6.017  -32.475  23.065 0.0000000000
33947  -7.638  -33.829  22.382 0.0000000000
94177  -8.348  -33.669  21.506 0.0000000000
33960  -9.015  -33.566  20.682 0.0000000000
100472  -11.621  -38.263  15.843 0.0000000000
30553  -10.505  -37.842  16.102 0.0000000000
30552  -9.731  -38.116  16.087 0.0000000000
29751  -8.310  -38.391  14.903 0.0000000000
30567  -8.645  -38.173  15.497 0.0000000000
31404  -8.145  -37.775  15.396 0.0000000000
30566  -7.912  -38.050  14.892 0.0000000000
29761  -7.809  -38.397  14.288 0.0000000000
109181  -12.040  -36.140  34.558 0.0000000000
32894  -11.976  -35.648  34.250 0.0000000000
95038  -11.985  -35.793  34.769 0.0000000000
32887  -11.709  -36.500  35.053 0.0000000000
25399  -10.101  -43.777  32.326 0.0000000000
26318  -9.978  -43.066  32.371 0.0000000000
26324  -9.844  -43.603  31.863 0.0000000000
26323  -9.587  -43.411  31.417 0.0000000000
109439  -9.415  -43.230  31.031 0.0000000000
27147  -9.571  -42.800  31.115 0.0000000000
27153  -9.246  -43.084  30.580 0.0000000000
27991  -9.139  -42.899  29.973 0.0000000000
98934  -8.872  -43.313  30.061 0.0000000000
26353  -8.477  -44.190  28.220 0.0000000000
100057  -8.461  -43.940  27.480 0.0000000000
37384  -40.444  -30.319  16.620 0.0000000000
95056  -40.882  -30.505  17.428 0.0000000000
35724  -41.049  -31.762  19.532 0.0000000000
36565  -40.805  -31.637  18.644 0.0000000000
38154  -40.951  -28.976  20.495 0.0000000000
108915  -41.324  -29.294  19.803 0.0000000000
38159  -41.382  -28.854  18.896 0.0000000000
38153  -40.970  -28.507  19.895 0.0000000000
39682  -40.356  -27.953  19.906 0.0000000000
98124  -40.394  -27.094  22.103 0.0000000000
33980  -36.702  -33.913  19.736 0.0000000000
32931  -35.153  -34.584  26.913 0.0000000000
33891  -34.545  -34.359  27.151 0.0000000000
32940  -34.762  -34.415  26.323 0.0000000000
32951  -36.833  -34.872  25.750 0.0000000000
32950  -36.056  -34.803  25.111 0.0000000000
97975  -35.136  -34.339  24.065 0.0000000000
32961  -34.669  -34.229  24.708 0.0000000000
32979  -34.149  -34.135  24.045 0.0000000000
33927  -33.213  -33.918  23.538 0.0000000000
32998  -34.065  -34.111  23.087 0.0000000000
33952  -32.987  -33.062  21.528 0.0000000000
56251  -52.081  -6.746  9.044 0.0000000000
52988  -48.079  -9.453  8.958 0.0000000000
53798  -49.658  -8.565  9.168 0.0000000000
53807  -49.305  -8.491  8.576 0.0000000000
54691  -49.703  -7.839  8.161 0.0000000000
54692  -50.612  -7.545  8.481 0.0000000000
55480  -51.380  -7.745  9.301 0.0000000000
55484  -51.289  -7.390  8.727 0.0000000000
55485  -51.707  -7.162  8.891 0.0000000000
56257  -51.993  -6.680  8.468 0.0000000000
93967  -44.500  -16.449  20.471 0.0000000000
93968  -43.579  -16.234  20.639 0.0000000000
48759  -43.726  -16.506  22.488 0.0000000000
48746  -42.769  -16.469  23.605 0.0000000000
49693  -38.458  -14.851  19.527 0.0000000000
49708  -39.036  -15.241  18.852 0.0000000000
101651  -40.759  -15.624  19.255 0.0000000000
48821  -41.260  -15.661  18.889 0.0000000000
93966  -42.576  -15.848  19.549 0.0000000000
96222  -24.064  -31.977  24.291 0.0000000000
34836  -21.929  -32.613  23.438 0.0000000000
98544  -8.071  -26.054  20.250 0.0000000000
39680  -7.835  -27.280  18.751 0.0000000000
38905  -7.628  -28.271  18.194 0.0000000000
38904  -7.131  -28.641  17.566 0.0000000000
32146  -10.428  -35.620  22.669 0.0000000000
32164  -10.459  -35.514  21.720 0.0000000000
32165  -11.334  -35.563  21.850 0.0000000000
33032  -13.429  -35.513  20.154 0.0000000000
33031  -13.065  -35.272  20.730 0.0000000000
33050  -13.512  -35.355  19.090 0.0000000000
32210  -13.837  -36.200  18.738 0.0000000000
30506  -12.380  -38.427  20.503 0.0000000000
30517  -12.692  -38.390  19.337 0.0000000000
29723  -12.662  -39.026  17.414 0.0000000000
30530  -12.899  -38.472  18.305 0.0000000000
30543  -13.095  -38.114  17.458 0.0000000000
31368  -13.259  -37.311  17.198 0.0000000000
30555  -12.476  -38.549  16.145 0.0000000000
29742  -12.624  -39.347  15.981 0.0000000000
29755  -12.033  -39.745  15.106 0.0000000000
27321  -10.240  -43.287  16.702 0.0000000000
26490  -9.735  -43.932  16.000 0.0000000000
30385  -13.841  -39.202  34.729 0.0000000000
100942  -14.124  -39.867  34.878 0.0000000000
103240  -13.262  -41.527  34.488 0.0000000000
27966  -13.489  -41.121  34.883 0.0000000000
27126  -12.955  -41.459  34.790 0.0000000000
27125  -12.349  -41.693  34.521 0.0000000000
26308  -12.004  -42.220  33.978 0.0000000000
25404  -13.091  -43.012  32.708 0.0000000000
25413  -12.723  -43.658  32.244 0.0000000000
24569  -11.607  -44.486  32.161 0.0000000000
25403  -11.602  -43.932  32.723 0.0000000000
25396  -11.337  -43.506  33.321 0.0000000000
25402  -11.026  -43.988  32.952 0.0000000000
25401  -10.763  -44.113  33.014 0.0000000000
109330  -10.446  -44.535  32.042 0.0000000000
23867  -10.040  -45.534  30.541 0.0000000000
24589  -9.900  -44.883  31.464 0.0000000000
23866  -9.511  -45.557  30.200 0.0000000000
23853  -9.343  -45.069  30.558 0.0000000000
47849  -37.617  -17.567  24.863 0.0000000000
46974  -37.149  -18.363  24.377 0.0000000000
41261  -39.231  -26.365  18.628 0.0000000000
100306  -39.322  -26.379  18.006 0.0000000000
46131  -36.969  -20.431  19.882 0.0000000000
46118  -36.548  -19.811  20.161 0.0000000000
47867  -36.846  -17.283  23.184 0.0000000000
94155  -27.661  -33.254  28.243 0.0000000000
100965  -27.150  -32.898  27.486 0.0000000000
33874  -32.528  -33.443  27.501 0.0000000000
33858  -32.679  -33.365  28.188 0.0000000000
106672  -31.348  -33.001  24.725 0.0000000000
33901  -31.092  -32.942  25.394 0.0000000000
33887  -30.082  -32.750  26.487 0.0000000000
33886  -29.461  -32.599  26.889 0.0000000000
34826  -27.599  -32.239  24.801 0.0000000000
34816  -27.674  -32.383  25.632 0.0000000000
113351  -27.133  -31.893  25.366 0.0000000000
93976  -26.066  -31.839  24.511 0.0000000000
34851  -25.887  -31.656  22.164 0.0000000000
106556  -25.201  -31.851  22.864 0.0000000000
58799  -51.813  -3.557  4.729 0.0000000000
93616  -51.883  -3.320  4.021 0.0000000000
60487  -51.794  -2.484  2.361 0.0000000000
60482  -52.213  -2.202  2.608 0.0000000000
35681  -5.914  -32.270  25.123 0.0000000000
34820  -6.275  -33.454  24.250 0.0000000000
33882  -6.897  -33.887  25.611 0.0000000000
32112  -6.932  -35.184  24.915 0.0000000000
32118  -7.371  -35.333  24.673 0.0000000000
32128  -7.342  -35.237  24.117 0.0000000000
31287  -7.827  -35.339  23.937 0.0000000000
32130  -8.968  -35.527  23.849 0.0000000000
31289  -8.897  -35.591  24.506 0.0000000000
31274  -10.095  -36.030  25.311 0.0000000000
32120  -10.688  -35.927  24.708 0.0000000000
32121  -11.622  -35.909  24.975 0.0000000000
32956  -12.708  -35.795  24.310 0.0000000000
32945  -12.408  -35.972  25.026 0.0000000000
105770  -9.965  -37.034  27.319 0.0000000000
31244  -10.709  -37.052  26.736 0.0000000000
32102  -11.570  -37.116  26.822 0.0000000000
31245  -12.716  -37.216  26.042 0.0000000000
32110  -12.537  -36.970  26.190 0.0000000000
31259  -13.085  -37.248  25.528 0.0000000000
31276  -13.336  -36.727  24.848 0.0000000000
31275  -13.197  -37.423  24.659 0.0000000000
30462  -12.434  -38.293  23.626 0.0000000000
100183  -12.601  -38.124  24.351 0.0000000000
29662  -11.080  -39.450  23.923 0.0000000000
103178  -10.194  -40.520  22.844 0.0000000000
29660  -9.998  -40.557  23.736 0.0000000000
51288  -48.148  -12.517  15.949 0.0000000000
52076  -49.226  -11.933  16.537 0.0000000000
51284  -48.815  -12.496  16.478 0.0000000000
104651  -38.830  -17.256  25.763 0.0000000000
47067  -44.141  -15.992  14.904 0.0000000000
47087  -44.116  -16.072  14.158 0.0000000000
47949  -44.413  -15.747  14.761 0.0000000000
48895  -45.566  -14.783  15.098 0.0000000000
48894  -44.905  -15.015  14.565 0.0000000000
48906  -44.580  -14.896  13.858 0.0000000000
48914  -44.309  -14.680  13.043 0.0000000000
49762  -45.505  -13.765  14.366 0.0000000000
50526  -47.553  -13.177  15.822 0.0000000000
50536  -46.854  -13.141  15.073 0.0000000000
51287  -47.888  -12.006  15.362 0.0000000000
29590  -15.409  -39.393  33.376 0.0000000000
28788  -15.363  -39.754  33.174 0.0000000000
103061  -15.195  -40.278  33.554 0.0000000000
28792  -15.290  -40.166  32.846 0.0000000000
29597  -16.331  -38.753  31.566 0.0000000000
27984  -16.245  -40.631  30.738 0.0000000000
27979  -15.850  -40.466  31.405 0.0000000000
27141  -15.722  -40.919  31.238 0.0000000000
27978  -15.407  -40.781  32.011 0.0000000000
27148  -15.592  -41.561  31.047 0.0000000000
27155  -16.036  -41.812  30.313 0.0000000000
27168  -16.434  -42.021  28.592 0.0000000000
26355  -15.736  -42.648  28.956 0.0000000000
26354  -15.379  -42.945  28.228 0.0000000000
26359  -15.359  -42.757  27.500 0.0000000000
33867  -22.378  -34.010  27.628 0.0000000000
32958  -19.327  -34.848  24.695 0.0000000000
104007  -18.875  -35.353  25.190 0.0000000000
32111  -18.770  -35.551  26.712 0.0000000000
32936  -19.422  -34.754  26.386 0.0000000000
32927  -19.556  -34.771  27.172 0.0000000000
32928  -20.523  -34.607  27.706 0.0000000000
32105  -19.767  -34.968  28.277 0.0000000000
31237  -18.474  -36.209  28.276 0.0000000000
32098  -19.228  -35.536  28.815 0.0000000000
31224  -18.109  -37.144  28.644 0.0000000000
29630  -17.494  -38.481  27.395 0.0000000000
93614  -17.663  -38.186  28.640 0.0000000000
29625  -17.481  -38.745  28.081 0.0000000000
28838  -17.112  -39.865  27.742 0.0000000000
109244  -16.965  -39.974  24.568 0.0000000000
28862  -17.376  -39.282  25.697 0.0000000000
28062  -16.998  -39.881  25.344 0.0000000000
27199  -16.866  -41.285  25.993 0.0000000000
27188  -17.021  -40.932  26.245 0.0000000000
28021  -16.892  -40.478  27.537 0.0000000000
27177  -16.761  -40.918  27.009 0.0000000000
27176  -16.626  -41.427  27.361 0.0000000000
38868  -5.388  -28.152  23.811 0.0000000000
104033  -6.033  -27.919  23.163 0.0000000000
36543  -5.862  -31.223  22.409 0.0000000000
37337  -6.223  -30.430  22.019 0.0000000000
37339  -8.488  -30.192  21.573 0.0000000000
38141  -8.057  -29.574  22.035 0.0000000000
104390  -7.369  -28.842  22.249 0.0000000000
38891  -9.230  -28.567  20.840 0.0000000000
38147  -9.281  -29.455  20.191 0.0000000000
95768  -8.125  -30.770  18.269 0.0000000000
37346  -8.412  -30.089  18.441 0.0000000000
37352  -7.419  -30.472  17.873 0.0000000000
37351  -7.373  -30.131  17.545 0.0000000000
111415  -7.125  -30.727  17.669 0.0000000000
32182  -10.127  -35.189  21.335 0.0000000000
106472  -9.795  -34.022  19.766 0.0000000000
106382  -9.643  -33.358  19.049 0.0000000000
111414  -9.496  -33.307  18.650 0.0000000000
32242  -10.046  -36.467  16.393 0.0000000000
33109  -10.596  -35.423  16.502 0.0000000000
33108  -9.617  -35.517  16.394 0.0000000000
34007  -8.093  -33.801  16.961 0.0000000000
33988  -8.815  -33.203  17.949 0.0000000000
34926  -7.842  -33.233  17.528 0.0000000000
34925  -7.059  -33.049  17.152 0.0000000000
96408  -6.919  -33.188  16.345 0.0000000000
110704  -6.879  -32.864  16.792 0.0000000000
35764  -6.892  -32.519  16.261 0.0000000000
36588  -6.817  -31.658  16.538 0.0000000000
111368  -6.843  -32.578  15.868 0.0000000000
35777  -6.767  -32.043  15.587 0.0000000000
35778  -6.717  -32.952  15.481 0.0000000000
29584  -12.684  -39.230  35.460 0.0000000000
31185  -12.384  -37.744  35.417 0.0000000000
30380  -12.400  -38.498  35.589 0.0000000000
29581  -11.264  -39.030  35.542 0.0000000000
31184  -11.567  -37.906  35.800 0.0000000000
30377  -11.064  -38.231  35.767 0.0000000000
110690  -10.472  -37.183  35.769 0.0000000000
30376  -10.466  -37.767  35.680 0.0000000000
27970  -10.413  -41.843  33.189 0.0000000000
103751  -10.555  -40.950  33.781 0.0000000000
29592  -10.154  -39.642  33.887 0.0000000000
29589  -10.249  -39.290  34.424 0.0000000000
30382  -9.699  -37.689  34.916 0.0000000000
30387  -9.458  -37.871  34.385 0.0000000000
31190  -9.404  -36.977  34.110 0.0000000000
30392  -9.365  -37.825  33.845 0.0000000000
30396  -10.067  -38.143  32.316 0.0000000000
31197  -9.229  -37.389  33.172 0.0000000000
31202  -9.499  -37.608  32.531 0.0000000000
98095  -8.857  -37.073  32.234 0.0000000000
31206  -9.171  -37.305  31.856 0.0000000000
31211  -9.819  -37.368  31.200 0.0000000000
30398  -10.451  -38.114  31.505 0.0000000000
29613  -10.860  -39.548  29.768 0.0000000000
30401  -10.865  -38.510  30.728 0.0000000000
29614  -11.274  -39.004  29.262 0.0000000000
29623  -10.977  -39.408  28.779 0.0000000000
28000  -9.380  -42.427  29.331 0.0000000000
106591  -9.471  -42.254  28.532 0.0000000000
28835  -9.513  -41.869  26.671 0.0000000000
28836  -9.672  -41.694  27.310 0.0000000000
28837  -9.893  -40.871  27.195 0.0000000000
28861  -9.586  -40.726  25.804 0.0000000000
112513  -8.339  -42.501  24.031 0.0000000000
112523  -9.114  -41.732  24.178 0.0000000000
28880  -8.734  -42.164  23.889 0.0000000000
28893  -8.952  -41.911  23.278 0.0000000000
28090  -8.515  -42.296  23.263 0.0000000000
23118  -8.518  -47.109  28.493 0.0000000000
22362  -7.847  -48.391  26.579 0.0000000000
23130  -7.958  -47.259  27.606 0.0000000000
23888  -7.845  -46.737  27.068 0.0000000000
110345  -7.707  -46.942  26.452 0.0000000000
23150  -7.924  -46.933  25.104 0.0000000000
94566  -8.022  -45.816  26.266 0.0000000000
23902  -8.164  -45.905  25.422 0.0000000000
103510  -8.363  -45.134  25.250 0.0000000000
104812  -8.391  -45.480  24.897 0.0000000000
99704  -8.177  -44.723  23.933 0.0000000000
97501  -7.798  -44.038  23.412 0.0000000000
101954  -8.197  -44.758  23.111 0.0000000000
26425  -8.084  -43.819  21.855 0.0000000000
105415  -8.167  -43.522  21.458 0.0000000000
27263  -8.396  -43.644  20.606 0.0000000000
35690  -40.576  -31.571  23.759 0.0000000000
35686  -40.712  -31.315  24.184 0.0000000000
35685  -40.572  -31.795  24.256 0.0000000000
34875  -39.443  -32.707  21.881 0.0000000000
34893  -39.757  -32.288  21.398 0.0000000000
34876  -39.905  -32.456  22.347 0.0000000000
94219  -40.411  -32.058  23.201 0.0000000000
112064  -38.501  -33.917  22.675 0.0000000000
33004  -38.293  -33.895  22.157 0.0000000000
33942  -38.825  -33.632  22.619 0.0000000000
33956  -39.177  -33.213  22.265 0.0000000000
32953  -38.595  -34.271  24.744 0.0000000000
33915  -39.108  -33.827  24.281 0.0000000000
32985  -38.692  -33.951  23.178 0.0000000000
34818  -39.803  -33.077  25.032 0.0000000000
111004  -49.459  -9.963  13.768 0.0000000000
53768  -49.902  -9.709  14.131 0.0000000000
53761  -50.165  -9.999  14.996 0.0000000000
51295  -46.952  -11.872  13.760 0.0000000000
52098  -47.364  -11.294  13.315 0.0000000000
53771  -48.419  -10.447  12.954 0.0000000000
48732  -39.801  -16.309  24.856 0.0000000000
48755  -36.478  -16.900  22.433 0.0000000000
48769  -36.872  -16.000  22.154 0.0000000000
50468  -37.857  -14.684  21.958 0.0000000000
29675  -10.584  -40.224  22.105 0.0000000000
29687  -10.778  -40.235  21.219 0.0000000000
29697  -10.516  -40.730  20.818 0.0000000000
28936  -10.311  -41.134  19.925 0.0000000000
28944  -10.060  -41.647  19.585 0.0000000000
28935  -9.975  -41.522  20.094 0.0000000000
103173  -8.898  -43.305  19.320 0.0000000000
95253  -14.495  -43.755  28.674 0.0000000000
98210  -14.215  -44.064  29.824 0.0000000000
25446  -13.194  -44.482  28.507 0.0000000000
41235  -39.870  -25.180  20.888 0.0000000000
41242  -39.870  -25.447  20.838 0.0000000000
94571  -40.093  -25.103  20.943 0.0000000000
112807  -40.388  -24.777  21.080 0.0000000000
43591  -39.257  -24.022  21.199 0.0000000000
43576  -39.744  -23.903  21.806 0.0000000000
34755  -32.693  -32.564  30.057 0.0000000000
34857  -31.412  -32.434  22.500 0.0000000000
55508  -51.463  -6.764  7.867 0.0000000000
56274  -51.850  -6.393  7.567 0.0000000000
57057  -52.247  -5.928  7.240 0.0000000000
57934  -53.402  -5.104  7.026 0.0000000000
32092  -9.236  -36.027  29.681 0.0000000000
98200  -10.070  -37.279  30.384 0.0000000000
47896  -46.241  -16.322  19.171 0.0000000000
48840  -42.684  -16.118  18.006 0.0000000000
93802  -42.933  -16.299  17.173 0.0000000000
47913  -43.992  -16.393  16.877 0.0000000000
47922  -44.453  -16.315  16.242 0.0000000000
47914  -45.044  -16.319  17.032 0.0000000000
47915  -45.841  -16.259  17.609 0.0000000000
31213  -18.402  -36.778  30.113 0.0000000000
39689  -6.766  -28.107  17.403 0.0000000000
112220  -6.448  -27.883  16.779 0.0000000000
38919  -6.692  -28.764  16.718 0.0000000000
34848  -6.386  -33.020  23.261 0.0000000000
103652  -6.933  -33.598  23.181 0.0000000000
96550  -10.141  -39.103  15.296 0.0000000000
30568  -9.486  -38.522  15.574 0.0000000000
29753  -9.653  -39.075  15.027 0.0000000000
29763  -8.484  -39.066  14.331 0.0000000000
112903  -12.295  -36.262  34.202 0.0000000000
32059  -12.084  -36.672  35.068 0.0000000000
25422  -9.486  -44.491  31.095 0.0000000000
25409  -9.495  -43.884  31.299 0.0000000000
25421  -9.121  -44.161  30.736 0.0000000000
111202  -8.874  -43.934  30.482 0.0000000000
26341  -8.744  -43.716  30.131 0.0000000000
26340  -8.675  -43.676  29.458 0.0000000000
25428  -8.613  -44.064  29.333 0.0000000000
25436  -8.535  -44.343  28.702 0.0000000000
25445  -8.411  -44.597  28.145 0.0000000000
37343  -40.651  -30.406  21.244 0.0000000000
96475  -41.217  -30.701  20.341 0.0000000000
99161  -40.576  -29.668  21.620 0.0000000000
38148  -40.748  -29.070  21.220 0.0000000000
38892  -40.721  -28.618  21.612 0.0000000000
34000  -37.810  -33.663  19.434 0.0000000000
32982  -36.449  -34.780  23.354 0.0000000000
32963  -36.333  -34.756  24.206 0.0000000000
32981  -35.345  -34.468  23.176 0.0000000000
32999  -34.792  -34.303  22.690 0.0000000000
33017  -34.126  -34.090  22.215 0.0000000000
108449  -51.656  -7.562  10.547 0.0000000000
53781  -49.641  -9.383  10.329 0.0000000000
54676  -50.237  -8.390  9.462 0.0000000000
54677  -50.858  -8.292  9.705 0.0000000000
48787  -42.707  -16.090  20.754 0.0000000000
93969  -43.366  -16.271  21.246 0.0000000000
48804  -40.387  -15.566  19.783 0.0000000000
112448  -40.977  -15.711  19.917 0.0000000000
101618  -41.377  -15.687  19.694 0.0000000000
48805  -42.085  -15.804  20.160 0.0000000000
94692  -24.106  -32.003  22.756 0.0000000000
40469  -8.192  -26.347  20.963 0.0000000000
39673  -8.663  -27.097  20.484 0.0000000000
39674  -9.152  -27.810  20.249 0.0000000000
32993  -12.417  -35.413  23.120 0.0000000000
33012  -12.496  -35.381  22.276 0.0000000000
33014  -13.353  -35.579  20.986 0.0000000000
32184  -13.666  -35.941  20.696 0.0000000000
29722  -11.999  -39.756  18.602 0.0000000000
30529  -12.174  -38.969  18.922 0.0000000000
29732  -12.652  -39.641  16.596 0.0000000000
28970  -12.623  -40.089  15.891 0.0000000000
28191  -12.010  -41.216  15.503 0.0000000000
111637  -11.223  -41.893  14.764 0.0000000000
27334  -11.034  -42.520  15.200 0.0000000000
27968  -14.715  -40.728  34.183 0.0000000000
27967  -14.087  -40.842  34.631 0.0000000000
27128  -14.400  -41.194  34.073 0.0000000000
27133  -13.999  -41.610  33.801 0.0000000000
26315  -12.947  -42.259  33.620 0.0000000000
24580  -12.417  -44.502  31.496 0.0000000000
24578  -11.248  -44.845  31.815 0.0000000000
24577  -11.066  -44.946  31.961 0.0000000000
23855  -10.490  -45.155  31.187 0.0000000000
46095  -36.807  -19.101  24.015 0.0000000000
46088  -37.156  -19.179  24.710 0.0000000000
42032  -38.451  -25.190  18.616 0.0000000000
45260  -37.827  -21.478  21.430 0.0000000000
111648  -37.576  -21.315  20.725 0.0000000000
46108  -36.827  -20.250  21.768 0.0000000000
46999  -36.449  -19.690  21.493 0.0000000000
46989  -36.552  -19.698  22.366 0.0000000000
33875  -33.820  -34.020  27.552 0.0000000000
33859  -33.416  -33.603  28.173 0.0000000000
94527  -33.170  -33.800  27.066 0.0000000000
33924  -30.174  -32.569  24.109 0.0000000000
33910  -29.719  -32.636  24.756 0.0000000000
33909  -29.125  -32.590  25.331 0.0000000000
34817  -28.425  -32.591  25.897 0.0000000000
34840  -26.601  -31.851  23.831 0.0000000000
101975  -49.204  -6.103  4.938 0.0000000000
108108  -7.139  -34.432  25.864 0.0000000000
32106  -7.258  -35.263  25.535 0.0000000000
31255  -8.054  -35.565  25.084 0.0000000000
31272  -8.517  -35.585  24.819 0.0000000000
31256  -8.857  -35.690  25.508 0.0000000000
31258  -10.323  -36.733  25.940 0.0000000000
31235  -11.837  -37.685  27.375 0.0000000000
32103  -12.027  -37.271  26.761 0.0000000000
30434  -12.531  -37.772  26.184 0.0000000000
30442  -12.104  -38.426  25.776 0.0000000000
30451  -12.027  -38.546  24.873 0.0000000000
29645  -11.391  -38.965  25.314 0.0000000000
29654  -10.697  -39.640  24.813 0.0000000000
94864  -49.094  -12.981  16.865 0.0000000000
50520  -48.796  -13.576  17.143 0.0000000000
50516  -49.072  -13.957  17.853 0.0000000000
47971  -44.590  -15.503  14.675 0.0000000000
47951  -45.655  -15.457  15.779 0.0000000000
108400  -45.870  -15.110  15.532 0.0000000000
49752  -46.056  -14.047  14.989 0.0000000000
49735  -47.537  -13.898  16.204 0.0000000000
29591  -15.672  -39.208  32.866 0.0000000000
29600  -16.746  -39.263  30.450 0.0000000000
102058  -16.501  -39.955  30.720 0.0000000000
27985  -16.699  -40.379  30.381 0.0000000000
27156  -16.625  -41.362  29.858 0.0000000000
100754  -21.450  -33.107  25.003 0.0000000000
33896  -20.795  -33.559  25.537 0.0000000000
96945  -18.348  -36.060  25.293 0.0000000000
32104  -19.147  -35.294  27.527 0.0000000000
31247  -18.449  -36.141  27.351 0.0000000000
28061  -16.954  -40.433  24.985 0.0000000000
98313  -16.627  -41.353  25.374 0.0000000000
26374  -16.341  -41.814  26.052 0.0000000000
108717  -4.978  -29.054  23.719 0.0000000000
35702  -7.722  -32.010  21.330 0.0000000000
36548  -8.430  -31.068  21.247 0.0000000000
37342  -9.035  -30.292  20.729 0.0000000000
96368  -9.044  -30.845  18.874 0.0000000000
35730  -7.627  -31.767  17.915 0.0000000000
33048  -11.951  -34.914  19.460 0.0000000000
33047  -10.879  -34.621  19.744 0.0000000000
33067  -11.344  -34.385  18.773 0.0000000000
33990  -11.053  -33.877  18.077 0.0000000000
34010  -10.680  -33.939  17.268 0.0000000000
32240  -8.265  -36.402  16.068 0.0000000000
33107  -8.675  -35.547  16.286 0.0000000000
33106  -7.877  -35.486  16.179 0.0000000000
34030  -7.575  -34.571  16.398 0.0000000000
34029  -7.065  -34.381  16.170 0.0000000000
34028  -6.846  -34.132  16.003 0.0000000000
34049  -6.805  -34.271  15.614 0.0000000000
107771  -6.718  -33.757  15.455 0.0000000000
34064  -6.709  -34.401  15.134 0.0000000000
28780  -12.322  -40.066  35.428 0.0000000000
29582  -11.817  -39.465  35.666 0.0000000000
28779  -11.782  -40.306  35.335 0.0000000000
94868  -11.299  -39.899  35.363 0.0000000000
28778  -10.928  -39.454  35.195 0.0000000000
110563  -10.363  -40.834  33.639 0.0000000000
100432  -10.012  -39.069  33.375 0.0000000000
107675  -10.059  -38.706  32.702 0.0000000000
29595  -10.415  -38.780  32.046 0.0000000000
29599  -10.737  -38.862  31.338 0.0000000000
29603  -10.221  -39.942  30.543 0.0000000000
29612  -10.139  -40.243  29.796 0.0000000000
27174  -8.937  -42.507  27.632 0.0000000000
28007  -9.386  -42.217  27.870 0.0000000000
28018  -9.100  -42.244  26.677 0.0000000000
28848  -9.372  -41.794  25.978 0.0000000000
28859  -9.134  -41.750  25.247 0.0000000000
28046  -8.812  -42.204  24.976 0.0000000000
28060  -8.591  -42.362  24.380 0.0000000000
22369  -7.710  -48.585  25.743 0.0000000000
23151  -7.653  -47.580  25.957 0.0000000000
101919  -7.707  -47.963  25.094 0.0000000000
23161  -7.990  -47.532  24.542 0.0000000000
25523  -8.305  -44.808  22.366 0.0000000000
34917  -39.172  -33.223  18.801 0.0000000000
35739  -39.556  -32.671  18.307 0.0000000000
35725  -40.849  -31.935  20.351 0.0000000000
35713  -40.155  -31.944  21.081 0.0000000000
112163  -40.459  -31.554  21.102 0.0000000000
107409  -40.463  -30.213  21.986 0.0000000000
33040  -36.679  -34.378  20.946 0.0000000000
33041  -37.279  -34.180  21.062 0.0000000000
33042  -37.508  -33.838  20.683 0.0000000000
33954  -38.237  -33.664  21.523 0.0000000000
33967  -37.997  -33.603  20.926 0.0000000000
33982  -37.970  -33.520  20.121 0.0000000000
93666  -37.602  -34.803  25.261 0.0000000000
32964  -37.675  -34.740  24.456 0.0000000000
94308  -37.061  -34.721  23.913 0.0000000000
33001  -36.510  -34.773  22.522 0.0000000000
54661  -50.242  -9.123  11.631 0.0000000000
54662  -50.847  -8.467  12.056 0.0000000000
54652  -50.911  -8.563  13.241 0.0000000000
101347  -46.127  -11.759  12.097 0.0000000000
52113  -45.751  -11.755  11.348 0.0000000000
98722  -45.870  -11.540  10.675 0.0000000000
109655  -46.372  -11.199  9.977 0.0000000000
52977  -47.380  -10.288  9.838 0.0000000000
52971  -48.041  -9.988  10.298 0.0000000000
53780  -48.826  -9.744  10.743 0.0000000000
53775  -49.600  -9.511  11.174 0.0000000000
48770  -41.314  -15.883  21.753 0.0000000000
49659  -41.625  -15.978  22.696 0.0000000000
97104  -35.970  -16.862  21.182 0.0000000000
49690  -35.622  -15.596  19.119 0.0000000000
49705  -36.307  -15.141  18.595 0.0000000000
50480  -38.508  -14.703  21.785 0.0000000000
49681  -39.917  -15.400  20.575 0.0000000000
39661  -6.497  -27.141  22.910 0.0000000000
31307  -12.919  -37.567  22.727 0.0000000000
31320  -12.883  -37.623  21.880 0.0000000000
30504  -11.220  -39.818  20.807 0.0000000000
29699  -11.357  -39.600  20.154 0.0000000000
29710  -11.590  -39.569  19.455 0.0000000000
29721  -11.264  -40.215  19.068 0.0000000000
28955  -11.273  -41.113  17.866 0.0000000000
28161  -10.984  -41.848  17.509 0.0000000000
27289  -9.745  -42.706  18.719 0.0000000000
26489  -9.177  -44.516  16.980 0.0000000000
99976  -14.311  -42.252  32.154 0.0000000000
26326  -14.210  -42.036  32.793 0.0000000000
26335  -14.263  -42.936  31.636 0.0000000000
25424  -13.863  -43.606  31.228 0.0000000000
25423  -13.191  -44.120  31.178 0.0000000000
101554  -13.632  -44.390  29.887 0.0000000000
25430  -13.281  -44.403  30.463 0.0000000000
24592  -12.622  -44.664  30.778 0.0000000000
45242  -37.893  -21.210  23.480 0.0000000000
98572  -38.136  -21.234  24.161 0.0000000000
39695  -40.672  -27.272  18.220 0.0000000000
40494  -39.675  -26.959  18.843 0.0000000000
41248  -38.789  -25.630  19.136 0.0000000000
42018  -39.167  -25.664  20.107 0.0000000000
110870  -38.490  -25.052  19.050 0.0000000000
109063  -38.362  -24.530  18.851 0.0000000000
42810  -38.306  -23.764  18.705 0.0000000000
43614  -38.405  -23.596  19.086 0.0000000000
109325  -38.330  -22.927  19.176 0.0000000000
44388  -38.212  -22.417  19.869 0.0000000000
44375  -38.526  -22.643  20.879 0.0000000000
45261  -38.361  -22.090  21.363 0.0000000000
105245  -38.402  -22.004  22.156 0.0000000000
33913  -32.620  -33.599  24.827 0.0000000000
33912  -31.945  -33.262  24.248 0.0000000000
113293  -31.624  -33.071  23.961 0.0000000000
33911  -31.183  -32.805  24.027 0.0000000000
34856  -30.676  -32.415  22.760 0.0000000000
33925  -30.464  -32.514  23.377 0.0000000000
34854  -28.756  -32.189  22.776 0.0000000000
56289  -49.323  -6.731  5.914 0.0000000000
57071  -49.813  -6.224  5.580 0.0000000000
57954  -50.646  -4.622  4.891 0.0000000000
57955  -51.435  -4.067  5.287 0.0000000000
57939  -52.398  -5.070  6.407 0.0000000000
32101  -8.147  -35.512  27.425 0.0000000000
109981  -9.038  -36.069  27.481 0.0000000000
31232  -9.386  -36.678  27.861 0.0000000000
97902  -10.188  -37.143  28.214 0.0000000000
31221  -9.568  -36.835  28.723 0.0000000000
31234  -11.411  -37.626  27.983 0.0000000000
48855  -47.259  -15.323  17.247 0.0000000000
49723  -47.929  -15.028  17.676 0.0000000000
48843  -47.297  -15.481  18.010 0.0000000000
48866  -42.709  -16.218  15.902 0.0000000000
47934  -44.772  -15.786  15.455 0.0000000000
47043  -44.879  -16.179  16.244 0.0000000000
95794  -45.095  -16.008  16.182 0.0000000000
47935  -45.430  -15.806  16.148 0.0000000000
48868  -46.595  -15.508  16.795 0.0000000000
31203  -17.255  -37.164  31.493 0.0000000000
30399  -16.880  -38.543  30.944 0.0000000000
104088  -17.142  -40.091  29.748 0.0000000000
109127  -19.271  -35.239  22.902 0.0000000000
32134  -18.677  -35.881  23.296 0.0000000000
31292  -18.369  -36.800  23.738 0.0000000000
104398  -18.188  -36.798  24.650 0.0000000000
30453  -17.993  -37.529  24.817 0.0000000000
30443  -17.759  -37.936  25.402 0.0000000000
29646  -17.540  -38.535  26.020 0.0000000000
28872  -17.305  -39.399  24.723 0.0000000000
37324  -4.948  -30.634  24.533 0.0000000000
37329  -4.915  -30.518  23.651 0.0000000000
97866  -5.172  -31.101  23.112 0.0000000000
34897  -9.076  -32.975  19.546 0.0000000000
31386  -11.625  -37.063  16.518 0.0000000000
31385  -10.636  -37.137  16.349 0.0000000000
30551  -8.977  -37.965  16.070 0.0000000000
31383  -8.679  -37.228  16.055 0.0000000000
31382  -8.070  -37.028  15.767 0.0000000000
31402  -7.515  -36.663  15.180 0.0000000000
31411  -7.388  -36.659  14.757 0.0000000000
33809  -12.025  -34.910  33.668 0.0000000000
34705  -11.945  -34.158  33.266 0.0000000000
33805  -11.864  -35.321  34.134 0.0000000000
32890  -11.131  -36.147  34.662 0.0000000000
26311  -10.586  -42.935  33.358 0.0000000000
107860  -10.749  -42.330  33.590 0.0000000000
27129  -10.490  -42.425  33.224 0.0000000000
27136  -10.243  -42.620  32.696 0.0000000000
98060  -10.016  -42.609  32.160 0.0000000000
27974  -10.156  -41.965  32.661 0.0000000000
27977  -9.915  -42.164  31.842 0.0000000000
27983  -9.626  -42.102  31.084 0.0000000000
28798  -9.554  -41.370  30.845 0.0000000000
27992  -9.498  -42.241  30.317 0.0000000000
27999  -8.921  -42.983  29.117 0.0000000000
27166  -8.696  -43.495  28.954 0.0000000000
27167  -8.680  -43.047  28.364 0.0000000000
27173  -8.591  -43.175  27.443 0.0000000000
26362  -8.279  -43.994  25.732 0.0000000000
38169  -41.322  -28.868  17.820 0.0000000000
35740  -40.134  -32.294  18.510 0.0000000000
37353  -41.260  -30.669  18.462 0.0000000000
94173  -41.409  -30.236  19.576 0.0000000000
37367  -41.378  -29.793  18.034 0.0000000000
95453  -41.188  -27.974  18.470 0.0000000000
39691  -40.192  -27.537  19.185 0.0000000000
39681  -39.839  -27.424  19.951 0.0000000000
40480  -39.768  -26.813  20.453 0.0000000000
40471  -40.089  -26.914  21.228 0.0000000000
41230  -40.023  -25.309  21.480 0.0000000000
110751  -34.511  -34.137  27.734 0.0000000000
32949  -35.412  -34.612  25.697 0.0000000000
106712  -34.701  -34.300  25.423 0.0000000000
33914  -33.312  -33.899  24.464 0.0000000000
105835  -32.723  -33.649  22.955 0.0000000000
33940  -32.799  -33.375  22.296 0.0000000000
53797  -48.991  -9.036  9.097 0.0000000000
53806  -48.455  -9.038  8.360 0.0000000000
53824  -48.027  -9.157  7.620 0.0000000000
104557  -49.800  -7.301  7.276 0.0000000000
55507  -50.678  -7.004  7.575 0.0000000000
55496  -51.075  -7.164  8.137 0.0000000000
93965  -44.971  -16.469  19.623 0.0000000000
48773  -43.983  -16.438  21.759 0.0000000000
48757  -42.247  -16.392  22.900 0.0000000000
93964  -42.054  -15.774  18.618 0.0000000000
108934  -25.365  -32.092  25.792 0.0000000000
34813  -24.476  -32.191  25.808 0.0000000000
34823  -23.976  -32.011  25.157 0.0000000000
34822  -23.044  -32.153  24.747 0.0000000000
34821  -22.075  -32.602  24.416 0.0000000000
33908  -21.284  -33.051  24.033 0.0000000000
32150  -19.548  -34.980  22.146 0.0000000000
105577  -7.913  -26.524  19.313 0.0000000000
38157  -7.230  -29.367  17.301 0.0000000000
37361  -7.297  -30.036  17.131 0.0000000000
32162  -8.551  -35.162  22.644 0.0000000000
33010  -8.798  -34.969  21.978 0.0000000000
32163  -9.542  -35.324  22.050 0.0000000000
95825  -12.437  -35.278  21.320 0.0000000000
100234  -12.188  -35.162  20.396 0.0000000000
109060  -11.285  -34.948  20.298 0.0000000000
106004  -12.849  -34.887  18.980 0.0000000000
33069  -13.020  -35.070  18.276 0.0000000000
33088  -13.097  -35.625  17.540 0.0000000000
110581  -13.347  -37.131  20.679 0.0000000000
100412  -13.583  -36.667  20.300 0.0000000000
31343  -13.653  -36.846  19.339 0.0000000000
31354  -13.219  -37.683  18.944 0.0000000000
31355  -13.618  -37.093  18.471 0.0000000000
32224  -13.559  -36.534  17.789 0.0000000000
32223  -13.033  -36.419  16.947 0.0000000000
30554  -12.182  -37.764  16.337 0.0000000000
111864  -11.426  -38.816  15.545 0.0000000000
29756  -12.412  -39.733  15.520 0.0000000000
29754  -11.125  -39.393  15.244 0.0000000000
28978  -10.221  -39.922  14.953 0.0000000000
30381  -13.065  -38.898  35.165 0.0000000000
109894  -12.938  -39.982  35.272 0.0000000000
27962  -13.742  -40.667  35.015 0.0000000000
27961  -13.335  -40.654  35.168 0.0000000000
27960  -12.797  -40.630  35.254 0.0000000000
110537  -12.283  -40.645  35.241 0.0000000000
27120  -12.255  -41.611  34.783 0.0000000000
27123  -11.174  -42.205  34.406 0.0000000000
26320  -13.636  -42.314  33.005 0.0000000000
93646  -13.140  -42.481  33.221 0.0000000000
25398  -12.605  -42.856  33.216 0.0000000000
25412  -12.171  -44.198  32.142 0.0000000000
98413  -12.283  -42.556  33.616 0.0000000000
26314  -11.645  -42.932  33.655 0.0000000000
26313  -11.192  -43.127  33.648 0.0000000000
26312  -10.858  -43.141  33.603 0.0000000000
25394  -10.577  -43.506  33.168 0.0000000000
25400  -10.321  -43.847  32.674 0.0000000000
25411  -9.813  -43.968  32.147 0.0000000000
23843  -10.340  -44.878  31.671 0.0000000000
24575  -9.840  -44.562  31.597 0.0000000000
109187  -8.986  -45.158  29.972 0.0000000000
23875  -8.761  -45.491  29.252 0.0000000000
48730  -37.837  -16.734  24.503 0.0000000000
39701  -40.510  -27.245  17.162 0.0000000000
41274  -39.046  -26.077  17.621 0.0000000000
46997  -36.035  -18.368  21.469 0.0000000000
46998  -36.161  -19.100  21.901 0.0000000000
94321  -27.780  -33.364  29.032 0.0000000000
94980  -26.985  -33.331  28.758 0.0000000000
107886  -26.420  -32.883  27.475 0.0000000000
99231  -25.991  -32.219  26.373 0.0000000000
34780  -32.011  -32.946  28.847 0.0000000000
107024  -31.128  -32.909  28.476 0.0000000000
34796  -30.431  -32.968  27.986 0.0000000000
94700  -31.340  -33.074  26.679 0.0000000000
33888  -30.850  -32.848  26.152 0.0000000000
33872  -30.851  -32.974  27.317 0.0000000000
33870  -29.080  -32.760  27.549 0.0000000000
34806  -27.621  -32.536  26.624 0.0000000000
110854  -24.820  -31.933  24.133 0.0000000000
34838  -24.564  -31.949  23.551 0.0000000000
58808  -51.052  -3.458  3.214 0.0000000000
59643  -51.522  -2.929  2.685 0.0000000000
61320  -52.056  -1.132  2.172 0.0000000000
36532  -5.358  -31.892  24.698 0.0000000000
34835  -5.915  -32.712  23.653 0.0000000000
99863  -6.508  -33.452  23.716 0.0000000000
32991  -7.102  -34.540  23.687 0.0000000000
32992  -7.486  -34.882  23.366 0.0000000000
33895  -6.640  -34.360  25.332 0.0000000000
108578  -6.456  -34.560  24.828 0.0000000000
33907  -6.527  -34.306  24.415 0.0000000000
32972  -6.753  -34.696  24.160 0.0000000000
32127  -7.076  -34.983  23.874 0.0000000000
32161  -7.882  -35.103  23.094 0.0000000000
32129  -8.253  -35.328  23.438 0.0000000000
32131  -10.548  -35.708  23.820 0.0000000000
32119  -9.705  -35.684  24.419 0.0000000000
32147  -11.464  -35.629  23.387 0.0000000000
32975  -12.892  -35.542  23.590 0.0000000000
32976  -13.206  -35.714  23.394 0.0000000000
32148  -13.463  -36.178  23.246 0.0000000000
31243  -9.781  -36.749  26.430 0.0000000000
32109  -12.121  -36.727  26.272 0.0000000000
97332  -12.573  -36.459  25.617 0.0000000000
32122  -13.009  -36.206  24.817 0.0000000000
31291  -13.423  -36.835  23.957 0.0000000000
31308  -13.367  -36.931  23.038 0.0000000000
109872  -12.527  -38.076  23.095 0.0000000000
30461  -11.837  -38.772  23.935 0.0000000000
30460  -11.366  -39.239  23.140 0.0000000000
30476  -11.124  -39.674  22.423 0.0000000000
29674  -10.077  -40.812  22.221 0.0000000000
52947  -49.150  -11.355  15.755 0.0000000000
94105  -45.286  -16.554  20.381 0.0000000000
47969  -43.986  -15.976  13.484 0.0000000000
47985  -44.090  -15.793  13.377 0.0000000000
47986  -44.434  -15.504  13.937 0.0000000000
48003  -43.839  -15.642  12.764 0.0000000000
49768  -44.034  -14.194  12.359 0.0000000000
95586  -44.358  -13.845  12.965 0.0000000000
50547  -45.609  -12.995  13.773 0.0000000000
50535  -46.471  -12.591  14.229 0.0000000000
51296  -47.240  -12.275  14.750 0.0000000000
28786  -14.980  -40.292  34.064 0.0000000000
27969  -15.082  -40.642  33.819 0.0000000000
27135  -14.979  -41.106  33.341 0.0000000000
27138  -15.035  -41.188  32.651 0.0000000000
29593  -15.859  -38.967  32.216 0.0000000000
28795  -15.992  -40.036  31.471 0.0000000000
108031  -15.558  -39.934  32.125 0.0000000000
26336  -14.901  -42.100  31.564 0.0000000000
26343  -15.401  -42.297  30.777 0.0000000000
26349  -15.684  -42.522  29.966 0.0000000000
26348  -15.217  -43.224  29.632 0.0000000000
25448  -14.733  -43.353  27.947 0.0000000000
34802  -24.014  -32.433  26.602 0.0000000000
33885  -23.719  -32.741  27.299 0.0000000000
33898  -22.556  -33.137  26.109 0.0000000000
33868  -23.055  -33.359  27.570 0.0000000000
32930  -22.671  -34.210  28.318 0.0000000000
105187  -20.071  -34.045  26.041 0.0000000000
32929  -21.758  -34.576  28.001 0.0000000000
32924  -21.997  -34.815  28.756 0.0000000000
32919  -21.295  -35.105  29.316 0.0000000000
110030  -20.725  -35.430  30.357 0.0000000000
30406  -17.923  -37.757  29.217 0.0000000000
29616  -17.297  -38.591  29.328 0.0000000000
28814  -17.038  -39.576  29.277 0.0000000000
98209  -17.386  -39.164  26.469 0.0000000000
96586  -17.415  -39.100  27.101 0.0000000000
28047  -16.971  -40.436  25.823 0.0000000000
100355  -17.221  -39.498  27.376 0.0000000000
28009  -17.046  -40.443  28.358 0.0000000000
27169  -16.804  -41.418  28.230 0.0000000000
27175  -16.335  -41.895  27.721 0.0000000000
102884  -15.863  -42.249  27.224 0.0000000000
26364  -15.842  -42.237  26.475 0.0000000000
109051  -15.416  -42.546  26.842 0.0000000000
39653  -5.965  -27.202  23.569 0.0000000000
104948  -6.403  -29.078  22.477 0.0000000000
38884  -7.701  -27.935  21.955 0.0000000000
38152  -9.170  -29.449  18.992 0.0000000000
38151  -8.265  -28.973  18.392 0.0000000000
95668  -7.047  -30.585  16.922 0.0000000000
33028  -9.171  -34.570  21.399 0.0000000000
33961  -9.031  -34.132  21.179 0.0000000000
97796  -10.169  -34.488  20.027 0.0000000000
33046  -9.410  -34.220  20.703 0.0000000000
33085  -10.958  -34.580  16.756 0.0000000000
34009  -9.837  -33.755  17.159 0.0000000000
34032  -9.273  -34.545  16.562 0.0000000000
33989  -9.490  -33.337  18.017 0.0000000000
35731  -8.743  -32.114  18.411 0.0000000000
35746  -6.931  -32.151  17.298 0.0000000000
36572  -6.967  -31.220  17.592 0.0000000000
36571  -6.830  -31.347  17.079 0.0000000000
113171  -6.786  -30.997  16.673 0.0000000000
37377  -6.908  -30.453  16.400 0.0000000000
36599  -6.700  -31.285  15.789 0.0000000000
36610  -6.677  -31.436  15.268 0.0000000000
35814  -7.040  -32.234  14.266 0.0000000000
34978  -6.649  -33.453  14.961 0.0000000000
104708  -6.822  -32.885  14.459 0.0000000000
32074  -9.158  -36.167  31.749 0.0000000000
31187  -12.906  -37.881  35.043 0.0000000000
32060  -12.555  -37.266  35.118 0.0000000000
32056  -12.147  -37.160  35.387 0.0000000000
30379  -11.975  -38.445  35.798 0.0000000000
32054  -11.496  -36.897  35.525 0.0000000000
32053  -10.931  -36.896  35.695 0.0000000000
32885  -10.980  -36.588  35.166 0.0000000000
112730  -10.905  -41.218  34.098 0.0000000000
98531  -10.815  -40.551  34.500 0.0000000000
28782  -10.717  -39.891  34.899 0.0000000000
95947  -10.205  -40.097  33.813 0.0000000000
29586  -10.494  -39.054  34.913 0.0000000000
30383  -10.153  -38.082  35.254 0.0000000000
31182  -10.059  -37.283  35.458 0.0000000000
32058  -10.194  -36.794  35.202 0.0000000000
32057  -10.092  -36.431  34.631 0.0000000000
32063  -9.553  -36.518  34.123 0.0000000000
32062  -9.266  -36.173  33.546 0.0000000000
32067  -9.000  -36.398  32.907 0.0000000000
108310  -8.933  -36.526  32.264 0.0000000000
32081  -9.012  -36.491  31.569 0.0000000000
108815  -11.027  -38.105  30.212 0.0000000000
31217  -11.175  -38.068  29.671 0.0000000000
30405  -11.343  -38.364  29.107 0.0000000000
29624  -11.416  -38.696  28.514 0.0000000000
97829  -11.216  -39.196  27.830 0.0000000000
28813  -9.844  -40.967  29.422 0.0000000000
28824  -9.842  -41.073  28.570 0.0000000000
28823  -9.723  -41.793  28.155 0.0000000000
107502  -10.355  -39.880  27.312 0.0000000000
29636  -11.074  -39.258  26.986 0.0000000000
29635  -10.553  -39.655  26.362 0.0000000000
29643  -9.938  -39.942  25.551 0.0000000000
29653  -9.933  -40.182  24.638 0.0000000000
28871  -9.282  -41.389  24.757 0.0000000000
29652  -9.641  -40.862  24.458 0.0000000000
29659  -9.790  -41.158  23.058 0.0000000000
28894  -9.328  -41.535  22.814 0.0000000000
28911  -9.466  -41.421  22.016 0.0000000000
23089  -8.960  -46.018  29.173 0.0000000000
21550  -8.288  -48.821  26.931 0.0000000000
22341  -8.294  -47.586  27.925 0.0000000000
23117  -8.196  -46.841  28.221 0.0000000000
24613  -8.450  -45.571  28.588 0.0000000000
23887  -8.204  -45.642  28.009 0.0000000000
24620  -8.285  -45.118  27.684 0.0000000000
24628  -8.270  -45.191  26.777 0.0000000000
25463  -8.366  -44.608  26.289 0.0000000000
26371  -8.007  -43.964  25.001 0.0000000000
23171  -8.259  -46.915  24.337 0.0000000000
94588  -8.385  -45.479  24.342 0.0000000000
24643  -8.235  -44.730  24.690 0.0000000000
26383  -7.850  -43.702  24.485 0.0000000000
102001  -7.717  -42.981  23.844 0.0000000000
27223  -7.620  -43.005  23.308 0.0000000000
99834  -7.967  -44.085  22.516 0.0000000000
111347  -7.814  -43.522  22.399 0.0000000000
28089  -7.878  -42.758  22.956 0.0000000000
28106  -8.475  -42.365  22.508 0.0000000000
27249  -8.564  -42.503  21.748 0.0000000000
28118  -8.970  -42.186  21.174 0.0000000000
28130  -8.944  -42.417  20.383 0.0000000000
27275  -8.617  -43.119  20.078 0.0000000000
23844  -10.776  -44.966  31.631 0.0000000000
23881  -8.258  -46.144  28.281 0.0000000000
24567  -10.728  -44.290  32.441 0.0000000000
24576  -10.136  -44.561  31.873 0.0000000000
25480  -7.967  -44.111  24.749 0.0000000000
26306  -11.117  -42.735  33.875 0.0000000000
26310  -10.380  -42.948  32.983 0.0000000000
26397  -7.667  -43.415  23.787 0.0000000000
27121  -12.522  -41.208  35.044 0.0000000000
27124  -11.886  -42.132  34.277 0.0000000000
27132  -13.379  -41.789  34.005 0.0000000000
27198  -8.067  -43.596  24.914 0.0000000000
27236  -7.683  -43.157  22.632 0.0000000000
27963  -10.975  -41.031  34.720 0.0000000000
27973  -15.132  -40.669  33.457 0.0000000000
28008  -17.025  -40.904  28.155 0.0000000000
28034  -16.964  -39.723  27.011 0.0000000000
28045  -8.470  -42.623  24.698 0.0000000000
28059  -8.092  -42.795  24.202 0.0000000000
28105  -7.949  -42.984  22.050 0.0000000000
28180  -12.355  -40.827  15.859 0.0000000000
28781  -13.639  -40.216  35.123 0.0000000000
28784  -14.037  -40.396  34.944 0.0000000000
28785  -14.469  -40.316  34.580 0.0000000000
28860  -9.403  -41.310  25.540 0.0000000000
28881  -9.200  -41.661  23.525 0.0000000000
28924  -9.497  -41.568  21.301 0.0000000000
29583  -12.147  -38.955  35.818 0.0000000000
29764  -9.371  -39.445  14.558 0.0000000000
29768  -8.602  -39.214  13.867 0.0000000000
31183  -10.903  -37.490  35.890 0.0000000000
31288  -8.353  -35.486  24.166 0.0000000000
31369  -13.430  -37.395  17.834 0.0000000000
31387  -12.618  -37.176  16.710 0.0000000000
31401  -7.258  -36.104  14.979 0.0000000000
32055  -11.857  -36.894  35.406 0.0000000000
32068  -9.159  -36.691  33.565 0.0000000000
32085  -8.757  -35.525  29.508 0.0000000000
32095  -7.922  -35.282  27.775 0.0000000000
32113  -7.587  -35.417  25.306 0.0000000000
32114  -10.955  -36.360  25.455 0.0000000000
32117  -6.886  -35.071  24.354 0.0000000000
32243  -12.053  -36.342  16.723 0.0000000000
32261  -7.080  -35.527  15.210 0.0000000000
32886  -11.291  -36.640  35.258 0.0000000000
32955  -12.115  -35.790  24.484 0.0000000000
32957  -13.082  -35.817  24.036 0.0000000000
32962  -35.747  -34.565  24.408 0.0000000000
32974  -12.201  -35.655  23.849 0.0000000000
32995  -13.319  -35.701  22.553 0.0000000000
33003  -38.264  -34.177  22.706 0.0000000000
33022  -37.873  -33.974  21.587 0.0000000000
33123  -6.881  -34.884  15.367 0.0000000000
33804  -11.299  -35.786  34.377 0.0000000000
33935  -7.889  -34.431  22.539 0.0000000000
34706  -12.281  -34.204  33.158 0.0000000000
34800  -6.599  -33.221  25.511 0.0000000000
34865  -7.867  -33.271  21.668 0.0000000000
34999  -7.050  -33.021  13.835 0.0000000000
35696  -40.325  -31.930  22.523 0.0000000000
35763  -6.807  -31.843  16.063 0.0000000000
36544  -40.448  -31.221  22.563 0.0000000000
36557  -41.180  -31.423  20.033 0.0000000000
39694  -6.558  -27.645  17.141 0.0000000000
47051  -44.219  -16.147  15.410 0.0000000000
48802  -35.776  -15.707  19.783 0.0000000000
94335  -11.859  -37.348  35.624 0.0000000000
95644  -43.929  -16.118  14.950 0.0000000000
98230  -10.823  -36.050  34.651 0.0000000000
100387  -6.308  -33.982  24.820 0.0000000000
100986  -9.848  -41.231  27.844 0.0000000000
102548  -9.009  -41.911  21.954 0.0000000000
102640  -9.740  -45.122  30.886 0.0000000000
104895  -11.267  -41.493  34.552 0.0000000000
107294  -7.824  -46.350  26.544 0.0000000000
108243  -8.083  -35.572  26.753 0.0000000000
108642  -6.505  -28.281  16.944 0.0000000000
108859  -9.457  -37.391  34.411 0.0000000000
109656  -11.614  -37.436  27.312 0.0000000000
110898  -12.500  -38.373  19.955 0.0000000000
111176  -40.616  -31.212  23.575 0.0000000000
111931  -23.359  -32.097  24.074 0.0000000000
112164  -9.084  -36.214  32.335 0.0000000000
112456  -40.224  -32.331  22.795 0.0000000000
113064  -48.078  -11.387  14.635 0.0000000000
