#!ascii label  , from subject sub-v1s1x0050650_ses-1 vox2ras=TkReg
1420
33143  -50.579  -35.433  16.057 0.0000000000
99062  -36.303  -44.477  21.400 0.0000000000
43681  -45.984  -22.659  9.295 0.0000000000
112913  -44.090  -29.067  8.334 0.0000000000
38954  -52.441  -28.275  12.836 0.0000000000
28177  -44.309  -41.230  18.637 0.0000000000
108729  -34.293  -39.019  11.577 0.0000000000
101623  -39.653  -34.000  8.960 0.0000000000
28866  -28.508  -40.518  25.474 0.0000000000
49786  -55.531  -14.634  10.362 0.0000000000
28216  -26.312  -41.912  13.329 0.0000000000
36645  -46.589  -31.575  12.834 0.0000000000
37486  -49.966  -30.210  10.298 0.0000000000
35813  -52.525  -31.859  14.930 0.0000000000
30550  -47.873  -38.818  17.282 0.0000000000
31413  -41.688  -37.553  14.326 0.0000000000
35006  -43.857  -33.837  13.291 0.0000000000
36709  -41.758  -31.593  9.337 0.0000000000
52155  -57.047  -12.765  7.022 0.0000000000
26405  -32.599  -43.309  24.055 0.0000000000
28138  -28.439  -41.116  19.650 0.0000000000
103429  -31.980  -42.842  17.403 0.0000000000
39742  -47.118  -27.037  13.610 0.0000000000
25578  -40.370  -43.878  19.569 0.0000000000
27342  -35.392  -42.590  15.732 0.0000000000
28999  -39.180  -39.936  15.001 0.0000000000
32311  -37.703  -37.002  10.232 0.0000000000
27172  -24.998  -42.211  27.657 0.0000000000
42814  -51.141  -23.903  18.242 0.0000000000
43654  -51.106  -22.402  13.541 0.0000000000
103008  -53.778  -16.784  13.846 0.0000000000
46237  -50.313  -18.959  9.850 0.0000000000
96815  -51.283  -15.624  5.997 0.0000000000
26418  -25.006  -42.970  21.911 0.0000000000
29019  -29.971  -39.856  12.569 0.0000000000
109717  -48.363  -33.313  14.478 0.0000000000
36648  -49.601  -32.025  13.460 0.0000000000
34976  -51.937  -33.584  16.151 0.0000000000
32259  -49.492  -37.080  16.436 0.0000000000
100348  -46.303  -36.038  15.688 0.0000000000
34060  -46.975  -34.794  15.106 0.0000000000
35831  -45.599  -32.603  13.283 0.0000000000
42918  -45.597  -23.505  6.732 0.0000000000
44559  -46.084  -21.181  7.219 0.0000000000
26421  -34.632  -43.794  22.515 0.0000000000
27273  -32.262  -43.068  20.750 0.0000000000
26462  -34.489  -43.748  19.366 0.0000000000
39794  -45.527  -27.811  6.994 0.0000000000
37472  -52.586  -29.587  11.111 0.0000000000
38261  -51.646  -29.276  8.814 0.0000000000
106613  -52.383  -27.967  10.243 0.0000000000
39764  -49.387  -27.860  11.222 0.0000000000
39744  -49.604  -28.050  13.924 0.0000000000
27303  -42.407  -42.457  19.247 0.0000000000
28172  -39.694  -41.950  17.412 0.0000000000
28976  -41.365  -40.161  17.301 0.0000000000
33174  -40.925  -35.954  11.974 0.0000000000
32300  -39.933  -37.169  11.975 0.0000000000
33201  -38.444  -35.710  9.267 0.0000000000
107081  -43.369  -30.295  9.366 0.0000000000
42842  -51.907  -23.054  15.542 0.0000000000
47133  -52.522  -18.583  11.992 0.0000000000
48925  -52.903  -16.647  10.474 0.0000000000
48061  -50.405  -17.240  7.528 0.0000000000
93698  -52.715  -15.581  8.077 0.0000000000
102989  -53.870  -13.335  4.560 0.0000000000
28024  -26.296  -41.176  27.173 0.0000000000
27218  -24.612  -42.920  24.673 0.0000000000
28079  -26.918  -40.874  24.078 0.0000000000
28167  -27.461  -41.205  17.126 0.0000000000
27312  -25.678  -42.047  17.534 0.0000000000
25591  -25.546  -43.693  14.740 0.0000000000
29009  -34.360  -40.542  13.578 0.0000000000
97037  -32.298  -41.135  13.937 0.0000000000
98779  -32.269  -39.510  12.013 0.0000000000
37484  -45.394  -30.248  10.685 0.0000000000
38257  -46.439  -29.339  9.701 0.0000000000
102343  -48.458  -30.520  11.649 0.0000000000
37451  -51.429  -30.898  11.800 0.0000000000
38215  -53.219  -29.491  13.997 0.0000000000
28968  -46.438  -40.159  18.162 0.0000000000
95525  -42.866  -39.244  17.126 0.0000000000
31395  -44.752  -37.991  16.551 0.0000000000
33154  -43.427  -35.850  14.308 0.0000000000
35022  -42.035  -34.064  11.952 0.0000000000
35888  -40.681  -32.699  9.221 0.0000000000
35868  -42.679  -32.548  11.444 0.0000000000
37463  -44.248  -30.988  10.967 0.0000000000
51338  -56.752  -13.480  8.918 0.0000000000
52981  -57.949  -10.973  9.358 0.0000000000
28054  -30.714  -41.608  25.248 0.0000000000
97089  -28.890  -40.745  23.226 0.0000000000
100408  -30.540  -41.815  22.098 0.0000000000
28140  -29.900  -41.850  18.950 0.0000000000
28973  -29.476  -40.805  16.038 0.0000000000
108350  -48.693  -28.869  8.345 0.0000000000
101838  -46.923  -26.891  10.786 0.0000000000
42084  -45.908  -24.610  11.577 0.0000000000
105026  -39.045  -44.378  20.232 0.0000000000
25574  -36.576  -44.162  18.088 0.0000000000
26496  -37.890  -43.457  17.226 0.0000000000
28200  -37.685  -41.780  15.689 0.0000000000
29770  -36.650  -39.746  13.065 0.0000000000
30576  -40.525  -38.584  14.425 0.0000000000
30588  -38.099  -38.826  12.519 0.0000000000
30611  -35.565  -38.289  10.898 0.0000000000
35758  -49.444  -32.540  17.774 0.0000000000
25519  -38.419  -44.495  22.772 0.0000000000
26450  -42.426  -43.108  20.413 0.0000000000
27262  -44.654  -42.026  20.636 0.0000000000
37372  -51.306  -30.948  17.986 0.0000000000
38166  -52.398  -29.593  17.987 0.0000000000
39705  -52.322  -28.144  16.431 0.0000000000
41245  -51.445  -25.152  19.550 0.0000000000
39703  -50.389  -26.888  16.120 0.0000000000
41277  -48.901  -25.342  16.025 0.0000000000
42068  -48.418  -24.188  13.737 0.0000000000
43671  -48.031  -22.577  12.053 0.0000000000
46189  -52.392  -20.256  13.340 0.0000000000
45346  -50.694  -20.481  11.619 0.0000000000
98260  -47.881  -20.647  9.376 0.0000000000
46266  -48.181  -19.285  7.494 0.0000000000
51361  -53.943  -13.941  6.182 0.0000000000
25478  -25.073  -44.797  25.866 0.0000000000
24680  -25.906  -45.415  20.492 0.0000000000
28124  -26.418  -41.378  20.556 0.0000000000
106095  -25.026  -44.244  19.220 0.0000000000
27315  -33.241  -43.126  16.649 0.0000000000
28208  -31.518  -41.452  14.878 0.0000000000
94247  -28.369  -40.016  13.076 0.0000000000
28242  -28.070  -41.239  9.156 0.0000000000
34081  -49.352  -34.194  15.044 0.0000000000
34997  -50.727  -33.437  14.971 0.0000000000
34063  -51.588  -34.331  16.398 0.0000000000
33121  -50.484  -36.068  16.394 0.0000000000
33141  -48.490  -35.589  15.448 0.0000000000
34062  -49.002  -34.855  15.207 0.0000000000
110899  -47.933  -33.630  14.613 0.0000000000
42098  -45.456  -24.477  8.919 0.0000000000
111686  -45.410  -23.328  7.853 0.0000000000
109135  -45.471  -22.436  7.156 0.0000000000
43689  -45.937  -22.179  8.412 0.0000000000
25532  -35.363  -44.107  22.328 0.0000000000
111175  -34.376  -43.696  21.054 0.0000000000
25550  -35.691  -44.234  20.631 0.0000000000
39009  -43.821  -28.494  7.551 0.0000000000
39010  -44.752  -28.138  7.477 0.0000000000
104851  -52.619  -28.404  12.251 0.0000000000
109356  -52.821  -28.259  10.421 0.0000000000
38966  -52.509  -28.119  12.017 0.0000000000
38952  -50.267  -28.103  12.751 0.0000000000
39745  -50.888  -28.112  13.690 0.0000000000
96553  -43.796  -41.836  18.965 0.0000000000
28175  -42.342  -41.160  18.411 0.0000000000
97018  -42.959  -40.609  18.152 0.0000000000
33193  -40.197  -35.265  10.597 0.0000000000
33192  -39.578  -35.731  10.214 0.0000000000
33202  -39.226  -35.258  9.510 0.0000000000
34135  -38.199  -34.600  8.149 0.0000000000
98333  -44.084  -29.734  9.180 0.0000000000
38284  -42.419  -29.253  7.578 0.0000000000
39008  -42.881  -28.619  7.233 0.0000000000
48926  -53.675  -16.325  10.881 0.0000000000
108581  -54.021  -15.729  10.464 0.0000000000
49792  -53.000  -15.752  8.920 0.0000000000
49794  -54.196  -15.040  8.939 0.0000000000
28853  -27.833  -40.559  25.992 0.0000000000
28051  -26.567  -41.074  25.579 0.0000000000
28865  -27.778  -40.560  25.162 0.0000000000
99926  -26.583  -41.388  15.039 0.0000000000
27325  -25.976  -41.909  15.835 0.0000000000
27348  -25.958  -42.348  13.874 0.0000000000
96140  -26.283  -44.460  13.669 0.0000000000
26513  -26.485  -43.478  12.695 0.0000000000
29796  -34.184  -39.599  12.247 0.0000000000
29024  -33.813  -40.230  13.001 0.0000000000
29795  -33.342  -39.110  11.676 0.0000000000
37446  -46.236  -30.761  11.914 0.0000000000
37466  -46.668  -30.303  11.293 0.0000000000
37447  -47.032  -30.685  12.007 0.0000000000
35835  -51.087  -32.156  13.954 0.0000000000
36671  -50.915  -31.370  12.504 0.0000000000
36651  -52.212  -31.172  13.335 0.0000000000
36673  -52.500  -30.513  12.665 0.0000000000
37429  -52.960  -30.585  13.592 0.0000000000
29740  -47.138  -39.204  17.462 0.0000000000
30562  -45.561  -38.654  17.079 0.0000000000
95932  -46.496  -38.272  16.779 0.0000000000
34076  -44.680  -34.796  14.376 0.0000000000
33155  -44.327  -35.660  14.730 0.0000000000
34075  -43.872  -35.031  14.107 0.0000000000
34104  -42.281  -34.480  12.474 0.0000000000
35023  -42.746  -33.828  12.476 0.0000000000
35043  -42.381  -33.309  11.738 0.0000000000
103243  -43.496  -33.472  12.729 0.0000000000
36644  -45.825  -31.961  12.799 0.0000000000
36667  -44.491  -31.942  12.180 0.0000000000
36668  -45.238  -31.604  12.285 0.0000000000
37464  -45.012  -30.696  11.209 0.0000000000
107552  -31.664  -42.532  24.735 0.0000000000
27231  -31.018  -42.080  23.363 0.0000000000
27244  -31.630  -42.635  22.927 0.0000000000
27300  -32.268  -43.099  18.987 0.0000000000
27272  -31.518  -42.682  20.349 0.0000000000
27281  -30.782  -42.307  18.583 0.0000000000
28169  -29.415  -41.349  17.448 0.0000000000
28170  -30.357  -41.818  17.091 0.0000000000
38258  -47.956  -29.353  9.579 0.0000000000
38991  -47.266  -29.040  9.136 0.0000000000
38259  -48.855  -29.443  9.249 0.0000000000
38276  -51.974  -28.522  8.536 0.0000000000
39000  -50.902  -28.704  7.580 0.0000000000
39016  -51.132  -28.051  7.081 0.0000000000
111364  -47.654  -27.725  12.393 0.0000000000
39771  -47.568  -27.332  11.254 0.0000000000
39761  -46.619  -27.165  12.319 0.0000000000
40554  -45.716  -26.319  11.196 0.0000000000
41310  -46.082  -25.854  12.543 0.0000000000
104859  -39.747  -44.196  19.822 0.0000000000
25576  -38.692  -43.951  18.678 0.0000000000
26478  -39.241  -43.665  18.512 0.0000000000
28974  -39.566  -40.765  16.302 0.0000000000
111408  -38.837  -41.678  16.383 0.0000000000
28984  -38.145  -40.988  15.263 0.0000000000
28996  -36.971  -40.685  14.371 0.0000000000
29013  -38.134  -39.986  14.353 0.0000000000
30573  -42.421  -38.079  15.703 0.0000000000
29759  -41.408  -38.942  15.922 0.0000000000
30577  -41.306  -38.183  14.738 0.0000000000
32306  -38.842  -37.123  11.017 0.0000000000
31430  -38.699  -38.200  12.056 0.0000000000
31440  -37.761  -37.837  11.209 0.0000000000
30604  -37.038  -38.231  11.319 0.0000000000
36708  -41.158  -31.978  8.928 0.0000000000
26451  -43.342  -42.682  20.332 0.0000000000
94802  -47.186  -39.837  19.620 0.0000000000
36583  -50.859  -31.801  17.760 0.0000000000
38911  -50.868  -29.005  19.306 0.0000000000
38912  -51.879  -28.278  18.811 0.0000000000
38918  -52.521  -28.914  17.586 0.0000000000
39693  -51.934  -27.701  18.492 0.0000000000
41252  -51.199  -24.873  18.497 0.0000000000
40497  -51.128  -25.951  17.578 0.0000000000
41265  -50.657  -25.230  17.746 0.0000000000
40511  -49.847  -26.284  16.314 0.0000000000
110822  -49.585  -24.461  16.852 0.0000000000
42849  -51.365  -22.739  14.132 0.0000000000
42848  -50.063  -23.658  14.147 0.0000000000
42857  -49.802  -23.203  13.554 0.0000000000
42867  -48.453  -23.082  12.753 0.0000000000
43662  -49.833  -22.469  12.975 0.0000000000
47091  -53.123  -18.499  13.504 0.0000000000
47151  -51.470  -18.503  10.645 0.0000000000
46210  -51.788  -19.135  11.482 0.0000000000
46222  -50.861  -19.221  10.714 0.0000000000
45360  -49.531  -20.237  10.523 0.0000000000
45375  -49.381  -19.839  9.835 0.0000000000
45387  -48.297  -20.083  8.947 0.0000000000
46253  -49.282  -19.076  8.757 0.0000000000
48951  -50.812  -16.607  7.118 0.0000000000
96594  -49.761  -17.606  7.180 0.0000000000
48960  -49.811  -16.667  6.067 0.0000000000
51351  -56.921  -13.257  7.937 0.0000000000
51349  -55.305  -13.702  7.396 0.0000000000
51363  -55.576  -13.265  6.641 0.0000000000
27241  -24.725  -43.085  23.020 0.0000000000
26388  -24.481  -43.778  24.313 0.0000000000
25530  -24.965  -44.492  22.138 0.0000000000
102653  -25.503  -45.009  21.819 0.0000000000
25547  -25.102  -44.332  20.890 0.0000000000
109092  -28.197  -40.734  21.225 0.0000000000
28111  -27.165  -40.768  21.876 0.0000000000
28125  -27.146  -40.969  20.443 0.0000000000
27296  -25.349  -42.499  18.536 0.0000000000
98042  -26.797  -46.329  16.015 0.0000000000
26494  -36.319  -43.576  16.837 0.0000000000
26485  -34.909  -43.656  17.508 0.0000000000
27328  -34.961  -43.105  16.216 0.0000000000
29007  -31.661  -40.831  13.755 0.0000000000
28993  -31.871  -41.369  14.349 0.0000000000
29005  -30.074  -40.130  13.331 0.0000000000
96557  -29.679  -40.259  14.018 0.0000000000
98426  -29.254  -39.882  12.870 0.0000000000
27371  -27.564  -42.408  10.202 0.0000000000
35832  -47.366  -32.470  13.803 0.0000000000
101993  -47.998  -31.556  13.018 0.0000000000
35833  -48.840  -32.320  13.734 0.0000000000
35811  -50.875  -32.817  14.552 0.0000000000
35790  -52.123  -32.735  15.584 0.0000000000
31399  -48.887  -37.567  16.567 0.0000000000
31397  -46.535  -37.465  16.352 0.0000000000
94832  -47.037  -36.176  15.711 0.0000000000
33139  -46.600  -35.506  15.418 0.0000000000
34992  -45.659  -33.867  14.273 0.0000000000
35007  -44.568  -33.589  13.540 0.0000000000
102542  -46.155  -33.433  14.165 0.0000000000
35808  -46.714  -32.924  14.042 0.0000000000
98968  -46.010  -20.487  5.825 0.0000000000
26420  -33.772  -43.603  22.790 0.0000000000
27245  -32.250  -43.083  22.524 0.0000000000
26434  -33.923  -43.583  21.744 0.0000000000
112819  -33.636  -43.535  20.229 0.0000000000
26473  -33.047  -43.390  18.846 0.0000000000
37487  -51.069  -30.321  10.283 0.0000000000
38245  -50.821  -29.954  9.478 0.0000000000
38246  -52.046  -29.554  9.604 0.0000000000
38263  -52.640  -28.451  9.401 0.0000000000
38983  -52.138  -27.969  9.524 0.0000000000
39774  -51.066  -27.801  9.592 0.0000000000
38964  -50.328  -28.046  11.587 0.0000000000
38963  -49.139  -27.963  12.214 0.0000000000
39743  -47.932  -27.814  13.416 0.0000000000
26480  -41.832  -43.079  19.609 0.0000000000
27301  -40.680  -42.872  18.782 0.0000000000
27319  -40.988  -42.175  18.513 0.0000000000
28962  -40.783  -40.814  17.568 0.0000000000
28975  -40.441  -40.233  16.599 0.0000000000
32288  -41.635  -36.579  13.309 0.0000000000
31418  -40.669  -37.647  13.343 0.0000000000
32301  -40.647  -36.722  12.283 0.0000000000
32313  -39.252  -36.468  10.572 0.0000000000
32325  -38.090  -36.378  9.759 0.0000000000
32343  -36.840  -36.353  9.070 0.0000000000
33214  -37.144  -35.706  8.538 0.0000000000
37497  -42.707  -30.720  9.349 0.0000000000
38268  -42.085  -29.894  7.978 0.0000000000
99346  -52.463  -22.675  17.775 0.0000000000
42833  -51.487  -23.333  16.552 0.0000000000
43633  -52.895  -22.451  16.578 0.0000000000
101890  -52.808  -22.366  15.626 0.0000000000
43656  -52.361  -21.768  14.049 0.0000000000
109927  -54.231  -16.205  13.416 0.0000000000
105110  -53.225  -18.241  12.669 0.0000000000
48008  -53.524  -17.372  12.064 0.0000000000
48022  -52.533  -17.419  10.918 0.0000000000
47150  -51.195  -18.052  9.875 0.0000000000
47187  -50.267  -18.089  8.715 0.0000000000
48934  -51.894  -16.765  9.086 0.0000000000
48943  -51.667  -16.553  8.241 0.0000000000
49802  -51.816  -15.830  7.157 0.0000000000
108939  -57.312  -12.446  5.512 0.0000000000
51391  -55.477  -12.785  5.325 0.0000000000
52184  -56.058  -12.533  4.902 0.0000000000
28023  -25.547  -41.691  27.022 0.0000000000
27191  -24.618  -42.771  26.428 0.0000000000
28036  -25.437  -41.782  26.306 0.0000000000
28064  -25.591  -41.737  24.500 0.0000000000
28077  -25.602  -41.826  23.063 0.0000000000
93612  -27.936  -41.164  18.502 0.0000000000
28151  -26.682  -41.486  18.839 0.0000000000
28166  -26.508  -41.543  17.396 0.0000000000
27324  -25.366  -42.788  15.966 0.0000000000
25585  -25.641  -44.477  15.170 0.0000000000
24704  -26.574  -45.620  15.069 0.0000000000
24712  -26.567  -45.214  14.251 0.0000000000
28212  -35.420  -41.398  14.736 0.0000000000
102215  -34.138  -42.269  15.088 0.0000000000
28211  -33.928  -41.137  14.173 0.0000000000
29022  -32.266  -40.556  13.268 0.0000000000
29777  -31.303  -39.827  12.311 0.0000000000
111048  -44.754  -29.677  9.493 0.0000000000
38271  -45.501  -28.927  8.818 0.0000000000
93695  -45.843  -29.754  10.216 0.0000000000
38232  -47.367  -30.014  10.896 0.0000000000
37468  -49.220  -30.325  11.034 0.0000000000
37448  -48.511  -31.079  12.460 0.0000000000
37449  -49.437  -30.735  11.825 0.0000000000
37469  -50.213  -30.536  11.077 0.0000000000
37471  -51.925  -30.418  11.236 0.0000000000
38222  -52.788  -29.105  12.333 0.0000000000
38955  -52.599  -28.528  13.079 0.0000000000
28952  -45.774  -40.729  18.443 0.0000000000
28965  -43.867  -40.481  18.093 0.0000000000
29749  -44.444  -39.211  17.414 0.0000000000
30560  -43.834  -38.207  16.498 0.0000000000
31407  -42.787  -37.476  15.250 0.0000000000
105342  -45.140  -36.663  15.791 0.0000000000
32284  -43.782  -36.414  14.922 0.0000000000
32283  -42.762  -36.451  14.248 0.0000000000
33162  -41.852  -35.828  13.035 0.0000000000
34103  -41.749  -34.787  12.129 0.0000000000
35041  -41.142  -34.028  10.795 0.0000000000
35052  -40.072  -33.343  9.077 0.0000000000
35049  -41.376  -33.246  10.676 0.0000000000
35881  -41.672  -32.545  10.397 0.0000000000
36697  -42.027  -31.874  10.057 0.0000000000
35849  -44.374  -32.614  12.595 0.0000000000
36686  -43.844  -31.680  11.526 0.0000000000
37481  -43.058  -30.895  9.975 0.0000000000
37482  -43.854  -30.578  10.152 0.0000000000
37498  -44.388  -30.107  9.823 0.0000000000
50573  -56.234  -14.056  9.698 0.0000000000
51323  -57.140  -13.062  10.169 0.0000000000
52133  -57.623  -12.522  8.817 0.0000000000
52147  -57.978  -12.324  7.450 0.0000000000
52157  -58.176  -12.161  6.633 0.0000000000
52172  -58.319  -11.910  5.781 0.0000000000
28053  -29.920  -41.127  25.303 0.0000000000
28887  -29.006  -40.706  24.115 0.0000000000
112897  -29.519  -41.006  23.685 0.0000000000
28098  -29.952  -41.377  22.185 0.0000000000
28126  -29.635  -41.448  20.653 0.0000000000
27257  -31.602  -42.658  21.220 0.0000000000
28127  -30.324  -41.896  20.563 0.0000000000
28139  -29.269  -41.436  19.507 0.0000000000
28153  -28.626  -41.198  18.047 0.0000000000
28961  -28.217  -40.981  16.535 0.0000000000
28192  -27.444  -40.934  15.265 0.0000000000
38996  -46.009  -28.538  8.362 0.0000000000
39012  -46.697  -28.211  7.798 0.0000000000
38274  -50.239  -29.203  8.237 0.0000000000
42092  -45.458  -25.110  10.240 0.0000000000
42884  -45.898  -23.594  10.436 0.0000000000
106943  -37.601  -44.515  20.454 0.0000000000
25565  -36.589  -44.379  19.485 0.0000000000
25566  -37.319  -44.369  19.226 0.0000000000
25581  -37.440  -43.980  17.711 0.0000000000
27330  -36.823  -42.997  16.382 0.0000000000
27317  -39.412  -42.762  17.700 0.0000000000
28187  -37.600  -42.537  16.261 0.0000000000
27344  -37.041  -42.332  15.899 0.0000000000
28213  -36.393  -41.295  14.815 0.0000000000
107725  -36.097  -40.157  13.427 0.0000000000
29797  -34.981  -39.227  11.766 0.0000000000
28977  -42.107  -39.679  17.186 0.0000000000
29746  -41.296  -39.544  16.541 0.0000000000
29757  -39.835  -39.489  15.055 0.0000000000
30582  -40.275  -38.228  13.688 0.0000000000
93769  -39.885  -38.708  13.938 0.0000000000
112071  -38.696  -39.392  13.746 0.0000000000
29783  -37.314  -39.301  12.747 0.0000000000
30586  -36.385  -38.792  11.760 0.0000000000
35895  -40.058  -32.690  8.532 0.0000000000
33102  -51.081  -35.432  17.460 0.0000000000
34027  -51.353  -34.579  17.333 0.0000000000
28012  -26.563  -41.027  28.078 0.0000000000
28039  -29.886  -41.098  26.286 0.0000000000
106029  -30.436  -41.406  25.908 0.0000000000
27205  -31.398  -42.169  25.331 0.0000000000
111114  -34.414  -43.660  24.085 0.0000000000
25502  -35.800  -44.117  23.624 0.0000000000
25517  -36.296  -44.496  22.736 0.0000000000
95017  -37.199  -44.581  21.907 0.0000000000
25534  -38.879  -44.457  21.844 0.0000000000
104586  -40.190  -44.365  20.896 0.0000000000
105790  -40.729  -44.168  20.786 0.0000000000
26436  -41.481  -43.496  21.481 0.0000000000
25569  -41.715  -43.533  20.214 0.0000000000
26466  -43.033  -42.847  19.989 0.0000000000
27285  -43.503  -42.508  19.735 0.0000000000
28141  -44.701  -41.956  19.431 0.0000000000
28159  -45.826  -41.233  18.967 0.0000000000
28953  -46.494  -40.557  18.844 0.0000000000
28954  -47.119  -39.888  18.499 0.0000000000
32236  -50.766  -36.327  17.806 0.0000000000
108154  -51.560  -33.306  17.459 0.0000000000
35762  -52.257  -32.550  16.978 0.0000000000
36586  -52.778  -31.818  16.936 0.0000000000
38163  -50.315  -29.603  18.785 0.0000000000
37360  -52.175  -30.068  18.087 0.0000000000
36609  -53.541  -31.015  16.070 0.0000000000
99831  -53.558  -30.176  15.843 0.0000000000
38931  -52.691  -28.680  15.071 0.0000000000
39721  -52.363  -28.297  15.408 0.0000000000
40498  -51.664  -26.446  18.292 0.0000000000
94041  -51.311  -27.025  16.551 0.0000000000
39720  -51.129  -27.671  15.430 0.0000000000
39732  -49.408  -27.699  14.990 0.0000000000
39731  -48.437  -27.168  15.113 0.0000000000
41293  -47.588  -25.990  14.763 0.0000000000
42831  -49.696  -24.068  16.324 0.0000000000
42058  -48.166  -25.094  15.013 0.0000000000
41301  -47.183  -25.673  13.849 0.0000000000
42077  -47.124  -24.336  12.764 0.0000000000
42866  -47.564  -23.432  12.392 0.0000000000
43677  -46.988  -22.425  10.716 0.0000000000
93825  -52.499  -20.710  13.884 0.0000000000
44469  -52.053  -21.386  13.376 0.0000000000
47112  -52.747  -18.776  12.572 0.0000000000
46198  -51.997  -20.196  12.509 0.0000000000
44481  -50.877  -21.155  12.411 0.0000000000
44496  -49.251  -21.605  11.934 0.0000000000
44512  -48.250  -21.395  10.963 0.0000000000
44529  -47.376  -21.334  9.645 0.0000000000
44544  -47.229  -20.955  8.860 0.0000000000
46265  -47.269  -19.997  7.295 0.0000000000
46276  -47.548  -19.289  6.615 0.0000000000
47199  -49.369  -18.223  7.568 0.0000000000
47208  -48.469  -18.286  6.495 0.0000000000
46289  -47.015  -19.147  5.669 0.0000000000
50580  -54.208  -14.718  8.263 0.0000000000
50605  -53.087  -14.830  6.946 0.0000000000
97805  -52.506  -15.025  6.384 0.0000000000
51389  -53.887  -13.585  5.277 0.0000000000
50615  -52.535  -14.668  5.675 0.0000000000
49820  -51.332  -15.158  5.178 0.0000000000
96501  -24.499  -43.644  25.191 0.0000000000
28885  -27.572  -40.627  23.541 0.0000000000
108406  -26.839  -40.898  22.487 0.0000000000
27254  -25.532  -42.296  21.379 0.0000000000
27297  -26.050  -41.881  19.155 0.0000000000
27279  -25.436  -42.504  19.619 0.0000000000
26445  -25.012  -43.723  20.743 0.0000000000
105265  -25.455  -45.088  19.693 0.0000000000
26463  -35.329  -43.982  19.130 0.0000000000
98176  -34.022  -43.525  17.896 0.0000000000
106921  -32.692  -43.122  17.227 0.0000000000
106483  -33.019  -42.369  15.082 0.0000000000
27338  -32.153  -42.398  15.889 0.0000000000
28186  -31.380  -42.065  16.090 0.0000000000
28193  -30.333  -41.103  15.854 0.0000000000
28990  -28.821  -40.362  14.452 0.0000000000
113135  -27.478  -40.646  13.898 0.0000000000
29793  -30.760  -39.002  10.866 0.0000000000
29804  -29.141  -39.441  10.149 0.0000000000
96266  -28.498  -39.792  11.191 0.0000000000
29029  -27.587  -40.642  11.313 0.0000000000
28224  -27.193  -41.465  11.480 0.0000000000
27351  -26.477  -42.461  12.550 0.0000000000
34974  -50.166  -34.737  15.512 0.0000000000
34996  -50.080  -33.855  15.025 0.0000000000
34047  -51.127  -34.897  16.198 0.0000000000
33142  -49.641  -35.645  15.744 0.0000000000
42887  -45.763  -23.397  9.758 0.0000000000
42886  -45.510  -23.627  9.086 0.0000000000
43680  -45.507  -23.042  8.471 0.0000000000
105831  -45.498  -22.668  7.788 0.0000000000
96162  -35.949  -44.416  22.204 0.0000000000
95629  -35.531  -44.206  21.515 0.0000000000
111261  -44.404  -28.572  7.916 0.0000000000
38953  -51.764  -28.036  12.782 0.0000000000
39746  -51.863  -28.122  13.617 0.0000000000
28176  -43.385  -41.224  18.568 0.0000000000
34123  -39.744  -34.518  9.532 0.0000000000
34118  -39.808  -35.005  10.027 0.0000000000
38285  -43.215  -29.128  7.906 0.0000000000
49778  -55.195  -15.139  11.302 0.0000000000
49777  -54.367  -15.820  11.304 0.0000000000
95672  -54.689  -15.278  10.459 0.0000000000
102774  -54.102  -15.380  9.729 0.0000000000
49785  -54.816  -14.888  9.578 0.0000000000
28854  -28.589  -40.479  26.342 0.0000000000
28206  -26.414  -41.566  14.160 0.0000000000
27337  -25.936  -42.082  14.725 0.0000000000
27349  -26.151  -42.814  13.200 0.0000000000
36669  -46.629  -31.061  12.384 0.0000000000
36670  -47.394  -31.169  12.619 0.0000000000
36623  -51.871  -31.723  14.061 0.0000000000
36650  -51.364  -31.587  13.261 0.0000000000
105927  -52.600  -31.282  14.089 0.0000000000
36624  -53.173  -31.065  14.560 0.0000000000
29750  -46.562  -38.899  17.163 0.0000000000
30563  -47.156  -38.731  17.004 0.0000000000
34093  -44.238  -34.288  13.830 0.0000000000
34092  -43.517  -34.497  13.516 0.0000000000
35005  -43.253  -34.033  13.047 0.0000000000
95613  -45.980  -31.297  12.368 0.0000000000
36688  -45.465  -30.980  11.842 0.0000000000
26404  -32.095  -43.013  24.636 0.0000000000
27232  -31.716  -42.688  23.903 0.0000000000
110583  -32.190  -43.079  23.291 0.0000000000
27299  -31.648  -42.802  18.311 0.0000000000
27298  -31.052  -42.370  17.530 0.0000000000
38243  -48.552  -29.708  9.995 0.0000000000
38244  -49.606  -29.801  9.570 0.0000000000
39783  -51.854  -28.298  8.501 0.0000000000
39001  -51.553  -28.305  7.872 0.0000000000
39755  -47.260  -27.547  12.960 0.0000000000
39762  -47.249  -27.545  12.053 0.0000000000
39754  -46.690  -27.006  12.970 0.0000000000
40548  -46.254  -26.574  12.469 0.0000000000
40539  -46.650  -26.364  13.257 0.0000000000
25577  -39.487  -43.923  19.156 0.0000000000
95455  -39.890  -43.625  18.970 0.0000000000
28202  -38.953  -40.653  15.587 0.0000000000
102056  -38.508  -40.295  14.865 0.0000000000
31406  -42.022  -37.795  15.031 0.0000000000
31452  -38.094  -37.333  10.840 0.0000000000
31441  -38.427  -37.741  11.413 0.0000000000
31451  -37.328  -37.594  10.698 0.0000000000
31467  -36.953  -37.295  10.023 0.0000000000
36716  -41.434  -31.248  8.682 0.0000000000
42815  -51.535  -23.416  18.762 0.0000000000
42021  -50.509  -24.489  17.714 0.0000000000
41264  -49.812  -24.880  17.149 0.0000000000
42821  -50.684  -23.790  17.416 0.0000000000
42858  -50.641  -23.091  13.887 0.0000000000
106376  -50.429  -22.666  13.400 0.0000000000
43663  -50.636  -22.035  12.965 0.0000000000
47955  -53.383  -17.697  14.051 0.0000000000
97485  -53.531  -17.849  13.198 0.0000000000
106939  -50.854  -18.586  10.135 0.0000000000
46221  -50.039  -19.617  10.195 0.0000000000
46236  -49.649  -19.312  9.488 0.0000000000
47168  -49.941  -18.701  9.104 0.0000000000
48961  -50.591  -16.252  6.249 0.0000000000
48067  -50.160  -16.971  6.762 0.0000000000
48971  -50.121  -16.201  5.583 0.0000000000
110858  -56.981  -13.032  7.456 0.0000000000
94640  -56.370  -13.211  7.308 0.0000000000
51364  -56.412  -12.802  6.532 0.0000000000
26368  -24.570  -43.530  27.048 0.0000000000
109677  -24.828  -43.061  22.486 0.0000000000
26417  -24.655  -43.752  22.477 0.0000000000
111600  -25.125  -44.533  21.488 0.0000000000
26431  -24.847  -43.887  21.515 0.0000000000
28929  -28.100  -40.873  20.465 0.0000000000
28137  -27.602  -41.047  19.714 0.0000000000
27329  -35.861  -43.066  16.294 0.0000000000
26493  -35.433  -43.482  16.822 0.0000000000
29020  -30.723  -40.089  12.835 0.0000000000
29006  -30.980  -40.494  13.524 0.0000000000
108786  -29.299  -39.737  12.298 0.0000000000
98741  -48.178  -32.683  14.052 0.0000000000
36647  -48.064  -32.086  13.507 0.0000000000
35809  -48.984  -32.899  14.243 0.0000000000
35810  -49.932  -33.074  14.482 0.0000000000
34998  -51.464  -33.221  15.289 0.0000000000
35812  -51.669  -32.452  14.723 0.0000000000
32258  -48.502  -37.044  16.084 0.0000000000
33140  -47.497  -35.524  15.406 0.0000000000
34059  -46.052  -34.951  15.053 0.0000000000
34078  -46.357  -34.135  14.645 0.0000000000
34994  -47.528  -33.187  14.349 0.0000000000
42904  -45.521  -23.910  7.497 0.0000000000
44558  -45.569  -21.842  6.783 0.0000000000
44577  -45.770  -21.151  6.339 0.0000000000
26449  -34.288  -43.686  20.254 0.0000000000
26448  -33.709  -43.551  20.792 0.0000000000
26461  -33.569  -43.526  19.596 0.0000000000
106974  -32.798  -43.327  19.512 0.0000000000
39806  -44.713  -27.698  6.669 0.0000000000
37488  -52.050  -30.064  10.518 0.0000000000
38247  -52.768  -29.143  10.147 0.0000000000
38985  -52.807  -28.482  9.873 0.0000000000
38984  -52.646  -28.271  9.564 0.0000000000
112009  -51.519  -27.898  10.164 0.0000000000
38974  -51.487  -27.932  10.931 0.0000000000
38951  -48.826  -28.017  13.231 0.0000000000
93727  -48.357  -27.718  14.235 0.0000000000
27302  -41.517  -42.653  19.047 0.0000000000
28963  -41.571  -40.720  17.926 0.0000000000
28174  -41.300  -41.397  18.266 0.0000000000
32302  -41.262  -36.261  12.661 0.0000000000
33186  -39.957  -36.090  10.879 0.0000000000
33191  -38.915  -36.114  9.872 0.0000000000
32312  -38.490  -36.735  10.388 0.0000000000
33200  -37.644  -36.048  9.137 0.0000000000
37505  -42.586  -30.236  8.703 0.0000000000
43616  -52.593  -22.366  17.944 0.0000000000
43623  -52.847  -22.441  17.317 0.0000000000
95576  -53.220  -21.400  15.902 0.0000000000
43634  -53.231  -22.011  16.193 0.0000000000
43641  -53.064  -21.828  15.287 0.0000000000
43648  -52.718  -22.099  14.739 0.0000000000
44455  -52.683  -21.468  14.444 0.0000000000
49764  -54.905  -15.328  12.707 0.0000000000
49754  -54.760  -15.058  13.294 0.0000000000
97514  -54.544  -15.723  13.092 0.0000000000
111189  -54.292  -16.373  12.862 0.0000000000
48909  -54.055  -16.836  12.327 0.0000000000
48023  -53.218  -16.985  11.442 0.0000000000
48021  -51.842  -17.794  10.359 0.0000000000
48037  -52.185  -17.065  9.987 0.0000000000
48036  -51.542  -17.436  9.510 0.0000000000
48944  -52.318  -16.175  8.583 0.0000000000
48953  -52.072  -15.987  7.780 0.0000000000
49803  -52.452  -15.416  7.200 0.0000000000
52185  -56.872  -12.450  4.862 0.0000000000
28037  -26.074  -41.331  26.325 0.0000000000
28065  -26.306  -41.191  24.714 0.0000000000
28078  -26.104  -41.320  23.730 0.0000000000
104705  -25.432  -41.878  23.780 0.0000000000
109505  -27.899  -41.150  17.816 0.0000000000
28152  -27.121  -41.294  18.134 0.0000000000
28181  -26.686  -41.425  16.526 0.0000000000
27336  -25.516  -42.785  15.174 0.0000000000
26499  -25.362  -43.637  15.600 0.0000000000
25586  -26.092  -45.073  14.853 0.0000000000
25592  -25.900  -44.491  14.389 0.0000000000
96544  -27.222  -44.900  12.673 0.0000000000
25599  -26.905  -45.039  13.429 0.0000000000
28994  -34.894  -40.880  14.200 0.0000000000
98801  -34.444  -41.634  14.683 0.0000000000
29779  -32.984  -39.934  12.589 0.0000000000
29023  -33.072  -40.475  13.204 0.0000000000
29778  -32.003  -40.054  12.690 0.0000000000
38240  -45.070  -29.928  10.036 0.0000000000
37467  -47.582  -30.368  11.482 0.0000000000
38233  -48.266  -30.047  10.845 0.0000000000
101992  -48.784  -31.735  13.144 0.0000000000
110399  -49.757  -31.385  12.650 0.0000000000
37450  -50.504  -30.956  11.815 0.0000000000
37470  -51.212  -30.617  11.093 0.0000000000
37430  -53.195  -29.876  13.530 0.0000000000
37454  -52.884  -29.813  12.850 0.0000000000
38223  -52.830  -29.108  13.103 0.0000000000
38956  -52.866  -29.005  13.815 0.0000000000
28967  -45.597  -40.142  17.913 0.0000000000
30561  -44.519  -38.607  17.006 0.0000000000
30574  -43.237  -37.804  15.912 0.0000000000
31408  -44.095  -37.508  16.021 0.0000000000
32277  -46.449  -36.655  15.987 0.0000000000
31410  -45.727  -36.997  16.128 0.0000000000
32276  -45.714  -36.319  15.761 0.0000000000
111478  -44.377  -36.232  15.114 0.0000000000
111284  -43.268  -36.388  14.579 0.0000000000
33153  -42.822  -35.825  13.845 0.0000000000
32289  -42.258  -36.164  13.630 0.0000000000
33163  -42.506  -35.469  13.325 0.0000000000
34115  -41.443  -34.419  11.482 0.0000000000
35048  -40.885  -33.590  10.286 0.0000000000
35042  -41.706  -33.641  11.311 0.0000000000
35867  -41.964  -32.862  11.113 0.0000000000
35882  -42.321  -32.170  10.786 0.0000000000
35830  -44.850  -32.922  13.164 0.0000000000
36687  -44.700  -31.284  11.698 0.0000000000
36699  -43.438  -31.230  10.715 0.0000000000
37483  -44.653  -30.435  10.481 0.0000000000
52122  -57.412  -12.680  9.607 0.0000000000
101101  -57.733  -12.497  8.101 0.0000000000
52134  -58.099  -12.145  8.182 0.0000000000
53002  -58.366  -11.876  7.380 0.0000000000
53016  -58.438  -11.544  6.455 0.0000000000
28068  -30.353  -41.386  24.596 0.0000000000
28067  -29.705  -41.040  24.387 0.0000000000
28099  -30.431  -41.656  22.802 0.0000000000
28113  -29.446  -41.176  21.538 0.0000000000
28114  -30.278  -41.708  21.364 0.0000000000
27258  -32.282  -43.066  21.649 0.0000000000
108583  -30.566  -42.195  19.368 0.0000000000
27271  -30.776  -42.268  20.064 0.0000000000
99279  -29.989  -41.815  19.879 0.0000000000
112108  -29.316  -41.497  18.927 0.0000000000
94619  -28.707  -41.257  18.877 0.0000000000
28154  -29.367  -41.475  18.374 0.0000000000
28183  -29.034  -40.944  16.711 0.0000000000
28972  -28.790  -40.765  16.107 0.0000000000
28981  -28.190  -40.815  15.769 0.0000000000
38990  -46.257  -28.929  9.011 0.0000000000
38998  -47.897  -28.732  8.432 0.0000000000
38997  -46.947  -28.621  8.440 0.0000000000
95121  -47.673  -28.359  7.844 0.0000000000
38260  -50.557  -29.549  8.792 0.0000000000
39015  -50.296  -28.507  7.236 0.0000000000
39772  -48.628  -27.437  10.861 0.0000000000
108329  -46.376  -26.558  10.395 0.0000000000
41319  -45.732  -25.479  11.839 0.0000000000
41328  -45.566  -25.784  10.690 0.0000000000
42083  -45.553  -25.236  11.078 0.0000000000
42093  -45.651  -24.437  10.719 0.0000000000
101958  -37.160  -44.484  20.033 0.0000000000
25552  -38.031  -44.401  19.882 0.0000000000
26477  -38.434  -43.710  17.960 0.0000000000
99070  -37.974  -43.985  18.330 0.0000000000
26495  -37.131  -43.673  16.937 0.0000000000
27318  -40.153  -42.446  18.132 0.0000000000
28188  -38.310  -42.099  16.275 0.0000000000
28199  -36.764  -41.826  15.425 0.0000000000
28214  -37.301  -41.199  15.014 0.0000000000
29011  -36.788  -40.216  13.698 0.0000000000
29769  -35.735  -39.782  12.796 0.0000000000
29737  -43.728  -39.617  17.558 0.0000000000
29736  -42.954  -39.983  17.661 0.0000000000
30571  -40.973  -38.779  15.179 0.0000000000
93442  -40.368  -39.073  14.947 0.0000000000
29758  -40.565  -39.425  15.702 0.0000000000
31432  -40.325  -37.432  12.667 0.0000000000
31417  -40.069  -37.962  13.086 0.0000000000
30589  -38.939  -38.610  12.774 0.0000000000
30581  -39.568  -38.508  13.279 0.0000000000
112135  -39.071  -38.854  13.271 0.0000000000
29773  -39.233  -39.134  13.817 0.0000000000
30580  -38.590  -39.125  13.259 0.0000000000
29784  -37.923  -39.339  13.094 0.0000000000
30612  -36.207  -38.391  11.218 0.0000000000
30603  -35.636  -38.797  11.477 0.0000000000
107215  -25.878  -41.305  28.884 0.0000000000
28040  -30.599  -41.407  26.653 0.0000000000
26390  -33.976  -43.572  24.714 0.0000000000
25518  -37.616  -44.599  22.664 0.0000000000
25533  -38.044  -44.524  22.070 0.0000000000
26437  -42.145  -43.140  21.204 0.0000000000
26424  -41.853  -42.988  21.952 0.0000000000
25538  -41.675  -43.574  20.763 0.0000000000
26465  -42.238  -43.177  19.966 0.0000000000
27274  -44.061  -42.389  20.241 0.0000000000
26452  -43.620  -42.591  19.976 0.0000000000
27286  -44.099  -42.318  19.769 0.0000000000
27287  -44.756  -42.020  19.973 0.0000000000
101168  -45.524  -41.542  19.558 0.0000000000
28129  -46.199  -41.172  19.901 0.0000000000
28142  -46.337  -41.012  19.363 0.0000000000
28942  -46.724  -40.502  19.671 0.0000000000
28943  -47.099  -40.019  19.156 0.0000000000
29719  -47.752  -39.340  19.315 0.0000000000
29729  -47.794  -39.467  18.742 0.0000000000
32237  -50.905  -36.264  17.152 0.0000000000
110829  -51.150  -34.206  17.853 0.0000000000
34940  -51.474  -34.015  17.511 0.0000000000
95590  -51.049  -33.561  17.767 0.0000000000
36584  -51.662  -31.782  17.598 0.0000000000
35761  -51.866  -32.624  17.308 0.0000000000
35776  -52.510  -32.404  16.580 0.0000000000
36585  -52.289  -31.791  17.270 0.0000000000
38165  -51.904  -29.559  18.505 0.0000000000
38164  -51.286  -29.589  18.817 0.0000000000
37374  -52.676  -30.276  17.670 0.0000000000
36598  -53.255  -31.140  16.805 0.0000000000
37375  -53.185  -30.410  17.148 0.0000000000
37398  -53.278  -29.725  16.644 0.0000000000
39698  -52.301  -28.129  17.296 0.0000000000
100995  -52.640  -28.666  16.814 0.0000000000
38923  -52.683  -28.652  15.983 0.0000000000
42009  -51.405  -24.447  19.924 0.0000000000
40490  -51.750  -26.587  19.125 0.0000000000
41253  -51.597  -25.662  18.972 0.0000000000
40512  -50.758  -26.399  16.810 0.0000000000
40513  -51.558  -26.754  17.384 0.0000000000
102163  -51.811  -27.656  16.020 0.0000000000
112525  -50.994  -27.274  15.937 0.0000000000
39733  -50.400  -27.806  15.082 0.0000000000
39719  -50.194  -27.439  15.599 0.0000000000
40510  -49.029  -26.124  15.941 0.0000000000
39717  -48.563  -26.593  15.526 0.0000000000
40526  -47.980  -26.581  15.182 0.0000000000
41286  -48.305  -25.862  15.505 0.0000000000
42832  -50.391  -23.706  16.693 0.0000000000
42841  -50.903  -23.535  15.497 0.0000000000
108344  -49.411  -24.001  14.396 0.0000000000
101103  -48.681  -24.357  14.347 0.0000000000
41302  -47.814  -24.965  14.273 0.0000000000
42067  -47.508  -24.699  13.494 0.0000000000
43670  -47.086  -23.000  11.527 0.0000000000
44494  -47.707  -22.104  11.270 0.0000000000
46190  -52.669  -19.331  13.275 0.0000000000
105003  -52.594  -19.844  13.920 0.0000000000
45330  -52.330  -21.088  13.659 0.0000000000
45338  -52.165  -20.635  13.034 0.0000000000
47134  -53.093  -18.045  12.360 0.0000000000
46209  -51.221  -19.901  11.450 0.0000000000
107110  -51.771  -19.842  12.005 0.0000000000
45347  -51.479  -20.449  12.103 0.0000000000
45337  -51.784  -20.943  12.740 0.0000000000
44480  -49.915  -21.753  12.413 0.0000000000
44497  -49.855  -20.995  11.771 0.0000000000
45359  -48.803  -20.769  10.685 0.0000000000
45358  -48.070  -20.988  10.180 0.0000000000
44511  -47.532  -21.693  10.461 0.0000000000
46252  -48.587  -19.476  8.433 0.0000000000
46251  -47.882  -19.942  8.180 0.0000000000
48049  -50.638  -17.485  8.310 0.0000000000
48060  -49.956  -17.796  7.979 0.0000000000
110117  -48.790  -17.649  6.177 0.0000000000
47209  -49.137  -17.984  6.834 0.0000000000
47207  -47.778  -18.633  6.110 0.0000000000
50582  -55.850  -14.053  8.802 0.0000000000
50581  -54.955  -14.525  8.683 0.0000000000
50595  -55.384  -14.038  8.152 0.0000000000
50607  -54.343  -14.097  7.051 0.0000000000
112778  -53.653  -14.411  6.768 0.0000000000
50606  -53.146  -14.506  6.222 0.0000000000
51390  -54.579  -13.091  4.941 0.0000000000
51373  -54.848  -13.343  5.856 0.0000000000
50630  -52.477  -14.337  4.949 0.0000000000
50614  -52.005  -14.776  5.248 0.0000000000
27203  -24.608  -42.830  25.547 0.0000000000
101402  -24.489  -43.550  26.054 0.0000000000
25498  -24.810  -44.537  23.900 0.0000000000
25500  -25.815  -45.592  23.049 0.0000000000
24672  -26.109  -45.638  21.344 0.0000000000
24681  -26.634  -45.962  20.570 0.0000000000
28886  -28.288  -40.541  23.833 0.0000000000
109685  -28.145  -40.532  23.139 0.0000000000
97969  -26.776  -41.036  21.212 0.0000000000
105154  -26.469  -41.163  21.962 0.0000000000
28095  -25.796  -41.846  22.153 0.0000000000
27255  -26.146  -41.567  21.329 0.0000000000
104950  -26.188  -41.696  18.265 0.0000000000
28136  -26.687  -41.321  19.660 0.0000000000
26472  -25.027  -43.782  18.351 0.0000000000
26460  -24.995  -43.316  19.327 0.0000000000
26446  -25.083  -43.153  20.208 0.0000000000
25562  -25.060  -44.085  20.064 0.0000000000
23965  -27.358  -46.108  14.474 0.0000000000
107838  -27.425  -46.415  14.986 0.0000000000
25573  -36.120  -44.214  18.902 0.0000000000
25564  -35.857  -44.218  19.740 0.0000000000
26476  -35.610  -43.948  18.260 0.0000000000
26484  -34.005  -43.450  17.038 0.0000000000
26483  -33.300  -43.363  17.479 0.0000000000
99386  -33.368  -41.983  14.710 0.0000000000
28210  -32.508  -41.680  14.480 0.0000000000
104687  -32.284  -42.185  15.254 0.0000000000
28195  -31.770  -41.953  15.401 0.0000000000
28194  -31.096  -41.548  15.576 0.0000000000
28185  -30.679  -41.699  16.328 0.0000000000
28983  -30.694  -40.883  14.980 0.0000000000
29004  -29.074  -40.110  13.580 0.0000000000
29003  -28.165  -40.315  13.803 0.0000000000
98903  -27.589  -40.474  13.227 0.0000000000
110507  -29.597  -39.042  9.812 0.0000000000
29805  -29.866  -39.250  10.542 0.0000000000
102206  -28.093  -40.084  10.032 0.0000000000
29043  -27.749  -40.685  9.958 0.0000000000
29036  -27.907  -40.228  10.764 0.0000000000
29035  -27.500  -41.038  10.685 0.0000000000
26539  -27.557  -43.245  10.488 0.0000000000
28229  -27.369  -41.800  10.656 0.0000000000
27358  -27.229  -42.497  10.949 0.0000000000
107665  -26.773  -41.778  12.173 0.0000000000
26524  -27.158  -43.467  11.322 0.0000000000
34995  -49.175  -33.554  14.671 0.0000000000
34975  -51.125  -34.075  15.628 0.0000000000
32280  -49.813  -36.417  16.175 0.0000000000
32279  -48.979  -36.367  15.854 0.0000000000
34061  -47.964  -34.795  15.121 0.0000000000
34079  -47.425  -33.999  14.756 0.0000000000
34080  -48.444  -34.033  14.861 0.0000000000
42895  -45.426  -23.844  8.321 0.0000000000
43698  -45.423  -23.106  7.225 0.0000000000
44542  -45.773  -21.898  7.599 0.0000000000
26435  -34.840  -43.857  21.673 0.0000000000
25549  -35.018  -43.915  20.839 0.0000000000
25563  -35.113  -44.005  19.981 0.0000000000
39011  -45.728  -28.158  7.692 0.0000000000
38234  -52.841  -28.810  11.594 0.0000000000
99945  -52.873  -28.618  10.692 0.0000000000
38976  -52.777  -28.342  11.421 0.0000000000
38975  -52.513  -27.991  11.124 0.0000000000
38965  -51.533  -28.024  11.850 0.0000000000
27304  -43.284  -42.276  19.364 0.0000000000
28156  -41.945  -41.996  18.750 0.0000000000
28157  -42.907  -41.893  18.873 0.0000000000
28964  -42.222  -40.351  17.789 0.0000000000
33187  -40.578  -35.623  11.284 0.0000000000
33215  -37.944  -35.364  8.640 0.0000000000
34122  -38.710  -34.966  8.803 0.0000000000
38269  -43.334  -29.667  8.622 0.0000000000
95907  -42.723  -29.619  8.172 0.0000000000
49771  -54.921  -15.516  12.027 0.0000000000
48919  -54.287  -16.155  12.005 0.0000000000
48936  -53.406  -15.941  9.862 0.0000000000
48935  -52.601  -16.384  9.472 0.0000000000
96845  -53.636  -15.458  9.145 0.0000000000
49793  -53.506  -15.181  8.351 0.0000000000
28038  -26.993  -40.864  26.424 0.0000000000
28052  -27.252  -40.749  25.611 0.0000000000
28066  -27.067  -40.797  24.916 0.0000000000
110810  -26.811  -41.280  15.783 0.0000000000
27347  -25.664  -42.943  14.323 0.0000000000
26502  -25.793  -43.750  13.957 0.0000000000
112343  -25.877  -43.104  13.684 0.0000000000
26506  -26.175  -43.680  13.311 0.0000000000
113430  -26.964  -44.149  12.136 0.0000000000
29780  -34.752  -40.048  12.873 0.0000000000
37465  -45.781  -30.489  11.330 0.0000000000
112003  -46.061  -30.093  10.824 0.0000000000
109444  -47.783  -30.736  12.077 0.0000000000
36649  -50.493  -31.818  13.293 0.0000000000
36672  -51.766  -31.082  12.517 0.0000000000
101599  -53.396  -30.281  14.259 0.0000000000
28969  -47.003  -39.681  17.919 0.0000000000
29739  -46.267  -39.503  17.582 0.0000000000
31396  -45.663  -37.763  16.518 0.0000000000
33138  -45.796  -35.670  15.393 0.0000000000
33137  -45.005  -36.096  15.288 0.0000000000
33156  -45.219  -35.279  14.901 0.0000000000
33164  -43.160  -35.222  13.689 0.0000000000
34091  -42.780  -34.644  13.062 0.0000000000
35848  -43.166  -32.949  12.110 0.0000000000
35850  -45.064  -32.278  12.709 0.0000000000
27220  -31.026  -41.959  24.400 0.0000000000
27243  -31.027  -42.186  22.483 0.0000000000
27283  -32.189  -43.084  19.867 0.0000000000
27282  -31.388  -42.649  19.359 0.0000000000
28155  -30.162  -41.845  17.993 0.0000000000
28184  -29.885  -41.287  16.596 0.0000000000
104274  -47.188  -29.396  9.847 0.0000000000
38272  -48.299  -29.086  8.907 0.0000000000
38275  -51.310  -28.975  8.143 0.0000000000
39763  -48.207  -27.722  11.805 0.0000000000
39770  -46.693  -27.146  11.522 0.0000000000
40561  -46.144  -26.752  10.998 0.0000000000
40555  -46.092  -26.740  11.744 0.0000000000
40547  -45.759  -26.172  11.898 0.0000000000
25567  -38.876  -44.180  19.414 0.0000000000
28189  -39.342  -41.482  16.711 0.0000000000
107933  -39.031  -41.161  16.185 0.0000000000
28201  -38.507  -41.395  15.878 0.0000000000
28997  -37.770  -40.534  14.656 0.0000000000
29012  -37.526  -40.103  14.033 0.0000000000
29771  -37.399  -39.720  13.373 0.0000000000
30559  -42.855  -38.519  16.438 0.0000000000
29747  -42.080  -39.077  16.542 0.0000000000
29760  -42.052  -38.566  16.046 0.0000000000
30572  -41.679  -38.391  15.438 0.0000000000
31442  -39.169  -37.534  11.676 0.0000000000
31431  -39.538  -37.956  12.467 0.0000000000
30605  -37.898  -38.296  11.737 0.0000000000
35889  -41.417  -32.293  9.631 0.0000000000
25520  -39.349  -44.328  22.406 0.0000000000
26438  -42.884  -42.715  20.932 0.0000000000
27260  -43.093  -42.374  21.332 0.0000000000
29718  -46.919  -40.014  20.134 0.0000000000
36570  -48.872  -31.771  17.837 0.0000000000
35759  -50.442  -32.627  17.720 0.0000000000
36582  -49.812  -31.763  17.746 0.0000000000
37371  -50.287  -30.970  17.925 0.0000000000
104221  -51.632  -28.981  18.996 0.0000000000
38913  -52.117  -28.941  18.388 0.0000000000
38917  -52.178  -28.221  18.085 0.0000000000
42797  -51.720  -23.087  19.063 0.0000000000
110179  -51.505  -23.724  19.384 0.0000000000
111785  -51.452  -25.015  19.094 0.0000000000
41266  -51.330  -25.611  18.260 0.0000000000
41279  -50.202  -25.715  17.051 0.0000000000
41278  -49.477  -25.525  16.499 0.0000000000
99819  -49.325  -24.788  16.529 0.0000000000
42850  -51.582  -22.971  14.809 0.0000000000
105685  -50.802  -23.401  14.495 0.0000000000
42069  -49.276  -23.814  13.930 0.0000000000
42856  -48.883  -23.501  13.398 0.0000000000
42868  -49.189  -22.889  13.064 0.0000000000
44479  -49.010  -22.287  12.436 0.0000000000
47071  -53.065  -18.356  14.136 0.0000000000
46181  -52.802  -18.969  13.808 0.0000000000
47152  -52.187  -18.234  11.200 0.0000000000
45361  -50.441  -20.034  10.880 0.0000000000
93539  -49.994  -20.471  11.173 0.0000000000
45374  -48.696  -20.306  9.825 0.0000000000
46235  -48.971  -19.675  9.215 0.0000000000
47185  -48.924  -18.811  7.990 0.0000000000
104092  -49.476  -17.323  6.483 0.0000000000
48074  -49.133  -17.025  5.786 0.0000000000
51350  -56.113  -13.617  8.078 0.0000000000
51362  -54.782  -13.647  6.630 0.0000000000
51398  -53.526  -13.185  3.851 0.0000000000
25469  -24.708  -44.274  26.420 0.0000000000
27229  -24.617  -43.020  23.826 0.0000000000
26403  -24.529  -43.851  23.409 0.0000000000
25513  -24.844  -44.510  22.985 0.0000000000
25514  -25.410  -44.999  22.606 0.0000000000
25531  -25.497  -44.940  21.083 0.0000000000
103318  -28.662  -40.786  21.729 0.0000000000
28900  -28.392  -40.610  22.481 0.0000000000
100855  -27.917  -40.587  21.838 0.0000000000
28915  -27.538  -40.758  21.166 0.0000000000
102258  -25.118  -42.929  17.514 0.0000000000
25572  -25.237  -44.994  18.698 0.0000000000
24693  -26.146  -46.038  17.568 0.0000000000
24698  -26.479  -46.349  16.887 0.0000000000
23957  -27.195  -46.547  15.673 0.0000000000
26486  -35.936  -43.832  17.462 0.0000000000
26492  -34.654  -43.385  16.750 0.0000000000
27327  -34.027  -43.047  16.265 0.0000000000
28992  -31.270  -40.926  14.243 0.0000000000
28991  -30.470  -40.477  14.115 0.0000000000
27386  -28.420  -42.172  8.752 0.0000000000
27385  -27.906  -42.213  9.461 0.0000000000
36646  -47.300  -31.822  13.240 0.0000000000
35834  -49.510  -32.534  13.986 0.0000000000
101033  -50.250  -32.399  13.960 0.0000000000
30565  -48.633  -38.187  17.054 0.0000000000
30564  -47.494  -38.069  16.641 0.0000000000
31398  -48.203  -37.622  16.423 0.0000000000
32257  -47.449  -37.055  16.097 0.0000000000
32278  -47.980  -36.300  15.724 0.0000000000
34077  -45.472  -34.491  14.588 0.0000000000
34991  -44.963  -34.012  14.134 0.0000000000
35008  -45.389  -33.312  13.782 0.0000000000
107031  -46.056  -32.888  13.771 0.0000000000
34993  -46.825  -33.523  14.411 0.0000000000
108529  -46.484  -32.303  13.417 0.0000000000
43712  -45.499  -22.668  6.439 0.0000000000
26419  -32.882  -43.428  23.103 0.0000000000
26433  -33.002  -43.401  22.167 0.0000000000
26447  -33.013  -43.365  21.219 0.0000000000
105905  -32.998  -43.404  20.271 0.0000000000
27314  -32.581  -43.219  18.052 0.0000000000
96440  -52.720  -28.763  9.541 0.0000000000
38262  -52.431  -28.704  9.072 0.0000000000
38277  -52.354  -28.390  9.060 0.0000000000
38992  -52.239  -28.210  8.995 0.0000000000
111147  -51.916  -27.959  9.067 0.0000000000
38973  -50.527  -27.917  10.625 0.0000000000
39756  -48.092  -27.902  12.692 0.0000000000
106936  -47.587  -27.462  13.780 0.0000000000
26464  -41.109  -43.528  19.622 0.0000000000
26479  -40.521  -43.425  19.099 0.0000000000
94818  -41.133  -43.157  19.263 0.0000000000
28173  -40.445  -41.649  17.852 0.0000000000
28190  -40.003  -41.113  17.099 0.0000000000
28985  -39.720  -40.047  15.723 0.0000000000
32282  -42.022  -36.880  13.959 0.0000000000
31419  -41.346  -37.280  13.645 0.0000000000
32287  -41.024  -37.023  12.946 0.0000000000
32308  -40.283  -36.403  11.601 0.0000000000
32307  -39.574  -36.817  11.272 0.0000000000
32324  -37.318  -36.683  9.620 0.0000000000
34133  -36.700  -35.344  8.014 0.0000000000
37496  -42.115  -30.936  9.019 0.0000000000
37504  -41.766  -30.555  8.369 0.0000000000
37513  -41.341  -30.186  7.713 0.0000000000
103626  -41.624  -29.495  7.345 0.0000000000
42816  -52.086  -22.765  18.367 0.0000000000
105224  -51.856  -23.126  18.037 0.0000000000
42823  -52.339  -22.917  17.169 0.0000000000
42834  -52.403  -22.840  16.145 0.0000000000
99141  -53.181  -22.153  16.919 0.0000000000
111731  -52.387  -22.719  15.570 0.0000000000
106403  -52.293  -22.603  15.071 0.0000000000
43647  -52.090  -22.362  14.392 0.0000000000
43655  -51.834  -22.065  13.732 0.0000000000
47975  -54.016  -17.014  13.021 0.0000000000
47990  -53.584  -17.602  12.529 0.0000000000
48007  -52.842  -17.754  11.782 0.0000000000
48918  -53.874  -16.648  11.722 0.0000000000
47169  -50.571  -18.348  9.457 0.0000000000
48035  -50.902  -17.755  9.088 0.0000000000
48050  -51.286  -17.166  8.668 0.0000000000
48942  -51.044  -16.903  7.885 0.0000000000
48952  -51.451  -16.324  7.483 0.0000000000
48962  -51.299  -16.014  6.756 0.0000000000
94296  -57.206  -12.555  6.254 0.0000000000
52170  -56.462  -12.592  5.656 0.0000000000
52183  -55.245  -12.589  4.408 0.0000000000
27180  -24.682  -42.710  27.218 0.0000000000
27181  -24.984  -42.195  26.768 0.0000000000
27192  -24.996  -42.177  25.929 0.0000000000
27204  -25.031  -42.228  25.053 0.0000000000
28050  -25.706  -41.615  25.486 0.0000000000
27219  -24.982  -42.323  24.202 0.0000000000
27230  -25.014  -42.393  23.400 0.0000000000
27242  -25.130  -42.476  22.567 0.0000000000
113089  -27.997  -41.125  19.145 0.0000000000
94848  -27.333  -41.249  19.001 0.0000000000
95822  -26.041  -41.821  16.802 0.0000000000
27311  -25.485  -42.424  16.709 0.0000000000
26491  -25.208  -43.535  16.590 0.0000000000
94297  -26.985  -45.791  14.589 0.0000000000
28197  -34.948  -42.077  15.211 0.0000000000
28218  -33.048  -41.289  14.068 0.0000000000
29008  -33.503  -40.734  13.623 0.0000000000
111678  -32.819  -40.846  13.621 0.0000000000
29021  -31.446  -40.347  13.088 0.0000000000
29776  -30.462  -39.746  12.150 0.0000000000
38270  -44.813  -29.238  8.922 0.0000000000
38256  -45.501  -29.382  9.464 0.0000000000
38241  -46.728  -29.771  10.457 0.0000000000
38242  -47.661  -29.670  10.295 0.0000000000
37485  -49.096  -30.018  10.360 0.0000000000
37452  -52.217  -30.484  11.836 0.0000000000
37453  -52.672  -29.677  12.039 0.0000000000
38967  -52.724  -28.553  12.231 0.0000000000
39747  -52.434  -28.481  13.575 0.0000000000
28951  -45.127  -41.251  18.724 0.0000000000
28966  -44.929  -40.657  18.253 0.0000000000
29738  -44.656  -39.949  17.796 0.0000000000
29748  -43.670  -38.843  17.078 0.0000000000
113343  -44.936  -38.937  17.289 0.0000000000
31409  -44.936  -37.252  16.125 0.0000000000
32275  -44.405  -36.754  15.524 0.0000000000
32274  -43.567  -37.142  15.401 0.0000000000
32273  -43.088  -36.838  14.846 0.0000000000
31414  -42.403  -37.181  14.601 0.0000000000
33175  -41.509  -35.515  12.377 0.0000000000
33176  -42.132  -35.132  12.716 0.0000000000
33188  -41.173  -35.180  11.710 0.0000000000
34114  -40.812  -34.799  11.019 0.0000000000
34119  -40.397  -34.322  10.187 0.0000000000
113431  -40.084  -33.932  9.491 0.0000000000
34124  -40.520  -33.465  9.718 0.0000000000
35880  -41.051  -32.940  10.016 0.0000000000
35024  -44.172  -33.242  12.947 0.0000000000
107373  -43.823  -32.948  12.475 0.0000000000
35869  -43.301  -32.267  11.677 0.0000000000
36666  -43.824  -32.380  12.112 0.0000000000
36685  -43.015  -31.855  11.134 0.0000000000
36698  -42.691  -31.514  10.417 0.0000000000
36710  -42.396  -31.250  9.691 0.0000000000
112632  -43.922  -30.180  9.630 0.0000000000
50565  -56.310  -14.025  10.675 0.0000000000
51331  -56.851  -13.426  9.999 0.0000000000
51332  -57.369  -13.015  9.406 0.0000000000
51339  -57.392  -12.941  8.468 0.0000000000
52146  -57.415  -12.724  7.606 0.0000000000
52992  -58.208  -11.527  8.505 0.0000000000
113204  -58.339  -11.817  7.962 0.0000000000
52156  -57.683  -12.446  6.820 0.0000000000
52171  -57.871  -12.331  5.867 0.0000000000
108909  -58.060  -12.071  5.206 0.0000000000
98002  -58.460  -11.606  4.993 0.0000000000
52186  -58.102  -11.857  4.474 0.0000000000
28867  -29.254  -40.664  25.825 0.0000000000
28877  -29.150  -40.703  24.948 0.0000000000
28081  -30.285  -41.415  23.733 0.0000000000
28080  -29.711  -41.185  22.994 0.0000000000
28901  -29.179  -40.954  22.357 0.0000000000
28112  -28.829  -41.050  20.972 0.0000000000
94935  -28.963  -41.225  20.222 0.0000000000
104807  -31.621  -42.657  22.072 0.0000000000
107540  -30.990  -42.219  21.680 0.0000000000
27256  -30.922  -42.236  20.869 0.0000000000
111870  -29.474  -41.476  20.065 0.0000000000
28168  -28.429  -41.100  17.285 0.0000000000
28182  -27.459  -41.101  16.173 0.0000000000
28207  -27.071  -40.961  14.415 0.0000000000
106787  -33.156  -38.494  11.003 0.0000000000
38995  -45.021  -28.610  8.259 0.0000000000
39795  -46.402  -27.868  7.160 0.0000000000
108655  -49.670  -29.442  8.889 0.0000000000
38273  -49.206  -29.160  8.592 0.0000000000
38999  -49.597  -28.835  7.856 0.0000000000
95853  -48.596  -28.584  7.845 0.0000000000
40560  -45.834  -26.300  10.448 0.0000000000
41332  -45.639  -25.677  9.801 0.0000000000
105075  -45.457  -25.010  9.492 0.0000000000
42883  -45.494  -24.284  9.777 0.0000000000
99684  -37.115  -44.552  20.865 0.0000000000
25551  -36.422  -44.419  20.353 0.0000000000
109758  -36.785  -44.329  18.795 0.0000000000
99237  -38.043  -44.159  18.952 0.0000000000
25575  -37.357  -44.229  18.464 0.0000000000
96646  -36.707  -43.941  17.343 0.0000000000
26488  -39.853  -43.212  18.444 0.0000000000
26487  -39.145  -43.378  17.968 0.0000000000
27316  -38.671  -43.099  17.408 0.0000000000
27332  -38.947  -42.288  16.913 0.0000000000
27331  -38.169  -42.797  16.760 0.0000000000
104971  -37.528  -43.142  16.679 0.0000000000
27343  -36.289  -42.474  15.826 0.0000000000
28198  -35.863  -41.922  15.312 0.0000000000
28995  -35.979  -40.687  14.128 0.0000000000
29010  -35.304  -40.349  13.495 0.0000000000
99344  -35.084  -39.599  12.329 0.0000000000
31412  -40.955  -37.908  14.045 0.0000000000
29766  -39.868  -39.076  14.448 0.0000000000
29765  -39.374  -39.467  14.508 0.0000000000
28998  -38.766  -39.683  14.280 0.0000000000
29772  -38.154  -39.611  13.719 0.0000000000
30587  -37.209  -38.773  12.088 0.0000000000
29782  -36.507  -39.286  12.409 0.0000000000
29781  -35.727  -39.273  12.062 0.0000000000
30602  -34.899  -38.679  11.228 0.0000000000
110026  -34.036  -38.431  11.008 0.0000000000
37503  -41.032  -30.862  8.067 0.0000000000
33122  -51.079  -35.551  16.727 0.0000000000
34048  -51.400  -34.808  16.877 0.0000000000
34026  -51.076  -34.768  17.835 0.0000000000
34924  -50.626  -34.345  18.092 0.0000000000
34939  -50.059  -33.387  17.870 0.0000000000
103028  -25.657  -41.563  27.934 0.0000000000
28013  -27.050  -40.777  27.343 0.0000000000
28842  -27.867  -40.494  27.017 0.0000000000
28855  -29.300  -40.664  26.732 0.0000000000
28055  -31.053  -41.812  26.043 0.0000000000
26389  -32.665  -43.287  25.007 0.0000000000
108864  -33.250  -43.517  24.638 0.0000000000
26406  -33.634  -43.589  23.824 0.0000000000
109101  -34.491  -43.733  23.372 0.0000000000
25501  -35.237  -43.970  23.110 0.0000000000
25516  -35.841  -44.312  22.899 0.0000000000
110726  -36.493  -44.541  22.260 0.0000000000
97184  -36.896  -44.621  22.888 0.0000000000
99683  -38.157  -44.536  21.029 0.0000000000
25553  -39.368  -44.446  20.999 0.0000000000
25554  -39.843  -44.365  20.406 0.0000000000
25555  -40.505  -44.167  20.258 0.0000000000
25568  -41.092  -43.842  19.996 0.0000000000
25537  -41.082  -43.926  21.068 0.0000000000
25556  -41.195  -43.891  20.415 0.0000000000
97718  -41.577  -43.538  19.952 0.0000000000
27284  -42.753  -42.724  19.733 0.0000000000
27305  -44.016  -42.149  19.390 0.0000000000
28158  -44.571  -41.753  19.030 0.0000000000
94427  -45.185  -41.609  19.113 0.0000000000
29741  -47.778  -39.367  17.988 0.0000000000
104446  -48.532  -38.740  17.819 0.0000000000
29720  -48.375  -38.945  18.882 0.0000000000
30541  -48.913  -38.475  18.405 0.0000000000
30542  -49.344  -38.164  17.773 0.0000000000
102643  -49.473  -37.690  17.057 0.0000000000
31381  -50.464  -36.864  17.433 0.0000000000
34957  -51.792  -34.024  16.907 0.0000000000
35760  -51.307  -32.659  17.573 0.0000000000
34941  -51.864  -33.329  17.135 0.0000000000
34958  -52.105  -33.154  16.698 0.0000000000
34977  -52.289  -32.865  16.244 0.0000000000
35791  -52.678  -32.224  15.916 0.0000000000
36597  -53.073  -31.727  16.357 0.0000000000
38162  -49.175  -29.578  18.605 0.0000000000
37358  -50.849  -30.244  18.422 0.0000000000
37359  -51.654  -30.174  18.318 0.0000000000
37373  -52.115  -30.854  17.768 0.0000000000
100876  -52.797  -31.066  17.310 0.0000000000
36608  -53.203  -31.472  15.511 0.0000000000
36625  -53.510  -30.677  15.172 0.0000000000
38200  -53.474  -29.818  14.893 0.0000000000
38179  -52.926  -29.075  16.459 0.0000000000
108822  -53.154  -29.248  15.655 0.0000000000
38941  -53.002  -29.041  14.578 0.0000000000
38940  -52.596  -28.617  14.151 0.0000000000
39735  -52.281  -28.312  14.458 0.0000000000
104556  -51.835  -27.126  18.585 0.0000000000
39697  -51.951  -27.414  17.874 0.0000000000
39704  -51.940  -27.510  16.960 0.0000000000
101521  -51.923  -27.939  15.201 0.0000000000
39734  -51.329  -27.976  14.577 0.0000000000
112512  -50.279  -27.980  14.474 0.0000000000
39718  -49.335  -26.972  15.707 0.0000000000
40532  -47.610  -27.004  14.504 0.0000000000
40540  -47.224  -26.487  13.997 0.0000000000
42043  -49.876  -24.140  17.179 0.0000000000
42050  -49.091  -24.534  15.779 0.0000000000
42840  -49.884  -23.959  14.982 0.0000000000
42059  -48.909  -24.422  14.988 0.0000000000
42049  -48.549  -25.046  15.565 0.0000000000
41311  -46.713  -25.328  13.100 0.0000000000
42076  -46.268  -24.922  12.357 0.0000000000
42078  -48.001  -23.837  13.116 0.0000000000
42865  -46.663  -23.964  12.005 0.0000000000
42875  -46.241  -23.741  11.211 0.0000000000
43676  -46.489  -23.074  10.837 0.0000000000
96989  -46.318  -22.850  10.167 0.0000000000
44468  -51.480  -21.668  13.133 0.0000000000
47113  -52.967  -18.735  12.930 0.0000000000
46199  -52.433  -19.641  12.796 0.0000000000
46211  -52.255  -19.414  12.247 0.0000000000
113068  -49.418  -20.712  11.114 0.0000000000
45345  -48.996  -21.188  11.376 0.0000000000
44495  -48.524  -21.839  11.682 0.0000000000
43682  -46.826  -22.098  9.895 0.0000000000
44528  -46.638  -21.716  9.061 0.0000000000
44543  -46.512  -21.270  8.139 0.0000000000
45386  -47.716  -20.418  8.702 0.0000000000
95799  -47.241  -20.523  8.129 0.0000000000
45398  -46.718  -20.663  7.535 0.0000000000
45410  -46.424  -20.529  6.762 0.0000000000
46275  -46.707  -19.827  6.261 0.0000000000
47186  -49.616  -18.450  8.350 0.0000000000
47198  -48.708  -18.562  7.201 0.0000000000
46277  -48.165  -18.823  6.789 0.0000000000
50594  -54.669  -14.299  7.834 0.0000000000
50593  -53.782  -14.649  7.539 0.0000000000
49804  -53.097  -15.132  7.612 0.0000000000
49813  -51.885  -15.509  6.541 0.0000000000
51374  -55.742  -12.877  6.047 0.0000000000
50616  -53.174  -14.137  5.473 0.0000000000
49821  -51.946  -15.153  5.815 0.0000000000
25477  -24.623  -44.228  25.692 0.0000000000
24674  -26.586  -46.458  22.245 0.0000000000
25515  -25.907  -45.584  22.222 0.0000000000
24673  -26.383  -46.037  21.928 0.0000000000
28876  -28.407  -40.545  24.643 0.0000000000
28875  -27.663  -40.595  24.360 0.0000000000
28097  -26.854  -40.892  23.206 0.0000000000
28899  -27.557  -40.629  22.645 0.0000000000
28096  -26.251  -41.269  22.765 0.0000000000
110300  -25.345  -42.378  21.995 0.0000000000
27280  -25.976  -41.877  20.030 0.0000000000
27270  -25.932  -41.914  20.753 0.0000000000
27269  -25.482  -42.445  20.501 0.0000000000
26432  -25.135  -43.071  21.044 0.0000000000
25548  -25.367  -44.777  20.441 0.0000000000
100770  -25.900  -45.781  19.033 0.0000000000
24684  -26.312  -45.843  19.834 0.0000000000
24705  -26.997  -46.129  15.234 0.0000000000
26475  -34.706  -43.746  18.481 0.0000000000
26474  -33.853  -43.561  18.734 0.0000000000
112354  -33.345  -43.428  18.197 0.0000000000
27341  -34.481  -42.645  15.653 0.0000000000
27340  -33.496  -42.564  15.510 0.0000000000
110846  -33.417  -42.857  16.104 0.0000000000
28196  -32.627  -42.164  14.934 0.0000000000
27339  -32.734  -42.428  15.399 0.0000000000
100898  -32.898  -42.719  16.008 0.0000000000
27326  -32.425  -42.794  16.635 0.0000000000
27313  -31.637  -42.468  16.697 0.0000000000
28171  -30.986  -42.147  16.727 0.0000000000
101349  -29.801  -40.453  14.727 0.0000000000
106884  -29.871  -40.675  15.426 0.0000000000
28982  -29.035  -40.544  15.402 0.0000000000
96431  -28.255  -40.641  15.084 0.0000000000
28989  -27.847  -40.625  14.492 0.0000000000
28217  -26.890  -41.089  13.487 0.0000000000
30601  -32.442  -38.853  11.262 0.0000000000
29794  -31.554  -39.221  11.492 0.0000000000
107342  -30.838  -39.472  11.660 0.0000000000
96795  -30.159  -39.506  11.357 0.0000000000
29775  -29.701  -39.666  11.886 0.0000000000
99204  -28.557  -39.732  9.680 0.0000000000
29803  -28.528  -39.747  10.492 0.0000000000
29774  -28.880  -39.711  11.761 0.0000000000
29030  -28.041  -40.037  11.699 0.0000000000
29017  -27.806  -40.213  12.477 0.0000000000
99809  -27.493  -40.610  11.895 0.0000000000
28221  -27.134  -40.971  12.502 0.0000000000
28220  -26.655  -41.603  12.800 0.0000000000
26523  -26.690  -43.233  12.045 0.0000000000
25598  -26.661  -44.318  12.967 0.0000000000
27357  -26.824  -42.493  11.705 0.0000000000
28209  -32.089  -41.854  14.865 0.0000000000
28241  -27.593  -41.542  9.991 0.0000000000
29018  -28.574  -39.836  12.370 0.0000000000
29792  -29.268  -39.593  11.045 0.0000000000
32260  -50.328  -36.743  16.749 0.0000000000
37357  -49.733  -30.254  18.272 0.0000000000
38171  -52.915  -29.678  17.401 0.0000000000
42022  -51.412  -24.373  19.119 0.0000000000
42128  -45.824  -24.068  6.971 0.0000000000
42822  -51.447  -23.358  17.536 0.0000000000
50572  -55.488  -14.450  9.402 0.0000000000
107109  -45.256  -39.415  17.522 0.0000000000
108709  -45.577  -25.840  11.361 0.0000000000
109333  -52.900  -29.191  17.018 0.0000000000
109892  -53.454  -30.510  16.562 0.0000000000
110579  -41.405  -43.724  20.119 0.0000000000
111641  -52.499  -28.543  14.741 0.0000000000
112974  -46.677  -40.535  19.268 0.0000000000
