#!ascii label  , from subject sub-v1s1x0050650_ses-1 vox2ras=TkReg
299
61796  -23.997  -0.930  -44.289 0.0000000000
59252  -21.058  -4.706  -41.842 0.0000000000
59266  -26.309  -4.593  -42.852 0.0000000000
55976  -23.493  -8.315  -42.010 0.0000000000
70605  -24.667  9.183  -41.591 0.0000000000
69048  -27.859  7.144  -41.607 0.0000000000
65817  -21.800  3.568  -43.345 0.0000000000
52655  -22.501  -12.320  -39.505 0.0000000000
57546  -22.341  -6.491  -41.801 0.0000000000
55946  -20.834  -8.731  -40.168 0.0000000000
69832  -26.435  8.325  -42.485 0.0000000000
68222  -24.505  6.532  -42.271 0.0000000000
62554  -21.422  -0.665  -43.122 0.0000000000
64173  -20.004  1.815  -42.221 0.0000000000
64187  -23.281  1.500  -44.469 0.0000000000
64977  -25.438  2.869  -42.896 0.0000000000
63350  -25.984  1.031  -42.671 0.0000000000
62556  -27.223  -0.420  -42.501 0.0000000000
60095  -20.308  -2.983  -41.156 0.0000000000
60117  -22.179  -2.885  -43.227 0.0000000000
60939  -24.945  -2.466  -43.515 0.0000000000
58426  -23.927  -5.188  -43.226 0.0000000000
57565  -24.951  -6.452  -42.769 0.0000000000
55979  -26.061  -8.604  -41.789 0.0000000000
107136  -21.489  5.416  -42.107 0.0000000000
65789  -25.169  4.689  -42.478 0.0000000000
101381  -27.995  4.848  -41.606 0.0000000000
54313  -20.537  -9.970  -39.312 0.0000000000
54328  -22.700  -10.343  -40.820 0.0000000000
56718  -19.997  -7.356  -39.657 0.0000000000
55945  -19.953  -8.240  -39.375 0.0000000000
69045  -24.754  7.242  -42.173 0.0000000000
97926  -23.597  6.509  -41.958 0.0000000000
97191  -22.542  -0.826  -43.946 0.0000000000
63359  -22.020  0.498  -44.016 0.0000000000
63361  -23.598  0.710  -44.485 0.0000000000
104245  -24.480  1.155  -43.879 0.0000000000
63363  -24.756  0.422  -43.495 0.0000000000
63351  -26.921  0.619  -42.342 0.0000000000
108605  -25.798  -0.605  -43.081 0.0000000000
59261  -20.832  -3.774  -41.757 0.0000000000
60105  -20.889  -2.750  -41.934 0.0000000000
59262  -21.652  -4.261  -42.434 0.0000000000
59274  -22.936  -4.178  -43.522 0.0000000000
59263  -22.428  -4.651  -42.938 0.0000000000
56747  -23.204  -7.549  -42.037 0.0000000000
57547  -23.590  -6.953  -42.343 0.0000000000
104884  -24.695  -7.739  -42.410 0.0000000000
112224  -25.559  -7.560  -42.295 0.0000000000
55977  -24.463  -8.469  -42.116 0.0000000000
70604  -24.379  8.825  -41.071 0.0000000000
103058  -23.567  9.848  -40.422 0.0000000000
71418  -24.547  10.134  -41.147 0.0000000000
71427  -24.763  10.240  -42.102 0.0000000000
70632  -25.609  9.237  -42.899 0.0000000000
69047  -27.323  7.922  -42.075 0.0000000000
64972  -20.792  3.132  -43.161 0.0000000000
65800  -20.571  3.995  -42.721 0.0000000000
95257  -21.948  4.088  -42.892 0.0000000000
66587  -22.967  5.068  -42.623 0.0000000000
66602  -23.552  4.386  -42.972 0.0000000000
104039  -26.951  3.112  -42.325 0.0000000000
96502  -26.739  3.847  -42.187 0.0000000000
101866  -28.321  3.960  -41.594 0.0000000000
60108  -26.522  -3.654  -42.960 0.0000000000
60927  -26.736  -2.621  -42.898 0.0000000000
53460  -21.166  -11.494  -38.945 0.0000000000
94212  -21.581  -11.165  -39.666 0.0000000000
54314  -21.286  -10.425  -39.841 0.0000000000
53483  -23.013  -11.183  -40.542 0.0000000000
57544  -20.848  -5.757  -41.057 0.0000000000
58400  -22.176  -5.799  -42.027 0.0000000000
57531  -21.002  -6.611  -41.246 0.0000000000
56729  -21.396  -7.277  -41.311 0.0000000000
97223  -22.486  -8.573  -41.245 0.0000000000
69821  -24.729  8.467  -41.873 0.0000000000
70617  -25.401  8.702  -42.527 0.0000000000
69037  -24.875  7.853  -42.072 0.0000000000
98998  -25.538  7.390  -42.398 0.0000000000
68223  -25.562  6.597  -42.434 0.0000000000
62541  -19.984  -0.702  -41.634 0.0000000000
62552  -20.209  0.116  -42.279 0.0000000000
64184  -21.425  1.188  -43.738 0.0000000000
64988  -22.413  2.704  -44.061 0.0000000000
64975  -23.703  3.109  -43.752 0.0000000000
64990  -24.164  2.420  -43.938 0.0000000000
64175  -25.760  1.992  -42.861 0.0000000000
100278  -27.489  1.963  -42.119 0.0000000000
64177  -27.648  1.194  -42.122 0.0000000000
98018  -23.513  -12.996  -38.888 0.0000000000
53472  -23.301  -11.977  -40.035 0.0000000000
102266  -20.906  -1.830  -42.149 0.0000000000
60935  -22.058  -1.996  -43.444 0.0000000000
61785  -23.297  -1.893  -44.165 0.0000000000
61786  -24.172  -1.808  -43.985 0.0000000000
93992  -23.831  -3.006  -43.835 0.0000000000
60120  -24.143  -3.816  -43.713 0.0000000000
59265  -25.503  -4.923  -43.170 0.0000000000
58414  -23.553  -5.669  -42.880 0.0000000000
58415  -24.277  -5.903  -43.034 0.0000000000
58417  -26.081  -5.474  -42.707 0.0000000000
57550  -26.377  -6.829  -42.056 0.0000000000
56750  -27.025  -7.343  -41.710 0.0000000000
70633  -26.439  9.609  -42.732 0.0000000000
67386  -23.251  5.826  -42.202 0.0000000000
67388  -25.163  5.654  -42.465 0.0000000000
67389  -26.119  5.788  -42.336 0.0000000000
65805  -25.048  3.760  -42.730 0.0000000000
66589  -26.593  4.606  -42.134 0.0000000000
67390  -27.689  5.638  -41.697 0.0000000000
61774  -26.609  -1.658  -42.966 0.0000000000
61776  -27.810  -1.246  -42.450 0.0000000000
55938  -19.494  -8.843  -38.226 0.0000000000
55135  -20.331  -9.135  -39.362 0.0000000000
55151  -21.608  -9.308  -40.431 0.0000000000
94431  -23.242  -9.736  -41.338 0.0000000000
53484  -23.890  -11.249  -40.515 0.0000000000
54330  -24.491  -10.512  -40.854 0.0000000000
55165  -24.586  -9.229  -41.684 0.0000000000
68221  -22.701  6.411  -41.483 0.0000000000
62573  -23.619  -0.756  -44.402 0.0000000000
63369  -23.303  -0.105  -44.427 0.0000000000
62574  -23.855  -0.148  -44.366 0.0000000000
63362  -24.186  0.581  -44.214 0.0000000000
62566  -24.396  -0.293  -43.935 0.0000000000
62555  -25.277  -0.118  -43.081 0.0000000000
62567  -25.066  -0.724  -43.403 0.0000000000
58398  -20.564  -5.007  -41.205 0.0000000000
59251  -20.507  -4.372  -41.279 0.0000000000
58412  -21.878  -5.078  -42.294 0.0000000000
56748  -23.961  -7.687  -42.310 0.0000000000
101963  -24.192  9.546  -40.757 0.0000000000
71428  -25.087  9.392  -42.355 0.0000000000
105247  -25.085  9.696  -43.117 0.0000000000
94666  -26.985  7.121  -42.227 0.0000000000
69038  -27.963  7.872  -41.231 0.0000000000
64987  -21.663  3.008  -43.688 0.0000000000
112270  -20.351  3.578  -42.745 0.0000000000
64973  -21.227  3.571  -43.208 0.0000000000
65801  -21.201  4.062  -42.834 0.0000000000
66601  -22.722  4.269  -43.034 0.0000000000
65802  -22.455  3.622  -43.400 0.0000000000
65791  -28.235  3.193  -41.715 0.0000000000
106638  -27.542  3.512  -42.006 0.0000000000
59267  -27.104  -4.278  -42.481 0.0000000000
52654  -21.740  -12.164  -39.096 0.0000000000
53470  -21.850  -11.788  -39.525 0.0000000000
53471  -22.393  -11.606  -40.008 0.0000000000
57530  -20.297  -6.187  -40.539 0.0000000000
57521  -19.965  -6.640  -39.970 0.0000000000
55956  -20.470  -7.923  -40.122 0.0000000000
55957  -21.170  -7.950  -40.746 0.0000000000
55958  -22.101  -7.903  -41.149 0.0000000000
93492  -21.837  -8.614  -40.733 0.0000000000
69820  -24.304  8.113  -41.109 0.0000000000
105402  -26.226  7.052  -42.445 0.0000000000
62542  -20.385  -0.644  -42.219 0.0000000000
62553  -20.820  -0.246  -42.779 0.0000000000
63360  -22.773  0.801  -44.445 0.0000000000
97935  -22.068  1.304  -44.279 0.0000000000
64185  -21.842  2.096  -44.122 0.0000000000
64186  -22.610  1.842  -44.339 0.0000000000
64989  -23.302  2.386  -44.181 0.0000000000
64189  -25.096  1.333  -43.291 0.0000000000
64979  -27.064  2.435  -42.275 0.0000000000
64176  -26.730  1.702  -42.351 0.0000000000
64162  -28.227  1.778  -41.897 0.0000000000
63352  -27.887  0.299  -42.243 0.0000000000
62557  -28.187  -0.504  -42.257 0.0000000000
60916  -19.931  -2.307  -40.616 0.0000000000
60917  -20.343  -2.126  -41.454 0.0000000000
60926  -21.544  -2.360  -42.644 0.0000000000
60936  -22.757  -2.400  -43.793 0.0000000000
61784  -22.655  -1.556  -43.959 0.0000000000
60947  -23.767  -2.262  -44.065 0.0000000000
60937  -23.418  -2.719  -43.858 0.0000000000
59275  -23.671  -4.457  -43.568 0.0000000000
59277  -24.855  -4.381  -43.420 0.0000000000
59276  -24.298  -4.778  -43.452 0.0000000000
57563  -23.080  -6.212  -42.320 0.0000000000
112111  -24.390  -6.419  -42.779 0.0000000000
57564  -23.896  -6.364  -42.695 0.0000000000
58416  -25.295  -5.705  -42.968 0.0000000000
57566  -25.815  -6.280  -42.521 0.0000000000
97689  -26.093  -7.660  -41.959 0.0000000000
70618  -26.384  8.957  -42.618 0.0000000000
63337  -19.870  0.878  -41.916 0.0000000000
66585  -20.595  5.666  -42.074 0.0000000000
67380  -21.307  6.064  -41.720 0.0000000000
67385  -22.208  5.793  -41.990 0.0000000000
66588  -23.835  5.093  -42.542 0.0000000000
100744  -24.562  5.109  -42.486 0.0000000000
103210  -25.935  5.040  -42.374 0.0000000000
64976  -24.519  3.040  -43.342 0.0000000000
65804  -24.070  3.732  -43.187 0.0000000000
66590  -27.366  4.289  -41.917 0.0000000000
101572  -27.155  5.054  -41.912 0.0000000000
67391  -28.621  5.503  -41.441 0.0000000000
61787  -25.038  -1.561  -43.522 0.0000000000
60940  -25.915  -2.105  -43.374 0.0000000000
98221  -27.337  -1.919  -42.609 0.0000000000
54301  -20.199  -10.225  -38.496 0.0000000000
55127  -19.957  -9.417  -38.624 0.0000000000
54327  -21.832  -10.043  -40.426 0.0000000000
55152  -22.418  -9.399  -40.971 0.0000000000
53473  -24.231  -11.699  -39.779 0.0000000000
55153  -24.147  -9.849  -41.371 0.0000000000
108664  -24.314  7.661  -41.594 0.0000000000
68215  -23.935  7.167  -41.825 0.0000000000
62564  -22.007  -0.342  -43.703 0.0000000000
62565  -22.658  -0.155  -44.175 0.0000000000
104130  -23.971  1.558  -44.320 0.0000000000
109107  -25.404  0.517  -42.956 0.0000000000
95465  -26.128  -0.003  -42.683 0.0000000000
95161  -26.494  -0.863  -42.885 0.0000000000
60089  -20.196  -3.733  -40.850 0.0000000000
60106  -21.562  -3.330  -42.519 0.0000000000
60107  -22.235  -3.815  -43.139 0.0000000000
60118  -22.843  -3.289  -43.626 0.0000000000
59264  -23.208  -4.951  -43.217 0.0000000000
98195  -22.976  -6.864  -41.972 0.0000000000
57548  -24.389  -7.000  -42.560 0.0000000000
99905  -25.630  -7.050  -42.349 0.0000000000
57549  -25.137  -7.349  -42.507 0.0000000000
56749  -25.372  -8.082  -42.231 0.0000000000
70603  -23.892  8.863  -40.775 0.0000000000
71439  -25.731  9.818  -43.158 0.0000000000
69046  -26.283  7.687  -42.435 0.0000000000
69833  -27.220  8.725  -42.145 0.0000000000
65788  -19.423  3.928  -41.478 0.0000000000
66598  -20.000  4.770  -42.486 0.0000000000
66599  -20.456  4.784  -42.463 0.0000000000
66600  -21.292  4.732  -42.415 0.0000000000
66586  -22.115  4.821  -42.471 0.0000000000
66603  -24.378  4.437  -42.701 0.0000000000
65806  -26.044  3.399  -42.425 0.0000000000
60122  -25.859  -3.059  -43.416 0.0000000000
60928  -27.525  -2.627  -42.472 0.0000000000
97239  -20.523  -10.907  -38.474 0.0000000000
54302  -20.839  -10.717  -39.173 0.0000000000
54315  -22.134  -10.824  -40.248 0.0000000000
96281  -19.922  -5.186  -40.466 0.0000000000
58399  -21.312  -5.450  -41.706 0.0000000000
57545  -21.551  -6.162  -41.579 0.0000000000
111430  -21.695  -6.755  -41.544 0.0000000000
56728  -20.627  -7.140  -40.527 0.0000000000
56746  -22.400  -7.237  -41.618 0.0000000000
55975  -22.798  -8.089  -41.704 0.0000000000
55163  -23.011  -8.907  -41.625 0.0000000000
69819  -23.912  8.051  -40.815 0.0000000000
69831  -25.524  8.117  -42.366 0.0000000000
111194  -25.546  7.779  -42.371 0.0000000000
68224  -26.541  6.449  -42.281 0.0000000000
63348  -20.404  1.153  -42.574 0.0000000000
63349  -21.355  0.160  -43.468 0.0000000000
102270  -20.822  0.606  -43.051 0.0000000000
108943  -20.872  1.443  -43.229 0.0000000000
64986  -21.210  2.211  -43.546 0.0000000000
65818  -22.229  3.226  -43.705 0.0000000000
64974  -22.867  3.121  -43.765 0.0000000000
64188  -24.500  1.793  -43.835 0.0000000000
64991  -24.931  2.287  -43.445 0.0000000000
64978  -26.322  2.607  -42.494 0.0000000000
64961  -27.745  2.656  -42.006 0.0000000000
58418  -26.930  -5.191  -42.414 0.0000000000
52644  -22.797  -13.066  -39.026 0.0000000000
52656  -23.176  -12.573  -39.450 0.0000000000
61761  -20.340  -1.311  -41.845 0.0000000000
61772  -20.895  -1.010  -42.452 0.0000000000
61773  -21.517  -1.488  -42.821 0.0000000000
61783  -22.053  -1.127  -43.494 0.0000000000
61794  -23.138  -0.999  -44.359 0.0000000000
61795  -23.662  -1.454  -44.296 0.0000000000
101161  -24.471  -1.064  -43.809 0.0000000000
60938  -24.154  -2.809  -43.806 0.0000000000
60119  -23.516  -3.594  -43.746 0.0000000000
60121  -24.873  -3.427  -43.454 0.0000000000
59278  -25.684  -4.014  -43.297 0.0000000000
58413  -22.745  -5.401  -42.628 0.0000000000
58428  -24.840  -5.214  -43.366 0.0000000000
58401  -26.681  -6.051  -42.262 0.0000000000
70619  -27.190  9.460  -42.225 0.0000000000
67387  -24.163  5.775  -42.300 0.0000000000
68225  -27.372  6.401  -41.911 0.0000000000
65803  -23.232  3.685  -43.384 0.0000000000
65790  -25.902  4.213  -42.301 0.0000000000
110798  -26.531  5.243  -42.166 0.0000000000
106919  -26.892  5.759  -42.045 0.0000000000
68226  -28.235  6.291  -41.470 0.0000000000
61788  -25.890  -1.254  -43.286 0.0000000000
61775  -27.086  -1.223  -42.635 0.0000000000
55939  -19.785  -8.745  -38.795 0.0000000000
55136  -20.999  -9.665  -39.992 0.0000000000
54329  -23.579  -10.533  -40.964 0.0000000000
55164  -23.802  -9.078  -41.716 0.0000000000
58427  -24.422  -5.386  -43.270 0.0000000000
101822  -19.582  0.897  -41.159 0.0000000000
112414  -24.815  -0.186  -43.438 0.0000000000
112552  -24.726  -5.742  -43.121 0.0000000000
