#!ascii label  , from subject sub-v1s1x0050650_ses-1 vox2ras=TkReg
1545
5570  -37.627  -71.543  -40.218 0.1000000015
111936  -37.028  -71.510  -40.275 0.1000000015
6146  -35.473  -70.978  -39.364 0.1000000015
6160  -36.288  -70.696  -40.059 0.1000000015
6159  -35.055  -70.033  -39.318 0.1000000015
6808  -36.701  -69.883  -40.255 0.1000000015
6806  -34.442  -69.099  -39.499 0.1000000015
8149  -35.284  -67.796  -40.313 0.1000000015
8150  -36.033  -67.486  -40.465 0.1000000015
8157  -35.291  -67.400  -40.733 0.1000000015
8802  -36.029  -67.040  -40.795 0.1000000015
8166  -35.625  -67.180  -41.369 0.1000000015
8165  -34.564  -67.497  -41.187 0.1000000015
8184  -37.818  -67.451  -42.837 0.1000000015
8182  -34.876  -67.587  -41.968 0.1000000015
8183  -35.777  -67.528  -42.300 0.1000000015
6792  -38.302  -70.513  -39.165 0.1000000015
6147  -38.059  -71.262  -39.819 0.1000000015
6161  -37.481  -70.820  -40.500 0.1000000015
106339  -38.954  -70.034  -39.799 0.1000000015
6809  -38.334  -70.422  -40.308 0.1000000015
6824  -38.630  -69.714  -40.262 0.1000000015
7462  -36.152  -68.538  -40.149 0.1000000015
7485  -38.221  -68.494  -40.232 0.1000000015
8158  -37.633  -67.333  -40.414 0.1000000015
8813  -36.689  -66.785  -41.208 0.1000000015
10333  -40.726  -63.990  -43.673 0.1000000015
9581  -40.429  -65.879  -43.551 0.1000000015
8846  -39.921  -66.606  -43.724 0.1000000015
104909  -40.070  -66.775  -43.169 0.1000000015
104124  -38.724  -67.636  -43.501 0.1000000015
8829  -38.130  -66.785  -42.302 0.1000000015
8828  -37.158  -66.826  -42.076 0.1000000015
104143  -36.864  -67.710  -42.803 0.1000000015
8167  -36.361  -67.037  -41.912 0.1000000015
7421  -37.357  -68.911  -37.309 0.1000000015
8132  -38.029  -67.987  -37.750 0.2000000030
98667  -37.724  -68.651  -37.684 0.2000000030
7422  -37.928  -69.513  -38.192 0.1000000015
8133  -39.199  -68.206  -38.408 0.1000000015
7423  -38.608  -68.901  -38.404 0.1000000015
7441  -39.614  -68.913  -39.035 0.1000000015
7440  -38.978  -69.629  -39.190 0.1000000015
15151  -42.733  -58.231  -42.007 0.1000000015
14344  -42.737  -59.158  -42.102 0.1000000015
7442  -40.012  -68.445  -39.222 0.1000000015
7486  -39.109  -69.107  -39.962 0.1000000015
98366  -42.460  -59.471  -42.510 0.1000000015
13507  -42.854  -60.039  -42.126 0.1000000015
104185  -42.584  -61.506  -42.385 0.1000000015
96860  -42.661  -61.770  -41.795 0.1000000015
11104  -42.439  -63.020  -42.176 0.1000000015
7463  -39.729  -68.360  -39.608 0.1000000015
97394  -38.738  -67.455  -40.158 0.1000000015
8803  -36.770  -67.059  -40.628 0.1000000015
12683  -42.716  -60.920  -42.097 0.1000000015
11917  -42.225  -61.717  -43.116 0.1000000015
11903  -42.579  -62.157  -42.345 0.1000000015
10314  -41.795  -64.320  -42.639 0.1000000015
10315  -42.326  -63.928  -41.956 0.1000000015
9548  -41.687  -65.588  -41.596 0.1000000015
8832  -41.057  -66.084  -42.016 0.1000000015
8804  -37.722  -66.663  -40.780 0.1000000015
11902  -42.064  -62.549  -43.001 0.1000000015
10334  -41.351  -63.756  -43.349 0.1000000015
10313  -41.249  -64.831  -43.219 0.1000000015
9562  -41.225  -65.637  -42.663 0.1000000015
8815  -39.457  -66.299  -41.287 0.1000000015
105558  -40.862  -65.587  -43.274 0.1000000015
8847  -40.623  -66.228  -43.044 0.1000000015
8830  -39.452  -66.820  -42.638 0.1000000015
8814  -38.415  -66.447  -41.447 0.1000000015
8773  -37.436  -67.060  -37.358 0.1000000015
8131  -37.200  -67.862  -37.168 0.2000000030
7407  -37.132  -68.342  -36.692 0.1000000015
8111  -36.938  -67.184  -35.886 0.2000000030
7395  -37.185  -67.965  -36.022 0.2000000030
8774  -38.645  -67.164  -37.835 0.1000000015
8785  -39.799  -67.602  -38.409 0.1000000015
16665  -42.572  -56.420  -41.779 0.1000000015
15934  -42.662  -57.350  -41.890 0.1000000015
8141  -40.144  -68.196  -38.884 0.1000000015
8151  -40.482  -67.719  -39.308 0.1000000015
13495  -42.688  -60.553  -41.834 0.1000000015
12676  -42.507  -61.342  -41.548 0.1000000015
11874  -42.505  -62.354  -41.020 0.1000000015
11887  -42.607  -62.593  -41.532 0.1000000015
9539  -42.586  -64.376  -41.017 0.1000000015
9538  -42.319  -65.337  -40.611 0.1000000015
8807  -41.354  -66.471  -40.025 0.1000000015
96652  -39.772  -66.407  -40.583 0.1000000015
8159  -39.794  -67.162  -40.001 0.1000000015
109365  -37.539  -66.576  -41.511 0.1000000015
10239  -36.843  -64.790  -36.910 0.1000000015
9494  -36.691  -65.614  -36.622 0.1000000015
9496  -38.052  -65.471  -37.647 0.1000000015
9495  -37.219  -65.508  -37.227 0.1000000015
8772  -36.992  -66.288  -37.076 0.1000000015
8762  -36.669  -66.409  -36.514 0.2000000030
8755  -36.662  -66.555  -35.943 0.2000000030
8756  -37.069  -66.716  -35.479 0.2000000030
103509  -38.651  -66.225  -37.741 0.1000000015
8775  -39.827  -66.669  -38.098 0.1000000015
8786  -40.665  -67.441  -38.722 0.1000000015
15150  -42.379  -57.964  -41.509 0.1000000015
14332  -41.737  -58.663  -41.065 0.1000000015
14331  -41.111  -59.337  -40.652 0.1000000015
8143  -41.005  -67.395  -39.048 0.1000000015
17423  -42.422  -55.928  -42.172 0.1000000015
17418  -42.549  -55.448  -41.698 0.1000000015
14343  -42.513  -58.880  -41.708 0.1000000015
103224  -42.329  -60.811  -41.294 0.1000000015
12675  -42.222  -61.705  -40.850 0.1000000015
11073  -42.312  -63.322  -40.264 0.1000000015
10273  -42.234  -64.779  -39.330 0.1000000015
9515  -42.180  -65.763  -39.047 0.1000000015
8788  -41.877  -66.439  -38.997 0.1000000015
18247  -42.375  -54.890  -42.077 0.1000000015
102971  -42.550  -63.113  -40.887 0.1000000015
10289  -42.594  -64.658  -40.121 0.1000000015
8796  -42.061  -66.118  -39.659 0.1000000015
8806  -40.578  -66.835  -39.917 0.1000000015
18246  -41.616  -54.680  -42.483 0.1000000015
17421  -40.828  -55.382  -42.937 0.1000000015
103365  -41.346  -53.698  -42.413 0.1000000015
11025  -37.295  -63.146  -37.873 0.1000000015
10240  -37.541  -64.712  -37.487 0.1000000015
11026  -37.921  -63.982  -37.918 0.1000000015
10226  -36.447  -64.823  -36.161 0.1000000015
9480  -36.463  -65.767  -35.983 0.1000000015
11039  -38.362  -63.215  -38.561 0.1000000015
10241  -38.487  -64.778  -37.885 0.1000000015
9467  -36.757  -65.938  -35.477 0.2000000030
10255  -38.916  -64.214  -38.345 0.1000000015
18236  -42.089  -54.339  -40.737 0.1000000015
17411  -42.397  -54.949  -41.192 0.1000000015
17410  -41.604  -55.187  -40.579 0.1000000015
16653  -41.239  -55.942  -40.431 0.1000000015
15924  -42.200  -57.011  -41.331 0.1000000015
15923  -41.330  -56.701  -40.638 0.1000000015
15136  -41.213  -57.775  -40.680 0.1000000015
111868  -38.594  -62.451  -39.070 0.1000000015
97954  -39.536  -63.784  -38.799 0.1000000015
10242  -39.365  -64.944  -38.160 0.1000000015
9513  -40.323  -65.646  -38.226 0.1000000015
104992  -42.116  -55.941  -41.117 0.1000000015
13493  -41.649  -60.197  -40.812 0.1000000015
12674  -40.701  -60.922  -40.358 0.1000000015
12667  -41.161  -61.938  -40.313 0.1000000015
11041  -40.590  -64.163  -38.901 0.1000000015
10257  -41.057  -65.011  -38.580 0.1000000015
100201  -40.884  -66.623  -38.462 0.1000000015
19039  -42.478  -53.570  -40.962 0.1000000015
101681  -41.657  -61.117  -40.730 0.1000000015
11055  -41.097  -63.581  -39.494 0.1000000015
10272  -41.528  -64.444  -39.020 0.1000000015
10258  -41.819  -65.242  -38.818 0.1000000015
9514  -41.565  -66.031  -38.616 0.1000000015
18237  -42.583  -54.185  -41.338 0.1000000015
18242  -42.545  -54.083  -41.769 0.1000000015
19040  -42.620  -53.586  -41.469 0.1000000015
19054  -42.295  -53.970  -42.138 0.1000000015
19053  -42.124  -53.220  -42.077 0.1000000015
19052  -39.944  -53.306  -42.653 0.1000000015
104396  -36.506  -64.110  -36.598 0.1000000015
110740  -37.681  -62.759  -38.356 0.1000000015
11830  -37.220  -62.328  -38.237 0.1000000015
11024  -36.459  -63.348  -37.070 0.1000000015
11845  -37.920  -62.308  -38.691 0.1000000015
12659  -37.436  -61.458  -38.580 0.1000000015
112089  -36.298  -64.183  -36.101 0.1000000015
103817  -36.660  -65.006  -35.436 0.1000000015
12660  -38.392  -61.583  -39.197 0.1000000015
102992  -40.567  -57.123  -40.243 0.1000000015
12665  -39.146  -61.331  -39.640 0.1000000015
11846  -39.300  -62.969  -39.199 0.1000000015
110253  -36.947  -64.687  -34.820 0.1000000015
104679  -40.865  -58.653  -40.529 0.1000000015
13492  -40.428  -60.022  -40.304 0.1000000015
12666  -39.961  -61.609  -39.956 0.1000000015
19881  -42.618  -52.847  -41.339 0.1000000015
19048  -42.461  -53.371  -41.762 0.1000000015
19889  -42.309  -52.584  -41.834 0.1000000015
20720  -42.016  -51.714  -41.964 0.1000000015
19892  -41.270  -52.572  -42.279 0.1000000015
13469  -37.258  -60.463  -38.517 0.1000000015
12658  -36.704  -61.042  -38.101 0.1000000015
12642  -36.352  -61.529  -37.501 0.1000000015
14306  -37.282  -59.499  -38.435 0.1000000015
11829  -36.534  -62.414  -37.494 0.1000000015
13470  -38.017  -60.685  -38.986 0.1000000015
11814  -35.974  -61.956  -36.777 0.1000000015
10213  -36.370  -64.215  -35.626 0.1000000015
109676  -39.157  -60.086  -39.527 0.1000000015
11801  -35.969  -62.889  -35.516 0.1000000015
19038  -41.626  -53.637  -40.344 0.1000000015
18235  -41.066  -54.493  -40.130 0.1000000015
17398  -40.536  -55.454  -39.901 0.1000000015
98479  -39.876  -57.000  -39.770 0.1000000015
15135  -40.338  -58.348  -40.217 0.1000000015
15124  -39.626  -58.427  -39.728 0.1000000015
14321  -39.682  -59.840  -39.827 0.1000000015
13482  -38.777  -60.714  -39.439 0.1000000015
10998  -36.284  -63.517  -35.161 0.1000000015
10195  -36.665  -64.149  -34.981 0.1000000015
108036  -42.221  -52.833  -40.647 0.1000000015
15916  -40.122  -57.729  -40.021 0.1000000015
14330  -40.119  -59.133  -40.108 0.1000000015
13483  -39.655  -60.650  -39.873 0.1000000015
10986  -37.127  -64.076  -34.429 0.1000000015
112274  -42.579  -52.187  -40.983 0.1000000015
95032  -42.460  -51.980  -41.414 0.1000000015
99811  -41.679  -50.761  -42.008 0.1000000015
21527  -40.735  -50.418  -42.348 0.1000000015
14305  -36.656  -59.313  -37.899 0.1000000015
13468  -36.513  -60.160  -37.945 0.1000000015
107329  -36.276  -60.862  -37.528 0.1000000015
12625  -35.925  -61.177  -36.904 0.1000000015
100584  -37.831  -59.949  -38.843 0.1000000015
111087  -37.637  -58.866  -38.559 0.1000000015
103108  -36.025  -62.751  -36.514 0.1000000015
14320  -39.130  -59.280  -39.493 0.1000000015
14307  -38.133  -59.160  -38.968 0.1000000015
108463  -35.773  -62.248  -35.886 0.1000000015
19880  -41.123  -52.829  -39.939 0.1000000015
16640  -40.534  -56.408  -40.052 0.1000000015
15915  -39.361  -57.666  -39.472 0.1000000015
15123  -38.785  -58.381  -39.234 0.1000000015
11782  -35.783  -62.347  -35.049 0.1000000015
19873  -42.090  -52.043  -40.459 0.1000000015
19033  -40.636  -53.762  -39.740 0.1000000015
16639  -39.770  -56.197  -39.500 0.1000000015
11783  -36.206  -62.760  -34.697 0.1000000015
21517  -42.441  -50.459  -41.278 0.1000000015
20710  -42.543  -51.380  -41.001 0.1000000015
20711  -42.265  -51.083  -41.480 0.1000000015
21524  -42.126  -50.150  -41.646 0.1000000015
21528  -41.490  -49.887  -42.056 0.1000000015
16629  -37.888  -56.702  -37.955 0.1000000015
15902  -37.479  -57.641  -38.067 0.1000000015
15109  -37.137  -58.595  -38.125 0.1000000015
13444  -35.938  -60.393  -37.124 0.1000000015
13456  -35.567  -59.860  -36.493 0.1000000015
17387  -39.584  -55.349  -39.229 0.1000000015
16631  -39.099  -56.077  -38.850 0.1000000015
98035  -38.597  -56.762  -38.565 0.1000000015
15110  -38.004  -58.226  -38.613 0.1000000015
13443  -35.467  -60.736  -36.264 0.1000000015
20699  -40.905  -51.818  -39.777 0.1000000015
19872  -40.194  -52.520  -39.326 0.1000000015
18229  -40.116  -54.571  -39.525 0.1000000015
16638  -39.217  -56.881  -39.168 0.1000000015
113202  -35.577  -61.832  -35.373 0.1000000015
20709  -41.850  -51.233  -40.375 0.1000000015
10985  -36.701  -63.414  -34.527 0.1000000015
21516  -42.375  -50.596  -40.855 0.1000000015
22302  -42.453  -50.031  -41.226 0.1000000015
105287  -42.461  -49.286  -41.301 0.1000000015
22303  -42.342  -49.637  -41.501 0.1000000015
23063  -42.561  -48.740  -41.806 0.1000000015
22310  -42.123  -49.307  -41.888 0.1000000015
101555  -36.414  -58.759  -37.443 0.1000000015
14294  -36.118  -59.576  -37.311 0.1000000015
14280  -35.814  -59.008  -36.698 0.1000000015
95742  -35.298  -59.285  -35.802 0.1000000015
98418  -40.032  -51.862  -39.135 0.1000000015
18215  -39.386  -54.548  -38.870 0.1000000015
16630  -38.489  -55.964  -38.227 0.1000000015
21515  -41.492  -50.483  -40.236 0.1000000015
102871  -40.960  -51.031  -39.841 0.1000000015
20698  -40.202  -51.219  -39.325 0.1000000015
109742  -40.225  -53.207  -39.434 0.1000000015
19032  -39.830  -53.833  -39.165 0.1000000015
12610  -35.279  -61.123  -35.240 0.1000000015
22301  -42.071  -49.876  -40.671 0.1000000015
105925  -41.696  -49.019  -40.431 0.1000000015
23056  -42.444  -48.676  -41.004 0.1000000015
23057  -42.684  -48.610  -41.678 0.1000000015
23827  -42.634  -47.959  -41.290 0.1000000015
104035  -43.090  -48.139  -41.954 0.1000000015
16618  -37.937  -55.793  -37.637 0.1000000015
15889  -37.111  -57.094  -37.469 0.1000000015
15888  -36.448  -57.374  -36.929 0.1000000015
15078  -36.100  -58.176  -36.870 0.1000000015
15873  -35.847  -57.616  -36.278 0.1000000015
17386  -38.937  -55.264  -38.557 0.1000000015
22289  -41.043  -49.695  -39.979 0.1000000015
21502  -40.409  -50.409  -39.516 0.1000000015
23826  -41.769  -48.229  -40.432 0.1000000015
23828  -43.255  -47.604  -41.886 0.1000000015
24555  -43.364  -47.035  -41.949 0.1000000015
17373  -38.395  -55.153  -37.915 0.1000000015
110099  -39.724  -50.750  -38.951 0.1000000015
97909  -39.599  -53.109  -38.923 0.1000000015
18214  -38.773  -54.473  -38.263 0.1000000015
23050  -40.611  -48.804  -39.675 0.1000000015
110948  -41.184  -48.479  -40.055 0.1000000015
24554  -42.819  -46.951  -41.148 0.1000000015
25392  -43.417  -46.180  -42.003 0.1000000015
17372  -37.829  -55.027  -37.350 0.1000000015
106555  -38.606  -53.720  -38.022 0.1000000015
18198  -38.226  -54.343  -37.656 0.1000000015
22288  -40.082  -49.552  -39.314 0.1000000015
20693  -39.437  -51.439  -38.636 0.1000000015
19866  -39.486  -52.330  -38.723 0.1000000015
19025  -38.917  -53.000  -38.290 0.1000000015
100624  -43.292  -46.347  -41.560 0.1000000015
25380  -43.274  -45.323  -41.103 0.1000000015
19853  -38.439  -52.746  -37.692 0.1000000015
20692  -38.766  -51.264  -37.907 0.1000000015
95716  -38.860  -52.107  -38.111 0.1000000015
23817  -41.732  -47.356  -40.273 0.1000000015
25379  -42.582  -45.886  -40.489 0.1000000015
26266  -43.262  -44.726  -39.959 0.1000000015
23049  -39.847  -48.881  -39.045 0.1000000015
23816  -40.841  -47.866  -39.703 0.1000000015
24544  -40.860  -46.883  -39.425 0.1000000015
24545  -41.734  -46.420  -39.912 0.1000000015
25365  -42.577  -45.141  -39.792 0.1000000015
25364  -41.781  -45.596  -39.404 0.1000000015
23802  -40.239  -47.343  -38.906 0.1000000015
6807  -35.610  -69.406  -39.843 0.1000000015
6823  -37.623  -69.522  -40.371 0.1000000015
7461  -34.876  -68.330  -39.934 0.1000000015
7484  -37.004  -67.889  -40.293 0.1000000015
6148  -38.497  -70.581  -40.067 0.1000000015
6162  -38.138  -71.054  -40.347 0.1000000015
6793  -39.431  -69.295  -39.612 0.1000000015
101691  -40.517  -65.017  -43.554 0.1000000015
8863  -39.374  -67.209  -44.155 0.1000000015
8185  -39.514  -67.242  -43.684 0.1000000015
13494  -42.619  -59.861  -41.629 0.1000000015
11103  -41.907  -63.403  -42.804 0.1000000015
9549  -42.161  -64.822  -41.731 0.1000000015
9563  -41.671  -65.088  -42.438 0.1000000015
8817  -41.334  -66.005  -41.034 0.1000000015
8831  -40.299  -66.388  -42.285 0.1000000015
8805  -38.889  -66.503  -40.682 0.1000000015
8816  -40.502  -66.169  -40.975 0.1000000015
102969  -37.708  -66.260  -37.486 0.1000000015
99354  -36.930  -66.950  -36.955 0.2000000030
8120  -36.853  -67.313  -36.447 0.2000000030
11074  -42.575  -63.852  -40.531 0.1000000015
9530  -42.358  -65.386  -39.713 0.1000000015
9497  -39.139  -65.599  -37.889 0.1000000015
110871  -42.008  -59.385  -41.182 0.1000000015
8787  -41.373  -66.895  -38.847 0.1000000015
17412  -42.566  -54.697  -41.646 0.1000000015
11873  -42.011  -62.611  -40.385 0.1000000015
107703  -41.819  -63.307  -39.937 0.1000000015
10274  -42.469  -64.084  -39.850 0.1000000015
8795  -41.509  -66.822  -39.221 0.1000000015
96861  -37.026  -63.997  -37.341 0.1000000015
9450  -37.087  -65.367  -34.903 0.2000000030
10256  -39.972  -64.614  -38.505 0.1000000015
11859  -39.209  -62.115  -39.536 0.1000000015
11040  -40.116  -63.468  -39.273 0.1000000015
11860  -40.255  -62.669  -39.732 0.1000000015
20719  -40.864  -51.410  -42.284 0.1000000015
97736  -38.497  -59.972  -39.215 0.1000000015
15914  -38.684  -57.552  -38.902 0.1000000015
15903  -38.137  -57.373  -38.418 0.1000000015
23067  -42.844  -48.101  -42.088 0.1000000015
19026  -39.180  -53.785  -38.566 0.1000000015
16518  -45.070  -56.074  -31.166 0.5000000000
13373  -48.575  -60.703  -32.110 0.5000000000
14209  -48.992  -59.619  -32.587 0.5000000000
16517  -44.110  -56.129  -31.232 0.5000000000
16527  -44.689  -56.409  -31.933 0.5000000000
16528  -45.772  -56.287  -31.787 0.5000000000
113104  -48.570  -60.150  -33.144 0.5000000000
18127  -42.194  -54.783  -31.207 0.5000000000
17260  -42.682  -55.502  -30.849 0.5000000000
14228  -48.874  -59.309  -33.776 0.5000000000
17285  -43.249  -55.891  -31.421 0.5000000000
17284  -42.746  -55.390  -31.716 0.5000000000
16526  -43.724  -56.249  -32.036 0.5000000000
110051  -43.217  -55.797  -32.112 0.4000000060
16554  -44.217  -56.622  -32.749 0.4000000060
97112  -46.647  -60.808  -34.304 0.5000000000
13379  -45.783  -61.588  -33.003 0.5000000000
13399  -45.983  -61.067  -33.808 0.5000000000
13398  -45.085  -60.806  -33.709 0.5000000000
13415  -43.673  -60.150  -34.319 0.5000000000
13416  -44.804  -60.267  -35.008 0.5000000000
93823  -43.111  -59.719  -35.132 0.4000000060
14263  -43.122  -59.339  -35.914 0.4000000060
15786  -48.768  -57.581  -29.707 0.1000000015
14199  -49.035  -59.939  -31.375 0.5000000000
17261  -43.595  -55.734  -30.584 0.5000000000
17262  -44.581  -55.732  -30.520 0.5000000000
101803  -46.640  -56.466  -32.280 0.4000000060
18126  -41.725  -54.349  -30.448 0.5000000000
19741  -41.214  -52.496  -30.134 0.5000000000
18917  -41.555  -53.379  -30.510 0.5000000000
19755  -42.063  -52.324  -30.905 0.4000000060
18918  -42.256  -53.209  -31.332 0.3000000119
18142  -42.655  -54.743  -32.052 0.4000000060
16553  -43.529  -56.088  -32.914 0.4000000060
18936  -42.356  -54.008  -31.734 0.3000000119
15819  -44.663  -56.955  -33.581 0.6999999881
106151  -45.592  -57.293  -33.853 0.5000000000
17310  -43.137  -55.369  -32.494 0.4000000060
15818  -43.923  -56.563  -33.479 0.5000000000
15841  -45.115  -57.277  -34.652 0.6000000238
109769  -47.310  -58.112  -34.944 0.6000000238
15053  -48.342  -58.120  -34.781 0.6000000238
14227  -48.254  -60.001  -34.042 0.5000000000
12579  -46.513  -61.571  -33.046 0.3000000119
18937  -42.923  -53.246  -32.038 0.3000000119
105014  -43.230  -54.627  -32.847 0.3000000119
16571  -43.767  -56.234  -33.943 0.4000000060
15865  -46.508  -58.284  -35.850 0.6000000238
15051  -46.937  -58.742  -35.820 0.6000000238
13418  -47.105  -60.166  -35.056 0.5000000000
17323  -43.580  -55.511  -33.576 0.4000000060
15855  -44.785  -57.012  -35.472 0.5000000000
104392  -45.794  -57.664  -36.076 0.5000000000
14267  -46.413  -59.151  -36.439 0.5000000000
107801  -46.346  -60.001  -35.677 0.5000000000
13417  -45.773  -60.557  -34.859 0.5000000000
18966  -43.795  -54.109  -33.388 0.4000000060
100615  -43.729  -54.792  -33.743 0.4000000060
16592  -44.715  -56.151  -35.981 0.5000000000
15863  -45.332  -57.271  -36.892 0.5000000000
15877  -45.530  -58.537  -37.430 0.4000000060
14266  -45.706  -59.439  -36.567 0.5000000000
14248  -45.458  -60.016  -35.938 0.5000000000
18168  -44.226  -55.337  -34.828 0.4000000060
93480  -45.572  -57.958  -37.295 0.5000000000
15080  -45.065  -58.559  -37.650 0.4000000060
14265  -44.955  -59.617  -36.656 0.4000000060
108377  -44.893  -59.959  -35.976 0.5000000000
16593  -45.124  -56.750  -37.522 0.5000000000
15875  -44.760  -57.824  -37.849 0.4000000060
14264  -44.039  -59.327  -36.748 0.4000000060
94854  -44.947  -56.881  -37.945 0.3000000119
106484  -43.515  -57.812  -37.264 0.3000000119
15065  -42.486  -58.124  -36.230 0.3000000119
15050  -42.194  -58.893  -35.670 0.3000000119
15777  -49.160  -56.732  -29.345 0.1000000015
16513  -50.186  -56.206  -29.935 0.1000000015
15787  -49.725  -57.168  -30.098 0.1000000015
16519  -50.189  -56.421  -30.802 0.4000000060
15793  -49.962  -57.554  -30.791 0.4000000060
113406  -49.529  -58.208  -30.622 0.4000000060
94021  -49.317  -59.225  -30.921 0.5000000000
15799  -49.932  -57.423  -31.678 0.4000000060
15016  -49.675  -57.815  -32.328 0.5000000000
15000  -49.349  -58.898  -31.851 0.5000000000
17252  -44.141  -55.346  -29.845 0.5000000000
17253  -45.116  -55.225  -29.912 0.5000000000
98861  -45.537  -55.576  -30.578 0.5000000000
111381  -45.940  -55.861  -31.149 0.4000000060
15822  -49.407  -57.164  -33.378 0.5000000000
15015  -49.280  -58.381  -33.290 0.5000000000
110811  -41.777  -54.587  -29.722 0.5000000000
18102  -42.162  -55.032  -30.246 0.5000000000
17251  -43.070  -55.256  -29.855 0.5000000000
18901  -40.929  -53.284  -29.515 0.5000000000
16572  -48.897  -56.844  -33.791 0.6000000238
20581  -41.645  -51.754  -30.389 0.4000000060
20582  -42.401  -51.398  -30.678 0.2000000030
95273  -42.683  -50.697  -30.437 0.2000000030
20595  -42.947  -51.802  -31.185 0.3000000119
19784  -43.671  -53.062  -32.422 0.4000000060
20583  -43.376  -51.039  -30.806 0.3000000119
112150  -43.301  -52.089  -31.518 0.3000000119
19772  -44.373  -52.081  -31.863 0.4000000060
19785  -44.503  -52.666  -32.492 0.3000000119
18956  -44.119  -53.386  -33.015 0.4000000060
18156  -44.326  -54.477  -34.369 0.4000000060
18169  -45.052  -54.795  -35.691 0.4000000060
18967  -44.638  -53.781  -33.943 0.3000000119
102576  -45.736  -54.914  -36.986 0.3000000119
17349  -45.387  -55.853  -37.663 0.4000000060
17362  -45.423  -55.412  -38.159 0.3000000119
104707  -44.123  -57.003  -37.962 0.4000000060
18178  -46.145  -54.486  -37.705 0.2000000030
18190  -45.693  -54.782  -38.087 0.2000000030
16605  -43.593  -56.292  -37.518 0.3000000119
113156  -43.290  -56.984  -37.440 0.3000000119
19002  -45.586  -53.966  -38.029 0.1000000015
18188  -44.166  -54.945  -37.806 0.2000000030
20645  -44.973  -51.546  -35.659 0.1000000015
17254  -50.353  -55.291  -29.757 0.1000000015
17267  -50.222  -55.308  -30.620 0.2000000030
17289  -49.911  -55.626  -31.585 0.5000000000
16532  -50.013  -56.568  -31.712 0.4000000060
15823  -49.745  -56.760  -32.576 0.4000000060
18084  -44.718  -54.732  -29.313 0.5000000000
17263  -46.493  -55.397  -30.786 0.4000000060
17287  -48.338  -55.606  -31.878 0.4000000060
16530  -48.867  -56.016  -32.584 0.5000000000
16531  -49.540  -55.987  -32.403 0.5000000000
18082  -42.360  -54.815  -29.387 0.5000000000
18083  -43.810  -54.828  -29.233 0.4000000060
16557  -49.211  -56.404  -33.174 0.4000000060
21374  -40.892  -50.899  -29.558 0.4000000060
19740  -40.631  -52.455  -29.350 0.4000000060
111614  -41.324  -54.032  -29.681 0.5000000000
20569  -41.012  -51.708  -29.826 0.5000000000
21385  -41.774  -50.916  -30.140 0.4000000060
99552  -41.494  -50.131  -29.679 0.3000000119
21375  -42.489  -49.983  -30.051 0.3000000119
22170  -43.395  -49.547  -29.952 0.2000000030
21376  -43.354  -50.265  -30.342 0.2000000030
22933  -43.390  -48.901  -29.495 0.1000000015
22177  -44.098  -49.879  -30.219 0.3000000119
101677  -44.752  -49.620  -30.085 0.1000000015
97327  -44.012  -50.500  -30.566 0.3000000119
20597  -44.770  -51.574  -31.493 0.3000000119
21386  -44.828  -50.317  -30.511 0.2000000030
20598  -45.658  -51.555  -31.750 0.2000000030
19786  -45.593  -52.590  -32.966 0.2000000030
18968  -45.833  -53.596  -34.711 0.2000000030
20615  -46.111  -52.082  -32.597 0.2000000030
19797  -46.303  -53.027  -34.126 0.2000000030
18977  -46.682  -53.801  -36.396 0.2000000030
19787  -46.578  -52.569  -33.514 0.2000000030
19810  -47.197  -53.336  -35.656 0.1000000015
18990  -46.771  -53.964  -37.465 0.2000000030
18179  -46.282  -54.096  -37.718 0.2000000030
19799  -48.685  -52.590  -35.978 0.1000000015
109972  -47.523  -53.301  -36.790 0.1000000015
19839  -46.113  -53.383  -37.766 0.1000000015
18988  -44.573  -53.750  -37.540 0.1000000015
19829  -48.125  -52.829  -36.417 0.1000000015
20664  -47.256  -52.544  -36.905 0.1000000015
19838  -45.128  -53.191  -37.590 0.1000000015
20663  -45.951  -52.190  -36.743 0.1000000015
20662  -44.659  -52.082  -36.286 0.1000000015
21434  -45.636  -50.421  -34.307 0.1000000015
18107  -50.158  -54.424  -30.461 0.3000000119
17266  -49.642  -54.830  -31.151 0.3000000119
18904  -48.447  -53.467  -29.311 0.3000000119
18088  -48.817  -53.991  -30.240 0.3000000119
18903  -47.165  -53.722  -29.053 0.3000000119
17265  -48.790  -54.948  -31.364 0.5000000000
17288  -49.247  -55.460  -31.897 0.5000000000
18073  -44.376  -54.244  -28.760 0.4000000060
18085  -45.634  -54.565  -29.427 0.5000000000
18104  -47.046  -54.761  -30.364 0.4000000060
17264  -47.629  -55.231  -31.082 0.4000000060
20560  -40.189  -51.505  -28.441 0.4000000060
18885  -41.348  -53.564  -28.398 0.4000000060
18071  -42.623  -54.398  -28.701 0.5000000000
18072  -43.515  -54.333  -28.681 0.5000000000
101463  -40.216  -49.851  -28.732 0.4000000060
20568  -40.421  -51.629  -29.189 0.4000000060
18884  -40.755  -52.989  -28.685 0.5000000000
22162  -40.679  -48.899  -28.745 0.4000000060
112884  -40.740  -50.232  -29.274 0.4000000060
111627  -40.692  -47.620  -28.438 0.3000000119
22931  -41.654  -48.766  -29.108 0.3000000119
22169  -42.017  -49.376  -29.557 0.3000000119
22921  -42.298  -48.134  -28.920 0.3000000119
22932  -42.594  -48.762  -29.295 0.2000000030
23698  -44.207  -47.935  -29.031 0.1000000015
113372  -43.974  -48.523  -29.328 0.1000000015
22172  -45.103  -49.071  -29.796 0.1000000015
21387  -45.787  -50.384  -30.720 0.2000000030
22939  -45.917  -49.029  -29.945 0.1000000015
95915  -46.155  -51.012  -31.347 0.2000000030
20616  -47.329  -52.216  -33.450 0.1000000015
21417  -47.479  -51.613  -32.732 0.1000000015
20628  -48.527  -52.539  -34.907 0.1000000015
20617  -48.430  -52.042  -33.884 0.1000000015
19812  -48.434  -52.713  -36.210 0.1000000015
20647  -47.844  -52.067  -36.386 0.1000000015
20648  -48.703  -52.414  -36.055 0.1000000015
21455  -46.746  -51.155  -35.339 0.1000000015
21435  -46.895  -50.430  -34.626 0.1000000015
22226  -45.865  -49.734  -33.704 0.1000000015
22211  -46.088  -49.065  -33.117 0.1000000015
22977  -45.466  -48.517  -32.517 0.1000000015
23743  -45.792  -47.790  -32.187 0.1000000015
105656  -48.768  -52.880  -28.521 0.3000000119
19732  -49.758  -52.809  -28.519 0.2000000030
18891  -47.668  -53.134  -28.414 0.3000000119
18889  -45.620  -53.449  -28.301 0.4000000060
19729  -46.015  -52.931  -27.664 0.3000000119
19707  -40.595  -52.229  -27.960 0.3000000119
19728  -41.077  -52.951  -27.853 0.3000000119
18870  -41.831  -53.279  -27.679 0.4000000060
18887  -43.162  -53.799  -28.181 0.4000000060
18873  -44.928  -53.032  -27.788 0.3000000119
21365  -39.710  -49.759  -28.145 0.3000000119
18871  -42.801  -53.235  -27.659 0.4000000060
18872  -43.832  -53.091  -27.686 0.4000000060
19711  -44.454  -52.524  -27.079 0.3000000119
23681  -39.789  -46.839  -27.676 0.3000000119
22161  -39.913  -49.051  -28.312 0.3000000119
22919  -40.207  -48.094  -28.352 0.3000000119
24401  -40.166  -46.279  -27.773 0.3000000119
23685  -40.260  -47.110  -28.194 0.3000000119
24404  -40.800  -46.395  -28.241 0.3000000119
22920  -41.244  -48.035  -28.678 0.3000000119
23687  -42.002  -47.401  -28.665 0.3000000119
24406  -42.710  -46.731  -28.585 0.2000000030
23688  -43.553  -47.372  -28.773 0.1000000015
24407  -43.718  -46.475  -28.601 0.1000000015
25213  -44.698  -45.186  -28.595 0.1000000015
23690  -45.346  -46.765  -28.974 0.1000000015
23699  -45.152  -47.734  -29.170 0.1000000015
101257  -45.963  -47.888  -29.495 0.1000000015
22179  -46.454  -49.708  -30.479 0.2000000030
22180  -47.457  -49.360  -30.622 0.2000000030
22194  -47.278  -50.172  -31.120 0.2000000030
21404  -48.038  -50.617  -31.921 0.1000000015
97401  -48.208  -49.920  -31.311 0.1000000015
104961  -48.829  -51.020  -32.805 0.1000000015
20629  -49.286  -52.231  -35.425 0.1000000015
21419  -49.804  -51.073  -33.266 0.1000000015
20618  -49.439  -51.701  -34.120 0.1000000015
94541  -49.413  -51.806  -35.569 0.1000000015
20630  -49.971  -51.727  -35.229 0.1000000015
21457  -49.421  -51.044  -35.477 0.1000000015
21436  -48.055  -50.326  -34.765 0.1000000015
22227  -46.879  -49.629  -33.889 0.1000000015
22994  -46.986  -48.915  -33.310 0.1000000015
22995  -47.982  -48.865  -33.502 0.1000000015
22978  -46.353  -48.365  -32.686 0.1000000015
22979  -47.219  -48.252  -32.886 0.1000000015
23744  -46.697  -47.645  -32.386 0.1000000015
23725  -46.149  -47.049  -31.899 0.1000000015
24449  -45.592  -46.463  -31.484 0.1000000015
19716  -50.309  -52.730  -27.549 0.2000000030
19733  -50.315  -52.991  -28.354 0.2000000030
20536  -48.949  -52.366  -26.244 0.2000000030
19731  -47.977  -52.713  -27.749 0.3000000119
99238  -47.163  -52.457  -26.064 0.2000000030
19713  -47.170  -52.609  -27.130 0.3000000119
19730  -46.959  -52.843  -27.712 0.3000000119
106144  -40.991  -52.478  -27.315 0.3000000119
19708  -41.599  -52.710  -27.218 0.3000000119
94295  -45.529  -52.554  -27.025 0.3000000119
21361  -39.615  -49.994  -27.522 0.3000000119
21366  -39.799  -50.600  -28.150 0.3000000119
20553  -40.185  -51.378  -27.599 0.3000000119
19709  -42.457  -52.716  -27.162 0.3000000119
19710  -43.442  -52.571  -27.119 0.3000000119
23680  -39.544  -47.175  -27.103 0.3000000119
104036  -39.452  -48.709  -27.167 0.3000000119
109399  -42.147  -52.385  -26.677 0.3000000119
19685  -42.975  -52.273  -26.488 0.3000000119
19686  -43.946  -52.270  -26.369 0.2000000030
19687  -44.812  -52.348  -26.406 0.2000000030
24383  -40.141  -45.753  -26.750 0.2000000030
24400  -39.773  -46.300  -27.222 0.2000000030
106779  -40.178  -45.743  -27.355 0.3000000119
25209  -40.703  -45.562  -27.815 0.3000000119
25210  -41.430  -45.167  -28.058 0.3000000119
24405  -41.665  -46.575  -28.462 0.3000000119
102116  -42.050  -45.802  -28.383 0.2000000030
26126  -42.747  -44.146  -28.044 0.2000000030
25212  -43.178  -44.790  -28.364 0.1000000015
109993  -43.908  -44.731  -28.434 0.1000000015
26128  -45.220  -44.346  -28.615 0.1000000015
26944  -45.543  -42.872  -28.300 0.1000000015
29414  -47.037  -41.107  -27.934 0.1000000015
25214  -45.607  -45.251  -28.830 0.1000000015
26129  -46.077  -44.525  -28.854 0.1000000015
26945  -46.550  -43.834  -28.871 0.1000000015
27797  -47.469  -42.377  -28.825 0.1000000015
99513  -47.778  -40.784  -28.058 0.1000000015
96256  -49.177  -40.377  -27.976 0.1000000015
98984  -46.193  -46.827  -29.266 0.1000000015
25215  -46.405  -45.321  -29.174 0.1000000015
26140  -47.506  -44.529  -29.399 0.1000000015
26965  -47.760  -43.241  -29.227 0.1000000015
28632  -48.962  -41.899  -29.270 0.1000000015
29437  -48.775  -41.093  -28.831 0.1000000015
23700  -46.348  -47.437  -29.457 0.1000000015
23701  -47.005  -47.080  -29.590 0.1000000015
22936  -46.792  -47.987  -29.737 0.1000000015
22937  -47.709  -48.454  -30.217 0.2000000030
22181  -48.467  -49.171  -30.878 0.1000000015
21405  -48.988  -50.466  -32.167 0.1000000015
21437  -50.373  -51.418  -34.462 0.1000000015
20631  -50.397  -51.388  -35.103 0.1000000015
22245  -49.936  -50.687  -35.149 0.1000000015
22228  -48.920  -49.938  -34.536 0.1000000015
22996  -49.192  -49.133  -33.888 0.1000000015
109087  -47.704  -49.485  -33.996 0.1000000015
112968  -47.805  -48.223  -33.018 0.1000000015
23745  -47.738  -47.624  -32.647 0.1000000015
23726  -47.072  -46.895  -32.126 0.1000000015
20492  -45.366  -52.010  -24.620 0.2000000030
20534  -46.479  -52.493  -26.341 0.2000000030
19688  -46.374  -52.558  -26.752 0.3000000119
19712  -46.395  -52.672  -27.209 0.3000000119
21322  -43.707  -51.305  -24.231 0.2000000030
111504  -45.772  -52.224  -25.177 0.2000000030
20533  -45.636  -52.409  -26.297 0.2000000030
21347  -39.668  -50.095  -26.857 0.3000000119
21348  -40.084  -50.528  -26.390 0.3000000119
20529  -41.191  -51.636  -26.198 0.3000000119
20530  -42.288  -51.900  -25.990 0.3000000119
101615  -39.451  -48.916  -26.352 0.3000000119
21349  -40.814  -51.027  -25.848 0.3000000119
20509  -41.784  -51.353  -25.449 0.3000000119
25170  -40.706  -46.114  -25.456 0.2000000030
23665  -39.575  -47.355  -26.185 0.3000000119
111275  -40.589  -45.750  -26.146 0.2000000030
25185  -40.816  -45.052  -26.591 0.2000000030
25171  -41.147  -45.481  -25.780 0.2000000030
26095  -41.013  -44.714  -27.067 0.3000000119
26096  -41.336  -44.541  -26.763 0.3000000119
25202  -41.093  -44.854  -27.506 0.3000000119
26124  -41.680  -44.613  -27.714 0.2000000030
26117  -41.611  -44.364  -27.172 0.3000000119
26911  -42.508  -43.698  -26.591 0.2000000030
26931  -42.356  -43.753  -27.046 0.2000000030
26942  -42.984  -43.475  -27.503 0.2000000030
26943  -44.288  -42.631  -27.668 0.1000000015
25224  -48.166  -45.648  -29.773 0.1000000015
94385  -48.113  -44.815  -29.606 0.1000000015
26966  -48.540  -43.405  -29.523 0.1000000015
27799  -49.136  -42.774  -29.590 0.1000000015
23702  -47.881  -47.066  -29.878 0.1000000015
24421  -48.311  -46.416  -29.994 0.1000000015
108845  -48.728  -45.899  -30.139 0.1000000015
26157  -49.482  -44.358  -30.184 0.1000000015
106558  -47.526  -47.685  -29.874 0.1000000015
23703  -48.626  -47.099  -30.225 0.1000000015
108629  -49.326  -47.125  -30.493 0.1000000015
24429  -49.837  -46.679  -30.635 0.1000000015
25240  -50.411  -45.950  -30.847 0.1000000015
22941  -48.794  -48.439  -30.627 0.1000000015
23708  -50.122  -47.651  -30.915 0.1000000015
23727  -50.764  -48.514  -31.414 0.1000000015
22959  -49.551  -49.146  -31.235 0.1000000015
22195  -49.259  -49.822  -31.611 0.1000000015
22196  -50.369  -49.858  -31.942 0.1000000015
22197  -51.373  -49.795  -32.474 0.1000000015
109807  -50.930  -50.319  -32.787 0.1000000015
21420  -50.899  -50.935  -33.627 0.1000000015
21421  -51.289  -50.719  -34.027 0.1000000015
22229  -50.133  -50.035  -34.699 0.1000000015
21289  -42.674  -50.366  -22.324 0.3000000119
105833  -43.062  -50.925  -23.789 0.3000000119
20490  -43.748  -51.474  -25.201 0.2000000030
20511  -44.477  -51.930  -25.502 0.2000000030
107090  -44.859  -52.257  -25.956 0.2000000030
21321  -42.414  -50.773  -23.968 0.3000000119
21335  -43.020  -51.092  -24.551 0.3000000119
22906  -39.526  -48.209  -25.823 0.3000000119
22124  -40.076  -49.768  -25.023 0.3000000119
21333  -41.273  -50.879  -25.050 0.3000000119
20510  -42.801  -51.361  -25.292 0.3000000119
20532  -44.203  -52.072  -25.839 0.2000000030
24369  -40.085  -46.606  -24.972 0.2000000030
23654  -39.583  -47.492  -25.363 0.3000000119
22896  -39.552  -48.291  -24.975 0.3000000119
110083  -41.363  -45.876  -25.063 0.2000000030
25172  -42.027  -45.303  -25.429 0.2000000030
26075  -41.587  -44.726  -26.150 0.2000000030
26076  -42.328  -44.349  -25.919 0.3000000119
26894  -43.021  -43.500  -26.195 0.2000000030
22961  -51.798  -49.059  -32.159 0.1000000015
22214  -52.157  -49.546  -33.047 0.1000000015
22231  -51.536  -50.065  -33.807 0.1000000015
22230  -51.047  -50.165  -34.468 0.1000000015
20454  -42.846  -50.544  -22.054 0.1000000015
21283  -42.283  -50.276  -22.018 0.2000000030
93749  -42.095  -50.201  -22.486 0.3000000119
21305  -41.407  -49.960  -22.539 0.3000000119
21304  -41.517  -50.256  -23.437 0.3000000119
22123  -39.715  -49.086  -24.499 0.3000000119
97336  -40.411  -49.719  -23.975 0.3000000119
24365  -39.700  -46.872  -24.271 0.3000000119
23647  -39.576  -47.512  -24.589 0.3000000119
22889  -39.590  -48.267  -24.124 0.3000000119
25147  -40.675  -45.802  -23.538 0.2000000030
111677  -41.287  -45.868  -24.299 0.2000000030
25159  -41.998  -45.696  -24.580 0.1000000015
25150  -43.428  -45.497  -24.143 0.1000000015
25160  -42.867  -45.558  -24.786 0.2000000030
25173  -43.076  -45.217  -25.280 0.2000000030
25161  -43.767  -45.556  -24.873 0.2000000030
102700  -44.040  -45.277  -25.176 0.3000000119
22098  -40.839  -49.641  -22.180 0.3000000119
22111  -40.699  -49.652  -22.972 0.3000000119
103133  -40.197  -49.210  -22.609 0.3000000119
22110  -39.896  -48.972  -23.461 0.3000000119
24359  -39.913  -46.081  -23.027 0.3000000119
23641  -39.570  -47.445  -23.778 0.3000000119
22878  -39.622  -48.148  -23.372 0.3000000119
25139  -41.208  -45.211  -22.808 0.2000000030
26027  -42.588  -44.682  -22.426 0.1000000015
26048  -43.013  -45.002  -23.212 0.1000000015
26049  -43.898  -45.025  -23.332 0.1000000015
25151  -44.260  -45.491  -24.313 0.1000000015
25162  -44.590  -45.568  -24.942 0.1000000015
22097  -40.017  -49.175  -22.060 0.3000000119
22869  -39.218  -48.365  -21.271 0.2000000030
105763  -39.744  -48.492  -22.577 0.3000000119
25120  -39.784  -45.903  -22.295 0.2000000030
24358  -39.529  -46.573  -22.430 0.3000000119
23637  -39.516  -47.475  -22.815 0.3000000119
26004  -41.425  -44.894  -21.259 0.2000000030
25121  -40.030  -45.532  -21.731 0.2000000030
25102  -43.053  -45.476  -20.393 0.1000000015
25990  -42.878  -44.851  -20.924 0.1000000015
25103  -43.830  -45.857  -20.303 0.1000000015
107710  -43.356  -44.628  -21.463 0.1000000015
26006  -44.106  -44.598  -21.698 0.1000000015
26028  -43.431  -44.589  -22.291 0.1000000015
26007  -45.039  -44.595  -21.884 0.1000000015
26029  -44.430  -44.642  -22.531 0.1000000015
26030  -45.283  -44.669  -22.799 0.1000000015
23632  -39.094  -47.627  -21.158 0.2000000030
103774  -39.025  -47.124  -20.634 0.2000000030
104474  -39.429  -47.808  -21.907 0.2000000030
24351  -39.716  -45.727  -21.069 0.2000000030
100236  -39.245  -46.925  -21.555 0.2000000030
25087  -41.476  -45.325  -20.444 0.1000000015
25100  -40.459  -45.314  -20.932 0.2000000030
109191  -44.378  -45.541  -20.635 0.1000000015
25124  -44.605  -45.069  -21.182 0.1000000015
25125  -45.830  -44.869  -21.585 0.1000000015
26008  -45.748  -44.537  -22.271 0.1000000015
24340  -45.495  -46.263  -20.103 0.1000000015
25105  -45.803  -45.523  -20.832 0.1000000015
113344  -46.691  -45.253  -21.200 0.1000000015
24331  -46.303  -46.753  -19.819 0.1000000015
24342  -47.128  -46.560  -20.102 0.1000000015
24341  -46.466  -46.020  -20.381 0.1000000015
15820  -46.615  -57.288  -33.679 0.4000000060
16555  -45.594  -56.809  -32.827 0.5000000000
15821  -48.381  -56.614  -33.364 0.5000000000
17286  -46.939  -55.901  -31.584 0.4000000060
99557  -48.093  -60.830  -33.184 0.5000000000
16529  -47.789  -56.200  -32.480 0.4000000060
112355  -47.288  -57.582  -34.198 0.5000000000
15844  -48.917  -57.562  -34.134 0.5000000000
112412  -47.619  -57.093  -33.716 0.6000000238
15035  -48.448  -59.032  -34.703 0.5000000000
13401  -47.525  -60.571  -34.165 0.3000000119
13372  -48.190  -61.436  -31.499 0.5000000000
15036  -48.898  -58.423  -34.304 0.5000000000
14247  -44.092  -59.780  -35.755 0.4000000060
15066  -43.228  -58.761  -36.605 0.3000000119
16556  -47.140  -56.756  -33.060 0.4000000060
15840  -44.218  -56.769  -34.302 0.4000000060
15842  -46.290  -57.754  -34.745 0.6000000238
19770  -42.826  -52.486  -31.525 0.3000000119
18954  -42.818  -54.067  -32.299 0.4000000060
15843  -48.184  -57.385  -34.146 0.6000000238
15052  -47.783  -58.824  -35.340 0.5000000000
17336  -43.906  -55.978  -34.601 0.4000000060
16580  -44.214  -56.448  -34.979 0.4000000060
110997  -46.443  -58.669  -36.277 0.6000000238
14249  -47.156  -59.473  -35.705 0.5000000000
13419  -47.780  -59.708  -34.948 0.5000000000
18955  -43.349  -53.726  -32.671 0.4000000060
15067  -45.809  -58.958  -37.006 0.4000000060
15864  -46.035  -58.486  -36.741 0.5000000000
16581  -44.844  -56.650  -36.139 0.5000000000
15876  -45.183  -57.562  -37.732 0.5000000000
14282  -45.346  -59.082  -37.241 0.4000000060
104883  -45.256  -58.087  -37.752 0.4000000060
14281  -44.775  -59.128  -37.266 0.4000000060
16607  -45.223  -55.967  -38.053 0.4000000060
15079  -44.240  -58.624  -37.349 0.4000000060
104357  -41.027  -53.748  -29.013 0.5000000000
19771  -43.624  -52.452  -31.901 0.4000000060
20596  -43.825  -51.710  -31.385 0.3000000119
20584  -44.358  -51.036  -30.938 0.3000000119
20614  -45.145  -52.062  -32.164 0.3000000119
19796  -45.090  -53.129  -33.469 0.3000000119
17337  -45.217  -55.465  -36.513 0.3000000119
18976  -45.336  -54.167  -35.224 0.3000000119
18989  -46.048  -54.403  -36.703 0.3000000119
100333  -45.697  -55.137  -37.783 0.3000000119
16619  -45.221  -55.567  -38.226 0.3000000119
16606  -44.672  -56.056  -38.033 0.4000000060
18189  -44.960  -54.659  -38.160 0.2000000030
17361  -44.810  -55.347  -38.215 0.3000000119
17360  -43.905  -55.532  -37.667 0.2000000030
102286  -43.862  -54.279  -37.261 0.2000000030
20646  -46.380  -51.678  -36.069 0.1000000015
18103  -46.063  -55.013  -30.082 0.5000000000
18070  -41.682  -54.272  -28.956 0.5000000000
99796  -42.792  -49.301  -29.666 0.3000000119
22171  -44.210  -49.124  -29.769 0.1000000015
22922  -43.288  -48.201  -29.025 0.1000000015
21402  -45.266  -51.012  -31.057 0.2000000030
22178  -45.477  -49.698  -30.217 0.2000000030
20599  -46.606  -51.573  -32.191 0.2000000030
19798  -47.698  -52.874  -34.925 0.1000000015
19811  -48.131  -52.932  -36.397 0.1000000015
18991  -47.175  -53.557  -37.171 0.2000000030
18978  -47.481  -53.212  -36.955 0.1000000015
19003  -46.876  -53.611  -37.369 0.1000000015
19828  -46.688  -52.943  -37.424 0.1000000015
102619  -44.205  -53.129  -36.932 0.1000000015
19827  -45.533  -52.678  -37.289 0.1000000015
19826  -44.401  -52.628  -36.711 0.1000000015
21454  -45.333  -51.027  -34.942 0.1000000015
18919  -50.150  -53.792  -29.977 0.3000000119
18106  -49.655  -54.162  -30.480 0.3000000119
18892  -49.396  -53.090  -29.136 0.3000000119
18087  -47.684  -54.166  -29.862 0.3000000119
18905  -49.524  -53.542  -29.798 0.3000000119
104475  -49.107  -54.459  -30.871 0.3000000119
18105  -48.188  -54.611  -30.629 0.3000000119
18086  -46.585  -54.351  -29.618 0.3000000119
18890  -46.590  -53.308  -28.304 0.3000000119
18902  -46.130  -53.931  -28.890 0.3000000119
18888  -44.111  -53.678  -28.260 0.4000000060
18074  -45.224  -54.106  -28.827 0.4000000060
21373  -40.239  -50.794  -28.965 0.4000000060
18886  -42.171  -53.865  -28.199 0.4000000060
23686  -41.103  -47.195  -28.478 0.3000000119
109069  -42.804  -47.601  -28.758 0.2000000030
23689  -44.445  -47.108  -28.831 0.1000000015
22934  -44.707  -48.485  -29.392 0.1000000015
22935  -45.508  -48.445  -29.563 0.1000000015
21388  -46.548  -50.457  -31.031 0.2000000030
102805  -46.185  -48.423  -29.760 0.1000000015
21403  -47.142  -50.968  -31.789 0.1000000015
21418  -48.184  -51.343  -32.783 0.1000000015
21456  -48.411  -51.449  -35.727 0.1000000015
19715  -49.137  -52.605  -27.716 0.2000000030
18894  -50.520  -53.407  -28.564 0.2000000030
20554  -40.703  -51.916  -27.053 0.3000000119
22158  -39.560  -49.251  -27.698 0.3000000119
22918  -39.638  -48.432  -27.882 0.3000000119
24408  -44.573  -46.195  -28.694 0.1000000015
102723  -43.870  -45.543  -28.502 0.1000000015
103315  -45.237  -45.915  -28.833 0.1000000015
112653  -45.805  -47.343  -29.249 0.1000000015
24418  -45.918  -46.056  -29.081 0.1000000015
22940  -46.757  -48.827  -30.064 0.1000000015
20649  -49.922  -51.503  -35.355 0.1000000015
19714  -48.277  -52.475  -26.957 0.2000000030
97836  -47.198  -52.529  -26.618 0.2000000030
22147  -39.484  -49.485  -26.952 0.3000000119
21362  -39.842  -50.657  -27.229 0.3000000119
20528  -40.386  -51.197  -26.719 0.3000000119
19684  -41.431  -52.230  -26.687 0.3000000119
24382  -39.739  -46.558  -26.503 0.3000000119
22916  -39.499  -48.059  -26.661 0.3000000119
24374  -40.158  -46.295  -25.950 0.3000000119
101382  -42.984  -45.709  -28.454 0.1000000015
26125  -42.249  -44.154  -27.580 0.2000000030
26127  -43.424  -43.988  -28.194 0.1000000015
105700  -44.304  -44.101  -28.394 0.1000000015
96076  -44.812  -43.259  -28.258 0.1000000015
101282  -45.757  -43.660  -28.582 0.1000000015
27778  -45.960  -42.174  -28.141 0.1000000015
101901  -46.264  -43.036  -28.557 0.1000000015
28612  -47.551  -41.298  -28.366 0.1000000015
28611  -46.897  -41.745  -28.333 0.1000000015
26139  -46.843  -44.577  -29.209 0.1000000015
26946  -47.019  -43.164  -28.868 0.1000000015
26964  -47.274  -43.901  -29.199 0.1000000015
28631  -48.100  -41.708  -28.795 0.1000000015
27798  -48.321  -42.566  -29.236 0.1000000015
29415  -48.573  -40.632  -28.268 0.1000000015
29438  -49.454  -40.497  -28.750 0.1000000015
24419  -46.730  -46.154  -29.391 0.1000000015
25223  -47.331  -45.332  -29.466 0.1000000015
100690  -47.987  -44.020  -29.455 0.1000000015
24420  -47.575  -46.286  -29.664 0.1000000015
22212  -50.081  -50.461  -32.512 0.1000000015
21459  -50.661  -50.842  -34.985 0.1000000015
20491  -44.588  -51.635  -23.826 0.2000000030
94513  -44.521  -51.664  -24.837 0.2000000030
20513  -46.232  -52.369  -25.694 0.2000000030
20512  -45.253  -52.173  -25.494 0.2000000030
22135  -39.721  -49.776  -26.080 0.3000000119
21332  -40.433  -50.422  -25.498 0.3000000119
20531  -43.384  -51.871  -25.795 0.3000000119
24373  -39.748  -46.826  -25.656 0.3000000119
26097  -41.895  -44.151  -26.628 0.3000000119
96510  -43.817  -43.224  -27.909 0.1000000015
26933  -43.687  -42.721  -27.260 0.2000000030
26141  -48.718  -44.218  -29.762 0.1000000015
24428  -49.013  -46.502  -30.322 0.1000000015
25238  -48.901  -45.126  -30.041 0.1000000015
25239  -49.423  -45.865  -30.405 0.1000000015
23706  -48.255  -47.752  -30.185 0.1000000015
23707  -49.131  -47.744  -30.531 0.1000000015
22942  -49.824  -48.451  -30.995 0.1000000015
22960  -50.674  -49.188  -31.642 0.1000000015
22213  -51.459  -50.274  -33.366 0.1000000015
21306  -42.691  -50.548  -23.043 0.3000000119
21307  -43.548  -51.098  -23.294 0.3000000119
21334  -42.207  -51.028  -24.753 0.3000000119
21320  -41.638  -50.667  -24.359 0.3000000119
22134  -39.570  -49.065  -25.447 0.3000000119
21319  -40.838  -50.363  -24.550 0.3000000119
24368  -39.667  -46.982  -24.967 0.3000000119
97251  -40.085  -46.400  -23.909 0.3000000119
25158  -40.700  -46.197  -24.523 0.2000000030
26077  -43.323  -44.402  -25.554 0.2000000030
26912  -43.627  -42.831  -26.354 0.2000000030
20455  -43.255  -50.957  -22.267 0.1000000015
21287  -41.079  -50.013  -21.850 0.2000000030
21288  -41.622  -50.031  -22.086 0.3000000119
95795  -39.658  -46.730  -23.389 0.3000000119
25148  -41.646  -45.545  -23.708 0.2000000030
25149  -42.546  -45.492  -23.960 0.1000000015
25138  -40.349  -45.562  -22.549 0.2000000030
26026  -41.800  -44.732  -22.066 0.2000000030
25140  -42.122  -44.984  -23.043 0.2000000030
26005  -42.595  -44.620  -21.630 0.1000000015
111486  -41.987  -44.720  -21.462 0.1000000015
26050  -44.750  -45.122  -23.548 0.1000000015
108793  -39.613  -48.601  -21.834 0.3000000119
111616  -39.401  -47.178  -22.188 0.3000000119
24350  -39.527  -46.099  -21.655 0.2000000030
25989  -42.121  -44.847  -20.993 0.1000000015
25101  -42.364  -45.238  -20.537 0.1000000015
25104  -45.037  -45.610  -20.661 0.1000000015
24324  -39.245  -46.613  -20.070 0.2000000030
24336  -39.338  -46.326  -20.860 0.2000000030
25088  -42.267  -45.775  -19.983 0.1000000015
107436  -45.267  -45.140  -21.237 0.1000000015
12558  -46.528  -62.727  -32.520 0.3000000119
99716  -45.764  -64.123  -32.338 0.3000000119
11744  -46.134  -63.502  -32.356 0.3000000119
9434  -42.688  -66.453  -32.367 0.2000000030
113345  -40.525  -67.261  -32.071 0.2000000030
10950  -45.665  -64.340  -32.094 0.4000000060
9428  -44.348  -65.775  -32.662 0.3000000119
10164  -45.218  -64.892  -32.574 0.3000000119
12557  -45.660  -62.453  -32.793 0.4000000060
10181  -45.206  -64.806  -33.011 0.4000000060
9435  -43.917  -66.328  -32.807 0.3000000119
8090  -42.842  -67.399  -32.883 0.2000000030
11743  -45.482  -63.360  -32.717 0.4000000060
10962  -45.366  -64.270  -32.868 0.4000000060
9436  -44.545  -65.920  -33.264 0.4000000060
13378  -44.964  -61.428  -32.960 0.4000000060
9437  -44.841  -65.321  -33.133 0.4000000060
8735  -44.015  -66.547  -33.472 0.3000000119
8089  -42.111  -68.012  -32.912 0.3000000119
11764  -44.335  -63.141  -32.948 0.4000000060
10180  -44.629  -65.099  -33.535 0.4000000060
107628  -44.180  -66.098  -33.805 0.3000000119
109500  -43.461  -67.174  -33.595 0.4000000060
8750  -43.682  -66.651  -34.099 0.3000000119
112831  -44.369  -60.462  -33.961 0.4000000060
10976  -44.661  -64.375  -33.342 0.4000000060
10179  -43.972  -65.366  -33.994 0.4000000060
13397  -44.066  -60.803  -33.252 0.4000000060
104366  -43.846  -64.526  -33.746 0.4000000060
9455  -43.203  -66.275  -34.475 0.3000000119
107816  -43.736  -63.725  -33.448 0.4000000060
10201  -43.410  -65.640  -34.325 0.4000000060
11742  -43.230  -61.955  -32.869 0.4000000060
11763  -43.000  -62.847  -33.133 0.4000000060
10975  -42.703  -63.688  -33.579 0.4000000060
10178  -42.863  -64.777  -34.025 0.4000000060
8748  -42.585  -66.837  -34.532 0.3000000119
12578  -43.362  -61.220  -33.049 0.4000000060
10200  -42.514  -65.532  -34.361 0.3000000119
95425  -41.994  -67.441  -34.619 0.2000000030
13396  -42.956  -60.561  -33.476 0.3000000119
12577  -42.455  -61.162  -33.162 0.4000000060
11741  -42.174  -61.957  -32.957 0.4000000060
10974  -41.882  -63.985  -33.722 0.4000000060
10177  -41.465  -64.679  -33.949 0.4000000060
9454  -42.345  -66.155  -34.542 0.2000000030
101984  -41.623  -66.511  -34.523 0.2000000030
7386  -40.702  -68.821  -34.900 0.3000000119
13414  -42.528  -60.000  -34.353 0.3000000119
98888  -40.846  -67.087  -34.550 0.2000000030
10199  -41.481  -65.616  -34.313 0.2000000030
7398  -39.956  -69.457  -35.204 0.2000000030
105013  -41.930  -60.482  -33.626 0.3000000119
105540  -41.560  -63.211  -33.353 0.4000000060
9453  -40.354  -65.923  -34.316 0.1000000015
14246  -42.267  -59.532  -35.102 0.3000000119
12576  -41.339  -61.134  -33.181 0.3000000119
103674  -41.301  -62.235  -33.053 0.2000000030
10973  -40.935  -63.694  -33.520 0.2000000030
8105  -40.135  -67.757  -34.737 0.1000000015
102932  -40.318  -61.678  -33.030 0.2000000030
11762  -40.631  -62.798  -33.175 0.2000000030
10176  -40.111  -64.160  -33.727 0.1000000015
8747  -39.574  -66.702  -34.516 0.1000000015
7385  -39.405  -68.402  -35.060 0.1000000015
13413  -41.592  -59.868  -34.313 0.3000000119
13395  -40.978  -60.285  -33.637 0.3000000119
14245  -41.366  -59.200  -34.787 0.1000000015
106390  -40.433  -60.751  -33.295 0.2000000030
107453  -40.129  -63.328  -33.375 0.1000000015
9452  -39.006  -65.731  -34.310 0.1000000015
8104  -38.878  -67.369  -34.824 0.1000000015
15064  -41.795  -58.244  -35.531 0.2000000030
14226  -40.758  -59.610  -34.112 0.2000000030
11761  -39.736  -62.614  -33.133 0.1000000015
10175  -38.931  -64.134  -33.823 0.1000000015
10197  -38.443  -64.865  -34.186 0.1000000015
8746  -38.390  -66.422  -34.640 0.1000000015
8113  -38.152  -67.959  -35.320 0.1000000015
102287  -38.073  -69.746  -35.956 0.1000000015
97526  -39.616  -60.864  -33.189 0.2000000030
102391  -39.245  -61.775  -33.009 0.1000000015
10971  -38.346  -63.370  -33.648 0.1000000015
8103  -37.825  -67.010  -35.085 0.1000000015
7396  -37.710  -68.594  -35.754 0.1000000015
100301  -37.506  -70.064  -36.775 0.1000000015
11760  -38.805  -62.634  -33.268 0.1000000015
10196  -37.522  -64.774  -34.465 0.1000000015
9451  -37.914  -65.563  -34.510 0.1000000015
6766  -37.287  -69.206  -36.916 0.1000000015
26078  -44.290  -44.652  -25.440 0.2000000030
15874  -42.572  -57.246  -36.527 0.2000000030
15862  -41.873  -57.507  -35.621 0.1000000015
14244  -40.611  -59.048  -34.380 0.1000000015
94293  -39.996  -59.240  -34.040 0.1000000015
7408  -37.411  -68.940  -36.359 0.1000000015
111002  -37.547  -67.976  -35.652 0.1000000015
8745  -37.419  -66.171  -34.969 0.1000000015
10174  -37.910  -64.089  -34.043 0.1000000015
110442  -45.451  -64.546  -32.572 0.3000000119
10163  -44.828  -65.484  -32.797 0.3000000119
8734  -43.568  -66.928  -33.003 0.3000000119
12556  -44.426  -61.965  -32.885 0.4000000060
9441  -44.454  -65.665  -33.722 0.4000000060
9440  -43.953  -65.984  -34.186 0.3000000119
106652  -42.096  -62.811  -33.197 0.4000000060
106066  -40.571  -65.035  -34.075 0.2000000030
10198  -39.548  -64.949  -34.068 0.1000000015
7397  -38.648  -69.024  -35.442 0.1000000015
10972  -39.338  -63.379  -33.477 0.1000000015
15049  -41.427  -58.585  -35.140 0.1000000015
13394  -39.999  -60.039  -33.644 0.1000000015
11759  -37.867  -62.627  -33.510 0.1000000015
95514  -39.013  -60.204  -33.476 0.1000000015
13367  -46.540  -61.283  -30.630 0.3000000119
12540  -45.335  -62.279  -30.805 0.3000000119
12541  -46.385  -62.334  -30.816 0.2000000030
14191  -48.084  -60.342  -30.643 0.2000000030
14198  -48.586  -60.698  -31.089 0.4000000060
12543  -47.555  -61.318  -30.774 0.3000000119
12542  -47.179  -62.206  -30.955 0.2000000030
102216  -45.374  -63.364  -31.341 0.2000000030
11721  -43.928  -62.915  -31.040 0.1000000015
11732  -43.480  -63.364  -31.184 0.1000000015
11723  -46.918  -62.987  -31.336 0.3000000119
105579  -42.741  -63.365  -31.102 0.1000000015
10152  -42.634  -64.781  -31.623 0.1000000015
10949  -43.573  -64.149  -31.521 0.1000000015
9424  -39.980  -65.417  -31.456 0.1000000015
10151  -41.481  -64.893  -31.469 0.1000000015
9425  -40.982  -65.449  -31.549 0.1000000015
12560  -47.709  -61.986  -31.969 0.3000000119
11722  -46.327  -63.180  -31.301 0.2000000030
10154  -44.951  -64.670  -31.947 0.2000000030
11733  -44.587  -63.868  -31.513 0.2000000030
8722  -40.577  -66.155  -31.697 0.1000000015
8721  -39.603  -66.147  -31.643 0.1000000015
12559  -47.128  -62.383  -32.350 0.2000000030
11746  -47.027  -63.152  -31.974 0.3000000119
9427  -43.374  -65.698  -32.233 0.2000000030
110739  -41.508  -66.116  -31.853 0.1000000015
8732  -39.296  -66.834  -31.816 0.1000000015
11745  -46.631  -63.509  -32.078 0.3000000119
13400  -47.338  -61.415  -33.061 0.2000000030
106714  -41.385  -67.005  -32.216 0.1000000015
8087  -39.074  -67.496  -32.064 0.1000000015
8733  -40.177  -66.811  -31.828 0.1000000015
97772  -38.928  -68.116  -32.290 0.1000000015
8088  -40.837  -67.898  -32.391 0.1000000015
97121  -38.415  -69.034  -32.654 0.1000000015
99919  -39.748  -68.105  -32.285 0.1000000015
7348  -41.592  -68.591  -33.053 0.1000000015
7347  -40.646  -68.794  -32.747 0.1000000015
7369  -41.551  -69.281  -33.656 0.1000000015
6724  -37.561  -70.019  -33.391 0.1000000015
6706  -38.868  -69.628  -32.876 0.1000000015
7346  -39.369  -68.953  -32.587 0.1000000015
6708  -40.558  -69.601  -33.161 0.1000000015
8099  -42.870  -67.864  -33.629 0.3000000119
6726  -39.433  -70.319  -33.244 0.1000000015
13380  -48.068  -61.418  -32.368 0.3000000119
13368  -48.110  -61.242  -30.961 0.3000000119
12550  -47.743  -61.903  -31.172 0.2000000030
11734  -46.259  -63.764  -31.916 0.3000000119
10153  -44.339  -65.184  -32.199 0.2000000030
11735  -46.706  -63.454  -31.742 0.3000000119
9426  -42.078  -65.560  -31.788 0.1000000015
6705  -37.986  -69.448  -32.955 0.1000000015
6707  -39.719  -69.787  -32.984 0.1000000015
7368  -37.051  -69.115  -33.222 0.1000000015
7370  -42.249  -68.550  -33.692 0.2000000030
5492  -40.260  -71.069  -34.466 0.1000000015
5512  -39.859  -71.626  -34.731 0.1000000015
4977  -39.077  -72.555  -35.002 0.1000000015
6728  -41.558  -69.662  -34.179 0.2000000030
109126  -41.066  -70.138  -34.410 0.2000000030
4978  -39.553  -72.172  -35.021 0.2000000030
6106  -40.599  -70.696  -34.580 0.1000000015
4990  -38.941  -72.543  -35.554 0.1000000015
5524  -40.253  -71.173  -34.847 0.2000000030
6119  -40.551  -70.614  -34.810 0.1000000015
8108  -42.639  -68.161  -34.152 0.2000000030
101613  -41.441  -69.517  -34.363 0.1000000015
113283  -39.482  -72.073  -35.228 0.1000000015
6118  -39.883  -71.242  -35.229 0.1000000015
7388  -41.988  -68.973  -34.214 0.2000000030
6749  -40.891  -69.773  -34.728 0.1000000015
8749  -43.129  -66.960  -34.364 0.2000000030
96473  -42.675  -67.527  -34.383 0.2000000030
8107  -42.133  -68.224  -34.445 0.2000000030
6758  -40.126  -70.398  -35.201 0.1000000015
7387  -41.517  -68.947  -34.511 0.1000000015
6757  -39.126  -70.750  -35.722 0.1000000015
6727  -41.182  -70.048  -33.892 0.1000000015
14192  -48.835  -59.739  -30.751 0.2000000030
18893  -50.084  -53.217  -29.193 0.2000000030
17247  -50.405  -54.538  -29.490 0.1000000015
20537  -50.312  -52.327  -25.909 0.1000000015
19690  -50.650  -52.566  -26.588 0.1000000015
102903  -47.180  -52.387  -25.254 0.1000000015
19689  -49.659  -52.448  -26.842 0.1000000015
20476  -45.042  -51.833  -23.320 0.2000000030
20477  -45.860  -52.086  -23.817 0.1000000015
20515  -50.479  -52.286  -24.957 0.1000000015
21308  -44.229  -51.479  -23.225 0.2000000030
102900  -47.150  -52.340  -24.208 0.1000000015
20494  -48.227  -52.373  -24.846 0.1000000015
20514  -49.275  -52.307  -25.398 0.1000000015
14994  -49.159  -58.777  -30.555 0.2000000030
17255  -50.383  -54.730  -30.107 0.1000000015
20535  -48.116  -52.405  -25.750 0.1000000015
20493  -46.250  -52.269  -24.774 0.1000000015
21291  -43.725  -51.203  -22.933 0.2000000030
18906  -50.406  -53.813  -29.361 0.1000000015
19691  -51.303  -52.540  -25.888 0.1000000015
20516  -51.225  -52.417  -25.245 0.1000000015
99235  -46.852  -52.272  -23.542 0.1000000015
14993  -48.435  -59.239  -30.385 0.1000000015
22863  -38.791  -48.061  -20.451 0.1000000015
22090  -38.992  -49.008  -20.755 0.1000000015
100522  -39.585  -49.935  -21.092 0.1000000015
20444  -41.308  -51.323  -21.494 0.1000000015
22093  -39.608  -49.150  -21.467 0.1000000015
22094  -40.335  -49.719  -21.691 0.1000000015
22089  -38.625  -48.972  -19.969 0.1000000015
104381  -38.802  -49.812  -20.323 0.1000000015
21277  -39.117  -50.693  -20.604 0.1000000015
20443  -40.236  -51.477  -21.302 0.1000000015
21280  -39.771  -50.825  -21.118 0.1000000015
19603  -41.414  -52.300  -21.474 0.1000000015
23623  -38.829  -47.471  -19.925 0.1000000015
20434  -38.761  -51.432  -20.249 0.1000000015
97958  -38.475  -49.100  -19.295 0.1000000015
102097  -38.465  -49.793  -19.579 0.1000000015
21276  -38.567  -50.591  -19.920 0.1000000015
22854  -38.649  -48.297  -19.645 0.1000000015
20442  -39.404  -51.550  -20.864 0.1000000015
19601  -39.757  -52.359  -21.147 0.1000000015
24325  -40.052  -46.281  -19.549 0.1000000015
108460  -38.382  -49.969  -18.696 0.1000000015
21272  -38.258  -50.533  -19.249 0.1000000015
22072  -39.027  -49.033  -18.400 0.1000000015
22839  -38.680  -48.473  -18.994 0.1000000015
23609  -39.351  -47.191  -19.377 0.1000000015
24337  -39.752  -45.847  -20.344 0.1000000015
26895  -43.776  -43.491  -25.788 0.1000000015
27732  -45.188  -42.751  -25.787 0.1000000015
23600  -40.760  -47.487  -18.695 0.1000000015
24338  -40.518  -45.668  -20.112 0.1000000015
26932  -43.105  -43.087  -26.864 0.1000000015
27766  -43.867  -42.495  -26.813 0.1000000015
26079  -45.211  -44.905  -25.514 0.1000000015
27733  -46.160  -42.375  -25.868 0.1000000015
27745  -44.586  -42.210  -26.464 0.1000000015
27746  -45.518  -41.895  -26.380 0.1000000015
103591  -38.482  -49.338  -18.805 0.1000000015
21265  -38.215  -50.507  -18.797 0.1000000015
19571  -38.076  -51.230  -18.950 0.1000000015
27767  -44.492  -42.179  -27.161 0.1000000015
21282  -41.606  -50.415  -21.773 0.1000000015
20445  -42.261  -50.837  -21.722 0.1000000015
27731  -44.252  -42.768  -25.964 0.1000000015
21281  -40.603  -50.481  -21.505 0.1000000015
102695  -42.125  -51.785  -21.546 0.1000000015
23608  -38.847  -47.847  -19.393 0.1000000015
23599  -39.807  -47.619  -18.788 0.1000000015
26896  -44.640  -43.696  -25.581 0.1000000015
28583  -45.102  -41.770  -26.867 0.1000000015
16591  -42.695  -56.410  -36.636 0.1000000015
17347  -42.199  -55.722  -35.783 0.1000000015
17348  -42.965  -55.618  -36.731 0.1000000015
14985  -45.783  -58.605  -29.475 0.1000000015
113028  -45.342  -59.177  -29.819 0.1000000015
14189  -45.614  -60.109  -30.276 0.1000000015
104921  -44.862  -58.639  -29.315 0.1000000015
14184  -44.375  -59.427  -29.800 0.1000000015
14185  -46.271  -59.315  -30.051 0.1000000015
15774  -45.316  -57.982  -28.766 0.1000000015
15783  -46.304  -58.049  -29.103 0.1000000015
14986  -46.765  -58.620  -29.744 0.1000000015
14975  -44.397  -58.165  -28.728 0.1000000015
107663  -44.647  -57.681  -28.257 0.1000000015
105751  -46.013  -57.559  -28.514 0.1000000015
15756  -44.302  -57.228  -27.714 0.1000000015
14119  -46.526  -60.141  -25.045 0.1000000015
14099  -46.856  -59.818  -24.821 0.1000000015
14116  -42.693  -59.255  -24.621 0.1000000015
14135  -42.253  -59.862  -25.089 0.1000000015
14115  -41.770  -58.991  -24.941 0.1000000015
14937  -41.240  -58.820  -25.441 0.1000000015
13323  -40.261  -59.883  -26.384 0.1000000015
14936  -40.987  -58.309  -25.821 0.1000000015
15773  -43.897  -57.726  -28.183 0.1000000015
15772  -43.029  -57.765  -28.120 0.1000000015
13366  -45.442  -61.243  -30.534 0.1000000015
14150  -40.062  -59.069  -26.587 0.1000000015
14946  -40.457  -58.417  -26.613 0.1000000015
15753  -41.518  -57.547  -27.392 0.1000000015
15755  -43.399  -57.236  -27.597 0.1000000015
16493  -44.715  -56.645  -27.264 0.1000000015
15757  -45.301  -57.263  -27.954 0.1000000015
105531  -44.216  -62.193  -30.745 0.1000000015
13322  -39.670  -60.413  -26.830 0.1000000015
14960  -40.222  -58.311  -27.457 0.1000000015
15754  -42.485  -57.317  -27.490 0.1000000015
16492  -43.799  -56.689  -27.092 0.1000000015
14098  -45.578  -59.453  -24.573 0.1000000015
14925  -44.342  -59.050  -24.346 0.1000000015
14924  -43.221  -58.658  -24.325 0.1000000015
15784  -47.229  -58.021  -29.430 0.1000000015
15785  -48.049  -58.008  -29.694 0.1000000015
14923  -42.227  -58.250  -24.610 0.1000000015
15741  -41.431  -57.421  -26.537 0.1000000015
16473  -42.112  -57.050  -26.763 0.1000000015
16474  -42.615  -56.581  -26.219 0.1000000015
16491  -42.915  -56.796  -26.930 0.1000000015
16477  -45.021  -56.106  -26.782 0.1000000015
93633  -47.470  -59.715  -24.621 0.1000000015
95619  -45.832  -59.059  -24.387 0.1000000015
14917  -48.060  -59.415  -24.293 0.1000000015
14082  -48.702  -59.636  -23.160 0.1000000015
15776  -47.797  -57.448  -29.168 0.1000000015
14915  -44.830  -58.631  -24.117 0.1000000015
94327  -45.390  -58.312  -23.917 0.1000000015
15775  -46.821  -57.523  -28.797 0.1000000015
14914  -43.800  -58.128  -24.079 0.1000000015
15758  -46.416  -56.960  -28.083 0.1000000015
14987  -47.777  -58.592  -29.981 0.1000000015
15705  -42.938  -57.700  -24.294 0.1000000015
15734  -42.094  -57.086  -25.258 0.1000000015
16463  -41.973  -56.946  -26.006 0.1000000015
15733  -41.489  -57.622  -25.695 0.1000000015
16475  -43.349  -56.314  -26.351 0.1000000015
16476  -44.212  -56.157  -26.546 0.1000000015
16464  -42.572  -56.552  -25.511 0.1000000015
102226  -43.056  -56.201  -25.738 0.1000000015
14101  -48.495  -59.395  -23.913 0.1000000015
94301  -47.125  -58.813  -24.128 0.1000000015
14083  -49.344  -59.635  -22.408 0.1000000015
14066  -49.213  -60.143  -21.360 0.1000000015
16495  -47.342  -56.530  -28.105 0.1000000015
16505  -47.272  -57.042  -28.579 0.1000000015
112098  -48.445  -57.145  -29.245 0.1000000015
15707  -46.038  -58.048  -23.727 0.1000000015
14992  -47.399  -59.385  -30.229 0.1000000015
15706  -44.385  -57.640  -23.856 0.1000000015
95765  -45.036  -57.249  -23.681 0.1000000015
16494  -45.662  -56.515  -27.329 0.1000000015
100025  -43.532  -57.158  -24.066 0.1000000015
17208  -44.522  -55.403  -25.156 0.1000000015
15704  -42.949  -56.898  -24.367 0.1000000015
16451  -43.187  -56.384  -24.541 0.1000000015
16465  -43.226  -56.103  -25.023 0.1000000015
14102  -49.098  -59.160  -23.417 0.1000000015
15708  -47.783  -58.499  -23.834 0.1000000015
105610  -46.653  -56.246  -27.363 0.1000000015
95479  -48.669  -58.401  -30.146 0.1000000015
17219  -44.726  -55.614  -26.059 0.1000000015
16478  -45.833  -55.752  -26.523 0.1000000015
17173  -43.801  -55.927  -24.343 0.1000000015
16431  -44.124  -56.498  -23.850 0.1000000015
16430  -43.464  -56.504  -24.226 0.1000000015
17220  -47.068  -55.575  -26.687 0.1000000015
17234  -48.636  -55.749  -27.889 0.1000000015
17209  -45.355  -55.185  -25.553 0.1000000015
17210  -46.370  -54.980  -25.830 0.1000000015
94106  -46.729  -57.712  -23.575 0.1000000015
17194  -44.621  -55.408  -24.356 0.1000000015
109442  -45.116  -55.107  -24.776 0.1000000015
17174  -44.573  -55.687  -23.854 0.1000000015
17993  -45.131  -55.246  -23.924 0.1000000015
17221  -48.341  -55.341  -27.003 0.1000000015
18059  -49.336  -54.881  -27.024 0.1000000015
18034  -46.890  -54.529  -24.958 0.1000000015
18046  -47.541  -54.877  -26.064 0.1000000015
15709  -48.502  -58.125  -23.495 0.1000000015
18016  -46.203  -54.594  -24.162 0.1000000015
18017  -46.960  -54.427  -24.075 0.1000000015
18015  -45.416  -54.945  -24.204 0.1000000015
98524  -44.904  -56.297  -23.622 0.1000000015
18047  -48.777  -54.769  -26.320 0.1000000015
18018  -47.791  -54.403  -24.425 0.1000000015
18035  -48.108  -54.561  -25.390 0.1000000015
14919  -49.452  -58.574  -23.192 0.1000000015
17176  -46.541  -55.407  -23.475 0.1000000015
16432  -45.730  -56.884  -23.511 0.1000000015
18048  -50.125  -54.492  -26.589 0.1000000015
16433  -47.464  -57.375  -23.395 0.1000000015
14874  -47.197  -59.328  -20.751 0.1000000015
14875  -48.454  -59.994  -20.714 0.1000000015
14876  -49.219  -59.954  -20.969 0.1000000015
14117  -43.854  -59.560  -24.540 0.1000000015
15721  -41.837  -57.680  -24.987 0.1000000015
14133  -40.691  -59.099  -25.977 0.1000000015
15740  -40.981  -57.859  -26.336 0.1000000015
15752  -40.798  -57.799  -27.025 0.1000000015
15771  -42.126  -57.794  -28.076 0.1000000015
14972  -41.777  -58.241  -28.617 0.1000000015
14916  -46.497  -59.024  -24.335 0.1000000015
17207  -43.918  -55.663  -24.835 0.1000000015
17233  -47.662  -55.950  -27.547 0.1000000015
17994  -45.843  -54.981  -23.802 0.1000000015
4459  -29.942  -73.700  -37.411 0.1000000015
97895  -29.790  -73.906  -36.286 0.1000000015
3494  -31.510  -75.903  -41.032 0.1000000015
3988  -30.761  -75.468  -40.265 0.1000000015
3989  -32.009  -75.654  -40.387 0.1000000015
101504  -31.141  -75.431  -39.746 0.1000000015
109128  -29.428  -73.920  -38.869 0.1000000015
3495  -32.386  -75.694  -41.214 0.1000000015
3520  -32.856  -75.254  -42.924 0.1000000015
4014  -33.055  -74.456  -43.093 0.1000000015
3955  -30.755  -74.340  -36.784 0.1000000015
3936  -31.192  -74.953  -35.931 0.1000000015
4438  -30.401  -74.532  -35.203 0.1000000015
3965  -30.895  -74.623  -38.061 0.1000000015
94174  -31.036  -75.149  -39.055 0.1000000015
109176  -30.100  -74.120  -38.483 0.1000000015
3975  -30.156  -74.681  -39.493 0.1000000015
4003  -33.588  -74.675  -41.833 0.1000000015
104718  -33.323  -74.807  -42.581 0.1000000015
4004  -33.734  -74.146  -42.562 0.1000000015
6100  -32.534  -70.392  -34.789 0.1000000015
108917  -31.780  -72.480  -34.295 0.1000000015
5508  -33.131  -71.286  -34.721 0.1000000015
3919  -31.239  -75.019  -34.930 0.1000000015
3899  -30.703  -74.487  -34.237 0.1000000015
4405  -31.522  -74.264  -33.979 0.1000000015
111838  -31.427  -73.363  -34.020 0.1000000015
113006  -30.912  -74.306  -33.903 0.1000000015
3956  -31.720  -75.381  -36.944 0.1000000015
3496  -32.932  -75.399  -42.018 0.1000000015
6101  -33.576  -70.407  -34.854 0.1000000015
5507  -32.197  -71.445  -34.544 0.1000000015
6746  -34.046  -69.605  -34.761 0.1000000015
3900  -31.376  -74.779  -34.222 0.1000000015
4406  -32.429  -74.569  -34.181 0.1000000015
4971  -32.143  -73.481  -34.211 0.1000000015
3920  -32.021  -75.427  -34.787 0.1000000015
3976  -32.055  -75.601  -39.529 0.1000000015
108435  -32.671  -75.315  -40.099 0.1000000015
3990  -33.077  -75.241  -40.900 0.1000000015
105677  -31.598  -75.249  -37.778 0.1000000015
4972  -32.828  -72.455  -34.461 0.1000000015
3966  -31.903  -75.523  -38.668 0.1000000015
3937  -32.021  -75.644  -35.917 0.1000000015
3469  -32.487  -76.004  -37.004 0.1000000015
6099  -31.731  -70.716  -34.603 0.1000000015
3470  -32.909  -76.205  -37.299 0.1000000015
3471  -33.334  -76.255  -36.925 0.1000000015
3938  -33.892  -76.245  -36.500 0.1000000015
3901  -32.124  -75.104  -34.237 0.1000000015
3921  -32.740  -75.879  -34.699 0.1000000015
3461  -32.949  -76.406  -36.420 0.1000000015
3427  -33.517  -76.233  -34.708 0.1000000015
3462  -33.684  -76.547  -36.111 0.1000000015
105618  -32.921  -75.455  -34.327 0.1000000015
102396  -33.055  -73.784  -34.327 0.1000000015
111379  -33.184  -74.843  -34.257 0.1000000015
3902  -33.758  -75.610  -34.397 0.1000000015
3445  -32.610  -76.077  -35.418 0.1000000015
3958  -33.469  -75.851  -37.240 0.1000000015
3446  -33.289  -76.467  -35.428 0.1000000015
5523  -39.779  -71.693  -35.055 0.2000000030
5569  -36.313  -71.668  -39.670 0.1000000015
6082  -39.124  -70.960  -33.565 0.1000000015
6810  -38.948  -69.992  -40.074 0.1000000015
8112  -37.379  -67.459  -35.558 0.2000000030
8142  -40.510  -67.880  -39.043 0.1000000015
8741  -43.146  -67.424  -34.092 0.3000000119
8794  -41.057  -67.133  -39.364 0.1000000015
9537  -41.823  -65.923  -40.568 0.1000000015
11012  -36.164  -63.582  -36.076 0.1000000015
11056  -42.011  -63.908  -39.546 0.1000000015
11088  -42.587  -63.477  -41.309 0.1000000015
11122  -41.521  -62.947  -43.416 0.1000000015
11800  -35.587  -61.545  -36.102 0.1000000015
11861  -41.275  -62.863  -40.009 0.1000000015
12549  -47.355  -62.588  -31.568 0.3000000119
14918  -48.696  -58.987  -23.963 0.1000000015
14922  -41.515  -58.263  -25.171 0.1000000015
14959  -39.594  -58.753  -27.928 0.1000000015
15001  -49.710  -58.369  -31.082 0.4000000060
15094  -36.739  -57.924  -37.555 0.1000000015
15722  -42.373  -57.340  -24.658 0.1000000015
17218  -43.781  -55.815  -25.637 0.1000000015
17374  -45.323  -55.219  -38.300 0.2000000030
17995  -46.750  -54.739  -23.750 0.1000000015
18033  -45.828  -54.761  -24.876 0.1000000015
18089  -50.382  -54.202  -29.956 0.1000000015
18935  -41.936  -53.968  -31.091 0.5000000000
20433  -38.333  -51.296  -19.554 0.1000000015
21249  -38.491  -50.424  -18.296 0.1000000015
21438  -50.893  -51.086  -34.528 0.1000000015
21439  -51.165  -50.681  -34.447 0.1000000015
21458  -50.112  -51.183  -35.287 0.1000000015
21497  -39.637  -50.118  -38.857 0.1000000015
22071  -38.259  -49.847  -19.051 0.1000000015
22168  -41.105  -49.522  -29.229 0.4000000060
23598  -39.109  -47.846  -19.017 0.1000000015
23684  -39.715  -47.571  -27.853 0.3000000119
25122  -40.825  -45.075  -21.886 0.2000000030
25123  -43.751  -45.041  -20.913 0.1000000015
25211  -42.273  -44.835  -28.170 0.2000000030
27779  -46.719  -42.484  -28.560 0.1000000015
29404  -49.811  -40.423  -27.752 0.1000000015
95218  -38.345  -68.411  -32.445 0.1000000015
98368  -42.659  -56.653  -24.838 0.1000000015
99291  -39.904  -67.397  -32.005 0.1000000015
99845  -43.064  -54.811  -29.110 0.5000000000
102657  -40.427  -52.209  -28.728 0.5000000000
103088  -44.850  -53.663  -28.406 0.4000000060
103511  -40.559  -45.173  -27.192 0.3000000119
103530  -39.533  -47.983  -27.356 0.3000000119
103812  -41.287  -45.866  -28.258 0.3000000119
108012  -40.705  -70.555  -34.174 0.1000000015
109102  -36.776  -61.770  -38.065 0.1000000015
110950  -38.521  -53.236  -37.861 0.1000000015
111010  -47.926  -52.455  -26.373 0.2000000030
111672  -44.057  -42.503  -26.409 0.1000000015
112234  -41.962  -44.748  -25.851 0.2000000030
112997  -48.133  -41.040  -28.467 0.1000000015
113219  -47.494  -41.763  -28.588 0.1000000015
