#!ascii label  , from subject sub-v1s1x0050650_ses-1 vox2ras=TkReg
726
49424  -24.895  -16.647  -36.779 0.4285714328
103235  -25.002  -15.549  -37.413 0.2857142985
49444  -25.386  -16.102  -37.294 0.4285714328
50241  -25.695  -15.475  -37.602 0.4285714328
94050  -26.546  -15.325  -37.836 0.4285714328
50999  -25.016  -14.759  -37.554 0.2857142985
94691  -25.876  -14.747  -37.731 0.4285714328
94633  -26.492  -14.365  -37.900 0.4285714328
52646  -25.134  -12.340  -38.176 0.4285714328
52631  -25.788  -12.831  -37.775 0.4285714328
53462  -25.376  -11.580  -38.422 0.4285714328
54303  -25.707  -10.873  -38.674 0.4285714328
54317  -25.420  -10.578  -39.535 0.5714285970
55128  -26.873  -9.796  -38.702 0.2857142985
55137  -25.841  -10.039  -39.844 0.7142857313
55138  -26.464  -9.619  -39.614 0.7142857313
55948  -27.616  -8.655  -40.136 0.7142857313
55140  -28.062  -8.911  -39.230 0.4285714328
55139  -27.249  -9.217  -39.392 0.5714285970
56719  -28.917  -7.868  -40.339 0.5714285970
97199  -27.061  -8.645  -40.762 0.5714285970
55962  -28.129  -8.071  -40.595 0.5714285970
55961  -27.483  -8.266  -40.857 0.5714285970
56720  -29.725  -7.868  -40.193 0.4285714328
57533  -28.703  -6.585  -41.263 0.5714285970
110571  -29.534  -6.455  -41.091 0.5714285970
57532  -27.863  -7.008  -41.469 0.7142857313
57554  -30.131  -6.025  -41.125 0.7142857313
97689  -26.093  -7.660  -41.959 0.5714285970
57552  -28.413  -5.893  -41.526 0.8571428657
58405  -30.896  -5.520  -41.219 0.7142857313
107789  -27.962  -6.390  -41.579 0.7142857313
57551  -27.263  -6.597  -41.860 0.5714285970
94200  -30.892  -4.732  -41.153 0.7142857313
112173  -31.538  -5.028  -41.397 0.5714285970
59256  -29.894  -5.207  -41.133 0.7142857313
59268  -31.690  -4.252  -41.534 0.5714285970
58404  -28.831  -5.242  -41.330 0.7142857313
59255  -29.138  -4.445  -41.161 0.7142857313
94487  -30.122  -4.252  -41.031 0.7142857313
60100  -31.389  -3.387  -41.339 0.7142857313
60098  -29.386  -3.564  -41.076 0.7142857313
60099  -30.420  -3.431  -41.016 0.7142857313
60922  -31.726  -2.596  -41.519 0.7142857313
60110  -32.054  -3.386  -41.851 0.5714285970
60096  -27.852  -3.994  -42.082 0.5714285970
60930  -32.226  -2.533  -42.054 0.5714285970
60931  -32.366  -2.493  -42.768 0.5714285970
60920  -29.687  -2.705  -41.069 0.8571428657
61765  -31.954  -1.788  -41.693 0.7142857313
96825  -31.087  -1.836  -41.293 0.7142857313
96289  -30.032  -1.877  -41.148 0.7142857313
62545  -30.692  -0.360  -41.478 0.8571428657
103503  -32.309  -1.653  -42.441 0.5714285970
61764  -30.368  -1.105  -41.348 0.8571428657
63341  -30.978  0.526  -41.380 0.8571428657
63342  -31.657  0.535  -41.694 0.8571428657
64165  -30.742  1.507  -41.322 0.8571428657
109331  -30.302  0.896  -41.420 0.8571428657
64163  -29.140  1.557  -41.604 1.0000000000
64164  -29.937  1.377  -41.445 1.0000000000
63340  -30.110  0.266  -41.565 0.8571428657
95864  -29.880  2.101  -41.385 1.0000000000
98688  -29.553  0.842  -41.634 1.0000000000
64963  -29.739  3.027  -41.338 1.0000000000
101866  -28.321  3.960  -41.594 0.7142857313
64962  -28.793  2.509  -41.521 1.0000000000
110646  -28.868  3.306  -41.417 1.0000000000
68216  -28.763  6.912  -41.149 1.0000000000
68226  -28.235  6.291  -41.470 0.8571428657
69822  -27.871  8.514  -41.337 0.8571428657
69823  -28.613  8.253  -40.793 1.0000000000
71441  -27.587  10.700  -42.359 0.8571428657
71429  -27.910  10.143  -41.668 0.8571428657
70606  -27.849  9.280  -41.467 1.0000000000
111917  -25.787  10.581  -43.743 0.8571428657
72209  -26.366  11.124  -43.795 0.8571428657
96044  -25.384  10.749  -44.082 0.7142857313
105247  -25.085  9.696  -43.117 0.5714285970
72208  -24.034  10.706  -43.911 0.7142857313
72223  -24.012  10.859  -44.712 0.5714285970
72194  -24.178  10.998  -42.364 0.5714285970
71438  -24.599  10.446  -43.267 0.5714285970
72954  -23.803  11.772  -42.576 0.4285714328
72953  -23.490  12.613  -42.966 0.4285714328
72963  -23.430  12.344  -44.028 0.4285714328
73675  -23.492  13.595  -41.293 0.2857142985
73664  -23.579  13.375  -40.412 0.2857142985
72937  -23.546  12.754  -40.947 0.2857142985
74386  -23.644  14.058  -40.943 0.2857142985
56732  -28.437  -7.349  -40.901 0.5714285970
60921  -30.781  -2.638  -41.106 0.7142857313
96077  -31.301  -1.056  -41.544 0.8571428657
62546  -31.480  -0.254  -41.668 0.8571428657
64166  -31.374  1.155  -41.463 0.8571428657
66591  -29.012  4.695  -41.424 0.8571428657
74378  -24.745  14.269  -39.908 0.1428571492
50998  -24.046  -14.561  -37.455 0.2857142985
51793  -24.586  -13.927  -37.657 0.2857142985
51794  -25.611  -13.852  -37.677 0.2857142985
52632  -26.572  -12.459  -37.701 0.4285714328
52645  -24.319  -12.710  -38.582 0.2857142985
53474  -24.993  -11.256  -39.222 0.4285714328
52630  -24.914  -13.157  -37.924 0.4285714328
53450  -26.633  -11.606  -37.786 0.4285714328
54331  -25.299  -10.294  -40.431 0.2857142985
55155  -26.003  -9.597  -40.605 0.7142857313
55947  -26.833  -9.128  -40.295 0.7142857313
100621  -30.798  -7.018  -40.759 0.4285714328
56730  -26.841  -8.168  -41.368 0.7142857313
56750  -27.025  -7.343  -41.710 0.7142857313
56733  -29.389  -7.151  -40.737 0.7142857313
57534  -30.178  -6.711  -40.885 0.4285714328
57553  -29.264  -5.940  -41.331 0.7142857313
57550  -26.377  -6.829  -42.056 0.5714285970
59269  -32.270  -4.276  -42.432 0.5714285970
58402  -27.558  -5.763  -41.842 0.5714285970
58419  -32.131  -4.958  -41.813 0.5714285970
59254  -28.327  -4.591  -41.561 0.8571428657
61766  -32.017  -0.957  -41.905 0.5714285970
62544  -29.774  -0.436  -41.580 1.0000000000
64964  -30.811  2.617  -41.285 1.0000000000
63338  -28.623  0.839  -41.989 1.0000000000
101381  -27.995  4.848  -41.606 0.7142857313
67392  -29.676  5.397  -41.338 1.0000000000
67390  -27.689  5.638  -41.697 0.7142857313
69039  -28.442  7.543  -41.013 0.8571428657
70634  -27.199  10.085  -42.351 0.8571428657
70607  -28.404  8.952  -40.906 1.0000000000
70608  -29.098  8.960  -40.766 1.0000000000
71454  -25.251  10.234  -43.583 0.7142857313
72187  -24.122  11.015  -41.445 0.4285714328
72222  -23.709  11.230  -44.490 0.4285714328
73694  -23.087  13.381  -43.553 0.4285714328
100414  -23.371  14.358  -41.669 0.2857142985
73685  -23.288  13.771  -42.374 0.4285714328
55959  -25.874  -9.267  -41.435 0.4285714328
55979  -26.061  -8.604  -41.789 0.4285714328
72945  -23.629  12.793  -41.933 0.4285714328
50240  -24.313  -15.317  -37.375 0.2857142985
49443  -24.577  -16.100  -37.291 0.2857142985
108476  -25.887  -11.954  -37.848 0.4285714328
113049  -26.019  -11.301  -38.083 0.4285714328
53461  -24.596  -11.949  -38.882 0.4285714328
54318  -26.131  -10.239  -39.072 0.4285714328
55960  -26.499  -8.983  -41.132 0.5714285970
56731  -27.646  -7.698  -41.193 0.5714285970
57555  -31.005  -6.351  -41.079 0.5714285970
110728  -30.959  -4.017  -41.167 0.7142857313
58403  -28.133  -5.272  -41.600 0.7142857313
60097  -28.535  -3.749  -41.523 0.8571428657
71440  -26.723  10.332  -42.819 0.8571428657
71455  -26.174  10.472  -43.414 0.8571428657
71453  -24.585  10.585  -44.047 0.7142857313
111728  -24.048  10.980  -43.156 0.5714285970
72946  -23.928  11.909  -41.659 0.4285714328
72193  -23.715  11.487  -43.521 0.4285714328
73665  -23.939  13.847  -40.160 0.2857142985
67391  -28.621  5.503  -41.441 1.0000000000
75113  -21.360  15.068  -44.965 0.2857142985
75772  -21.298  16.319  -44.601 0.1428571492
73693  -22.494  13.928  -44.343 0.2857142985
108937  -21.289  14.710  -45.877 0.2857142985
75101  -21.942  15.656  -44.046 0.1428571492
101559  -21.453  16.870  -44.068 0.1428571492
74406  -22.992  14.787  -42.371 0.1428571492
74412  -22.828  14.392  -43.284 0.2857142985
74405  -22.586  15.228  -43.186 0.1428571492
73705  -21.831  13.358  -46.689 0.2857142985
74417  -21.722  14.322  -45.131 0.2857142985
95131  -24.644  11.686  -47.612 0.2857142985
72239  -23.677  11.538  -46.681 0.2857142985
76411  -22.237  16.977  -43.240 0.1428571492
73699  -22.875  13.038  -44.620 0.2857142985
72233  -24.547  11.191  -46.029 0.2857142985
72970  -22.654  12.724  -46.107 0.2857142985
103444  -27.709  12.691  -45.090 0.1428571492
72231  -23.379  11.567  -46.194 0.2857142985
75090  -22.440  15.814  -43.127 0.1428571492
111610  -23.152  11.890  -45.933 0.2857142985
109548  -22.773  12.876  -45.364 0.2857142985
73702  -30.075  13.314  -45.010 0.1428571492
73700  -28.815  13.100  -44.851 0.1428571492
72234  -25.684  11.589  -45.424 0.4285714328
72198  -30.027  11.520  -42.509 0.2857142985
72973  -27.467  12.234  -44.238 0.4285714328
72224  -24.785  11.019  -44.899 0.2857142985
71445  -31.788  10.202  -42.699 0.1428571492
72965  -28.973  12.356  -43.606 0.2857142985
72225  -25.968  11.365  -44.552 0.4285714328
99896  -27.794  11.759  -43.095 0.5714285970
69844  -31.944  8.732  -42.296 0.1428571492
71432  -31.121  10.152  -41.974 0.1428571492
72210  -27.284  11.728  -43.632 0.7142857313
71443  -29.571  10.897  -42.059 0.4285714328
69059  -31.956  7.288  -42.333 0.2857142985
69835  -31.463  8.379  -41.611 0.7142857313
72196  -28.066  11.389  -42.586 0.7142857313
69824  -29.588  8.222  -40.827 0.8571428657
70622  -30.583  9.549  -41.353 0.8571428657
71442  -28.513  10.852  -42.061 0.5714285970
67398  -31.973  5.575  -42.463 0.2857142985
68235  -31.900  6.545  -42.343 0.2857142985
71430  -29.056  10.292  -41.519 0.7142857313
70633  -26.439  9.609  -42.732 0.5714285970
66614  -32.162  4.870  -42.917 0.1428571492
68219  -31.263  6.900  -41.330 0.7142857313
65820  -32.162  4.023  -42.948 0.1428571492
63351  -26.921  0.619  -42.342 0.5714285970
64162  -28.227  1.778  -41.897 0.8571428657
64961  -27.745  2.656  -42.006 0.8571428657
100278  -27.489  1.963  -42.119 0.4285714328
65791  -28.235  3.193  -41.715 0.5714285970
68227  -29.212  6.176  -41.243 0.8571428657
103329  -30.857  4.486  -41.345 0.8571428657
68217  -29.725  6.863  -41.067 0.8571428657
65807  -31.927  3.737  -42.253 0.2857142985
101892  -31.065  6.139  -41.261 0.8571428657
68218  -30.690  6.866  -41.066 0.8571428657
70620  -28.603  9.592  -41.064 0.8571428657
64993  -32.294  2.624  -43.376 0.4285714328
67395  -31.626  5.164  -41.869 0.7142857313
95465  -26.128  -0.003  -42.683 0.2857142985
64177  -27.648  1.194  -42.122 0.5714285970
66592  -30.539  3.708  -41.356 0.8571428657
102888  -30.089  4.581  -41.377 0.8571428657
67393  -30.756  5.290  -41.275 0.8571428657
68228  -30.252  6.130  -41.214 0.8571428657
104054  -32.034  2.976  -41.999 0.4285714328
66593  -31.232  4.026  -41.518 0.8571428657
67394  -31.259  4.798  -41.512 0.8571428657
97476  -32.341  2.269  -42.636 0.4285714328
60108  -26.522  -3.654  -42.960 0.7142857313
60927  -26.736  -2.621  -42.898 0.4285714328
60109  -27.297  -3.375  -42.505 0.7142857313
60929  -28.199  -2.145  -42.185 0.8571428657
61775  -27.086  -1.223  -42.635 0.5714285970
95161  -26.494  -0.863  -42.885 0.5714285970
108605  -25.798  -0.605  -43.081 0.4285714328
61762  -28.590  -1.252  -41.986 0.8571428657
62556  -27.223  -0.420  -42.501 0.5714285970
106708  -28.587  0.071  -42.112 0.7142857313
63352  -27.887  0.299  -42.243 0.5714285970
64167  -31.875  1.315  -41.797 0.7142857313
64965  -31.438  1.919  -41.505 0.7142857313
102938  -31.583  2.756  -41.584 0.7142857313
65793  -31.219  3.323  -41.417 0.8571428657
97435  -32.393  0.837  -43.852 0.2857142985
64178  -32.294  1.460  -42.412 0.4285714328
58418  -26.930  -5.191  -42.414 0.4285714328
59266  -26.309  -4.593  -42.852 0.4285714328
95746  -29.059  -1.983  -41.498 0.7142857313
62543  -28.943  -0.505  -41.897 0.8571428657
62547  -32.016  -0.150  -42.057 0.7142857313
63364  -32.506  0.046  -43.729 0.2857142985
63343  -32.163  0.636  -42.201 0.5714285970
58401  -26.681  -6.051  -42.262 0.4285714328
58417  -26.081  -5.474  -42.707 0.5714285970
59267  -27.104  -4.278  -42.481 0.5714285970
60919  -28.755  -2.857  -41.492 0.7142857313
61789  -32.485  -0.978  -43.394 0.4285714328
62575  -32.406  -0.696  -44.517 0.4285714328
62558  -32.379  -0.075  -42.778 0.4285714328
109605  -32.538  -5.531  -41.840 0.4285714328
112845  -32.498  -4.756  -42.894 0.4285714328
60123  -32.315  -2.922  -43.547 0.4285714328
60111  -32.310  -3.317  -42.681 0.4285714328
60948  -32.194  -2.588  -44.385 0.4285714328
60941  -32.400  -2.055  -43.475 0.4285714328
54294  -27.434  -11.255  -37.742 0.1428571492
112660  -32.343  -3.932  -43.034 0.4285714328
109342  -32.324  -3.705  -43.591 0.4285714328
54305  -27.556  -10.315  -38.066 0.1428571492
55130  -28.489  -9.328  -38.696 0.1428571492
58407  -33.150  -5.805  -42.086 0.2857142985
58430  -33.325  -5.599  -43.824 0.2857142985
58421  -33.225  -5.684  -42.895 0.2857142985
99614  -31.820  -6.488  -41.224 0.4285714328
58435  -33.360  -5.582  -44.855 0.2857142985
58429  -32.781  -5.093  -43.278 0.2857142985
59280  -32.882  -4.926  -44.189 0.2857142985
59279  -32.506  -4.410  -43.430 0.4285714328
54306  -28.549  -10.108  -38.173 0.1428571492
54304  -26.590  -10.703  -38.190 0.1428571492
55940  -28.910  -8.840  -39.107 0.2857142985
104797  -29.322  -8.358  -39.689 0.2857142985
56736  -32.012  -7.484  -40.499 0.2857142985
57537  -33.240  -6.914  -41.142 0.2857142985
57536  -32.301  -6.949  -41.033 0.2857142985
57556  -32.667  -6.229  -41.484 0.2857142985
98458  -31.263  -9.001  -39.387 0.2857142985
55131  -29.266  -9.579  -38.579 0.2857142985
99948  -31.212  -8.345  -39.746 0.2857142985
55141  -29.892  -8.970  -39.061 0.2857142985
53451  -27.369  -12.153  -37.713 0.1428571492
53452  -28.132  -11.874  -37.778 0.1428571492
48509  -25.490  -17.129  -36.221 0.2857142985
102974  -24.644  -17.272  -36.245 0.2857142985
52633  -27.305  -13.044  -37.914 0.2857142985
48510  -26.340  -16.960  -36.245 0.1428571492
48486  -25.109  -17.490  -35.446 0.2857142985
48467  -24.811  -17.873  -34.844 0.1428571492
55142  -30.848  -9.438  -38.977 0.2857142985
56722  -31.900  -8.096  -39.975 0.2857142985
57557  -33.498  -6.507  -41.751 0.2857142985
58406  -31.812  -5.735  -41.455 0.4285714328
58420  -32.572  -5.190  -42.456 0.4285714328
59286  -32.767  -4.963  -45.299 0.2857142985
59285  -32.354  -4.243  -44.538 0.4285714328
62557  -28.187  -0.504  -42.257 0.5714285970
61777  -32.298  -0.758  -42.455 0.4285714328
63353  -32.439  0.761  -43.045 0.5714285970
69040  -29.184  7.553  -40.856 0.8571428657
71439  -25.731  9.818  -43.158 0.4285714328
110437  -32.382  1.655  -43.418 0.2857142985
69041  -30.136  7.540  -40.984 0.8571428657
68229  -31.569  6.131  -41.740 0.5714285970
108376  -23.596  11.301  -45.386 0.2857142985
71444  -30.512  10.879  -42.211 0.4285714328
72212  -29.546  12.020  -42.991 0.4285714328
75763  -22.650  16.205  -42.742 0.1428571492
72980  -26.628  12.297  -45.765 0.2857142985
72985  -22.351  12.928  -46.868 0.2857142985
49426  -26.676  -16.506  -36.927 0.1428571492
49423  -24.037  -16.775  -37.171 0.2857142985
106866  -27.171  -15.421  -37.880 0.1428571492
51795  -26.505  -13.394  -37.798 0.2857142985
110014  -28.279  -11.002  -37.769 0.1428571492
54307  -29.497  -10.488  -38.246 0.1428571492
55132  -30.216  -9.962  -38.519 0.1428571492
112833  -30.001  -8.332  -39.646 0.2857142985
56735  -31.148  -7.599  -40.325 0.2857142985
56751  -33.891  -7.080  -41.434 0.2857142985
56734  -30.274  -7.391  -40.499 0.2857142985
57567  -33.644  -6.354  -42.512 0.2857142985
57535  -31.477  -7.006  -40.880 0.2857142985
59278  -25.684  -4.014  -43.297 0.2857142985
58440  -33.406  -5.573  -45.997 0.2857142985
59292  -32.822  -4.941  -46.459 0.2857142985
60928  -27.525  -2.627  -42.472 0.7142857313
60918  -28.039  -3.118  -42.094 0.5714285970
61787  -25.038  -1.561  -43.522 0.4285714328
61774  -26.609  -1.658  -42.966 0.5714285970
109107  -25.404  0.517  -42.956 0.2857142985
59291  -32.303  -4.332  -45.767 0.2857142985
61776  -27.810  -1.246  -42.450 0.7142857313
63350  -25.984  1.031  -42.671 0.2857142985
97837  -31.861  -3.125  -45.185 0.1428571492
94516  -31.939  -2.359  -45.249 0.4285714328
61803  -32.061  -1.483  -45.346 0.1428571492
110071  -32.208  2.627  -42.267 0.5714285970
66594  -31.593  4.312  -41.874 0.7142857313
64992  -31.934  3.126  -44.096 0.2857142985
65819  -31.947  3.884  -43.864 0.1428571492
66604  -31.918  4.621  -42.375 0.4285714328
98952  -32.207  3.341  -43.345 0.4285714328
67406  -32.078  5.487  -43.457 0.1428571492
101027  -32.078  6.188  -43.004 0.1428571492
69058  -31.833  7.834  -41.980 0.1428571492
70635  -31.719  9.571  -42.289 0.1428571492
75091  -22.884  15.524  -42.504 0.1428571492
72199  -31.230  10.884  -42.624 0.1428571492
72972  -26.703  12.057  -44.853 0.2857142985
72966  -29.982  12.480  -43.647 0.2857142985
72976  -30.258  12.905  -44.424 0.1428571492
73701  -29.596  13.202  -44.740 0.1428571492
72989  -25.466  11.834  -46.547 0.2857142985
72990  -26.615  12.588  -46.696 0.2857142985
73706  -27.569  12.862  -46.135 0.1428571492
110970  -27.825  -16.048  -37.302 0.1428571492
57574  -33.709  -6.318  -43.428 0.2857142985
63371  -32.268  0.349  -44.653 0.2857142985
73717  -29.385  13.600  -46.286 0.1428571492
97578  -25.776  12.331  -47.471 0.2857142985
111056  -24.347  -17.065  -36.761 0.2857142985
49425  -25.841  -16.565  -36.825 0.2857142985
49445  -26.223  -16.081  -37.454 0.1428571492
50221  -27.112  -15.967  -37.519 0.1428571492
51000  -27.211  -14.909  -38.168 0.1428571492
51796  -27.272  -14.021  -38.199 0.1428571492
55949  -28.497  -8.434  -39.856 0.4285714328
55129  -27.741  -9.494  -38.609 0.1428571492
59253  -27.646  -4.851  -41.975 0.4285714328
61763  -29.398  -1.164  -41.477 0.7142857313
63339  -29.263  0.184  -41.863 0.8571428657
65792  -29.432  3.883  -41.383 0.8571428657
72195  -27.140  11.134  -43.034 0.7142857313
72971  -23.245  12.182  -45.137 0.2857142985
75100  -21.191  15.741  -45.086 0.1428571492
75773  -22.018  16.290  -43.543 0.1428571492
74411  -22.216  14.826  -44.142 0.2857142985
74425  -21.487  14.034  -46.251 0.2857142985
73698  -22.193  13.451  -45.518 0.2857142985
72988  -24.342  11.549  -46.886 0.2857142985
72979  -22.915  12.289  -46.578 0.2857142985
72232  -23.911  11.093  -45.652 0.2857142985
73708  -29.453  13.402  -45.336 0.1428571492
72975  -29.327  12.815  -44.227 0.1428571492
73707  -28.539  13.243  -45.688 0.1428571492
72213  -30.496  12.004  -43.043 0.1428571492
72964  -28.037  12.201  -43.570 0.4285714328
72226  -26.803  11.703  -44.225 0.5714285970
71456  -31.756  10.854  -43.280 0.1428571492
72974  -28.366  12.614  -44.247 0.2857142985
72211  -28.576  11.904  -43.027 0.4285714328
72197  -29.059  11.460  -42.510 0.5714285970
70623  -31.345  9.221  -41.729 0.4285714328
71431  -30.138  10.318  -41.558 0.5714285970
69050  -31.679  7.061  -41.813 0.5714285970
109713  -31.095  8.091  -41.190 0.7142857313
69834  -30.910  8.733  -41.255 0.7142857313
70621  -29.614  9.657  -41.063 0.7142857313
64176  -26.730  1.702  -42.351 0.4285714328
64980  -32.266  3.083  -42.649 0.5714285970
107570  -31.299  5.512  -41.497 0.8571428657
65794  -31.626  3.514  -41.756 0.7142857313
60122  -25.859  -3.059  -43.416 0.4285714328
98221  -27.337  -1.919  -42.609 0.7142857313
61788  -25.890  -1.254  -43.286 0.4285714328
101161  -24.471  -1.064  -43.809 0.2857142985
64966  -32.032  2.190  -41.939 0.7142857313
102213  -32.162  -3.395  -44.392 0.4285714328
56721  -30.483  -8.012  -39.979 0.2857142985
109652  -28.986  -10.924  -37.912 0.1428571492
102175  -32.865  -7.465  -40.648 0.2857142985
55950  -30.611  -8.658  -39.446 0.2857142985
49406  -27.042  -16.741  -36.274 0.1428571492
61797  -32.331  -1.688  -44.413 0.2857142985
75080  -23.512  16.000  -42.043 0.1428571492
50242  -27.780  -15.462  -37.888 0.1428571492
100264  -23.277  15.085  -41.854 0.1428571492
69833  -27.220  8.725  -42.145 0.5714285970
94666  -26.985  7.121  -42.227 0.4285714328
69047  -27.323  7.922  -42.075 0.4285714328
69048  -27.859  7.144  -41.607 0.4285714328
101572  -27.155  5.054  -41.912 0.4285714328
106919  -26.892  5.759  -42.045 0.4285714328
68225  -27.372  6.401  -41.911 0.5714285970
69038  -27.963  7.872  -41.231 0.5714285970
106638  -27.542  3.512  -42.006 0.5714285970
57589  -33.960  -6.272  -45.595 0.1428571492
54316  -24.703  -10.943  -40.089 0.2857142985
56780  -35.670  -7.832  -47.611 0.1428571492
57590  -34.542  -6.978  -46.548 0.1428571492
56786  -36.040  -7.453  -47.867 0.1428571492
57596  -34.552  -6.688  -47.428 0.1428571492
58450  -36.093  -6.315  -47.578 0.1428571492
53473  -24.231  -11.699  -39.779 0.2857142985
57568  -34.105  -7.017  -43.021 0.1428571492
56767  -34.667  -7.642  -44.635 0.1428571492
57582  -34.479  -7.150  -45.348 0.1428571492
56781  -36.230  -7.783  -47.417 0.1428571492
56773  -34.983  -7.834  -46.693 0.1428571492
95191  -35.721  -5.520  -44.527 0.1428571492
109437  -36.535  -6.575  -46.116 0.1428571492
100735  -36.191  -6.146  -45.317 0.1428571492
53472  -23.301  -11.977  -40.035 0.2857142985
96028  -33.211  -8.176  -40.426 0.1428571492
111507  -34.234  -8.061  -41.174 0.1428571492
56737  -33.843  -7.632  -40.910 0.1428571492
57558  -34.057  -7.021  -42.121 0.1428571492
56768  -35.049  -8.057  -45.787 0.1428571492
56762  -34.582  -7.659  -43.631 0.1428571492
56774  -35.491  -8.522  -46.954 0.1428571492
56775  -36.577  -8.046  -46.743 0.1428571492
57584  -36.630  -7.102  -45.621 0.1428571492
57583  -36.081  -6.340  -44.410 0.1428571492
52657  -23.841  -12.377  -39.367 0.2857142985
98018  -23.513  -12.996  -38.888 0.2857142985
55951  -31.865  -8.862  -39.627 0.1428571492
106971  -33.331  -8.863  -40.305 0.1428571492
55980  -33.957  -8.564  -40.798 0.1428571492
103347  -34.410  -8.533  -41.640 0.1428571492
55996  -35.037  -8.394  -44.700 0.1428571492
101139  -34.540  -8.162  -42.267 0.1428571492
56006  -35.722  -9.175  -46.954 0.1428571492
55195  -36.036  -9.225  -47.032 0.1428571492
58431  -35.649  -5.608  -43.577 0.1428571492
55144  -32.362  -9.379  -39.715 0.1428571492
55166  -34.178  -9.373  -41.353 0.1428571492
55157  -33.641  -9.446  -40.623 0.1428571492
108742  -35.124  -9.779  -43.842 0.1428571492
55997  -35.260  -9.165  -45.478 0.1428571492
55176  -34.943  -9.230  -43.048 0.1428571492
57577  -36.398  -7.224  -44.339 0.1428571492
98943  -36.460  -8.843  -46.650 0.1428571492
57576  -35.883  -6.466  -43.357 0.1428571492
54319  -31.896  -10.668  -39.340 0.1428571492
54333  -33.361  -10.847  -41.082 0.1428571492
98955  -33.255  -10.175  -40.469 0.1428571492
54320  -32.522  -10.177  -39.839 0.1428571492
54340  -34.308  -10.106  -42.098 0.1428571492
54339  -33.804  -10.164  -41.219 0.1428571492
55156  -32.995  -9.461  -40.080 0.1428571492
54372  -35.167  -10.413  -46.566 0.1428571492
99148  -34.770  -10.497  -44.217 0.1428571492
55190  -35.665  -9.885  -46.741 0.1428571492
55187  -36.468  -9.678  -46.375 0.1428571492
55186  -35.380  -9.685  -46.551 0.1428571492
56769  -36.795  -8.156  -45.595 0.1428571492
53493  -33.233  -11.398  -41.931 0.1428571492
54332  -32.857  -10.745  -40.406 0.1428571492
53504  -34.393  -10.738  -43.094 0.1428571492
53494  -33.826  -10.815  -42.061 0.1428571492
54363  -34.701  -10.962  -45.869 0.1428571492
56003  -36.697  -8.920  -45.829 0.1428571492
54351  -34.843  -10.012  -42.979 0.1428571492
103031  -35.209  -9.139  -44.175 0.1428571492
59270  -35.394  -4.811  -42.904 0.1428571492
57581  -33.816  -6.317  -44.470 0.1428571492
56763  -36.570  -7.993  -44.109 0.1428571492
58422  -35.575  -5.663  -42.567 0.1428571492
66590  -27.366  4.289  -41.917 0.4285714328
59281  -35.461  -4.803  -43.842 0.1428571492
58436  -36.304  -5.987  -46.078 0.1428571492
58448  -34.242  -6.034  -47.754 0.1428571492
70618  -26.384  8.957  -42.618 0.4285714328
73723  -26.210  12.731  -48.307 0.1428571492
70619  -27.190  9.460  -42.225 0.4285714328
113039  -32.507  -7.950  -40.263 0.1428571492
55143  -31.750  -9.720  -39.275 0.1428571492
55963  -32.618  -8.670  -39.976 0.1428571492
60128  -31.989  -3.788  -45.191 0.1428571492
57575  -34.254  -7.000  -44.028 0.1428571492
57595  -34.035  -6.212  -46.588 0.1428571492
98265  -35.060  -7.612  -47.356 0.1428571492
56779  -35.149  -7.346  -47.711 0.1428571492
103738  -35.481  -8.131  -47.317 0.1428571492
57597  -36.299  -7.083  -47.561 0.1428571492
57600  -34.879  -6.651  -47.941 0.1428571492
58456  -35.510  -6.077  -47.876 0.1428571492
58442  -36.413  -6.460  -46.859 0.1428571492
56757  -34.448  -7.644  -42.599 0.1428571492
57591  -36.555  -7.240  -46.809 0.1428571492
55964  -34.317  -7.684  -41.668 0.1428571492
56002  -35.324  -8.856  -46.258 0.1428571492
55991  -34.790  -8.398  -43.200 0.1428571492
56010  -35.964  -8.516  -47.219 0.1428571492
108142  -34.649  -8.707  -42.425 0.1428571492
55183  -35.115  -9.985  -45.373 0.1428571492
55167  -34.582  -9.337  -42.201 0.1428571492
47642  -23.338  -18.229  -35.174 0.1428571492
48508  -23.844  -17.325  -36.529 0.1428571492
48483  -22.493  -17.430  -35.917 0.1428571492
48507  -22.991  -17.231  -36.442 0.1428571492
50220  -23.272  -16.394  -37.242 0.1428571492
97484  -23.542  -15.212  -37.558 0.1428571492
50239  -23.076  -15.689  -37.551 0.1428571492
50997  -23.249  -14.572  -37.903 0.1428571492
51792  -23.785  -14.018  -37.779 0.1428571492
50238  -22.438  -15.249  -37.530 0.1428571492
51009  -22.579  -14.439  -37.925 0.1428571492
51806  -23.138  -13.780  -38.415 0.1428571492
52643  -22.065  -12.807  -38.817 0.1428571492
52656  -23.176  -12.573  -39.450 0.1428571492
53484  -23.890  -11.249  -40.515 0.1428571492
54330  -24.491  -10.512  -40.854 0.1428571492
53483  -23.013  -11.183  -40.542 0.2857142985
55154  -25.163  -9.763  -41.267 0.2857142985
99905  -25.630  -7.050  -42.349 0.4285714328
57566  -25.815  -6.280  -42.521 0.4285714328
104039  -26.951  3.112  -42.325 0.2857142985
96502  -26.739  3.847  -42.187 0.2857142985
105402  -26.226  7.052  -42.445 0.2857142985
69046  -26.283  7.687  -42.435 0.2857142985
69832  -26.435  8.325  -42.485 0.4285714328
54329  -23.579  -10.533  -40.964 0.2857142985
95306  -22.948  -15.099  -37.846 0.1428571492
51805  -22.383  -13.577  -38.416 0.1428571492
52655  -22.501  -12.320  -39.505 0.1428571492
53471  -22.393  -11.606  -40.008 0.1428571492
54328  -22.700  -10.343  -40.820 0.2857142985
55153  -24.147  -9.849  -41.371 0.2857142985
56749  -25.372  -8.082  -42.231 0.4285714328
57548  -24.389  -7.000  -42.560 0.2857142985
64979  -27.064  2.435  -42.275 0.2857142985
65790  -25.902  4.213  -42.301 0.2857142985
66589  -26.593  4.606  -42.134 0.2857142985
68224  -26.541  6.449  -42.281 0.2857142985
67388  -25.163  5.654  -42.465 0.2857142985
55165  -24.586  -9.229  -41.684 0.2857142985
64978  -26.322  2.607  -42.494 0.2857142985
65806  -26.044  3.399  -42.425 0.2857142985
64977  -25.438  2.869  -42.896 0.2857142985
103210  -25.935  5.040  -42.374 0.2857142985
110798  -26.531  5.243  -42.166 0.2857142985
65805  -25.048  3.760  -42.730 0.2857142985
65789  -25.169  4.689  -42.478 0.2857142985
112224  -25.559  -7.560  -42.295 0.4285714328
51807  -24.038  -13.439  -38.231 0.1428571492
55978  -25.306  -8.942  -41.821 0.4285714328
49442  -23.801  -15.984  -37.423 0.1428571492
99610  -23.400  -16.981  -36.951 0.1428571492
67389  -26.119  5.788  -42.336 0.2857142985
52644  -22.797  -13.066  -39.026 0.1428571492
48484  -23.222  -17.625  -35.810 0.1428571492
49422  -22.717  -16.675  -36.791 0.1428571492
51791  -21.803  -13.931  -37.733 0.1428571492
57549  -25.137  -7.349  -42.507 0.4285714328
68223  -25.562  6.597  -42.434 0.2857142985
55977  -24.463  -8.469  -42.116 0.4285714328
58416  -25.295  -5.705  -42.968 0.2857142985
73714  -22.754  13.104  -47.901 0.1428571492
73721  -23.053  12.747  -48.429 0.1428571492
72995  -23.035  12.703  -48.121 0.1428571492
72987  -23.177  11.981  -47.542 0.1428571492
72997  -23.830  11.694  -48.563 0.1428571492
74435  -23.467  13.729  -47.261 0.1428571492
75791  -20.879  16.396  -46.759 0.1428571492
59265  -25.503  -4.923  -43.170 0.2857142985
73003  -23.234  12.364  -49.001 0.1428571492
72996  -23.282  11.911  -48.437 0.1428571492
94290  -23.658  11.601  -47.665 0.1428571492
74433  -21.702  13.880  -47.402 0.1428571492
75133  -21.306  15.410  -46.925 0.1428571492
73704  -21.392  13.877  -47.117 0.1428571492
75125  -21.031  15.454  -46.140 0.1428571492
72986  -22.693  12.703  -47.235 0.1428571492
74434  -22.117  13.678  -47.645 0.1428571492
73713  -22.423  13.526  -47.634 0.1428571492
74426  -22.823  14.272  -47.019 0.1428571492
73712  -21.857  13.373  -47.192 0.1428571492
64976  -24.519  3.040  -43.342 0.1428571492
100744  -24.562  5.109  -42.486 0.1428571492
67386  -23.251  5.826  -42.202 0.1428571492
67387  -24.163  5.775  -42.300 0.1428571492
64175  -25.760  1.992  -42.861 0.1428571492
97926  -23.597  6.509  -41.958 0.1428571492
69045  -24.754  7.242  -42.173 0.1428571492
108664  -24.314  7.661  -41.594 0.2857142985
60940  -25.915  -2.105  -43.374 0.2857142985
60939  -24.945  -2.466  -43.515 0.1428571492
104245  -24.480  1.155  -43.879 0.1428571492
64189  -25.096  1.333  -43.291 0.1428571492
64991  -24.931  2.287  -43.445 0.1428571492
65003  -32.024  2.279  -44.270 0.1428571492
65804  -24.070  3.732  -43.187 0.1428571492
111194  -25.546  7.779  -42.371 0.1428571492
69037  -24.875  7.853  -42.072 0.1428571492
69821  -24.729  8.467  -41.873 0.2857142985
71417  -23.711  10.348  -40.409 0.2857142985
72179  -23.704  10.996  -40.681 0.2857142985
73659  -23.332  13.301  -38.633 0.1428571492
70617  -25.401  8.702  -42.527 0.2857142985
71428  -25.087  9.392  -42.355 0.2857142985
101963  -24.192  9.546  -40.757 0.2857142985
71427  -24.763  10.240  -42.102 0.2857142985
71418  -24.547  10.134  -41.147 0.2857142985
109084  -23.134  11.002  -40.141 0.2857142985
74387  -24.390  14.621  -40.866 0.1428571492
103058  -23.567  9.848  -40.422 0.1428571492
102159  -23.651  11.854  -40.790 0.1428571492
72178  -23.149  11.697  -40.055 0.2857142985
101307  -23.264  12.636  -40.005 0.1428571492
72933  -22.587  12.258  -39.108 0.1428571492
68214  -23.260  6.790  -41.228 0.2857142985
72174  -22.628  11.365  -39.513 0.1428571492
68209  -21.641  6.945  -40.849 0.1428571492
62582  -32.046  -0.541  -45.415 0.1428571492
63363  -24.756  0.422  -43.495 0.1428571492
64188  -24.500  1.793  -43.835 0.1428571492
64990  -24.164  2.420  -43.938 0.1428571492
65803  -23.232  3.685  -43.384 0.1428571492
66602  -23.552  4.386  -42.972 0.1428571492
66603  -24.378  4.437  -42.701 0.1428571492
66587  -22.967  5.068  -42.623 0.1428571492
68215  -23.935  7.167  -41.825 0.2857142985
70604  -24.379  8.825  -41.071 0.1428571492
70605  -24.667  9.183  -41.591 0.2857142985
72173  -22.234  11.612  -38.580 0.1428571492
71413  -22.313  11.151  -39.074 0.2857142985
72930  -22.513  12.921  -38.055 0.1428571492
94099  -23.514  13.341  -39.572 0.1428571492
64196  -32.139  1.358  -44.415 0.1428571492
63370  -31.829  1.043  -45.085 0.1428571492
108916  -23.036  12.928  -39.077 0.1428571492
62555  -25.277  -0.118  -43.081 0.1428571492
62567  -25.066  -0.724  -43.403 0.1428571492
70632  -25.609  9.237  -42.899 0.2857142985
62581  -31.547  -1.396  -46.170 0.1428571492
98998  -25.538  7.390  -42.398 0.1428571492
69831  -25.524  8.117  -42.366 0.1428571492
66588  -23.835  5.093  -42.542 0.1428571492
64975  -23.703  3.109  -43.752 0.1428571492
68222  -24.505  6.532  -42.271 0.1428571492
69820  -24.304  8.113  -41.109 0.2857142985
71414  -22.903  10.678  -39.956 0.1428571492
75081  -24.079  15.299  -41.502 0.1428571492
54314  -21.286  -10.425  -39.841 0.1428571492
94431  -23.242  -9.736  -41.338 0.1428571492
55151  -21.608  -9.308  -40.431 0.1428571492
93492  -21.837  -8.614  -40.733 0.1428571492
55958  -22.101  -7.903  -41.149 0.1428571492
55163  -23.011  -8.907  -41.625 0.1428571492
56746  -22.400  -7.237  -41.618 0.1428571492
55164  -23.802  -9.078  -41.716 0.1428571492
98195  -22.976  -6.864  -41.972 0.1428571492
56748  -23.961  -7.687  -42.310 0.1428571492
104884  -24.695  -7.739  -42.410 0.1428571492
112111  -24.390  -6.419  -42.779 0.1428571492
58415  -24.277  -5.903  -43.034 0.1428571492
59277  -24.855  -4.381  -43.420 0.1428571492
60121  -24.873  -3.427  -43.454 0.1428571492
69036  -23.917  7.545  -41.084 0.1428571492
55136  -20.999  -9.665  -39.992 0.1428571492
57565  -24.951  -6.452  -42.769 0.1428571492
54327  -21.832  -10.043  -40.426 0.1428571492
55152  -22.418  -9.399  -40.971 0.1428571492
55946  -20.834  -8.731  -40.168 0.1428571492
97223  -22.486  -8.573  -41.245 0.1428571492
55975  -22.798  -8.089  -41.704 0.1428571492
56747  -23.204  -7.549  -42.037 0.1428571492
55976  -23.493  -8.315  -42.010 0.1428571492
57547  -23.590  -6.953  -42.343 0.1428571492
57546  -22.341  -6.491  -41.801 0.1428571492
56729  -21.396  -7.277  -41.311 0.1428571492
54302  -20.839  -10.717  -39.173 0.1428571492
56785  -35.562  -7.256  -47.963 0.1428571492
69042  -30.950  7.535  -41.053 0.7142857313
69049  -31.405  7.632  -41.458 0.7142857313
69825  -30.498  8.162  -41.037 0.8571428657
70609  -30.047  8.873  -41.106 0.8571428657
72238  -23.140  11.987  -46.863 0.2857142985
73004  -23.420  12.020  -49.288 0.1428571492
108150  -30.737  11.418  -42.671 0.1428571492
112552  -24.726  -5.742  -43.121 0.2857142985
