#!ascii label  , from subject sub-v1s1x0050650_ses-1 vox2ras=TkReg
1542
47992  46.265  -17.108  12.674 0.0000000000
27368  36.191  -42.676  23.676 0.0000000000
26619  24.317  -43.809  21.948 0.0000000000
22511  17.441  -48.676  23.051 0.0000000000
28035  29.835  -42.130  30.318 0.0000000000
106461  29.170  -39.734  19.651 0.0000000000
42207  40.160  -24.570  13.318 0.0000000000
51449  53.136  -13.230  14.061 0.0000000000
38933  45.059  -28.064  20.653 0.0000000000
94391  34.027  -35.323  18.634 0.0000000000
28922  33.365  -40.497  15.092 0.0000000000
24962  24.413  -45.468  25.464 0.0000000000
24198  20.239  -45.776  22.292 0.0000000000
22472  20.913  -47.916  27.360 0.0000000000
27338  26.850  -41.728  26.459 0.0000000000
42928  46.811  -23.900  21.449 0.0000000000
31924  34.777  -36.295  28.865 0.0000000000
31116  38.872  -37.672  26.249 0.0000000000
33609  39.119  -34.344  24.031 0.0000000000
30386  34.007  -38.875  21.417 0.0000000000
94441  33.377  -40.307  17.447 0.0000000000
26650  34.691  -44.437  18.229 0.0000000000
30431  24.887  -38.594  17.647 0.0000000000
29697  27.311  -40.147  14.386 0.0000000000
50591  49.934  -13.878  12.726 0.0000000000
48886  52.644  -16.380  14.534 0.0000000000
28167  21.731  -41.887  17.676 0.0000000000
95498  19.549  -44.568  17.672 0.0000000000
28053  33.450  -41.998  27.742 0.0000000000
26618  32.136  -43.673  21.526 0.0000000000
105993  30.637  -40.411  25.209 0.0000000000
28845  26.094  -40.049  22.059 0.0000000000
45545  42.781  -20.964  13.225 0.0000000000
21573  18.148  -49.937  28.444 0.0000000000
20653  15.033  -50.720  24.350 0.0000000000
49723  49.993  -15.309  16.689 0.0000000000
47138  47.172  -18.759  16.405 0.0000000000
43769  44.359  -22.526  17.669 0.0000000000
40705  42.870  -26.372  17.169 0.0000000000
38971  38.682  -28.471  17.678 0.0000000000
95162  43.572  -30.219  25.065 0.0000000000
37140  38.715  -30.815  21.229 0.0000000000
111225  36.136  -33.098  16.106 0.0000000000
31233  36.317  -38.255  17.920 0.0000000000
27445  30.333  -42.271  16.112 0.0000000000
26552  23.008  -43.980  27.196 0.0000000000
24157  23.014  -46.879  26.200 0.0000000000
24944  21.527  -45.625  27.833 0.0000000000
26536  24.585  -43.163  27.852 0.0000000000
30324  35.577  -38.559  25.656 0.0000000000
30358  37.673  -39.940  24.979 0.0000000000
30370  37.198  -38.783  23.630 0.0000000000
28113  35.371  -41.473  22.191 0.0000000000
28138  33.464  -41.334  20.330 0.0000000000
26627  35.455  -44.680  20.436 0.0000000000
29676  22.629  -39.490  15.774 0.0000000000
30499  24.272  -38.768  14.411 0.0000000000
49764  47.907  -15.545  12.150 0.0000000000
49780  49.340  -15.330  10.888 0.0000000000
48936  46.912  -16.791  10.353 0.0000000000
27404  23.106  -43.157  19.873 0.0000000000
26662  21.076  -43.179  17.840 0.0000000000
108442  21.470  -44.350  19.762 0.0000000000
23359  18.689  -47.203  22.946 0.0000000000
93626  18.367  -46.315  20.400 0.0000000000
22521  17.012  -48.261  20.060 0.0000000000
21627  16.304  -49.518  21.024 0.0000000000
102355  31.288  -39.311  28.270 0.0000000000
28045  31.773  -42.056  29.110 0.0000000000
27352  32.490  -42.342  26.278 0.0000000000
28055  30.122  -41.819  27.416 0.0000000000
26596  25.806  -43.728  23.784 0.0000000000
102879  26.519  -41.192  24.197 0.0000000000
97226  24.760  -42.516  21.557 0.0000000000
28153  24.213  -41.167  19.887 0.0000000000
109547  41.251  -22.510  13.420 0.0000000000
44727  40.954  -21.970  10.693 0.0000000000
43032  39.543  -23.921  10.480 0.0000000000
20635  13.380  -50.495  26.394 0.0000000000
44639  45.655  -20.897  17.068 0.0000000000
44606  47.438  -21.251  18.785 0.0000000000
40682  45.464  -26.821  20.749 0.0000000000
41419  44.199  -25.768  19.170 0.0000000000
39856  43.584  -27.013  18.347 0.0000000000
39872  41.062  -27.271  17.176 0.0000000000
39841  41.273  -27.829  19.722 0.0000000000
33639  36.538  -34.614  21.655 0.0000000000
35339  38.577  -32.865  22.623 0.0000000000
34522  36.662  -33.419  20.559 0.0000000000
36265  36.639  -31.736  18.747 0.0000000000
33703  34.864  -34.112  17.317 0.0000000000
32816  35.794  -35.374  16.392 0.0000000000
32046  33.848  -36.129  16.830 0.0000000000
29671  35.791  -40.561  16.743 0.0000000000
27401  30.816  -42.167  20.559 0.0000000000
26644  31.011  -43.251  18.759 0.0000000000
27428  30.004  -41.615  18.018 0.0000000000
28940  28.240  -40.482  13.604 0.0000000000
103434  53.454  -11.998  10.896 0.0000000000
111700  53.580  -13.532  12.642 0.0000000000
24991  24.778  -45.272  24.145 0.0000000000
25018  22.471  -45.230  22.120 0.0000000000
24187  23.084  -46.110  24.203 0.0000000000
24177  21.190  -47.047  24.695 0.0000000000
22500  19.272  -48.410  25.303 0.0000000000
28024  26.881  -41.724  30.652 0.0000000000
27322  28.141  -41.953  28.624 0.0000000000
26534  26.261  -42.948  28.008 0.0000000000
26572  25.678  -44.037  25.262 0.0000000000
43731  48.427  -21.887  21.293 0.0000000000
39801  45.707  -26.924  22.964 0.0000000000
31951  39.563  -36.339  25.478 0.0000000000
31965  36.061  -36.571  22.568 0.0000000000
31983  33.633  -36.873  20.400 0.0000000000
31217  32.604  -37.664  17.917 0.0000000000
30398  32.553  -38.971  19.706 0.0000000000
28162  33.655  -42.326  17.828 0.0000000000
27442  34.287  -43.265  16.669 0.0000000000
30428  27.119  -38.583  18.788 0.0000000000
29672  28.269  -39.898  17.009 0.0000000000
30480  26.005  -38.463  15.509 0.0000000000
51467  51.461  -13.093  14.118 0.0000000000
50589  53.254  -14.619  14.512 0.0000000000
50607  51.644  -14.355  13.587 0.0000000000
25036  19.766  -45.234  19.696 0.0000000000
30326  33.594  -38.805  26.020 0.0000000000
27332  35.025  -42.396  25.924 0.0000000000
25784  35.055  -45.146  22.554 0.0000000000
26582  33.466  -43.646  24.253 0.0000000000
28103  31.985  -41.702  23.463 0.0000000000
28844  30.356  -40.162  21.792 0.0000000000
28783  28.054  -40.467  26.234 0.0000000000
29575  27.902  -39.464  23.855 0.0000000000
30400  27.772  -38.591  20.839 0.0000000000
29626  25.472  -39.120  19.874 0.0000000000
28899  23.009  -39.839  17.587 0.0000000000
46334  44.380  -19.408  13.449 0.0000000000
47212  44.624  -18.521  10.804 0.0000000000
45571  43.046  -20.014  10.936 0.0000000000
22474  19.896  -48.872  28.014 0.0000000000
20642  17.868  -50.201  25.530 0.0000000000
19730  16.810  -51.324  27.067 0.0000000000
20659  16.364  -50.284  23.752 0.0000000000
52305  51.385  -12.303  15.532 0.0000000000
94096  49.794  -14.080  15.061 0.0000000000
48876  48.284  -16.212  14.706 0.0000000000
47163  46.238  -18.449  15.041 0.0000000000
96617  44.778  -19.982  15.235 0.0000000000
44649  43.397  -21.520  15.504 0.0000000000
96104  41.833  -23.168  15.520 0.0000000000
42963  45.247  -23.324  19.122 0.0000000000
42974  43.035  -24.132  18.029 0.0000000000
41448  41.465  -25.608  15.076 0.0000000000
39895  40.592  -27.311  14.855 0.0000000000
38994  39.476  -28.299  15.421 0.0000000000
38917  44.803  -29.085  22.985 0.0000000000
35318  41.655  -32.455  24.678 0.0000000000
37114  41.139  -30.888  23.454 0.0000000000
38041  41.571  -29.183  21.797 0.0000000000
38051  38.557  -29.707  20.098 0.0000000000
36289  37.170  -30.682  17.041 0.0000000000
30445  34.655  -39.451  17.387 0.0000000000
25825  34.122  -45.432  19.200 0.0000000000
26669  32.040  -43.883  16.724 0.0000000000
28195  31.526  -41.780  15.496 0.0000000000
28917  28.687  -40.823  15.371 0.0000000000
28926  29.617  -40.984  14.429 0.0000000000
111965  21.990  -45.167  27.161 0.0000000000
25727  21.382  -44.548  28.201 0.0000000000
28793  36.383  -40.981  25.099 0.0000000000
29549  37.005  -40.210  25.185 0.0000000000
28090  36.941  -40.913  24.376 0.0000000000
28829  36.550  -40.848  23.404 0.0000000000
28111  36.361  -41.835  23.268 0.0000000000
27388  35.393  -43.165  21.447 0.0000000000
27387  35.808  -43.627  22.097 0.0000000000
48888  46.763  -16.697  13.165 0.0000000000
48920  47.325  -15.974  11.513 0.0000000000
48013  46.222  -17.024  11.653 0.0000000000
26630  23.407  -43.447  20.606 0.0000000000
26645  22.410  -43.480  19.580 0.0000000000
26621  23.025  -44.150  21.158 0.0000000000
94224  18.031  -47.977  23.061 0.0000000000
23361  17.550  -47.789  21.593 0.0000000000
22513  17.239  -48.653  21.501 0.0000000000
22515  16.955  -48.801  20.755 0.0000000000
21618  16.787  -49.256  21.477 0.0000000000
96223  28.728  -41.130  30.825 0.0000000000
28757  29.625  -40.145  30.257 0.0000000000
29505  30.940  -40.278  29.664 0.0000000000
28034  30.689  -42.037  30.065 0.0000000000
27303  31.448  -42.404  28.856 0.0000000000
27286  30.199  -42.401  29.709 0.0000000000
26608  24.828  -43.956  22.515 0.0000000000
27391  25.254  -42.491  22.390 0.0000000000
27392  24.373  -43.159  21.385 0.0000000000
27402  24.325  -42.457  20.798 0.0000000000
43011  40.537  -23.802  13.615 0.0000000000
43022  39.987  -23.297  11.572 0.0000000000
41491  39.165  -24.644  11.745 0.0000000000
46269  49.445  -19.660  19.435 0.0000000000
45492  47.771  -20.489  18.422 0.0000000000
44587  49.063  -20.896  20.084 0.0000000000
39824  45.343  -27.788  20.760 0.0000000000
39839  44.708  -27.156  19.554 0.0000000000
38934  44.375  -27.776  19.995 0.0000000000
92532  42.410  -27.373  18.686 0.0000000000
38935  43.320  -27.994  20.263 0.0000000000
93881  35.255  -35.288  20.922 0.0000000000
33657  36.259  -34.217  20.914 0.0000000000
94855  35.322  -34.335  19.556 0.0000000000
34540  35.591  -33.627  19.046 0.0000000000
33688  34.406  -34.706  18.023 0.0000000000
33704  34.329  -34.841  17.156 0.0000000000
32801  33.515  -35.950  17.405 0.0000000000
28141  30.048  -41.061  19.995 0.0000000000
27415  30.397  -41.871  19.772 0.0000000000
28880  29.463  -40.663  18.949 0.0000000000
98536  53.528  -13.119  12.938 0.0000000000
51464  53.475  -13.623  13.752 0.0000000000
24980  24.767  -45.472  24.639 0.0000000000
106647  23.726  -45.806  24.271 0.0000000000
24165  24.176  -45.946  24.955 0.0000000000
102596  21.721  -47.566  26.879 0.0000000000
23339  22.046  -47.361  25.101 0.0000000000
92441  21.089  -47.443  25.487 0.0000000000
23341  19.515  -47.514  24.658 0.0000000000
23332  20.196  -47.889  25.682 0.0000000000
105720  26.421  -42.043  30.341 0.0000000000
27289  27.288  -42.408  29.623 0.0000000000
27308  25.936  -42.844  28.817 0.0000000000
25740  24.622  -44.336  26.674 0.0000000000
26549  25.538  -43.567  26.712 0.0000000000
24970  25.053  -45.059  25.089 0.0000000000
25764  25.616  -44.824  24.468 0.0000000000
108109  38.319  -37.203  27.216 0.0000000000
31931  39.139  -36.338  27.663 0.0000000000
101544  39.749  -36.390  26.812 0.0000000000
32708  40.062  -35.921  26.645 0.0000000000
31143  39.335  -37.189  25.628 0.0000000000
30376  35.710  -38.712  22.672 0.0000000000
31159  37.034  -37.853  23.416 0.0000000000
31171  35.130  -37.908  22.193 0.0000000000
31178  34.678  -36.984  21.790 0.0000000000
31180  33.806  -38.086  21.131 0.0000000000
31187  33.317  -37.772  20.508 0.0000000000
98059  33.355  -39.227  20.893 0.0000000000
27414  34.068  -43.122  19.260 0.0000000000
28151  33.089  -41.537  18.780 0.0000000000
106314  33.619  -42.535  18.675 0.0000000000
27433  34.687  -42.698  16.442 0.0000000000
26667  34.269  -43.897  17.027 0.0000000000
30430  25.498  -38.621  18.113 0.0000000000
30449  26.210  -38.615  17.628 0.0000000000
30467  25.322  -38.330  16.199 0.0000000000
51468  50.579  -13.606  13.363 0.0000000000
51483  51.161  -13.760  13.214 0.0000000000
51484  50.453  -13.966  12.627 0.0000000000
49779  49.962  -15.518  11.140 0.0000000000
28181  21.466  -41.286  16.837 0.0000000000
27446  21.099  -41.891  16.765 0.0000000000
25009  21.184  -45.578  22.200 0.0000000000
25030  21.294  -45.220  20.932 0.0000000000
25021  19.967  -45.592  21.317 0.0000000000
24214  17.495  -46.818  18.825 0.0000000000
24219  17.993  -46.042  18.384 0.0000000000
105835  32.918  -40.916  28.081 0.0000000000
30306  32.419  -38.481  27.172 0.0000000000
29526  33.210  -40.338  27.210 0.0000000000
28780  34.624  -41.399  26.351 0.0000000000
27333  34.440  -42.531  26.459 0.0000000000
96373  34.119  -43.680  24.923 0.0000000000
27334  33.775  -42.674  26.784 0.0000000000
28796  31.051  -40.934  25.838 0.0000000000
28092  32.056  -41.510  24.571 0.0000000000
28808  31.578  -40.805  24.037 0.0000000000
28832  30.931  -40.632  22.558 0.0000000000
29560  30.268  -39.660  23.869 0.0000000000
96092  27.123  -41.811  27.405 0.0000000000
28057  28.024  -41.436  27.831 0.0000000000
28081  27.243  -40.968  26.031 0.0000000000
105650  26.303  -40.212  22.758 0.0000000000
28821  27.245  -39.878  23.951 0.0000000000
94926  27.388  -39.526  23.200 0.0000000000
30378  28.214  -39.024  22.184 0.0000000000
29601  26.516  -39.342  21.568 0.0000000000
30390  26.872  -38.751  20.795 0.0000000000
29616  25.595  -39.528  20.603 0.0000000000
28165  23.074  -41.047  18.800 0.0000000000
28869  23.786  -40.674  19.225 0.0000000000
28884  22.658  -40.595  17.986 0.0000000000
46335  43.713  -19.881  12.939 0.0000000000
46347  43.765  -19.486  12.070 0.0000000000
103507  42.576  -20.505  11.548 0.0000000000
44774  41.565  -21.754  9.735 0.0000000000
103179  18.745  -49.845  28.241 0.0000000000
21590  18.792  -50.080  26.941 0.0000000000
20622  18.261  -50.502  27.326 0.0000000000
19732  14.900  -51.237  26.850 0.0000000000
19745  15.834  -51.191  25.883 0.0000000000
102455  16.701  -50.707  25.318 0.0000000000
20652  15.909  -50.673  24.208 0.0000000000
20668  15.547  -50.306  22.762 0.0000000000
20661  15.284  -50.528  23.513 0.0000000000
52304  51.820  -11.824  15.513 0.0000000000
94060  50.484  -13.390  16.131 0.0000000000
49730  49.497  -15.153  15.573 0.0000000000
49731  48.879  -15.646  14.974 0.0000000000
98728  49.148  -15.811  15.540 0.0000000000
47149  47.768  -18.260  16.462 0.0000000000
47957  47.754  -17.681  15.751 0.0000000000
47150  46.702  -18.632  15.774 0.0000000000
111334  45.678  -18.932  15.097 0.0000000000
46312  46.069  -19.068  15.658 0.0000000000
107124  45.117  -21.347  16.989 0.0000000000
94646  45.124  -20.966  16.576 0.0000000000
44641  43.719  -21.786  16.225 0.0000000000
43786  42.438  -22.484  15.559 0.0000000000
43778  43.292  -22.452  16.625 0.0000000000
43732  47.764  -22.578  20.987 0.0000000000
43746  47.145  -22.525  19.882 0.0000000000
42953  46.469  -23.410  20.168 0.0000000000
40703  43.528  -26.311  18.156 0.0000000000
42164  43.200  -25.028  18.291 0.0000000000
42172  42.690  -25.017  17.476 0.0000000000
42181  42.254  -24.625  16.751 0.0000000000
40717  42.349  -26.037  16.058 0.0000000000
108250  41.451  -26.628  15.367 0.0000000000
40712  41.958  -26.622  15.947 0.0000000000
39873  40.031  -27.434  17.759 0.0000000000
39884  39.831  -27.586  16.364 0.0000000000
38983  38.800  -28.523  16.822 0.0000000000
38095  38.497  -29.153  16.681 0.0000000000
104760  44.257  -29.593  23.786 0.0000000000
34483  40.609  -33.974  25.126 0.0000000000
34482  41.294  -33.238  25.023 0.0000000000
95936  40.369  -33.237  24.421 0.0000000000
36223  38.791  -31.930  22.328 0.0000000000
36222  39.506  -31.505  22.742 0.0000000000
37127  39.792  -30.727  22.420 0.0000000000
38033  41.095  -29.791  22.316 0.0000000000
38043  39.739  -29.693  21.268 0.0000000000
38049  40.157  -29.024  20.826 0.0000000000
37152  38.318  -30.459  20.498 0.0000000000
35389  35.753  -32.754  17.312 0.0000000000
36276  36.924  -30.980  18.341 0.0000000000
35405  36.370  -32.095  16.793 0.0000000000
36302  37.055  -31.729  16.395 0.0000000000
34600  37.226  -33.181  15.922 0.0000000000
33716  36.942  -34.114  16.040 0.0000000000
32025  36.326  -37.062  17.510 0.0000000000
101253  36.936  -36.849  17.702 0.0000000000
29654  32.933  -39.133  17.527 0.0000000000
30446  33.573  -38.660  17.324 0.0000000000
29653  33.895  -39.797  17.349 0.0000000000
29670  36.406  -40.242  17.350 0.0000000000
92571  33.338  -44.773  21.881 0.0000000000
25017  34.456  -45.452  20.605 0.0000000000
25814  32.817  -44.785  20.367 0.0000000000
27435  30.765  -42.840  17.321 0.0000000000
26660  31.765  -44.074  17.354 0.0000000000
26661  31.261  -43.410  16.950 0.0000000000
27450  32.144  -42.983  16.132 0.0000000000
28196  30.581  -42.002  15.374 0.0000000000
29683  27.428  -39.664  15.465 0.0000000000
28906  28.811  -40.618  16.390 0.0000000000
28918  28.025  -40.462  14.894 0.0000000000
28939  29.018  -40.573  13.931 0.0000000000
93808  30.597  -39.894  14.578 0.0000000000
49746  53.245  -15.546  14.488 0.0000000000
97422  53.540  -15.007  14.196 0.0000000000
48059  45.843  -18.082  9.783 0.0000000000
25741  23.705  -44.726  26.591 0.0000000000
106267  23.573  -45.949  25.948 0.0000000000
24951  23.105  -45.601  26.382 0.0000000000
24953  21.888  -46.620  27.327 0.0000000000
104567  21.346  -47.197  27.743 0.0000000000
26551  24.151  -43.871  27.221 0.0000000000
31120  34.952  -37.702  25.936 0.0000000000
31086  36.028  -36.721  27.846 0.0000000000
31119  36.062  -37.778  26.172 0.0000000000
30322  37.707  -38.573  25.831 0.0000000000
30321  38.375  -38.203  25.857 0.0000000000
30356  38.444  -38.294  24.839 0.0000000000
30369  37.744  -39.266  24.204 0.0000000000
96852  36.708  -39.993  23.363 0.0000000000
28831  35.284  -40.463  22.302 0.0000000000
28842  33.648  -40.658  20.941 0.0000000000
28127  34.142  -41.631  20.922 0.0000000000
27398  34.732  -42.738  20.804 0.0000000000
26641  35.114  -44.719  19.462 0.0000000000
30452  23.914  -38.678  16.545 0.0000000000
30468  24.478  -38.310  15.871 0.0000000000
30483  23.513  -38.888  14.903 0.0000000000
49748  48.552  -15.124  12.776 0.0000000000
50621  49.451  -14.800  11.426 0.0000000000
49763  48.652  -15.053  11.731 0.0000000000
49793  48.478  -15.672  10.673 0.0000000000
27429  22.239  -42.326  18.558 0.0000000000
27437  21.278  -42.496  17.490 0.0000000000
27419  22.043  -43.124  18.907 0.0000000000
26653  21.407  -43.521  18.619 0.0000000000
98489  20.333  -44.499  18.675 0.0000000000
95108  19.384  -46.461  22.691 0.0000000000
98217  19.163  -45.917  20.897 0.0000000000
24210  18.479  -46.505  21.304 0.0000000000
107253  17.316  -47.586  20.216 0.0000000000
21642  16.376  -49.005  19.093 0.0000000000
110059  32.078  -40.721  28.927 0.0000000000
28054  32.898  -42.126  28.186 0.0000000000
108936  33.031  -42.586  27.194 0.0000000000
27302  32.213  -42.221  28.561 0.0000000000
27337  31.143  -42.097  27.348 0.0000000000
28067  30.544  -41.295  26.609 0.0000000000
27364  26.260  -42.861  24.930 0.0000000000
28082  26.667  -41.809  25.418 0.0000000000
28105  26.013  -41.938  23.790 0.0000000000
28116  25.685  -41.769  22.922 0.0000000000
28846  25.513  -40.836  21.632 0.0000000000
28858  25.256  -40.338  20.841 0.0000000000
28142  24.550  -41.607  20.499 0.0000000000
28143  23.957  -41.993  20.111 0.0000000000
43806  41.648  -21.881  13.184 0.0000000000
44725  42.096  -21.064  11.925 0.0000000000
43816  40.999  -22.111  11.695 0.0000000000
43031  40.062  -23.277  10.528 0.0000000000
19733  14.004  -50.819  27.105 0.0000000000
20647  13.662  -50.413  25.499 0.0000000000
94676  14.292  -50.409  23.689 0.0000000000
20655  12.958  -50.338  24.866 0.0000000000
46297  47.683  -19.363  17.454 0.0000000000
92997  46.506  -19.856  16.857 0.0000000000
92989  47.200  -20.025  17.573 0.0000000000
45493  46.899  -20.824  18.076 0.0000000000
44608  45.876  -21.873  18.244 0.0000000000
42146  46.068  -25.065  20.809 0.0000000000
42152  45.440  -24.800  20.010 0.0000000000
40690  45.065  -26.683  20.009 0.0000000000
111773  44.385  -26.943  18.909 0.0000000000
40704  43.314  -26.518  17.946 0.0000000000
39881  42.311  -26.759  16.700 0.0000000000
39857  42.711  -27.034  17.948 0.0000000000
39859  40.829  -27.394  18.285 0.0000000000
39843  40.010  -27.618  18.721 0.0000000000
33626  37.509  -34.716  22.694 0.0000000000
34491  38.693  -33.682  23.309 0.0000000000
34498  37.677  -33.957  22.352 0.0000000000
34506  37.298  -33.268  21.271 0.0000000000
97309  37.248  -32.578  20.616 0.0000000000
36251  37.469  -31.666  20.305 0.0000000000
35360  36.675  -32.756  19.980 0.0000000000
34560  35.868  -32.921  18.510 0.0000000000
34580  35.429  -33.408  16.867 0.0000000000
33717  35.960  -34.324  16.044 0.0000000000
33718  35.210  -34.843  16.442 0.0000000000
32817  34.951  -35.688  16.516 0.0000000000
31253  34.747  -37.204  16.906 0.0000000000
28894  35.160  -41.672  16.481 0.0000000000
28893  35.308  -40.885  16.821 0.0000000000
28911  35.457  -41.055  16.069 0.0000000000
29680  35.550  -40.080  15.977 0.0000000000
30490  35.180  -38.497  14.852 0.0000000000
27400  31.253  -42.865  20.790 0.0000000000
26628  31.557  -43.516  20.290 0.0000000000
26629  30.976  -42.839  19.835 0.0000000000
27427  30.655  -42.711  18.275 0.0000000000
27436  30.315  -42.133  17.016 0.0000000000
28928  27.920  -40.679  13.924 0.0000000000
108807  27.084  -40.508  12.914 0.0000000000
52348  53.542  -12.102  11.581 0.0000000000
51491  53.577  -13.099  12.049 0.0000000000
51499  53.216  -13.808  11.394 0.0000000000
25788  24.271  -44.470  22.602 0.0000000000
106853  23.051  -44.592  21.672 0.0000000000
25006  23.730  -45.094  22.962 0.0000000000
24994  22.580  -45.791  23.480 0.0000000000
104237  21.828  -45.933  23.441 0.0000000000
105772  23.045  -46.834  25.156 0.0000000000
24176  21.954  -46.851  24.492 0.0000000000
95602  20.211  -46.225  23.356 0.0000000000
23351  19.446  -46.955  23.624 0.0000000000
23352  18.703  -47.657  23.840 0.0000000000
22508  17.983  -48.482  23.991 0.0000000000
28022  28.637  -41.913  30.768 0.0000000000
27287  29.155  -42.417  29.949 0.0000000000
27288  28.158  -42.421  29.774 0.0000000000
27306  27.556  -42.291  28.996 0.0000000000
27323  26.642  -42.505  27.677 0.0000000000
26535  25.479  -43.167  28.017 0.0000000000
26548  25.991  -43.043  26.910 0.0000000000
26560  25.932  -43.229  25.923 0.0000000000
25754  25.815  -44.312  24.718 0.0000000000
102737  25.555  -44.396  23.674 0.0000000000
40746  39.899  -26.427  13.442 0.0000000000
41482  39.174  -25.343  12.239 0.0000000000
40754  38.607  -27.192  11.939 0.0000000000
45466  49.266  -20.706  20.901 0.0000000000
42134  46.994  -23.969  22.250 0.0000000000
41407  46.385  -25.763  22.242 0.0000000000
40670  45.787  -26.599  21.884 0.0000000000
39811  45.507  -27.748  21.773 0.0000000000
32723  40.093  -35.424  25.670 0.0000000000
33597  39.520  -35.178  24.799 0.0000000000
31157  38.160  -37.600  24.331 0.0000000000
31958  37.719  -36.691  23.838 0.0000000000
107492  37.352  -35.710  23.154 0.0000000000
32739  35.903  -35.894  22.230 0.0000000000
31976  34.916  -36.041  21.372 0.0000000000
94112  33.998  -36.156  20.092 0.0000000000
31995  32.996  -36.547  18.865 0.0000000000
93140  33.052  -37.120  19.732 0.0000000000
30411  32.432  -38.598  18.838 0.0000000000
29636  32.552  -39.242  18.080 0.0000000000
28855  33.088  -40.453  20.367 0.0000000000
28865  32.639  -40.463  18.995 0.0000000000
28896  33.016  -40.740  17.635 0.0000000000
28176  34.962  -42.302  16.487 0.0000000000
28192  35.016  -42.187  15.800 0.0000000000
28193  34.008  -42.309  15.758 0.0000000000
29625  27.705  -38.662  19.362 0.0000000000
29637  28.366  -39.367  18.835 0.0000000000
29638  27.662  -38.937  18.414 0.0000000000
29673  27.529  -39.425  16.545 0.0000000000
29684  26.697  -39.085  14.919 0.0000000000
30481  25.150  -38.128  15.128 0.0000000000
30496  25.798  -38.697  14.450 0.0000000000
51466  52.540  -13.237  14.293 0.0000000000
51465  53.170  -13.850  14.345 0.0000000000
97072  52.850  -14.086  14.464 0.0000000000
50590  52.685  -14.608  14.448 0.0000000000
49747  52.310  -15.326  14.204 0.0000000000
50620  50.084  -14.843  11.440 0.0000000000
48900  50.942  -15.911  12.527 0.0000000000
25802  21.879  -44.954  21.030 0.0000000000
25818  20.978  -44.753  19.886 0.0000000000
25830  19.762  -44.937  18.942 0.0000000000
24209  19.027  -45.627  20.047 0.0000000000
25041  18.571  -45.567  18.656 0.0000000000
31088  33.839  -36.853  27.800 0.0000000000
30325  34.535  -38.552  25.684 0.0000000000
28794  35.456  -41.118  25.654 0.0000000000
27361  35.764  -42.870  24.682 0.0000000000
99887  35.777  -44.449  22.537 0.0000000000
25762  35.086  -44.364  23.831 0.0000000000
25774  33.430  -44.108  23.461 0.0000000000
108678  32.940  -43.878  22.947 0.0000000000
27351  33.077  -42.829  25.538 0.0000000000
111092  32.704  -42.844  23.822 0.0000000000
27377  32.020  -42.877  22.373 0.0000000000
94642  31.169  -41.850  21.628 0.0000000000
28843  30.491  -40.958  21.132 0.0000000000
29599  29.315  -39.317  20.978 0.0000000000
102175  28.895  -42.021  28.357 0.0000000000
28068  29.394  -40.932  26.724 0.0000000000
28797  29.252  -39.896  25.480 0.0000000000
28799  27.531  -40.268  25.458 0.0000000000
28798  28.331  -39.825  25.423 0.0000000000
29561  29.402  -39.429  24.195 0.0000000000
29573  29.623  -39.327  23.258 0.0000000000
29600  28.940  -38.996  21.719 0.0000000000
29614  28.603  -38.854  20.745 0.0000000000
102053  27.322  -38.524  20.113 0.0000000000
30413  26.177  -38.655  19.550 0.0000000000
29640  24.633  -38.983  18.412 0.0000000000
29617  24.987  -39.841  20.156 0.0000000000
28882  24.077  -39.770  18.913 0.0000000000
29641  23.769  -39.443  18.024 0.0000000000
29660  22.704  -39.569  16.647 0.0000000000
47196  45.330  -17.963  12.536 0.0000000000
48040  45.567  -17.603  11.417 0.0000000000
47197  44.775  -18.337  11.802 0.0000000000
45573  41.925  -20.939  10.483 0.0000000000
45605  42.611  -20.847  9.638 0.0000000000
41499  38.489  -25.604  10.234 0.0000000000
24932  20.631  -45.486  28.921 0.0000000000
24945  20.892  -46.230  28.638 0.0000000000
23307  20.508  -47.789  28.607 0.0000000000
23308  20.057  -48.034  28.850 0.0000000000
22473  20.395  -48.426  27.711 0.0000000000
22492  19.696  -48.744  26.197 0.0000000000
21599  18.954  -49.252  25.710 0.0000000000
21605  17.751  -49.284  24.460 0.0000000000
20623  17.708  -50.857  27.632 0.0000000000
20643  17.340  -50.624  25.851 0.0000000000
20658  16.950  -50.144  24.182 0.0000000000
21611  16.668  -49.775  23.380 0.0000000000
21619  16.283  -49.771  21.871 0.0000000000
52303  52.392  -11.704  14.939 0.0000000000
52320  52.366  -12.429  14.580 0.0000000000
52321  51.706  -12.465  14.847 0.0000000000
51452  50.571  -13.205  14.170 0.0000000000
51435  50.849  -12.748  16.783 0.0000000000
50573  50.333  -13.305  14.989 0.0000000000
50580  49.860  -13.686  13.889 0.0000000000
49738  48.522  -15.441  13.945 0.0000000000
49739  47.930  -16.119  14.012 0.0000000000
48878  47.016  -17.069  14.053 0.0000000000
47956  48.506  -17.088  16.024 0.0000000000
47976  47.338  -17.377  14.871 0.0000000000
47978  46.002  -17.997  13.949 0.0000000000
47164  45.649  -18.579  14.407 0.0000000000
46323  44.548  -19.664  14.346 0.0000000000
46324  43.964  -20.114  13.892 0.0000000000
94272  45.283  -20.081  15.846 0.0000000000
45522  44.312  -20.604  15.357 0.0000000000
44683  42.966  -21.163  13.982 0.0000000000
44666  42.484  -21.742  14.438 0.0000000000
43797  41.549  -23.031  14.674 0.0000000000
43001  40.895  -23.926  14.370 0.0000000000
44588  47.818  -21.701  19.536 0.0000000000
43758  46.419  -22.244  18.933 0.0000000000
43760  44.730  -22.931  18.430 0.0000000000
42955  45.067  -24.090  19.460 0.0000000000
42964  44.366  -23.889  18.922 0.0000000000
108094  43.178  -23.426  17.603 0.0000000000
42983  42.312  -23.649  16.790 0.0000000000
42191  41.518  -24.824  15.377 0.0000000000
41459  40.887  -25.632  14.412 0.0000000000
40731  40.782  -26.483  14.435 0.0000000000
39913  40.492  -27.092  14.404 0.0000000000
39883  40.643  -27.320  16.098 0.0000000000
39896  39.899  -27.646  15.647 0.0000000000
38916  45.409  -28.177  22.340 0.0000000000
38038  44.480  -28.671  21.718 0.0000000000
36191  42.919  -31.468  25.092 0.0000000000
35328  39.769  -32.707  23.705 0.0000000000
110408  41.507  -31.293  23.827 0.0000000000
37112  43.096  -30.692  23.927 0.0000000000
37124  42.656  -30.174  23.250 0.0000000000
38040  42.612  -29.013  21.890 0.0000000000
38926  43.031  -28.468  21.171 0.0000000000
38936  41.595  -28.265  20.534 0.0000000000
38938  39.746  -28.646  20.031 0.0000000000
38958  38.657  -28.632  18.673 0.0000000000
37166  37.478  -30.354  18.985 0.0000000000
38069  37.654  -29.723  18.277 0.0000000000
38081  37.724  -29.633  17.460 0.0000000000
37207  37.888  -30.136  16.604 0.0000000000
32815  36.681  -35.164  16.442 0.0000000000
109521  38.199  -36.991  18.449 0.0000000000
32027  33.410  -36.689  17.274 0.0000000000
31235  34.395  -38.210  17.184 0.0000000000
31234  35.474  -38.322  17.510 0.0000000000
95987  35.949  -40.379  17.244 0.0000000000
30444  36.292  -39.956  17.880 0.0000000000
25797  35.719  -45.057  21.410 0.0000000000
25812  35.152  -45.082  19.691 0.0000000000
25833  34.574  -44.721  18.185 0.0000000000
25836  32.261  -44.595  18.800 0.0000000000
25843  33.551  -44.796  17.633 0.0000000000
26659  33.944  -44.410  17.174 0.0000000000
26668  33.394  -43.907  16.651 0.0000000000
28194  32.510  -42.353  15.833 0.0000000000
28914  32.792  -41.356  15.456 0.0000000000
28898  29.009  -40.507  17.470 0.0000000000
28179  29.366  -41.084  16.674 0.0000000000
28187  29.837  -41.730  16.318 0.0000000000
104631  28.617  -40.848  14.515 0.0000000000
28927  29.100  -40.959  14.393 0.0000000000
28197  29.952  -41.854  15.375 0.0000000000
28916  30.785  -41.370  15.002 0.0000000000
28924  31.231  -40.415  14.885 0.0000000000
50588  53.580  -14.376  14.042 0.0000000000
50619  53.633  -14.729  12.725 0.0000000000
49778  53.360  -15.490  12.021 0.0000000000
48052  45.725  -17.705  10.374 0.0000000000
27360  36.243  -42.391  24.212 0.0000000000
28807  36.829  -41.005  24.744 0.0000000000
96253  36.488  -42.048  23.776 0.0000000000
27376  36.240  -42.513  23.353 0.0000000000
26603  36.056  -42.830  22.817 0.0000000000
26604  35.909  -43.851  22.638 0.0000000000
48902  46.723  -16.519  12.075 0.0000000000
26620  23.812  -43.667  21.281 0.0000000000
26631  22.718  -43.814  20.302 0.0000000000
22510  17.529  -48.337  22.272 0.0000000000
99359  17.153  -49.026  22.225 0.0000000000
28021  29.386  -41.739  30.684 0.0000000000
28745  29.583  -40.927  30.611 0.0000000000
28020  30.166  -41.550  30.421 0.0000000000
27380  24.826  -43.280  22.120 0.0000000000
43016  40.106  -23.681  12.618 0.0000000000
42212  39.630  -24.582  12.511 0.0000000000
45478  49.117  -20.398  19.545 0.0000000000
45477  49.530  -20.058  20.313 0.0000000000
39825  44.946  -27.592  20.129 0.0000000000
105726  43.724  -27.686  19.675 0.0000000000
32773  34.338  -35.487  19.621 0.0000000000
32760  34.990  -35.035  20.052 0.0000000000
32772  34.624  -34.767  19.088 0.0000000000
32785  33.890  -35.337  17.664 0.0000000000
28866  29.559  -40.368  19.699 0.0000000000
28867  29.061  -39.906  19.172 0.0000000000
52318  53.259  -12.678  13.565 0.0000000000
24971  24.598  -45.530  24.924 0.0000000000
24155  23.952  -46.041  25.306 0.0000000000
23330  21.832  -47.558  26.062 0.0000000000
22483  21.205  -47.778  26.745 0.0000000000
23331  20.963  -47.728  26.222 0.0000000000
22484  20.517  -48.259  26.762 0.0000000000
102734  25.985  -41.359  30.579 0.0000000000
27277  25.725  -42.024  30.095 0.0000000000
27291  25.556  -42.462  29.405 0.0000000000
25748  24.561  -44.931  26.123 0.0000000000
107418  24.967  -44.859  25.604 0.0000000000
31100  38.859  -37.244  26.887 0.0000000000
31932  38.675  -36.842  27.513 0.0000000000
31115  39.424  -37.041  26.479 0.0000000000
31939  39.814  -36.501  26.413 0.0000000000
31131  39.236  -37.512  25.907 0.0000000000
30377  34.867  -38.782  22.012 0.0000000000
93461  35.801  -37.885  22.612 0.0000000000
31179  34.398  -37.988  21.607 0.0000000000
30387  33.463  -38.512  20.887 0.0000000000
27426  34.432  -43.583  18.054 0.0000000000
27434  34.422  -43.313  17.108 0.0000000000
26658  34.525  -44.201  17.564 0.0000000000
30450  25.461  -38.515  17.191 0.0000000000
30451  24.697  -38.476  16.853 0.0000000000
25020  20.856  -45.485  21.504 0.0000000000
28772  33.459  -41.315  27.622 0.0000000000
28052  33.960  -41.701  27.066 0.0000000000
27316  33.849  -42.271  27.104 0.0000000000
28795  31.390  -40.828  24.964 0.0000000000
28809  30.796  -40.242  24.447 0.0000000000
28820  30.935  -40.309  23.501 0.0000000000
28070  27.600  -41.115  26.889 0.0000000000
29576  26.756  -40.005  23.295 0.0000000000
103047  26.831  -39.553  22.475 0.0000000000
29615  26.195  -39.266  20.921 0.0000000000
29602  25.813  -39.846  21.308 0.0000000000
28166  22.405  -41.457  18.286 0.0000000000
28180  22.007  -41.000  17.418 0.0000000000
45544  43.145  -20.444  12.866 0.0000000000
45558  42.654  -20.715  12.433 0.0000000000
21572  18.865  -49.260  28.611 0.0000000000
21581  18.852  -50.027  27.757 0.0000000000
20616  18.272  -50.404  27.960 0.0000000000
20646  14.669  -50.718  25.267 0.0000000000
19746  15.231  -51.098  25.949 0.0000000000
20645  15.634  -50.950  25.124 0.0000000000
102093  51.455  -11.462  16.501 0.0000000000
53106  51.275  -11.208  16.938 0.0000000000
49722  50.342  -14.601  17.494 0.0000000000
50574  50.131  -14.276  16.252 0.0000000000
110378  47.269  -18.282  15.927 0.0000000000
46306  46.561  -19.230  16.308 0.0000000000
44626  44.777  -21.857  17.271 0.0000000000
44640  44.523  -21.412  16.532 0.0000000000
43777  44.080  -22.152  16.916 0.0000000000
42927  47.372  -23.189  21.678 0.0000000000
43733  47.087  -23.270  20.797 0.0000000000
108101  46.601  -23.843  20.773 0.0000000000
109039  43.211  -26.150  17.511 0.0000000000
41433  43.264  -25.839  17.684 0.0000000000
41434  42.878  -25.888  16.798 0.0000000000
40711  42.517  -26.290  16.491 0.0000000000
38957  39.273  -27.929  18.212 0.0000000000
38970  39.362  -27.814  17.121 0.0000000000
38080  38.263  -29.083  17.227 0.0000000000
38019  43.925  -29.953  24.441 0.0000000000
34484  39.838  -34.127  24.628 0.0000000000
36236  38.439  -31.577  21.543 0.0000000000
36235  39.072  -31.133  21.993 0.0000000000
37139  39.390  -30.400  21.643 0.0000000000
37151  38.968  -30.047  20.916 0.0000000000
35406  35.931  -32.872  16.432 0.0000000000
35423  36.606  -32.696  16.162 0.0000000000
34601  36.405  -33.450  15.990 0.0000000000
25799  32.697  -44.386  21.327 0.0000000000
25815  32.128  -43.985  20.752 0.0000000000
27444  30.804  -42.753  16.548 0.0000000000
26670  31.396  -43.122  16.408 0.0000000000
27451  30.677  -42.433  15.942 0.0000000000
28907  28.137  -40.142  15.956 0.0000000000
48885  53.242  -16.671  14.407 0.0000000000
107164  22.592  -44.919  26.842 0.0000000000
24952  22.212  -45.773  26.892 0.0000000000
107324  21.302  -46.606  28.040 0.0000000000
26537  23.492  -42.991  27.660 0.0000000000
30342  37.376  -39.426  25.367 0.0000000000
30341  37.923  -38.946  25.213 0.0000000000
30357  38.024  -39.136  24.783 0.0000000000
29570  37.631  -39.849  24.512 0.0000000000
28830  35.977  -41.135  22.774 0.0000000000
95949  36.039  -40.251  22.845 0.0000000000
28126  34.452  -40.827  21.653 0.0000000000
100620  35.287  -43.769  20.791 0.0000000000
27413  34.798  -43.727  19.973 0.0000000000
29675  23.200  -39.071  16.202 0.0000000000
30469  23.691  -38.661  15.626 0.0000000000
29685  23.129  -39.096  15.490 0.0000000000
48921  46.790  -16.498  10.994 0.0000000000
49782  48.063  -15.501  11.161 0.0000000000
48935  47.599  -16.181  10.604 0.0000000000
27418  22.691  -42.757  19.243 0.0000000000
26632  22.039  -44.120  20.010 0.0000000000
26646  21.751  -43.821  19.325 0.0000000000
26654  20.764  -43.910  18.291 0.0000000000
25828  21.019  -44.264  19.146 0.0000000000
24206  18.590  -46.763  22.139 0.0000000000
23364  17.277  -48.094  20.822 0.0000000000
23363  17.687  -47.105  20.864 0.0000000000
23368  17.178  -47.562  19.476 0.0000000000
22536  16.768  -48.302  19.104 0.0000000000
105559  16.649  -49.174  20.703 0.0000000000
22522  16.735  -48.902  19.971 0.0000000000
21643  15.718  -49.339  19.446 0.0000000000
96244  16.330  -49.242  20.146 0.0000000000
30282  29.738  -38.668  29.099 0.0000000000
28755  31.573  -40.950  29.536 0.0000000000
28032  31.986  -41.476  29.140 0.0000000000
28765  32.546  -41.263  28.677 0.0000000000
28044  32.433  -41.852  28.683 0.0000000000
27318  32.659  -42.348  27.944 0.0000000000
27320  30.843  -42.375  28.196 0.0000000000
27369  26.053  -42.911  24.158 0.0000000000
28117  25.463  -41.562  22.202 0.0000000000
28129  25.087  -41.756  21.641 0.0000000000
28847  25.030  -41.249  20.943 0.0000000000
28130  24.758  -41.924  21.060 0.0000000000
27403  23.721  -42.779  20.282 0.0000000000
27417  23.341  -42.385  19.652 0.0000000000
97479  41.081  -22.304  12.667 0.0000000000
43023  39.580  -23.721  11.064 0.0000000000
43040  39.986  -24.000  9.872 0.0000000000
20648  12.690  -50.451  25.707 0.0000000000
46283  48.131  -19.725  18.052 0.0000000000
44607  46.621  -21.531  18.497 0.0000000000
44624  46.146  -21.206  17.788 0.0000000000
41411  45.961  -26.036  21.323 0.0000000000
41412  45.506  -25.890  20.452 0.0000000000
39855  44.285  -27.121  18.928 0.0000000000
40698  43.889  -26.777  18.537 0.0000000000
39869  43.028  -26.723  17.721 0.0000000000
107095  42.072  -27.607  19.370 0.0000000000
98133  41.499  -27.465  18.883 0.0000000000
39842  40.737  -27.606  19.064 0.0000000000
32737  36.877  -35.087  22.332 0.0000000000
33638  37.145  -34.350  22.011 0.0000000000
34507  36.870  -33.924  21.374 0.0000000000
35350  37.683  -32.698  21.360 0.0000000000
33687  34.983  -34.113  18.479 0.0000000000
34561  35.366  -33.457  17.878 0.0000000000
100702  35.277  -34.080  16.499 0.0000000000
107728  34.788  -34.563  16.753 0.0000000000
32800  33.961  -35.458  16.952 0.0000000000
33719  34.528  -35.137  16.691 0.0000000000
32045  34.429  -36.307  16.680 0.0000000000
32044  35.067  -36.509  16.691 0.0000000000
28905  35.296  -41.779  16.052 0.0000000000
30479  35.031  -39.397  15.160 0.0000000000
30491  34.459  -38.767  14.503 0.0000000000
28164  29.803  -41.263  18.711 0.0000000000
27416  30.240  -41.900  18.774 0.0000000000
109041  30.387  -42.253  17.882 0.0000000000
100928  53.519  -13.937  12.323 0.0000000000
25005  24.572  -44.946  23.417 0.0000000000
24993  23.378  -45.581  23.614 0.0000000000
25008  21.976  -45.548  22.659 0.0000000000
92343  22.270  -46.322  24.043 0.0000000000
24156  23.387  -46.488  25.649 0.0000000000
23322  23.144  -46.932  25.742 0.0000000000
24188  21.258  -46.404  23.905 0.0000000000
23350  20.298  -46.835  24.236 0.0000000000
23342  18.779  -48.166  24.569 0.0000000000
28014  26.593  -41.083  30.937 0.0000000000
28736  27.056  -40.630  31.052 0.0000000000
28013  27.356  -41.338  30.862 0.0000000000
103870  28.092  -41.495  30.795 0.0000000000
28023  27.779  -42.007  30.633 0.0000000000
27274  28.456  -42.285  30.369 0.0000000000
27275  27.776  -42.354  30.189 0.0000000000
27307  26.715  -42.586  28.871 0.0000000000
104195  26.864  -42.486  28.365 0.0000000000
26561  25.570  -43.717  26.004 0.0000000000
26571  25.985  -43.536  25.138 0.0000000000
24990  25.288  -45.108  24.332 0.0000000000
108337  25.583  -44.783  24.119 0.0000000000
25775  25.231  -44.863  23.816 0.0000000000
25787  25.042  -44.418  23.140 0.0000000000
93693  39.371  -26.087  12.739 0.0000000000
42122  46.717  -24.811  22.662 0.0000000000
99109  46.167  -26.196  23.283 0.0000000000
40660  46.021  -26.367  22.626 0.0000000000
39810  45.607  -27.096  22.204 0.0000000000
39822  45.524  -27.324  21.519 0.0000000000
39802  45.542  -27.602  22.477 0.0000000000
31085  36.713  -36.931  27.776 0.0000000000
32716  39.961  -36.131  26.138 0.0000000000
32715  40.361  -35.359  26.386 0.0000000000
32724  38.960  -36.095  24.618 0.0000000000
31158  37.844  -38.419  24.130 0.0000000000
31169  36.276  -37.411  22.856 0.0000000000
94715  37.515  -37.456  23.791 0.0000000000
31959  36.888  -36.786  23.188 0.0000000000
32732  38.164  -35.892  23.953 0.0000000000
32738  36.539  -35.878  22.587 0.0000000000
31186  33.968  -37.345  21.109 0.0000000000
31977  34.267  -36.493  20.924 0.0000000000
32761  34.617  -35.723  20.528 0.0000000000
105829  33.453  -36.513  19.688 0.0000000000
99435  32.675  -37.973  19.621 0.0000000000
29624  32.458  -39.510  18.891 0.0000000000
28163  32.896  -41.113  18.049 0.0000000000
111384  33.520  -41.662  17.556 0.0000000000
28895  34.186  -41.559  17.168 0.0000000000
28177  34.430  -42.469  16.942 0.0000000000
28186  34.694  -42.756  16.086 0.0000000000
30448  26.981  -38.693  18.017 0.0000000000
30466  26.106  -38.584  16.617 0.0000000000
29657  26.863  -38.861  17.086 0.0000000000
29674  26.778  -38.951  16.042 0.0000000000
30482  24.293  -38.375  14.965 0.0000000000
107009  25.309  -38.939  13.985 0.0000000000
109261  52.088  -12.750  14.443 0.0000000000
49761  51.344  -15.109  12.922 0.0000000000
48918  50.376  -16.029  11.618 0.0000000000
27438  20.761  -42.769  16.836 0.0000000000
25801  22.515  -44.860  21.490 0.0000000000
25035  20.451  -45.133  20.102 0.0000000000
110148  20.991  -45.103  20.413 0.0000000000
25829  20.398  -44.823  19.410 0.0000000000
97209  18.438  -45.482  17.944 0.0000000000
30294  30.984  -38.464  28.210 0.0000000000
31090  31.565  -37.658  28.134 0.0000000000
29540  32.874  -39.263  26.850 0.0000000000
31106  32.190  -37.724  27.585 0.0000000000
31105  32.714  -37.778  27.141 0.0000000000
31104  33.411  -37.452  26.998 0.0000000000
31121  33.924  -37.862  26.090 0.0000000000
28064  34.942  -41.961  26.163 0.0000000000
29551  34.892  -40.328  25.754 0.0000000000
27349  35.443  -42.560  25.377 0.0000000000
28079  35.608  -41.844  25.549 0.0000000000
109393  35.500  -43.603  24.505 0.0000000000
26568  35.210  -43.298  25.150 0.0000000000
25763  34.295  -44.266  24.005 0.0000000000
26594  32.899  -43.372  23.556 0.0000000000
27335  33.315  -42.760  26.412 0.0000000000
97117  32.478  -42.320  24.109 0.0000000000
26595  32.387  -42.694  23.236 0.0000000000
28114  31.913  -42.253  22.671 0.0000000000
27378  31.562  -42.333  21.954 0.0000000000
28115  31.446  -41.567  22.426 0.0000000000
93944  30.867  -41.186  21.729 0.0000000000
28857  29.955  -40.274  20.676 0.0000000000
110119  29.665  -39.512  21.494 0.0000000000
99700  28.560  -42.330  29.211 0.0000000000
27305  29.471  -42.422  29.067 0.0000000000
28069  28.418  -40.906  27.001 0.0000000000
109612  28.676  -40.582  26.519 0.0000000000
28782  28.930  -40.283  26.076 0.0000000000
28094  26.735  -41.318  24.804 0.0000000000
28093  27.010  -40.924  25.299 0.0000000000
28811  27.055  -40.476  24.632 0.0000000000
29552  27.684  -39.760  24.717 0.0000000000
29562  28.488  -39.480  24.493 0.0000000000
107939  29.084  -39.579  24.955 0.0000000000
29574  28.748  -39.262  23.598 0.0000000000
30388  28.214  -38.770  21.451 0.0000000000
30399  28.010  -38.631  20.170 0.0000000000
30401  26.143  -38.894  20.312 0.0000000000
93612  26.695  -38.569  20.039 0.0000000000
29639  25.458  -38.793  19.025 0.0000000000
28859  24.831  -40.814  20.263 0.0000000000
28868  24.401  -40.244  19.682 0.0000000000
28883  23.379  -40.214  18.461 0.0000000000
29659  23.442  -39.209  17.106 0.0000000000
47178  44.810  -18.646  12.984 0.0000000000
46346  44.262  -19.123  12.483 0.0000000000
46363  43.622  -19.502  11.232 0.0000000000
104109  43.603  -19.611  10.336 0.0000000000
44726  41.534  -21.393  11.205 0.0000000000
95589  42.069  -20.825  11.155 0.0000000000
44751  41.452  -21.486  10.274 0.0000000000
44773  42.245  -21.551  9.517 0.0000000000
44772  43.003  -21.347  9.362 0.0000000000
99557  38.354  -26.070  10.805 0.0000000000
41492  38.659  -25.230  11.179 0.0000000000
40771  38.224  -26.453  9.997 0.0000000000
25728  20.882  -44.716  28.634 0.0000000000
109134  20.343  -46.156  29.204 0.0000000000
24137  20.481  -47.021  28.947 0.0000000000
24136  20.883  -47.164  28.404 0.0000000000
22461  19.806  -48.552  28.573 0.0000000000
22460  20.283  -48.316  28.383 0.0000000000
22485  19.830  -48.869  27.160 0.0000000000
95762  18.603  -49.960  26.047 0.0000000000
94442  18.222  -49.629  25.238 0.0000000000
21606  17.549  -49.920  24.700 0.0000000000
19731  16.155  -51.458  27.101 0.0000000000
19716  16.276  -51.504  27.791 0.0000000000
19715  17.035  -51.283  27.896 0.0000000000
19714  17.368  -51.122  27.292 0.0000000000
20632  17.386  -50.954  26.674 0.0000000000
20633  16.802  -50.974  26.143 0.0000000000
20651  16.551  -50.519  24.540 0.0000000000
21614  16.665  -49.515  22.438 0.0000000000
21615  16.204  -50.055  22.803 0.0000000000
21616  15.822  -50.101  22.159 0.0000000000
20662  13.470  -50.267  23.126 0.0000000000
53143  52.835  -11.496  14.484 0.0000000000
51451  50.931  -12.668  14.829 0.0000000000
52295  51.079  -12.094  17.235 0.0000000000
110875  50.146  -13.766  15.568 0.0000000000
49737  49.262  -14.757  14.438 0.0000000000
50592  49.223  -14.495  13.278 0.0000000000
48887  47.398  -16.408  13.629 0.0000000000
48877  47.653  -16.690  14.433 0.0000000000
48857  49.181  -16.596  16.439 0.0000000000
47958  46.968  -18.031  15.309 0.0000000000
47977  46.577  -17.788  14.484 0.0000000000
110601  46.125  -18.215  14.470 0.0000000000
46322  45.174  -19.265  14.755 0.0000000000
45532  44.168  -20.352  14.701 0.0000000000
45514  45.983  -20.305  16.764 0.0000000000
46307  45.891  -19.775  16.193 0.0000000000
45515  45.457  -20.450  16.397 0.0000000000
44648  44.060  -21.120  15.797 0.0000000000
45516  44.794  -20.660  15.963 0.0000000000
45523  43.744  -20.908  15.097 0.0000000000
44665  43.136  -21.310  14.763 0.0000000000
44650  42.730  -21.897  15.207 0.0000000000
102045  42.128  -22.419  14.909 0.0000000000
109504  41.211  -23.470  14.521 0.0000000000
43000  41.309  -23.872  15.015 0.0000000000
44571  48.798  -21.367  20.691 0.0000000000
44572  48.129  -21.935  20.399 0.0000000000
43747  46.075  -22.932  19.444 0.0000000000
43759  45.570  -22.565  18.692 0.0000000000
42153  44.597  -24.836  19.428 0.0000000000
42965  43.600  -24.211  18.524 0.0000000000
42973  43.837  -23.360  18.090 0.0000000000
42982  42.826  -23.128  17.070 0.0000000000
42975  42.556  -23.967  17.391 0.0000000000
41447  41.914  -25.557  15.707 0.0000000000
42190  41.884  -24.775  16.037 0.0000000000
42202  41.116  -24.778  14.710 0.0000000000
40730  41.285  -26.287  14.931 0.0000000000
40719  41.060  -26.922  14.895 0.0000000000
93186  39.876  -27.755  14.242 0.0000000000
39871  42.072  -27.093  17.174 0.0000000000
39882  41.602  -27.082  16.373 0.0000000000
38982  39.356  -28.066  16.225 0.0000000000
105547  45.154  -28.612  22.626 0.0000000000
96349  45.032  -28.614  22.097 0.0000000000
38030  44.288  -29.116  22.397 0.0000000000
35311  41.975  -32.672  25.280 0.0000000000
35310  42.452  -32.112  25.520 0.0000000000
35317  42.302  -32.005  24.835 0.0000000000
34497  38.163  -33.570  22.647 0.0000000000
35329  39.133  -32.995  23.320 0.0000000000
35338  39.274  -32.310  23.033 0.0000000000
36221  40.294  -31.146  23.136 0.0000000000
36207  40.907  -31.630  23.797 0.0000000000
37113  42.095  -30.919  23.749 0.0000000000
37125  41.624  -30.288  23.019 0.0000000000
38032  42.144  -29.667  22.486 0.0000000000
38927  42.022  -28.620  21.226 0.0000000000
106422  42.434  -28.245  20.650 0.0000000000
38928  41.050  -28.727  21.132 0.0000000000
38050  39.316  -29.335  20.489 0.0000000000
38060  38.892  -28.954  19.633 0.0000000000
38945  39.416  -28.251  19.170 0.0000000000
36264  37.174  -31.277  19.383 0.0000000000
37153  37.683  -30.822  20.017 0.0000000000
37182  36.900  -30.920  17.465 0.0000000000
37181  37.287  -30.326  17.756 0.0000000000
37193  37.520  -30.159  16.959 0.0000000000
35422  37.491  -32.284  16.136 0.0000000000
32799  36.463  -36.131  16.904 0.0000000000
32024  37.645  -37.231  18.281 0.0000000000
32010  32.660  -37.106  18.282 0.0000000000
32009  33.012  -36.505  17.899 0.0000000000
31237  32.883  -37.226  17.634 0.0000000000
31236  33.425  -37.584  17.210 0.0000000000
93574  35.540  -39.340  17.650 0.0000000000
29652  35.073  -40.300  17.200 0.0000000000
105298  36.663  -40.142  17.747 0.0000000000
25771  35.487  -44.570  23.059 0.0000000000
25783  35.748  -44.993  22.177 0.0000000000
25003  35.377  -45.291  21.693 0.0000000000
25813  33.794  -45.389  19.983 0.0000000000
25029  34.718  -45.373  19.703 0.0000000000
25824  34.649  -45.181  18.810 0.0000000000
26643  31.515  -43.781  19.310 0.0000000000
25827  32.147  -44.358  19.813 0.0000000000
25844  32.466  -44.593  17.874 0.0000000000
102352  32.836  -44.391  17.130 0.0000000000
27443  32.415  -43.490  16.400 0.0000000000
96019  31.299  -42.557  15.872 0.0000000000
28915  31.686  -41.056  15.184 0.0000000000
29655  28.271  -39.721  17.980 0.0000000000
28881  28.973  -40.163  18.441 0.0000000000
28188  29.334  -41.276  15.780 0.0000000000
28941  27.618  -40.470  13.256 0.0000000000
106985  28.569  -40.721  14.036 0.0000000000
28203  29.627  -41.282  14.786 0.0000000000
28202  30.079  -41.509  14.830 0.0000000000
28925  30.273  -40.866  14.624 0.0000000000
97121  31.890  -39.784  14.796 0.0000000000
53185  53.691  -11.662  10.281 0.0000000000
50606  53.745  -14.889  13.616 0.0000000000
49760  53.763  -15.627  13.096 0.0000000000
47211  45.134  -18.026  10.891 0.0000000000
26538  22.187  -43.327  27.898 0.0000000000
25742  22.030  -44.517  27.463 0.0000000000
99283  21.024  -45.361  28.536 0.0000000000
30343  36.331  -39.460  25.501 0.0000000000
28792  37.204  -40.536  24.950 0.0000000000
28806  37.300  -40.420  24.700 0.0000000000
28819  37.108  -40.437  24.061 0.0000000000
28102  36.728  -41.271  23.879 0.0000000000
107603  35.944  -41.978  22.668 0.0000000000
28112  35.634  -42.533  22.152 0.0000000000
26617  35.714  -44.281  21.306 0.0000000000
48901  47.281  -16.111  12.642 0.0000000000
95480  17.963  -47.469  22.325 0.0000000000
29506  30.001  -39.695  29.545 0.0000000000
107032  30.270  -40.645  30.188 0.0000000000
28756  30.913  -41.266  30.002 0.0000000000
28033  31.394  -41.785  29.655 0.0000000000
27285  31.078  -42.263  29.494 0.0000000000
27304  30.560  -42.518  29.003 0.0000000000
26607  25.362  -43.648  22.950 0.0000000000
27379  25.707  -42.809  23.309 0.0000000000
27393  23.980  -43.120  20.830 0.0000000000
43807  40.717  -23.002  13.111 0.0000000000
97327  39.522  -23.980  11.771 0.0000000000
42220  39.071  -24.321  10.956 0.0000000000
20636  12.447  -50.627  26.549 0.0000000000
45491  48.678  -20.115  18.838 0.0000000000
45479  48.437  -20.984  19.240 0.0000000000
39823  45.453  -27.479  20.950 0.0000000000
39838  45.163  -27.378  20.367 0.0000000000
104242  44.530  -27.353  19.528 0.0000000000
38943  43.936  -27.420  19.142 0.0000000000
94628  43.218  -27.322  18.638 0.0000000000
39840  43.011  -27.619  19.393 0.0000000000
39826  42.265  -27.879  20.022 0.0000000000
33640  35.868  -34.887  21.313 0.0000000000
33658  35.624  -34.603  20.480 0.0000000000
34523  35.992  -33.919  20.040 0.0000000000
34539  36.226  -33.212  19.585 0.0000000000
28140  30.422  -41.377  20.521 0.0000000000
28152  29.899  -41.206  19.350 0.0000000000
102229  53.528  -12.318  12.960 0.0000000000
24992  24.109  -45.387  23.852 0.0000000000
24981  24.246  -45.668  24.557 0.0000000000
24186  23.596  -46.283  24.822 0.0000000000
23323  22.593  -47.289  26.314 0.0000000000
23340  20.417  -47.298  24.973 0.0000000000
27276  27.114  -42.230  30.258 0.0000000000
27290  26.405  -42.420  29.634 0.0000000000
26550  25.111  -43.701  27.173 0.0000000000
25739  25.164  -44.239  26.212 0.0000000000
99121  25.320  -44.450  25.415 0.0000000000
25755  25.505  -44.712  24.892 0.0000000000
24979  25.181  -45.136  24.705 0.0000000000
31101  37.738  -37.357  27.132 0.0000000000
100516  37.887  -36.847  27.929 0.0000000000
31920  38.445  -36.350  28.145 0.0000000000
32700  40.022  -35.808  27.116 0.0000000000
32707  40.467  -35.288  26.929 0.0000000000
98634  36.612  -39.158  23.199 0.0000000000
30375  36.446  -38.290  23.027 0.0000000000
31170  35.508  -37.160  22.386 0.0000000000
30397  32.939  -38.649  20.390 0.0000000000
29611  32.842  -39.581  20.313 0.0000000000
27399  34.007  -42.393  20.176 0.0000000000
28150  33.485  -41.935  19.517 0.0000000000
30429  26.346  -38.586  18.655 0.0000000000
50608  50.666  -14.459  12.425 0.0000000000
49792  48.915  -15.888  10.598 0.0000000000
26663  20.510  -43.632  17.443 0.0000000000
25019  21.763  -45.293  21.646 0.0000000000
25031  20.590  -45.348  20.774 0.0000000000
25032  19.826  -45.455  20.478 0.0000000000
23367  17.651  -46.856  19.870 0.0000000000
24213  18.292  -46.055  19.369 0.0000000000
24226  17.448  -46.566  17.758 0.0000000000
29515  31.984  -39.835  28.183 0.0000000000
30307  31.725  -38.672  27.719 0.0000000000
29527  32.671  -40.048  27.760 0.0000000000
29539  33.505  -39.688  26.344 0.0000000000
28771  33.956  -40.634  26.516 0.0000000000
28065  34.357  -42.066  26.694 0.0000000000
27350  34.876  -42.961  25.876 0.0000000000
26569  34.583  -43.331  25.466 0.0000000000
26559  34.352  -43.006  26.196 0.0000000000
26570  33.842  -43.179  25.846 0.0000000000
108829  33.448  -43.278  25.009 0.0000000000
28080  31.844  -41.587  25.587 0.0000000000
28104  31.458  -40.955  23.211 0.0000000000
29572  30.410  -39.751  22.860 0.0000000000
92629  26.222  -40.898  23.359 0.0000000000
28822  26.774  -40.471  23.878 0.0000000000
92530  28.140  -39.226  23.021 0.0000000000
29590  27.595  -39.236  22.526 0.0000000000
30389  27.430  -38.977  21.707 0.0000000000
28154  23.557  -41.540  19.466 0.0000000000
28900  22.295  -40.210  17.062 0.0000000000
28901  21.667  -40.628  16.436 0.0000000000
45557  43.218  -20.081  12.030 0.0000000000
43829  41.038  -21.953  10.015 0.0000000000
43838  41.158  -22.467  9.712 0.0000000000
22462  19.349  -48.741  28.733 0.0000000000
21571  19.316  -49.289  28.275 0.0000000000
21580  19.361  -49.485  27.488 0.0000000000
20631  18.049  -50.510  26.490 0.0000000000
93894  14.629  -51.365  27.655 0.0000000000
107835  15.672  -51.360  26.609 0.0000000000
19744  16.280  -51.268  26.381 0.0000000000
20644  16.263  -51.025  25.578 0.0000000000
93502  16.219  -50.805  24.919 0.0000000000
20660  15.921  -50.418  23.400 0.0000000000
53131  51.964  -11.221  15.780 0.0000000000
51434  51.270  -12.073  16.416 0.0000000000
96086  50.601  -13.673  17.225 0.0000000000
48866  48.767  -16.336  15.567 0.0000000000
47939  48.397  -17.691  16.579 0.0000000000
46313  45.470  -19.510  15.470 0.0000000000
43785  43.022  -22.165  15.894 0.0000000000
43779  42.472  -22.908  16.268 0.0000000000
42954  45.730  -23.768  19.771 0.0000000000
41426  43.646  -25.822  18.476 0.0000000000
42163  43.830  -24.903  18.920 0.0000000000
110502  42.541  -25.333  16.818 0.0000000000
41440  42.326  -25.471  16.327 0.0000000000
40718  41.802  -26.159  15.480 0.0000000000
39894  41.176  -27.068  15.516 0.0000000000
103752  40.142  -27.435  16.885 0.0000000000
38094  39.027  -28.945  16.100 0.0000000000
38911  44.765  -28.972  23.663 0.0000000000
38025  44.081  -29.597  23.159 0.0000000000
34475  41.094  -33.844  25.606 0.0000000000
34474  41.635  -33.349  25.824 0.0000000000
98649  41.035  -32.706  24.496 0.0000000000
37126  40.661  -30.449  22.741 0.0000000000
37138  40.162  -30.026  22.034 0.0000000000
38042  40.601  -29.390  21.584 0.0000000000
35388  36.202  -32.211  18.013 0.0000000000
36277  36.573  -31.495  17.655 0.0000000000
36290  36.880  -31.257  16.834 0.0000000000
33702  37.807  -35.079  16.960 0.0000000000
32043  35.688  -36.302  16.746 0.0000000000
31232  37.017  -37.910  18.226 0.0000000000
30447  32.860  -38.046  17.528 0.0000000000
29679  36.144  -39.959  16.524 0.0000000000
25785  34.112  -45.025  22.287 0.0000000000
107293  34.766  -45.383  21.862 0.0000000000
25798  33.473  -45.101  20.974 0.0000000000
25826  33.153  -45.188  19.262 0.0000000000
26652  31.136  -43.415  17.772 0.0000000000
26651  31.599  -44.007  18.278 0.0000000000
29713  28.045  -40.234  13.085 0.0000000000
29696  29.787  -40.322  14.247 0.0000000000
47225  44.650  -18.817  9.994 0.0000000000
47224  45.224  -18.297  10.207 0.0000000000
47239  45.320  -18.730  9.768 0.0000000000
106450  23.934  -45.433  26.082 0.0000000000
24145  22.752  -46.573  26.565 0.0000000000
23315  22.228  -47.225  26.979 0.0000000000
23316  21.190  -47.597  27.542 0.0000000000
31087  34.928  -36.569  27.926 0.0000000000
99561  35.498  -37.084  26.878 0.0000000000
31103  36.489  -37.186  27.089 0.0000000000
31102  37.093  -37.253  27.343 0.0000000000
30323  36.743  -38.651  25.790 0.0000000000
31118  37.161  -37.803  26.512 0.0000000000
31117  37.950  -37.909  26.366 0.0000000000
92563  38.394  -37.619  26.616 0.0000000000
31132  38.745  -37.986  25.714 0.0000000000
30340  38.441  -38.466  25.304 0.0000000000
29571  37.255  -39.612  23.839 0.0000000000
29586  36.086  -39.520  22.897 0.0000000000
29587  35.388  -39.551  22.458 0.0000000000
29597  34.595  -39.714  21.881 0.0000000000
29598  33.825  -39.863  21.322 0.0000000000
93468  34.903  -42.041  21.550 0.0000000000
26642  34.755  -44.291  18.883 0.0000000000
29702  23.277  -39.480  14.793 0.0000000000
50610  49.341  -14.490  12.206 0.0000000000
49781  48.765  -15.183  11.063 0.0000000000
27430  21.653  -42.763  18.188 0.0000000000
25837  20.172  -44.245  17.930 0.0000000000
25838  19.797  -44.655  18.320 0.0000000000
24205  19.305  -46.154  21.774 0.0000000000
111019  17.958  -47.049  21.681 0.0000000000
23374  17.035  -47.601  18.706 0.0000000000
29516  31.518  -40.037  29.056 0.0000000000
109736  32.506  -40.589  28.411 0.0000000000
28043  32.979  -41.651  28.242 0.0000000000
27317  33.320  -42.360  27.579 0.0000000000
27336  32.139  -42.264  27.297 0.0000000000
27319  31.790  -42.364  28.128 0.0000000000
28066  31.531  -41.757  26.518 0.0000000000
27353  26.289  -42.639  25.761 0.0000000000
94044  26.367  -42.036  24.578 0.0000000000
28833  25.887  -40.907  22.458 0.0000000000
28155  22.862  -41.915  19.031 0.0000000000
44701  42.192  -21.315  12.793 0.0000000000
44702  41.574  -21.661  12.268 0.0000000000
43817  40.502  -22.792  12.163 0.0000000000
43823  40.451  -22.608  11.133 0.0000000000
43830  40.640  -22.521  10.213 0.0000000000
43039  40.591  -23.172  9.812 0.0000000000
20634  14.318  -50.696  26.191 0.0000000000
20654  13.953  -50.383  24.610 0.0000000000
96226  13.226  -50.323  24.013 0.0000000000
20649  12.043  -50.625  25.082 0.0000000000
47137  47.725  -18.822  17.020 0.0000000000
46305  47.111  -19.329  16.943 0.0000000000
45508  46.383  -20.511  17.358 0.0000000000
44625  45.450  -21.563  17.552 0.0000000000
43768  45.124  -22.201  17.977 0.0000000000
42941  46.475  -24.410  21.032 0.0000000000
41418  44.878  -25.770  19.766 0.0000000000
107044  44.554  -26.603  19.296 0.0000000000
40697  44.033  -26.510  18.732 0.0000000000
39870  42.607  -26.789  17.308 0.0000000000
39858  41.791  -27.232  18.000 0.0000000000
33610  38.499  -34.452  23.566 0.0000000000
33625  38.067  -34.209  23.001 0.0000000000
35340  37.862  -33.214  21.964 0.0000000000
110737  37.384  -33.748  21.780 0.0000000000
35349  38.193  -32.387  21.816 0.0000000000
36237  37.798  -31.994  21.120 0.0000000000
36250  38.079  -31.232  20.792 0.0000000000
35372  36.907  -32.077  19.745 0.0000000000
35373  36.420  -32.502  19.138 0.0000000000
34602  35.828  -33.499  16.202 0.0000000000
32026  35.588  -37.237  17.211 0.0000000000
99702  34.536  -40.878  17.097 0.0000000000
28904  35.404  -41.044  16.499 0.0000000000
108859  31.710  -43.372  21.014 0.0000000000
103906  30.617  -42.505  19.118 0.0000000000
28929  27.213  -40.444  13.454 0.0000000000
29725  27.538  -40.168  12.773 0.0000000000
52341  53.585  -12.297  12.325 0.0000000000
104005  53.271  -12.818  11.147 0.0000000000
50629  53.286  -14.598  11.730 0.0000000000
25800  23.599  -44.329  21.884 0.0000000000
111788  23.659  -44.715  22.403 0.0000000000
25789  23.120  -44.916  22.167 0.0000000000
25007  22.900  -45.365  22.801 0.0000000000
24197  21.087  -45.838  22.997 0.0000000000
24166  23.549  -46.402  25.323 0.0000000000
24175  22.770  -46.796  24.765 0.0000000000
23329  22.729  -47.250  25.552 0.0000000000
28746  27.817  -40.855  30.827 0.0000000000
27273  29.130  -42.146  30.508 0.0000000000
101607  27.370  -42.007  28.233 0.0000000000
27339  26.384  -42.474  26.756 0.0000000000
104511  25.720  -43.287  27.354 0.0000000000
26583  26.015  -43.722  24.496 0.0000000000
26584  25.790  -44.414  24.206 0.0000000000
41472  39.847  -25.467  13.169 0.0000000000
41483  38.666  -26.234  11.848 0.0000000000
40762  38.254  -26.947  10.935 0.0000000000
43720  47.942  -22.443  21.884 0.0000000000
42135  46.539  -24.887  21.736 0.0000000000
41396  46.502  -25.579  23.023 0.0000000000
40681  45.580  -26.910  21.291 0.0000000000
105890  45.491  -27.789  21.185 0.0000000000
33585  40.659  -34.596  25.867 0.0000000000
33596  40.175  -34.678  25.230 0.0000000000
33598  38.725  -35.155  24.042 0.0000000000
31144  38.885  -37.823  25.368 0.0000000000
109272  38.689  -37.608  24.820 0.0000000000
31952  39.060  -37.053  25.075 0.0000000000
31957  38.489  -36.840  24.440 0.0000000000
33611  38.017  -34.997  23.413 0.0000000000
93230  36.202  -35.294  21.980 0.0000000000
31966  35.418  -36.365  22.015 0.0000000000
32750  35.576  -35.604  21.651 0.0000000000
31994  33.653  -35.930  19.208 0.0000000000
31197  32.669  -37.245  19.034 0.0000000000
31198  32.516  -37.778  18.608 0.0000000000
30427  32.542  -38.367  17.958 0.0000000000
101979  32.795  -39.854  17.684 0.0000000000
110835  33.293  -39.944  20.818 0.0000000000
28856  32.737  -40.243  19.858 0.0000000000
28139  32.987  -40.981  19.691 0.0000000000
29612  32.580  -39.723  19.626 0.0000000000
28879  32.607  -40.145  18.123 0.0000000000
28185  35.110  -42.360  16.133 0.0000000000
99093  28.591  -39.125  19.737 0.0000000000
29656  27.592  -39.235  17.526 0.0000000000
30497  24.931  -38.437  14.408 0.0000000000
29698  26.573  -39.771  13.935 0.0000000000
51450  52.842  -13.090  14.241 0.0000000000
51482  52.091  -13.713  14.116 0.0000000000
50609  50.061  -14.340  12.016 0.0000000000
49762  50.506  -15.240  11.871 0.0000000000
27447  20.641  -41.994  15.824 0.0000000000
25816  22.281  -44.476  20.733 0.0000000000
25817  21.558  -44.742  20.401 0.0000000000
25037  19.061  -45.353  19.208 0.0000000000
25040  19.143  -45.052  18.324 0.0000000000
25049  18.835  -44.947  17.434 0.0000000000
100299  34.191  -36.505  28.548 0.0000000000
97966  34.429  -37.181  26.900 0.0000000000
30344  35.215  -39.375  25.565 0.0000000000
29538  34.230  -39.509  25.796 0.0000000000
29550  35.920  -40.222  25.412 0.0000000000
27348  36.179  -41.881  24.879 0.0000000000
26580  35.894  -43.305  23.920 0.0000000000
26593  35.874  -43.994  23.222 0.0000000000
25772  34.859  -44.678  23.334 0.0000000000
26581  34.996  -43.986  24.665 0.0000000000
25773  34.149  -44.658  23.083 0.0000000000
25786  33.370  -44.441  22.678 0.0000000000
26605  32.672  -44.020  22.214 0.0000000000
27362  32.945  -42.931  24.469 0.0000000000
27363  32.524  -42.230  25.110 0.0000000000
26606  32.512  -43.383  22.740 0.0000000000
93644  32.157  -43.406  22.107 0.0000000000
27389  31.675  -42.989  21.578 0.0000000000
27390  31.198  -42.324  21.239 0.0000000000
28128  30.811  -41.682  21.105 0.0000000000
29613  29.249  -39.553  20.221 0.0000000000
27321  29.840  -42.230  28.262 0.0000000000
28056  29.104  -41.545  27.605 0.0000000000
28781  29.989  -40.461  25.836 0.0000000000
28810  29.974  -39.810  24.894 0.0000000000
29588  29.666  -39.366  22.314 0.0000000000
29589  28.892  -39.108  22.700 0.0000000000
30412  26.898  -38.522  19.432 0.0000000000
29627  24.783  -39.400  19.388 0.0000000000
29658  24.207  -38.848  17.463 0.0000000000
47993  45.845  -17.681  13.124 0.0000000000
48014  45.809  -17.438  12.291 0.0000000000
46362  44.156  -18.966  11.502 0.0000000000
45572  42.478  -20.496  10.650 0.0000000000
45606  41.952  -21.121  9.867 0.0000000000
45589  42.339  -20.664  10.050 0.0000000000
45588  42.979  -20.189  9.985 0.0000000000
42230  38.783  -24.925  10.427 0.0000000000
42240  38.902  -25.223  9.843 0.0000000000
23306  20.877  -47.668  28.147 0.0000000000
23317  20.695  -48.040  28.073 0.0000000000
23292  20.170  -47.542  29.077 0.0000000000
21589  19.240  -49.464  26.573 0.0000000000
22501  18.485  -48.902  24.915 0.0000000000
21609  17.357  -49.028  23.744 0.0000000000
20617  17.574  -50.731  28.169 0.0000000000
93580  17.170  -50.355  24.995 0.0000000000
21610  17.162  -49.584  23.952 0.0000000000
94141  16.989  -49.236  23.114 0.0000000000
20669  14.541  -50.286  22.770 0.0000000000
99870  53.079  -11.895  13.856 0.0000000000
52319  52.834  -12.397  14.222 0.0000000000
51440  50.881  -12.697  15.784 0.0000000000
49749  47.885  -15.777  13.231 0.0000000000
97313  46.403  -17.397  13.604 0.0000000000
48867  48.033  -16.905  15.227 0.0000000000
47177  45.436  -18.312  13.504 0.0000000000
47165  44.983  -18.970  13.926 0.0000000000
97305  43.370  -20.568  13.547 0.0000000000
45533  43.554  -20.730  14.337 0.0000000000
44684  42.308  -21.548  13.626 0.0000000000
43796  41.782  -22.310  14.048 0.0000000000
43010  41.104  -23.127  13.994 0.0000000000
42203  40.630  -24.657  14.045 0.0000000000
101322  48.519  -21.429  19.960 0.0000000000
44589  47.118  -21.898  19.076 0.0000000000
42942  46.127  -24.213  20.425 0.0000000000
43770  43.600  -22.793  17.340 0.0000000000
42990  41.915  -23.842  16.263 0.0000000000
42991  41.590  -24.092  15.689 0.0000000000
102468  40.391  -25.284  13.774 0.0000000000
41471  40.392  -26.026  13.891 0.0000000000
40745  40.365  -26.680  14.002 0.0000000000
98806  40.559  -27.387  15.283 0.0000000000
39914  39.916  -27.733  14.921 0.0000000000
38924  44.931  -28.364  21.322 0.0000000000
37087  43.312  -30.780  25.355 0.0000000000
37099  43.547  -30.549  24.790 0.0000000000
34490  39.459  -33.494  23.918 0.0000000000
35327  40.539  -32.397  24.020 0.0000000000
36208  40.011  -31.923  23.435 0.0000000000
35326  41.194  -32.181  24.270 0.0000000000
36206  41.798  -31.714  24.224 0.0000000000
37100  43.288  -30.909  24.584 0.0000000000
37111  43.757  -30.297  24.122 0.0000000000
37123  43.540  -30.049  23.495 0.0000000000
38031  43.299  -29.499  22.654 0.0000000000
38039  43.671  -28.843  21.826 0.0000000000
38925  44.206  -28.372  20.944 0.0000000000
38937  40.654  -28.398  20.327 0.0000000000
38944  40.278  -28.034  19.534 0.0000000000
37165  37.980  -30.133  19.773 0.0000000000
38061  38.084  -29.443  19.110 0.0000000000
38068  38.123  -29.138  18.064 0.0000000000
38096  37.965  -29.605  16.814 0.0000000000
36301  37.495  -30.824  16.654 0.0000000000
32798  37.279  -36.103  17.326 0.0000000000
32786  33.428  -35.885  18.255 0.0000000000
31254  33.948  -36.980  16.814 0.0000000000
99460  35.649  -39.927  17.505 0.0000000000
26616  35.869  -44.590  21.878 0.0000000000
26626  35.754  -44.852  21.148 0.0000000000
25027  35.425  -45.266  21.066 0.0000000000
25811  35.495  -45.095  20.736 0.0000000000
26649  34.890  -44.821  18.797 0.0000000000
25835  33.253  -45.074  18.326 0.0000000000
25834  34.178  -45.112  18.098 0.0000000000
25842  34.251  -44.673  17.699 0.0000000000
27449  33.480  -43.128  16.168 0.0000000000
28923  32.269  -40.431  15.051 0.0000000000
28897  29.498  -40.913  18.194 0.0000000000
28178  29.686  -41.323  17.304 0.0000000000
28198  29.209  -41.268  14.941 0.0000000000
29694  32.703  -39.703  14.716 0.0000000000
51481  53.701  -14.027  13.209 0.0000000000
107568  53.094  -15.305  11.159 0.0000000000
96319  53.568  -16.334  14.109 0.0000000000
48039  46.287  -17.158  10.725 0.0000000000
48051  46.485  -17.480  10.045 0.0000000000
25004  34.172  -45.334  21.496 0.0000000000
25016  34.980  -45.472  21.183 0.0000000000
25028  35.164  -45.324  20.461 0.0000000000
25761  35.546  -44.078  23.919 0.0000000000
26592  36.033  -43.208  23.257 0.0000000000
28091  36.618  -41.573  24.330 0.0000000000
31099  39.300  -36.732  27.120 0.0000000000
31122  33.059  -38.253  26.634 0.0000000000
31946  39.684  -36.875  26.020 0.0000000000
32818  34.290  -35.693  16.699 0.0000000000
36177  43.127  -31.160  25.467 0.0000000000
36190  43.323  -30.996  25.080 0.0000000000
36205  42.648  -31.321  24.398 0.0000000000
38923  45.414  -28.084  21.355 0.0000000000
42229  39.212  -24.484  10.120 0.0000000000
99747  33.952  -45.366  18.646 0.0000000000
100062  17.772  -50.849  27.096 0.0000000000
107776  39.614  -36.218  27.264 0.0000000000
107910  32.256  -39.253  27.425 0.0000000000
108703  43.970  -29.929  23.661 0.0000000000
109531  28.780  -42.231  28.803 0.0000000000
