#!ascii label  , from subject sub-v1s1x0050650_ses-1 vox2ras=TkReg
1047
77351  40.024  20.015  4.748 0.0000000000
77979  43.316  20.270  5.849 0.0000000000
74735  41.042  15.201  12.584 0.0000000000
76614  35.069  18.795  7.563 0.0000000000
74805  38.480  14.590  5.671 0.0000000000
79752  41.619  23.749  0.829 0.0000000000
77955  39.227  21.220  9.990 0.0000000000
80840  43.346  25.615  9.750 0.0000000000
71686  44.722  11.141  14.101 0.0000000000
100584  41.922  9.519  8.584 0.0000000000
106635  45.027  18.041  -0.021 0.0000000000
74781  43.246  15.120  6.338 0.0000000000
75988  47.048  18.307  10.917 0.0000000000
74697  44.429  16.451  17.356 0.0000000000
82697  40.509  28.270  7.613 0.0000000000
80933  45.535  25.315  2.435 0.0000000000
70885  37.340  11.048  8.350 0.0000000000
109156  37.805  19.447  6.401 0.0000000000
100356  37.214  16.905  7.815 0.0000000000
76610  39.336  17.713  6.945 0.0000000000
78043  39.334  20.154  0.441 0.0000000000
78021  36.686  20.723  2.625 0.0000000000
95051  38.689  24.607  10.465 0.0000000000
70065  46.851  9.370  13.409 0.0000000000
70859  46.321  10.510  10.081 0.0000000000
70080  48.988  10.021  10.335 0.0000000000
84832  41.869  33.049  6.257 0.0000000000
77357  44.668  19.668  2.732 0.0000000000
76065  47.501  18.209  5.277 0.0000000000
77306  46.252  19.401  6.991 0.0000000000
76543  41.275  19.595  18.741 0.0000000000
77185  44.309  19.893  17.430 0.0000000000
101785  43.722  16.132  18.249 0.0000000000
74032  45.446  14.634  18.262 0.0000000000
79715  41.438  23.410  5.601 0.0000000000
80888  44.994  25.551  5.691 0.0000000000
79188  42.344  22.639  3.150 0.0000000000
78622  43.172  21.656  -0.427 0.0000000000
74747  42.174  15.878  10.039 0.0000000000
74098  40.492  14.486  7.844 0.0000000000
73347  39.183  13.400  10.507 0.0000000000
74131  36.111  14.524  5.862 0.0000000000
103538  36.785  13.944  4.199 0.0000000000
81543  43.517  27.215  0.986 0.0000000000
80918  40.230  26.032  3.428 0.0000000000
78569  41.072  21.079  7.532 0.0000000000
111571  43.761  19.490  9.560 0.0000000000
82647  41.026  28.041  13.840 0.0000000000
82033  43.419  28.292  12.457 0.0000000000
79684  40.000  23.929  8.356 0.0000000000
72484  42.522  12.305  13.944 0.0000000000
71694  40.823  11.554  12.321 0.0000000000
70861  43.205  10.362  10.679 0.0000000000
104773  44.787  9.824  6.892 0.0000000000
77369  42.020  19.050  2.040 0.0000000000
76646  42.725  17.691  4.968 0.0000000000
76067  45.397  17.000  4.025 0.0000000000
75363  45.865  16.703  8.095 0.0000000000
75991  44.368  17.341  11.828 0.0000000000
92435  45.827  20.369  12.490 0.0000000000
76579  44.831  18.680  14.331 0.0000000000
75329  42.133  16.126  14.506 0.0000000000
73323  44.068  13.583  15.165 0.0000000000
71659  46.179  11.848  16.147 0.0000000000
84391  39.751  31.831  6.952 0.0000000000
82709  42.138  28.756  5.616 0.0000000000
81489  45.728  26.638  6.132 0.0000000000
82112  45.500  27.494  2.088 0.0000000000
80363  44.754  24.502  -1.849 0.0000000000
78049  41.963  20.268  -1.263 0.0000000000
74802  40.784  14.573  5.430 0.0000000000
73391  39.220  13.744  5.328 0.0000000000
70915  35.629  10.977  5.747 0.0000000000
70104  39.003  9.339  8.672 0.0000000000
77993  38.627  19.845  5.242 0.0000000000
76631  38.996  18.589  6.656 0.0000000000
77309  40.034  18.916  5.839 0.0000000000
78018  39.772  19.999  2.718 0.0000000000
78030  37.982  20.603  2.067 0.0000000000
78006  38.271  20.182  4.192 0.0000000000
104666  37.382  20.205  4.142 0.0000000000
70068  47.795  8.932  12.870 0.0000000000
70075  48.892  9.685  11.046 0.0000000000
69326  49.125  8.674  11.394 0.0000000000
73414  35.358  14.908  2.572 0.0000000000
77347  44.345  19.709  4.472 0.0000000000
77327  46.031  19.092  4.907 0.0000000000
77308  44.344  19.694  6.152 0.0000000000
75947  41.210  17.468  17.494 0.0000000000
75940  42.497  17.572  18.226 0.0000000000
78592  41.706  21.771  5.361 0.0000000000
79181  42.044  22.930  3.989 0.0000000000
96564  42.416  21.113  3.932 0.0000000000
98663  42.766  20.699  2.683 0.0000000000
74740  41.375  15.600  11.368 0.0000000000
74749  40.670  15.078  10.882 0.0000000000
103117  40.452  14.666  11.585 0.0000000000
76034  34.432  17.885  7.710 0.0000000000
96741  35.207  16.903  7.965 0.0000000000
75382  37.872  16.066  7.404 0.0000000000
74787  36.644  15.265  7.280 0.0000000000
74114  37.420  14.795  6.281 0.0000000000
74135  36.823  14.305  4.465 0.0000000000
73400  38.203  14.105  4.735 0.0000000000
80342  42.757  25.369  0.299 0.0000000000
81529  41.918  27.049  2.251 0.0000000000
80327  41.462  25.114  2.036 0.0000000000
77313  35.232  19.665  6.183 0.0000000000
107004  33.639  19.026  6.597 0.0000000000
97287  40.534  20.962  8.560 0.0000000000
77954  40.868  20.376  9.262 0.0000000000
77255  39.989  19.802  10.695 0.0000000000
79129  39.011  22.786  9.766 0.0000000000
80255  39.664  24.019  9.217 0.0000000000
79138  39.645  22.559  8.590 0.0000000000
79145  40.050  22.617  7.726 0.0000000000
72483  43.479  12.034  14.329 0.0000000000
71692  42.454  10.996  12.885 0.0000000000
70841  43.939  10.476  12.394 0.0000000000
70882  47.320  10.758  8.429 0.0000000000
102846  45.169  10.418  8.867 0.0000000000
70913  45.816  10.257  6.927 0.0000000000
108133  43.683  18.032  0.721 0.0000000000
96984  44.207  18.172  2.591 0.0000000000
111512  45.783  17.679  1.845 0.0000000000
107669  47.816  18.300  7.781 0.0000000000
76048  46.719  16.828  6.686 0.0000000000
76007  46.495  17.428  9.717 0.0000000000
75344  44.648  16.761  10.216 0.0000000000
75990  45.468  17.673  11.678 0.0000000000
77232  43.181  19.603  12.306 0.0000000000
77241  45.115  20.076  11.673 0.0000000000
93011  43.827  20.117  13.166 0.0000000000
75946  44.404  18.070  17.814 0.0000000000
76558  45.148  19.657  16.068 0.0000000000
75956  43.775  17.922  15.654 0.0000000000
75978  42.953  17.383  13.832 0.0000000000
94518  42.860  16.050  15.276 0.0000000000
74062  42.840  14.685  14.957 0.0000000000
74047  43.937  15.330  15.816 0.0000000000
72433  46.029  12.678  18.357 0.0000000000
72439  46.127  13.307  17.237 0.0000000000
83340  40.038  29.393  6.974 0.0000000000
83348  40.778  29.826  6.355 0.0000000000
82701  41.441  28.499  6.429 0.0000000000
81447  44.098  26.959  11.685 0.0000000000
82668  43.866  28.569  11.214 0.0000000000
80829  45.186  25.968  10.348 0.0000000000
80917  45.325  25.502  3.533 0.0000000000
80875  46.592  25.958  6.042 0.0000000000
81504  46.315  25.982  4.238 0.0000000000
82091  45.402  26.646  4.924 0.0000000000
80915  46.147  25.833  2.443 0.0000000000
100426  44.846  26.404  0.504 0.0000000000
80340  44.997  24.865  0.711 0.0000000000
77382  44.142  18.916  -0.583 0.0000000000
78054  42.644  21.015  -1.411 0.0000000000
76693  43.095  18.755  -0.972 0.0000000000
108278  41.994  18.809  -0.443 0.0000000000
75409  42.737  15.109  4.530 0.0000000000
76049  42.092  15.596  4.916 0.0000000000
74801  41.762  14.618  5.356 0.0000000000
73364  39.256  13.800  8.682 0.0000000000
73376  39.480  13.628  6.185 0.0000000000
72525  38.179  12.824  7.466 0.0000000000
72537  36.508  12.538  5.843 0.0000000000
71725  36.987  11.169  7.423 0.0000000000
70863  41.322  10.247  10.727 0.0000000000
70855  39.590  10.629  10.629 0.0000000000
70103  40.127  9.409  8.628 0.0000000000
77293  36.528  19.297  7.165 0.0000000000
76032  36.613  17.865  7.863 0.0000000000
110109  37.729  18.606  7.326 0.0000000000
111840  38.220  17.516  7.424 0.0000000000
75381  38.818  16.051  7.098 0.0000000000
79212  40.721  21.852  -0.036 0.0000000000
102604  36.515  19.940  5.652 0.0000000000
97284  45.777  10.251  13.799 0.0000000000
70840  44.892  10.355  12.734 0.0000000000
70077  46.595  9.892  11.533 0.0000000000
70858  47.598  10.566  9.875 0.0000000000
77367  45.549  19.067  1.006 0.0000000000
76667  46.325  18.139  2.009 0.0000000000
77344  46.654  18.584  3.735 0.0000000000
108585  47.094  19.136  5.789 0.0000000000
77273  47.042  19.505  8.723 0.0000000000
77901  41.968  20.554  16.918 0.0000000000
92443  43.786  20.527  15.949 0.0000000000
77174  43.431  19.918  18.290 0.0000000000
75938  44.073  18.460  18.238 0.0000000000
95596  44.211  16.680  18.220 0.0000000000
74033  45.307  15.428  17.702 0.0000000000
74026  44.283  15.361  18.340 0.0000000000
73295  44.664  13.788  18.337 0.0000000000
71642  45.287  12.139  18.138 0.0000000000
82682  40.016  28.702  9.316 0.0000000000
80879  42.187  25.246  7.128 0.0000000000
80861  44.339  25.522  7.331 0.0000000000
80287  42.488  24.832  5.456 0.0000000000
80312  43.029  24.611  3.575 0.0000000000
79742  43.811  24.176  1.557 0.0000000000
79750  44.376  23.860  0.609 0.0000000000
79202  42.949  22.052  1.447 0.0000000000
78026  43.853  19.987  1.513 0.0000000000
75366  43.058  15.895  8.741 0.0000000000
74783  41.755  14.672  6.699 0.0000000000
74756  41.533  15.435  9.357 0.0000000000
74089  39.644  14.267  9.395 0.0000000000
72498  38.403  12.468  9.612 0.0000000000
110816  43.015  9.212  5.904 0.0000000000
70129  41.820  8.910  6.465 0.0000000000
74117  34.448  14.185  7.098 0.0000000000
75384  35.942  15.970  7.819 0.0000000000
74116  35.395  14.643  6.884 0.0000000000
74137  35.424  14.359  5.504 0.0000000000
74136  36.161  14.521  4.831 0.0000000000
74140  35.994  14.234  3.789 0.0000000000
72558  35.735  14.047  2.993 0.0000000000
82128  42.418  28.257  2.196 0.0000000000
82129  41.196  27.450  2.860 0.0000000000
77981  42.118  20.721  6.666 0.0000000000
77289  43.724  19.681  7.606 0.0000000000
77964  42.204  20.139  8.164 0.0000000000
93037  42.361  19.483  10.849 0.0000000000
93655  41.490  19.262  13.259 0.0000000000
77192  41.330  20.268  15.933 0.0000000000
103614  40.346  20.581  17.646 0.0000000000
82645  42.009  29.221  13.704 0.0000000000
82046  42.497  27.344  12.466 0.0000000000
80832  41.962  25.826  10.242 0.0000000000
80253  41.323  25.173  8.708 0.0000000000
80278  40.904  24.095  6.789 0.0000000000
93234  41.319  22.016  6.032 0.0000000000
94524  41.492  14.170  13.719 0.0000000000
73340  40.451  13.578  12.494 0.0000000000
71693  41.571  11.484  12.714 0.0000000000
93901  41.609  10.555  11.454 0.0000000000
70871  42.817  10.138  9.996 0.0000000000
97736  45.129  10.410  10.458 0.0000000000
70884  44.228  10.136  9.085 0.0000000000
103603  43.580  9.654  7.824 0.0000000000
77360  41.549  19.387  2.987 0.0000000000
77330  41.419  18.996  5.088 0.0000000000
77348  42.608  18.869  4.024 0.0000000000
76645  43.563  17.257  4.593 0.0000000000
74798  44.119  15.311  5.192 0.0000000000
110311  46.845  17.273  4.152 0.0000000000
75396  45.818  16.393  5.904 0.0000000000
75379  43.984  15.800  7.409 0.0000000000
75355  43.788  16.397  9.501 0.0000000000
75346  42.849  16.308  10.664 0.0000000000
75339  41.913  16.143  11.861 0.0000000000
77275  45.313  19.513  8.705 0.0000000000
93043  46.063  19.830  10.345 0.0000000000
77249  46.834  19.635  11.289 0.0000000000
77911  45.340  20.285  15.281 0.0000000000
76577  46.301  19.653  13.541 0.0000000000
75982  46.243  18.546  12.240 0.0000000000
75984  44.083  17.656  12.641 0.0000000000
75332  42.382  16.744  13.250 0.0000000000
74730  41.414  15.654  13.063 0.0000000000
73325  42.200  13.950  14.240 0.0000000000
72471  43.264  12.887  14.583 0.0000000000
71673  44.382  11.873  14.578 0.0000000000
74045  45.564  14.702  17.193 0.0000000000
72455  45.704  13.044  16.095 0.0000000000
71672  45.244  11.682  14.849 0.0000000000
70819  46.081  10.378  14.520 0.0000000000
84390  40.991  32.010  6.483 0.0000000000
83910  42.432  31.449  5.722 0.0000000000
83362  43.910  29.938  3.933 0.0000000000
94939  46.216  25.755  8.152 0.0000000000
82079  42.751  27.526  6.915 0.0000000000
82092  43.981  27.345  5.431 0.0000000000
82103  43.553  28.056  4.697 0.0000000000
82719  44.362  29.742  2.129 0.0000000000
82126  44.603  28.614  1.200 0.0000000000
81556  43.916  26.694  0.398 0.0000000000
79761  42.826  24.087  -0.881 0.0000000000
79216  44.878  23.155  -1.908 0.0000000000
79227  42.984  22.485  -2.007 0.0000000000
79219  41.794  22.092  -1.402 0.0000000000
78042  39.969  20.219  -0.280 0.0000000000
77378  40.237  19.529  0.820 0.0000000000
76629  40.690  17.290  6.245 0.0000000000
111243  40.254  15.937  6.382 0.0000000000
74803  40.296  14.311  5.391 0.0000000000
74112  40.629  14.246  6.416 0.0000000000
74127  39.944  13.829  5.065 0.0000000000
73399  39.025  14.039  4.910 0.0000000000
73393  37.429  13.737  4.760 0.0000000000
72545  35.950  13.154  4.444 0.0000000000
72494  39.627  12.071  11.416 0.0000000000
71702  39.183  11.513  10.748 0.0000000000
70091  37.904  9.983  9.174 0.0000000000
69347  40.238  8.907  7.125 0.0000000000
70117  37.174  9.724  7.226 0.0000000000
69331  49.100  9.363  9.180 0.0000000000
70098  49.015  9.602  8.342 0.0000000000
78005  39.245  20.133  4.594 0.0000000000
77332  39.516  19.544  5.457 0.0000000000
77331  40.462  19.332  5.300 0.0000000000
78004  39.859  20.280  3.904 0.0000000000
78019  39.118  20.243  3.163 0.0000000000
96324  39.000  20.333  3.827 0.0000000000
69320  48.789  8.376  12.328 0.0000000000
77991  43.455  20.199  4.855 0.0000000000
77329  44.024  19.825  5.316 0.0000000000
77992  42.644  20.648  5.207 0.0000000000
78601  42.182  21.336  4.712 0.0000000000
78003  42.783  20.578  4.331 0.0000000000
74734  41.374  15.672  12.239 0.0000000000
74741  40.863  15.173  11.854 0.0000000000
74075  40.665  14.531  12.404 0.0000000000
76033  35.578  17.951  7.932 0.0000000000
74785  38.742  15.205  6.504 0.0000000000
74786  37.682  15.295  6.984 0.0000000000
74129  38.009  14.330  5.027 0.0000000000
80354  42.428  24.431  0.046 0.0000000000
80343  42.038  24.706  1.157 0.0000000000
77294  35.594  19.328  7.103 0.0000000000
77295  34.603  19.277  6.742 0.0000000000
76615  34.240  18.707  7.249 0.0000000000
78554  39.913  21.198  9.126 0.0000000000
77946  40.028  20.482  9.917 0.0000000000
77947  39.393  20.465  10.421 0.0000000000
78548  38.809  22.080  10.111 0.0000000000
110436  39.357  22.846  9.211 0.0000000000
78555  39.328  22.052  9.352 0.0000000000
109766  39.688  21.907  8.814 0.0000000000
71687  43.869  11.308  13.829 0.0000000000
70836  43.373  10.799  13.068 0.0000000000
93294  44.299  10.716  13.306 0.0000000000
70898  46.404  10.534  7.777 0.0000000000
76678  44.415  17.901  0.125 0.0000000000
76669  44.381  17.939  1.248 0.0000000000
76083  45.716  17.860  1.344 0.0000000000
76604  47.719  18.535  8.972 0.0000000000
76016  47.681  18.055  8.393 0.0000000000
75996  47.264  18.067  10.251 0.0000000000
75997  46.489  17.659  10.586 0.0000000000
75989  46.535  18.150  11.436 0.0000000000
93628  42.641  19.556  13.113 0.0000000000
77223  43.134  19.954  13.808 0.0000000000
75302  44.341  17.156  17.734 0.0000000000
76559  44.561  18.754  16.760 0.0000000000
75314  44.046  17.587  16.671 0.0000000000
75957  43.367  17.199  15.633 0.0000000000
75315  43.669  16.764  16.226 0.0000000000
106772  43.836  16.077  16.068 0.0000000000
109055  46.033  11.826  18.303 0.0000000000
82698  39.912  28.561  7.948 0.0000000000
83341  39.470  29.167  7.724 0.0000000000
94124  40.047  28.782  7.388 0.0000000000
82702  40.641  28.760  6.757 0.0000000000
82696  41.269  28.046  7.141 0.0000000000
80830  44.216  25.865  10.558 0.0000000000
81458  44.690  26.407  11.023 0.0000000000
80839  44.627  25.654  9.688 0.0000000000
80899  46.174  25.801  4.264 0.0000000000
80916  46.020  25.690  3.011 0.0000000000
80898  46.187  25.897  3.328 0.0000000000
80932  45.932  25.423  2.100 0.0000000000
80948  45.528  25.338  1.388 0.0000000000
80324  45.442  25.166  1.595 0.0000000000
76685  44.678  18.400  -0.275 0.0000000000
77388  43.454  18.961  -1.007 0.0000000000
102633  44.205  18.156  -0.588 0.0000000000
94807  43.478  18.033  -0.009 0.0000000000
111795  42.808  14.759  4.731 0.0000000000
75398  42.237  14.750  4.727 0.0000000000
74800  42.636  14.645  5.254 0.0000000000
72509  38.238  12.692  8.609 0.0000000000
72510  37.649  12.084  8.271 0.0000000000
95566  37.306  11.764  7.659 0.0000000000
104396  41.638  9.679  9.397 0.0000000000
70088  40.998  9.561  9.028 0.0000000000
70102  41.097  9.328  8.183 0.0000000000
77311  36.981  19.612  6.503 0.0000000000
76612  37.000  18.684  7.557 0.0000000000
77292  37.396  19.185  7.083 0.0000000000
76611  38.440  18.101  7.258 0.0000000000
76030  38.880  17.037  7.208 0.0000000000
78625  39.554  20.679  0.429 0.0000000000
79213  39.838  21.488  0.575 0.0000000000
78044  38.899  20.588  1.036 0.0000000000
99689  37.402  20.587  2.559 0.0000000000
78038  37.584  21.113  1.986 0.0000000000
77334  37.356  19.846  5.715 0.0000000000
77995  36.766  20.186  4.652 0.0000000000
77312  36.111  19.642  6.420 0.0000000000
70066  46.281  9.801  13.031 0.0000000000
70070  46.655  9.655  12.148 0.0000000000
70081  48.247  10.164  10.517 0.0000000000
70857  48.604  10.404  9.713 0.0000000000
70867  48.058  10.758  9.059 0.0000000000
70866  48.824  10.434  8.849 0.0000000000
85276  41.391  33.799  6.611 0.0000000000
85698  41.401  35.001  6.533 0.0000000000
93322  45.464  19.291  1.931 0.0000000000
77366  45.882  18.888  1.665 0.0000000000
77356  45.598  19.202  2.828 0.0000000000
93226  45.562  19.446  5.997 0.0000000000
95247  46.531  19.259  5.879 0.0000000000
77305  47.045  19.256  6.573 0.0000000000
77286  47.071  19.390  7.602 0.0000000000
77287  46.542  19.534  8.022 0.0000000000
77876  41.875  20.399  18.571 0.0000000000
77890  42.431  20.565  17.834 0.0000000000
77175  42.400  19.920  18.822 0.0000000000
75296  42.910  16.592  18.284 0.0000000000
75939  43.539  18.066  18.502 0.0000000000
75295  43.651  17.060  18.468 0.0000000000
75294  44.125  17.524  18.339 0.0000000000
74691  44.719  15.995  18.153 0.0000000000
73290  43.864  14.566  18.198 0.0000000000
72435  44.629  12.779  18.142 0.0000000000
71649  44.011  12.009  17.464 0.0000000000
80277  41.620  24.220  5.998 0.0000000000
80276  42.314  25.054  6.291 0.0000000000
80288  41.970  24.023  5.080 0.0000000000
79725  42.255  23.858  4.206 0.0000000000
79735  42.565  23.677  3.305 0.0000000000
80326  43.413  24.394  2.580 0.0000000000
79743  42.948  23.439  2.403 0.0000000000
79751  43.316  23.186  1.469 0.0000000000
79194  42.655  22.329  2.303 0.0000000000
78016  43.639  20.212  2.589 0.0000000000
78027  43.094  20.586  1.957 0.0000000000
78015  44.641  19.608  1.776 0.0000000000
77368  44.658  19.415  0.903 0.0000000000
74755  42.275  15.676  9.020 0.0000000000
74080  40.028  14.431  10.996 0.0000000000
74084  40.149  14.632  10.091 0.0000000000
74085  39.559  14.097  10.335 0.0000000000
73353  39.157  13.702  9.692 0.0000000000
74789  34.692  15.074  7.552 0.0000000000
97786  36.248  16.935  8.016 0.0000000000
75383  36.899  16.062  7.629 0.0000000000
74115  36.402  14.706  6.696 0.0000000000
74132  35.171  14.328  6.353 0.0000000000
73407  36.667  14.085  4.185 0.0000000000
73413  35.705  14.523  3.047 0.0000000000
72551  36.129  14.147  3.677 0.0000000000
82139  44.160  28.405  0.936 0.0000000000
81528  43.008  27.703  1.620 0.0000000000
81530  41.034  26.485  2.908 0.0000000000
81516  40.297  26.923  3.408 0.0000000000
77973  41.759  20.647  7.436 0.0000000000
77972  42.741  20.214  7.330 0.0000000000
77263  41.804  19.703  9.929 0.0000000000
77233  41.980  19.299  12.201 0.0000000000
77208  40.855  19.867  14.982 0.0000000000
93047  41.085  20.441  16.977 0.0000000000
83280  41.449  30.073  13.516 0.0000000000
82646  41.477  28.645  13.720 0.0000000000
82047  41.382  27.348  12.312 0.0000000000
81449  41.827  26.703  11.573 0.0000000000
81460  42.527  26.276  11.014 0.0000000000
80254  40.191  24.434  9.038 0.0000000000
80841  41.555  25.468  9.506 0.0000000000
95585  40.606  24.609  8.507 0.0000000000
95367  41.319  24.782  7.355 0.0000000000
80266  40.610  24.308  7.691 0.0000000000
78570  40.515  21.848  7.322 0.0000000000
79157  40.458  22.705  6.916 0.0000000000
78580  41.293  21.328  6.758 0.0000000000
78579  41.794  21.251  6.030 0.0000000000
73336  41.577  13.307  13.733 0.0000000000
72486  41.618  12.376  13.388 0.0000000000
70842  42.900  10.574  12.130 0.0000000000
70843  41.975  10.810  12.142 0.0000000000
93679  42.827  10.460  11.311 0.0000000000
70862  42.266  10.331  10.806 0.0000000000
70849  45.935  10.182  11.107 0.0000000000
70850  44.757  10.295  11.608 0.0000000000
92460  45.493  10.338  8.220 0.0000000000
70099  44.539  10.004  8.243 0.0000000000
70100  43.719  9.814  8.595 0.0000000000
110715  44.406  9.787  7.502 0.0000000000
70111  43.899  9.582  6.983 0.0000000000
95479  44.246  9.636  6.224 0.0000000000
77349  41.755  19.327  4.045 0.0000000000
77359  42.407  19.014  3.155 0.0000000000
76654  44.965  17.455  3.548 0.0000000000
76655  44.088  17.890  3.739 0.0000000000
76068  44.413  16.940  4.338 0.0000000000
75414  44.334  15.923  4.507 0.0000000000
104514  44.291  15.605  4.751 0.0000000000
76653  47.060  18.280  4.005 0.0000000000
76072  46.768  17.617  3.589 0.0000000000
76066  47.223  17.757  4.503 0.0000000000
76028  46.595  16.891  7.546 0.0000000000
75377  45.753  16.490  6.947 0.0000000000
75397  44.906  15.894  6.067 0.0000000000
75378  44.843  16.186  7.200 0.0000000000
75365  43.862  16.190  8.499 0.0000000000
75364  44.769  16.431  8.290 0.0000000000
75999  44.544  17.061  11.040 0.0000000000
75345  43.717  16.556  10.417 0.0000000000
75337  43.588  16.755  11.254 0.0000000000
75338  42.691  16.472  11.524 0.0000000000
75992  43.383  16.981  12.059 0.0000000000
77290  43.155  19.688  8.304 0.0000000000
77276  44.267  19.494  8.593 0.0000000000
77251  45.662  19.999  11.108 0.0000000000
77240  46.052  20.251  11.732 0.0000000000
77250  46.420  20.034  11.228 0.0000000000
77239  46.494  20.036  12.058 0.0000000000
77899  44.233  20.368  16.769 0.0000000000
77205  44.447  20.477  15.145 0.0000000000
77191  45.072  20.154  16.350 0.0000000000
76567  45.581  19.594  14.939 0.0000000000
76578  45.902  19.145  13.999 0.0000000000
76582  46.553  19.517  12.684 0.0000000000
76583  46.051  18.852  13.091 0.0000000000
75983  45.219  18.045  12.457 0.0000000000
75976  44.949  18.456  13.297 0.0000000000
98909  42.397  16.753  14.182 0.0000000000
75333  41.839  16.227  13.613 0.0000000000
74723  41.668  15.542  13.909 0.0000000000
74063  41.837  14.763  14.171 0.0000000000
74722  42.293  15.414  14.716 0.0000000000
73312  44.000  14.485  15.466 0.0000000000
73324  43.126  13.766  14.743 0.0000000000
72470  44.159  12.689  14.924 0.0000000000
73294  45.906  13.981  17.773 0.0000000000
72454  46.193  12.550  16.682 0.0000000000
71660  45.743  12.207  15.679 0.0000000000
106277  45.984  11.271  15.256 0.0000000000
84828  39.064  32.822  7.249 0.0000000000
85272  38.636  33.581  7.939 0.0000000000
84833  40.551  32.834  6.746 0.0000000000
83347  41.361  29.276  6.048 0.0000000000
83923  41.678  30.354  5.829 0.0000000000
108540  42.089  29.777  5.528 0.0000000000
83355  43.026  29.983  4.908 0.0000000000
82708  43.158  28.770  4.728 0.0000000000
80877  44.697  25.542  6.580 0.0000000000
80860  45.702  25.595  7.296 0.0000000000
105221  46.671  26.035  6.391 0.0000000000
81478  46.520  26.260  7.082 0.0000000000
92473  45.703  26.862  7.085 0.0000000000
82078  44.067  27.311  6.647 0.0000000000
95492  42.951  27.522  6.152 0.0000000000
82101  45.119  26.956  3.683 0.0000000000
82102  44.356  27.616  4.158 0.0000000000
92565  44.729  28.393  2.895 0.0000000000
82720  44.236  29.099  3.582 0.0000000000
95545  44.894  28.672  1.755 0.0000000000
82125  45.177  28.109  1.276 0.0000000000
80975  44.690  24.600  -0.684 0.0000000000
80963  44.247  25.796  0.117 0.0000000000
80976  43.826  24.754  -0.696 0.0000000000
80353  43.111  24.907  -0.613 0.0000000000
80364  43.733  24.367  -1.318 0.0000000000
79209  43.891  22.818  -0.409 0.0000000000
79760  44.783  23.612  -0.336 0.0000000000
79217  43.885  22.672  -1.154 0.0000000000
78055  42.375  20.392  -1.270 0.0000000000
78636  42.727  21.729  -1.894 0.0000000000
79228  42.239  21.846  -1.727 0.0000000000
79218  42.618  22.743  -1.716 0.0000000000
78629  41.485  21.277  -1.393 0.0000000000
78630  40.754  20.722  -0.952 0.0000000000
78051  40.778  20.023  -0.765 0.0000000000
76679  42.670  18.446  0.944 0.0000000000
77377  41.225  19.087  0.073 0.0000000000
77376  41.421  18.857  0.982 0.0000000000
77361  40.714  19.446  2.098 0.0000000000
76647  41.951  18.077  5.461 0.0000000000
76648  40.907  18.362  5.859 0.0000000000
76628  41.592  17.141  5.750 0.0000000000
75399  41.546  14.859  5.111 0.0000000000
76050  41.256  16.028  5.691 0.0000000000
75400  40.953  15.208  5.482 0.0000000000
75401  40.388  14.989  5.686 0.0000000000
74097  41.123  14.582  7.239 0.0000000000
104432  40.170  14.109  7.157 0.0000000000
73377  38.763  13.341  6.526 0.0000000000
74113  40.157  13.872  5.842 0.0000000000
73390  39.979  13.950  5.227 0.0000000000
73398  39.625  14.095  5.015 0.0000000000
73392  38.451  13.732  5.037 0.0000000000
71732  35.870  11.595  5.884 0.0000000000
101982  35.509  11.697  4.982 0.0000000000
72552  35.505  12.798  3.913 0.0000000000
103640  40.462  12.786  12.504 0.0000000000
73344  39.929  13.058  11.859 0.0000000000
72493  40.299  12.120  12.167 0.0000000000
70089  39.453  9.677  9.390 0.0000000000
70874  39.061  10.153  9.941 0.0000000000
70875  38.352  10.404  9.617 0.0000000000
70090  38.567  9.775  9.285 0.0000000000
69369  41.511  8.747  5.655 0.0000000000
69353  40.888  8.758  6.396 0.0000000000
69370  40.556  8.670  5.525 0.0000000000
77333  38.083  19.710  5.748 0.0000000000
77291  38.186  18.929  6.878 0.0000000000
106960  38.687  19.326  6.130 0.0000000000
77310  39.433  18.970  6.124 0.0000000000
76630  39.907  18.212  6.378 0.0000000000
77370  39.252  19.847  0.950 0.0000000000
78037  38.414  20.674  1.490 0.0000000000
102239  38.831  20.129  2.267 0.0000000000
78020  38.232  20.337  3.047 0.0000000000
98627  37.402  20.351  3.309 0.0000000000
78007  36.565  20.411  3.428 0.0000000000
77994  37.779  19.998  4.986 0.0000000000
70069  47.152  9.328  12.456 0.0000000000
97282  48.229  9.074  11.900 0.0000000000
70079  49.137  9.407  10.610 0.0000000000
100073  44.756  19.587  3.570 0.0000000000
77346  45.367  19.344  4.087 0.0000000000
77328  44.930  19.491  5.160 0.0000000000
77307  45.118  19.483  6.972 0.0000000000
93378  41.459  18.501  18.180 0.0000000000
76542  42.493  18.870  18.461 0.0000000000
79168  41.471  22.593  5.427 0.0000000000
79726  41.759  23.178  4.806 0.0000000000
79182  41.769  22.277  4.667 0.0000000000
78607  42.029  21.919  3.898 0.0000000000
78606  42.372  21.420  3.101 0.0000000000
78017  42.840  20.590  3.425 0.0000000000
77358  43.724  20.031  3.736 0.0000000000
75347  42.046  16.020  10.970 0.0000000000
74748  41.430  15.537  10.406 0.0000000000
74081  39.619  13.729  11.140 0.0000000000
74130  37.067  14.604  5.416 0.0000000000
98642  36.760  14.547  4.960 0.0000000000
95440  37.396  14.251  4.656 0.0000000000
73401  37.274  14.111  4.483 0.0000000000
80949  43.104  26.247  0.643 0.0000000000
81544  42.552  26.624  1.532 0.0000000000
80950  42.268  25.658  1.356 0.0000000000
80934  41.668  26.055  2.187 0.0000000000
80935  40.897  25.564  2.824 0.0000000000
99271  34.494  19.762  5.844 0.0000000000
76632  33.826  19.631  5.896 0.0000000000
99952  33.486  18.345  7.260 0.0000000000
78561  40.695  21.217  7.995 0.0000000000
77965  41.266  20.598  8.260 0.0000000000
77945  40.824  19.903  10.181 0.0000000000
79675  38.816  23.441  10.072 0.0000000000
80245  39.188  24.173  9.917 0.0000000000
106774  39.284  23.446  9.515 0.0000000000
79685  39.599  23.328  8.833 0.0000000000
79696  39.831  23.180  8.135 0.0000000000
79705  40.297  23.467  7.427 0.0000000000
78562  40.156  21.766  8.310 0.0000000000
71689  42.194  11.691  13.330 0.0000000000
71688  42.966  11.474  13.583 0.0000000000
70851  43.600  10.421  11.465 0.0000000000
70868  46.940  10.645  9.238 0.0000000000
97948  45.861  10.563  9.390 0.0000000000
70883  46.207  10.568  8.648 0.0000000000
76670  43.220  18.462  2.062 0.0000000000
76662  44.873  17.794  2.892 0.0000000000
76074  45.694  17.530  2.643 0.0000000000
76046  47.700  18.221  6.985 0.0000000000
76047  47.360  17.498  6.383 0.0000000000
76027  47.362  17.589  7.466 0.0000000000
76017  46.931  17.382  8.309 0.0000000000
103068  46.447  17.244  8.923 0.0000000000
76018  45.633  16.851  9.089 0.0000000000
76008  45.582  17.041  9.994 0.0000000000
75998  45.557  17.340  10.857 0.0000000000
92862  43.622  19.591  11.445 0.0000000000
77252  44.434  19.626  10.819 0.0000000000
92864  44.456  20.064  12.344 0.0000000000
77231  45.091  20.424  13.119 0.0000000000
76551  44.384  19.012  17.563 0.0000000000
76568  44.710  18.777  15.473 0.0000000000
75968  43.701  18.029  14.586 0.0000000000
98380  42.794  16.638  15.073 0.0000000000
108030  43.059  15.467  15.353 0.0000000000
73289  45.718  13.606  18.344 0.0000000000
72438  46.269  12.650  17.737 0.0000000000
71647  46.380  11.770  17.150 0.0000000000
99500  38.554  30.844  7.775 0.0000000000
83900  39.157  30.830  7.245 0.0000000000
83912  40.167  30.999  6.770 0.0000000000
107150  40.281  30.237  6.649 0.0000000000
82045  43.423  27.511  12.306 0.0000000000
82659  43.511  28.829  12.130 0.0000000000
82044  44.141  27.863  11.878 0.0000000000
81446  44.780  27.156  11.198 0.0000000000
80900  45.222  25.548  4.684 0.0000000000
80876  46.104  25.697  6.343 0.0000000000
80887  46.204  25.753  5.412 0.0000000000
80886  46.470  26.033  5.151 0.0000000000
81497  46.472  26.144  5.631 0.0000000000
81505  46.301  26.168  4.541 0.0000000000
81515  45.848  26.464  3.265 0.0000000000
81514  45.930  26.438  2.453 0.0000000000
82124  45.596  27.184  1.667 0.0000000000
80931  45.998  25.829  1.731 0.0000000000
80962  44.962  25.269  0.450 0.0000000000
80352  45.177  24.217  -0.331 0.0000000000
78041  43.368  19.759  0.001 0.0000000000
78628  43.135  21.518  -1.291 0.0000000000
78048  43.223  19.570  -0.796 0.0000000000
77394  42.808  19.954  -1.076 0.0000000000
77389  42.522  19.526  -1.075 0.0000000000
77390  41.636  19.731  -0.993 0.0000000000
76686  43.093  18.499  -0.630 0.0000000000
76680  42.307  18.594  0.093 0.0000000000
76061  42.901  16.223  4.777 0.0000000000
95583  41.105  14.590  5.273 0.0000000000
104944  39.625  13.795  7.327 0.0000000000
73365  38.813  13.351  7.779 0.0000000000
73378  38.249  13.220  6.160 0.0000000000
72536  37.417  13.037  5.984 0.0000000000
72526  37.571  12.484  7.142 0.0000000000
71726  36.444  11.441  6.612 0.0000000000
70914  35.996  10.740  6.365 0.0000000000
70853  40.780  10.606  11.377 0.0000000000
70854  40.123  10.741  11.206 0.0000000000
70864  40.439  10.311  10.678 0.0000000000
104317  40.279  9.678  9.428 0.0000000000
76613  36.049  18.738  7.618 0.0000000000
76031  37.609  17.832  7.609 0.0000000000
103515  38.056  16.916  7.473 0.0000000000
79763  41.199  22.765  0.436 0.0000000000
79753  40.851  23.146  1.458 0.0000000000
79204  39.409  21.836  1.498 0.0000000000
78619  38.127  21.059  1.523 0.0000000000
107380  35.963  20.214  4.784 0.0000000000
77335  35.662  20.001  5.490 0.0000000000
80242  38.153  24.166  10.727 0.0000000000
79672  38.260  23.402  10.627 0.0000000000
79130  38.546  22.808  10.329 0.0000000000
70835  45.119  10.568  13.580 0.0000000000
94132  45.576  10.202  13.109 0.0000000000
70839  45.805  10.037  12.225 0.0000000000
70076  47.554  9.674  11.464 0.0000000000
70848  47.053  10.191  10.753 0.0000000000
76684  45.421  18.542  0.528 0.0000000000
76668  46.035  18.016  1.362 0.0000000000
77365  46.154  18.578  1.792 0.0000000000
77355  46.229  18.655  2.637 0.0000000000
77343  47.002  18.707  4.599 0.0000000000
77345  46.123  18.918  3.739 0.0000000000
77326  46.861  19.046  5.129 0.0000000000
77325  47.265  18.895  5.359 0.0000000000
77285  47.473  19.054  7.088 0.0000000000
76595  47.557  19.126  8.928 0.0000000000
76596  47.558  18.824  9.777 0.0000000000
77912  42.514  20.416  15.865 0.0000000000
77206  43.123  20.260  14.797 0.0000000000
77900  43.104  20.518  16.877 0.0000000000
77889  43.422  20.295  17.690 0.0000000000
76541  43.335  19.103  18.378 0.0000000000
76540  43.969  19.329  18.049 0.0000000000
74025  44.932  15.268  18.273 0.0000000000
100844  44.694  14.774  18.408 0.0000000000
72434  45.371  13.039  18.430 0.0000000000
100891  45.631  11.224  17.966 0.0000000000
82690  40.463  28.269  8.634 0.0000000000
110285  42.707  25.445  8.378 0.0000000000
95072  43.611  25.504  8.812 0.0000000000
80862  43.194  25.462  7.793 0.0000000000
80878  43.278  25.445  6.834 0.0000000000
80889  43.473  25.401  5.982 0.0000000000
80299  42.737  24.724  4.550 0.0000000000
80901  43.658  25.392  5.039 0.0000000000
80298  43.841  25.368  3.991 0.0000000000
80311  44.170  25.186  2.936 0.0000000000
80325  44.706  24.919  1.875 0.0000000000
80341  44.816  24.681  0.915 0.0000000000
79201  43.587  22.994  0.524 0.0000000000
79210  43.125  21.804  0.507 0.0000000000
78612  42.528  21.165  2.165 0.0000000000
78617  42.781  20.933  1.317 0.0000000000
78623  43.087  20.680  0.391 0.0000000000
77375  44.008  19.533  0.462 0.0000000000
77374  45.057  18.988  0.047 0.0000000000
74764  43.144  15.547  7.591 0.0000000000
74782  42.463  14.833  6.429 0.0000000000
74765  42.376  15.312  7.826 0.0000000000
74766  41.653  15.142  8.182 0.0000000000
74767  40.962  14.953  8.614 0.0000000000
74757  40.814  15.102  9.751 0.0000000000
74088  40.304  14.645  9.037 0.0000000000
73354  38.680  13.272  9.125 0.0000000000
72499  37.921  12.057  9.070 0.0000000000
105021  42.181  9.224  7.154 0.0000000000
100784  41.800  9.322  7.799 0.0000000000
70147  42.376  8.942  5.783 0.0000000000
74788  35.654  15.202  7.431 0.0000000000
73402  34.656  14.062  5.108 0.0000000000
82115  41.461  28.405  2.861 0.0000000000
79744  40.394  23.603  2.316 0.0000000000
80328  40.704  24.613  2.620 0.0000000000
77980  42.434  20.710  5.965 0.0000000000
77971  43.499  19.999  6.734 0.0000000000
104152  42.820  20.413  6.517 0.0000000000
77277  42.642  19.692  8.860 0.0000000000
77953  41.832  19.941  8.962 0.0000000000
77262  42.568  19.602  9.515 0.0000000000
92811  43.058  19.473  10.354 0.0000000000
92863  42.575  19.436  11.618 0.0000000000
77207  41.891  20.010  14.916 0.0000000000
77891  41.410  20.641  17.858 0.0000000000
77877  40.878  20.337  18.514 0.0000000000
82652  42.389  28.613  13.538 0.0000000000
82025  41.794  28.151  13.764 0.0000000000
82035  42.042  27.824  13.229 0.0000000000
82034  42.849  28.069  12.943 0.0000000000
81448  43.123  26.734  11.890 0.0000000000
81459  43.718  26.290  11.215 0.0000000000
80831  43.031  25.849  10.464 0.0000000000
80244  39.978  24.775  9.724 0.0000000000
107990  42.411  25.610  9.804 0.0000000000
80850  42.356  25.474  8.985 0.0000000000
80863  41.942  25.331  8.009 0.0000000000
109001  41.600  24.668  6.682 0.0000000000
79704  41.089  23.596  6.232 0.0000000000
79156  40.990  22.830  6.184 0.0000000000
78591  42.138  21.139  5.466 0.0000000000
74073  41.174  14.870  13.318 0.0000000000
73337  40.954  13.922  13.169 0.0000000000
72487  40.922  12.220  12.722 0.0000000000
71699  41.116  10.933  12.056 0.0000000000
70872  41.901  9.900  10.069 0.0000000000
70087  42.424  9.759  9.317 0.0000000000
70860  44.120  10.392  10.720 0.0000000000
70869  44.868  10.459  9.674 0.0000000000
110995  44.462  10.429  10.181 0.0000000000
70870  43.826  10.299  9.921 0.0000000000
70086  43.328  9.912  9.251 0.0000000000
70101  42.916  9.666  8.564 0.0000000000
70113  42.563  9.478  7.828 0.0000000000
70112  43.036  9.408  7.101 0.0000000000
77350  40.741  19.724  3.384 0.0000000000
100413  40.758  19.708  4.463 0.0000000000
76657  42.318  18.649  4.763 0.0000000000
76663  43.249  18.514  3.388 0.0000000000
76656  43.123  18.275  4.343 0.0000000000
76060  43.537  15.845  4.593 0.0000000000
75408  43.482  15.158  4.691 0.0000000000
74799  43.368  14.822  5.213 0.0000000000
76079  46.091  17.735  2.003 0.0000000000
76073  46.234  17.429  3.096 0.0000000000
75412  46.265  16.916  4.091 0.0000000000
75395  46.794  16.819  5.661 0.0000000000
75406  45.957  16.492  4.942 0.0000000000
75413  45.118  16.224  4.575 0.0000000000
75407  45.015  15.806  5.118 0.0000000000
74780  44.057  15.452  6.205 0.0000000000
75356  42.956  16.153  9.746 0.0000000000
75354  44.687  16.599  9.289 0.0000000000
92445  44.239  19.621  7.036 0.0000000000
77288  44.702  19.491  7.803 0.0000000000
92860  45.715  19.495  7.891 0.0000000000
92861  45.045  19.618  10.345 0.0000000000
106219  45.928  19.655  9.479 0.0000000000
77274  46.229  19.588  8.796 0.0000000000
77260  46.588  19.699  9.658 0.0000000000
94197  46.840  19.711  10.498 0.0000000000
76591  47.323  19.046  10.680 0.0000000000
77222  44.020  20.350  14.145 0.0000000000
94673  45.079  20.519  14.461 0.0000000000
77926  45.561  20.466  13.851 0.0000000000
77204  45.487  20.027  15.477 0.0000000000
77221  46.112  20.171  13.929 0.0000000000
77230  46.296  20.146  13.033 0.0000000000
76587  46.860  19.220  11.917 0.0000000000
76586  47.088  18.896  11.320 0.0000000000
75977  43.832  17.934  13.548 0.0000000000
75985  43.110  17.254  12.898 0.0000000000
75335  42.512  16.632  12.376 0.0000000000
75336  41.806  16.240  12.729 0.0000000000
73335  42.406  13.127  14.230 0.0000000000
74696  44.822  15.887  16.966 0.0000000000
74046  45.064  15.201  16.471 0.0000000000
73311  44.986  14.293  15.948 0.0000000000
73310  45.636  13.857  16.611 0.0000000000
72456  44.950  13.376  15.563 0.0000000000
72469  45.007  12.496  15.268 0.0000000000
70820  45.464  10.848  14.391 0.0000000000
70834  46.267  9.847  13.859 0.0000000000
83911  41.237  31.050  6.282 0.0000000000
84389  42.199  32.262  5.969 0.0000000000
106724  43.253  31.674  5.272 0.0000000000
83921  43.566  31.289  4.839 0.0000000000
82058  41.565  27.916  9.061 0.0000000000
82063  42.243  27.573  8.378 0.0000000000
110495  44.667  25.544  8.967 0.0000000000
80838  45.834  26.058  9.729 0.0000000000
80859  46.633  25.969  7.129 0.0000000000
82068  43.297  27.455  7.750 0.0000000000
82069  42.041  27.579  7.470 0.0000000000
82080  42.107  27.857  6.491 0.0000000000
82093  42.785  27.891  5.494 0.0000000000
106685  44.310  30.459  2.908 0.0000000000
82137  45.299  27.588  0.975 0.0000000000
81542  44.268  27.621  0.566 0.0000000000
80964  43.438  25.681  -0.074 0.0000000000
79762  41.954  23.421  -0.230 0.0000000000
79749  45.319  24.119  0.051 0.0000000000
79759  45.123  23.811  -1.013 0.0000000000
80372  45.156  24.027  -2.180 0.0000000000
79226  43.751  22.599  -1.667 0.0000000000
79225  44.429  23.059  -1.922 0.0000000000
79771  44.347  24.208  -2.072 0.0000000000
79772  43.228  23.694  -1.512 0.0000000000
79773  42.312  23.062  -1.126 0.0000000000
79211  41.469  22.411  -0.641 0.0000000000
78624  40.420  20.961  -0.177 0.0000000000
77383  41.318  19.343  -0.514 0.0000000000
77384  40.384  19.687  -0.150 0.0000000000
77379  39.514  19.880  0.310 0.0000000000
78028  39.489  19.786  1.666 0.0000000000
104699  40.035  17.317  6.719 0.0000000000
76051  40.455  16.465  6.366 0.0000000000
76029  39.801  16.789  6.954 0.0000000000
75380  39.662  16.028  6.730 0.0000000000
74784  39.703  15.035  6.095 0.0000000000
74804  39.597  14.213  5.052 0.0000000000
74111  41.094  14.485  5.677 0.0000000000
74126  40.467  14.290  5.389 0.0000000000
74128  38.988  14.034  4.675 0.0000000000
105193  36.440  13.248  4.914 0.0000000000
73345  39.402  12.972  11.141 0.0000000000
71701  39.735  11.169  11.226 0.0000000000
72496  38.929  12.537  10.551 0.0000000000
106836  38.612  11.784  10.205 0.0000000000
71706  38.153  11.406  9.591 0.0000000000
70876  37.731  10.659  9.139 0.0000000000
69346  41.229  9.041  7.279 0.0000000000
70114  40.470  9.168  7.808 0.0000000000
70115  39.621  9.115  7.867 0.0000000000
69371  39.513  8.662  5.360 0.0000000000
69348  39.271  8.855  7.085 0.0000000000
94746  38.643  9.110  7.854 0.0000000000
70105  38.039  9.531  8.572 0.0000000000
70106  37.521  10.119  8.622 0.0000000000
70900  37.155  10.313  7.838 0.0000000000
70901  36.621  10.496  7.060 0.0000000000
70132  36.456  9.950  6.486 0.0000000000
69328  49.121  8.846  10.119 0.0000000000
70085  49.046  9.861  9.656 0.0000000000
70097  49.131  10.023  8.743 0.0000000000
69354  39.900  8.723  6.296 0.0000000000
70127  43.399  9.406  6.383 0.0000000000
70128  42.638  9.174  6.467 0.0000000000
70852  42.302  10.555  11.552 0.0000000000
70873  40.930  9.832  9.948 0.0000000000
70899  45.213  10.124  7.589 0.0000000000
71700  40.284  11.214  11.795 0.0000000000
71703  38.787  10.915  10.206 0.0000000000
71707  37.673  11.457  8.958 0.0000000000
71739  35.942  12.411  5.278 0.0000000000
72527  36.967  12.104  6.865 0.0000000000
73288  46.129  13.305  18.049 0.0000000000
73339  40.863  13.007  13.123 0.0000000000
73348  38.747  13.157  9.945 0.0000000000
74099  39.866  14.236  8.308 0.0000000000
74692  42.510  15.790  17.871 0.0000000000
75405  46.862  16.987  4.700 0.0000000000
75969  43.027  17.314  14.798 0.0000000000
76006  47.315  17.894  9.248 0.0000000000
76015  47.865  18.719  8.307 0.0000000000
76058  47.642  18.191  6.041 0.0000000000
76059  47.325  17.542  5.402 0.0000000000
76062  42.291  17.032  5.297 0.0000000000
76078  46.469  17.837  2.707 0.0000000000
76080  45.252  17.787  1.835 0.0000000000
76550  44.779  19.590  16.871 0.0000000000
76566  46.073  19.786  14.253 0.0000000000
76609  47.779  18.742  7.513 0.0000000000
76627  47.636  18.696  6.586 0.0000000000
76644  47.519  18.660  5.705 0.0000000000
76652  47.308  18.505  4.894 0.0000000000
76661  46.716  18.154  3.035 0.0000000000
76675  45.942  18.483  1.223 0.0000000000
76676  45.504  18.187  0.844 0.0000000000
76677  45.141  17.922  0.743 0.0000000000
76687  42.233  18.961  -0.885 0.0000000000
76691  44.079  18.373  -0.736 0.0000000000
76692  43.726  18.420  -0.901 0.0000000000
77176  41.364  20.115  18.826 0.0000000000
77203  45.840  20.068  14.741 0.0000000000
77259  47.134  19.460  9.688 0.0000000000
77261  45.073  19.539  9.538 0.0000000000
77304  47.424  19.007  6.148 0.0000000000
77875  42.737  20.298  18.411 0.0000000000
77927  44.708  20.456  13.715 0.0000000000
77938  45.923  20.420  13.304 0.0000000000
78029  38.810  20.170  1.508 0.0000000000
78031  36.983  20.971  2.151 0.0000000000
78035  43.378  20.295  1.021 0.0000000000
78036  38.981  20.139  0.909 0.0000000000
78050  41.365  20.542  -1.235 0.0000000000
78618  38.992  21.119  1.146 0.0000000000
78635  43.162  21.799  -1.824 0.0000000000
78637  42.060  21.038  -1.569 0.0000000000
78641  43.433  22.456  -1.857 0.0000000000
79208  44.847  23.416  -1.304 0.0000000000
79220  41.067  21.499  -0.931 0.0000000000
79770  45.291  23.694  -1.948 0.0000000000
79781  45.121  23.543  -2.070 0.0000000000
79782  44.560  23.597  -2.134 0.0000000000
79783  43.566  23.318  -1.871 0.0000000000
79792  43.772  23.018  -1.994 0.0000000000
80265  41.095  24.879  8.032 0.0000000000
80344  41.231  24.124  1.815 0.0000000000
80362  45.278  24.129  -1.698 0.0000000000
80842  40.722  24.991  9.268 0.0000000000
80847  46.310  25.932  8.785 0.0000000000
80848  45.588  25.673  9.133 0.0000000000
80849  44.812  25.531  8.211 0.0000000000
80947  45.319  26.109  1.030 0.0000000000
81457  45.322  26.597  10.496 0.0000000000
81527  46.016  26.357  1.935 0.0000000000
81540  45.602  26.740  1.305 0.0000000000
81541  45.177  27.165  0.559 0.0000000000
81555  44.562  27.115  0.422 0.0000000000
82052  45.193  27.446  10.522 0.0000000000
82053  44.561  27.789  11.078 0.0000000000
82064  41.250  27.746  8.083 0.0000000000
82113  45.193  27.606  2.605 0.0000000000
82127  43.623  28.807  1.487 0.0000000000
82138  44.782  27.975  0.738 0.0000000000
82644  42.449  29.492  13.402 0.0000000000
82651  43.013  29.074  12.948 0.0000000000
83922  42.769  30.771  5.471 0.0000000000
94431  46.621  18.853  4.415 0.0000000000
94672  40.799  22.127  6.561 0.0000000000
95504  43.048  20.437  -0.602 0.0000000000
96946  44.749  20.448  15.981 0.0000000000
97058  37.508  9.748  8.038 0.0000000000
97101  47.595  19.164  8.058 0.0000000000
97189  46.595  25.965  8.033 0.0000000000
97974  39.563  30.027  7.182 0.0000000000
98779  39.929  9.977  10.062 0.0000000000
99178  45.706  20.309  14.476 0.0000000000
102547  38.630  23.965  10.352 0.0000000000
104151  40.105  14.058  11.780 0.0000000000
105524  40.684  23.354  6.672 0.0000000000
106507  47.229  19.354  10.197 0.0000000000
107048  42.901  20.415  -1.070 0.0000000000
107305  45.425  25.826  9.800 0.0000000000
109487  45.827  18.764  1.040 0.0000000000
110131  41.973  12.742  13.887 0.0000000000
110681  45.531  10.523  9.897 0.0000000000
