#!ascii label  , from subject sub-v1s1x0050650_ses-1 vox2ras=TkReg
769
67083  39.412  5.542  9.726 0.0000000000
68713  42.820  7.319  0.541 0.0000000000
104542  44.676  11.161  0.232 0.0000000000
65638  43.160  3.274  -7.802 0.0000000000
64730  39.170  2.474  5.587 0.0000000000
95068  48.126  10.828  6.951 0.0000000000
67991  47.338  6.629  -3.658 0.0000000000
71012  36.433  11.686  -1.165 0.0000000000
69351  46.036  8.540  6.513 0.0000000000
67107  41.460  5.732  5.698 0.0000000000
65582  40.406  3.742  0.543 0.0000000000
70962  39.408  10.266  2.004 0.0000000000
93953  40.748  12.787  -3.698 0.0000000000
70990  47.995  10.803  0.150 0.0000000000
71050  45.356  9.938  -5.265 0.0000000000
95356  35.053  15.090  -1.144 0.0000000000
67912  42.768  6.155  8.562 0.0000000000
67088  41.371  5.089  8.375 0.0000000000
65572  39.574  3.077  2.935 0.0000000000
70176  43.891  9.494  3.962 0.0000000000
69385  40.266  8.735  4.659 0.0000000000
70977  41.843  10.148  1.100 0.0000000000
72591  40.108  12.785  -1.482 0.0000000000
71819  42.743  12.124  -1.966 0.0000000000
68688  44.198  7.853  3.171 0.0000000000
69406  46.643  9.163  3.214 0.0000000000
69425  44.540  8.689  0.697 0.0000000000
67188  45.884  5.265  -5.830 0.0000000000
69471  47.480  8.305  -4.943 0.0000000000
68007  44.384  6.940  -6.078 0.0000000000
68762  42.163  7.431  -5.963 0.0000000000
101464  41.550  4.389  -6.918 0.0000000000
64836  41.347  2.541  -4.163 0.0000000000
65500  36.905  3.886  9.304 0.0000000000
66298  39.253  3.759  7.979 0.0000000000
70933  46.705  10.602  4.058 0.0000000000
67163  43.076  5.390  -2.492 0.0000000000
68737  43.804  7.686  -2.500 0.0000000000
66376  46.759  4.920  -2.929 0.0000000000
65623  47.222  3.836  -4.600 0.0000000000
69333  47.723  8.229  9.357 0.0000000000
68639  44.847  7.050  9.339 0.0000000000
68657  43.585  7.501  6.258 0.0000000000
67946  42.252  6.814  3.701 0.0000000000
101330  40.458  4.434  5.712 0.0000000000
67122  40.649  5.160  3.384 0.0000000000
67142  41.331  5.624  0.378 0.0000000000
65587  42.216  3.051  -1.288 0.0000000000
65497  35.776  3.113  10.326 0.0000000000
69373  37.520  9.149  5.375 0.0000000000
70964  36.156  11.019  2.623 0.0000000000
73438  37.427  13.607  -1.734 0.0000000000
95254  38.379  12.810  -2.670 0.0000000000
69444  40.281  8.168  -2.466 0.0000000000
70125  48.811  9.655  6.604 0.0000000000
70943  49.325  10.945  3.469 0.0000000000
72579  48.597  12.365  0.089 0.0000000000
70245  45.422  9.668  -2.506 0.0000000000
71034  47.227  11.222  -3.533 0.0000000000
110309  45.389  12.493  -3.292 0.0000000000
104033  42.403  11.815  -4.577 0.0000000000
100934  41.056  8.164  -3.990 0.0000000000
73434  34.754  15.012  -0.409 0.0000000000
73426  34.897  15.048  0.193 0.0000000000
67903  41.595  5.713  9.506 0.0000000000
67090  39.974  5.201  9.023 0.0000000000
70961  44.040  10.140  1.853 0.0000000000
70194  42.727  9.558  2.655 0.0000000000
70993  43.183  10.585  0.415 0.0000000000
71804  42.482  11.572  -1.169 0.0000000000
71803  43.408  11.549  -1.208 0.0000000000
68696  43.542  7.663  2.150 0.0000000000
69418  44.689  8.490  1.617 0.0000000000
69426  43.823  8.340  0.305 0.0000000000
66396  44.212  4.379  -6.944 0.0000000000
67189  44.571  5.340  -6.543 0.0000000000
94602  43.380  4.940  -7.319 0.0000000000
67191  42.250  5.755  -6.955 0.0000000000
65640  42.005  3.987  -7.748 0.0000000000
64859  41.656  3.116  -7.069 0.0000000000
64867  42.010  2.447  -7.438 0.0000000000
65509  37.260  3.423  8.314 0.0000000000
70144  45.784  10.190  5.348 0.0000000000
111067  47.071  10.620  5.567 0.0000000000
66367  43.722  4.520  -2.822 0.0000000000
67162  44.194  5.285  -3.196 0.0000000000
66365  45.591  4.304  -2.921 0.0000000000
64835  47.297  3.209  -3.571 0.0000000000
64068  45.844  1.936  -4.768 0.0000000000
106752  45.660  2.716  -5.661 0.0000000000
67918  42.500  6.276  7.772 0.0000000000
68653  42.867  6.758  7.344 0.0000000000
67930  42.437  6.689  6.099 0.0000000000
68679  42.840  7.243  4.257 0.0000000000
67939  42.205  6.736  4.442 0.0000000000
64719  39.327  2.822  6.317 0.0000000000
66302  40.125  3.838  6.983 0.0000000000
99003  39.630  3.230  5.851 0.0000000000
65576  39.765  3.276  1.999 0.0000000000
66325  39.759  3.892  3.425 0.0000000000
66332  40.274  4.462  2.087 0.0000000000
95542  41.200  5.620  2.079 0.0000000000
66345  40.671  4.477  0.349 0.0000000000
66350  41.463  4.662  -0.919 0.0000000000
65589  40.813  3.902  -0.152 0.0000000000
64031  43.573  1.893  -0.335 0.0000000000
70197  39.865  9.689  2.567 0.0000000000
100043  38.938  8.701  4.784 0.0000000000
70181  38.564  9.401  3.378 0.0000000000
70948  37.077  10.202  3.119 0.0000000000
70980  37.982  11.145  1.675 0.0000000000
72582  37.067  12.790  0.013 0.0000000000
96699  38.679  12.397  -0.022 0.0000000000
72632  40.220  13.439  -3.458 0.0000000000
73456  39.037  13.294  -2.841 0.0000000000
71821  40.006  11.903  -2.733 0.0000000000
70239  40.001  10.083  -1.292 0.0000000000
70247  40.968  10.211  -2.739 0.0000000000
69339  46.338  8.306  8.299 0.0000000000
107536  48.350  9.088  8.035 0.0000000000
69350  47.382  8.935  6.734 0.0000000000
70207  47.218  9.680  1.629 0.0000000000
70172  48.855  9.792  3.694 0.0000000000
70971  49.082  10.698  1.621 0.0000000000
71760  49.199  11.273  2.215 0.0000000000
71005  49.327  11.674  0.101 0.0000000000
100281  45.560  6.936  -3.398 0.0000000000
69450  44.621  9.053  -2.373 0.0000000000
69457  46.669  8.403  -3.620 0.0000000000
70261  46.248  9.258  -5.278 0.0000000000
70253  47.310  9.435  -4.474 0.0000000000
71843  46.896  11.376  -4.027 0.0000000000
72615  47.160  12.267  -3.209 0.0000000000
71845  44.893  11.646  -4.559 0.0000000000
72637  44.119  12.419  -4.292 0.0000000000
71042  44.014  11.198  -5.124 0.0000000000
68009  41.418  6.333  -5.748 0.0000000000
68753  41.815  7.625  -5.355 0.0000000000
67994  40.799  6.818  -4.649 0.0000000000
67995  40.168  6.653  -3.971 0.0000000000
70881  48.373  10.798  8.198 0.0000000000
71810  34.994  12.996  -1.103 0.0000000000
71809  35.578  12.679  -1.466 0.0000000000
67901  43.844  5.965  9.580 0.0000000000
93088  42.180  5.843  10.016 0.0000000000
92611  42.064  5.604  8.266 0.0000000000
67098  41.493  5.434  6.719 0.0000000000
64743  39.245  2.346  4.440 0.0000000000
70160  41.829  9.022  4.120 0.0000000000
70195  41.687  9.511  2.705 0.0000000000
70996  40.405  10.721  0.934 0.0000000000
71793  39.397  11.991  0.056 0.0000000000
109154  41.231  11.429  -0.280 0.0000000000
72605  41.185  13.073  -2.382 0.0000000000
73454  41.167  13.382  -3.552 0.0000000000
102457  45.181  8.416  4.955 0.0000000000
69382  45.956  8.645  4.613 0.0000000000
69407  45.600  8.589  2.888 0.0000000000
70191  46.244  9.200  1.879 0.0000000000
97403  45.991  9.627  0.430 0.0000000000
67176  47.729  6.042  -4.312 0.0000000000
68745  47.537  7.506  -4.150 0.0000000000
68005  46.511  6.595  -5.500 0.0000000000
68758  46.105  7.773  -5.662 0.0000000000
104078  44.202  8.010  -5.820 0.0000000000
70268  43.736  9.601  -5.372 0.0000000000
68766  42.713  7.059  -6.164 0.0000000000
68008  41.735  6.303  -6.273 0.0000000000
102248  41.450  5.182  -5.973 0.0000000000
64076  41.569  1.826  -5.754 0.0000000000
66280  38.032  4.860  9.426 0.0000000000
66279  39.006  5.025  9.190 0.0000000000
65508  38.334  3.604  8.125 0.0000000000
65514  38.853  3.195  7.461 0.0000000000
64731  38.854  2.366  6.406 0.0000000000
95479  44.246  9.636  6.224 0.0000000000
70175  44.786  9.851  3.681 0.0000000000
70959  45.906  10.631  2.516 0.0000000000
67980  42.290  6.637  -0.808 0.0000000000
68721  43.270  7.732  -0.971 0.0000000000
68738  43.263  7.038  -2.261 0.0000000000
67993  45.032  6.057  -3.427 0.0000000000
67169  47.203  5.811  -3.223 0.0000000000
65603  47.098  3.741  -2.689 0.0000000000
66374  47.639  4.694  -3.559 0.0000000000
97108  47.747  5.516  -3.742 0.0000000000
65624  46.839  4.351  -5.017 0.0000000000
65631  44.847  3.784  -6.462 0.0000000000
64858  43.947  2.766  -7.171 0.0000000000
64090  42.929  1.696  -7.787 0.0000000000
68644  46.527  7.946  9.143 0.0000000000
69344  45.552  8.092  8.008 0.0000000000
67910  44.229  6.492  9.271 0.0000000000
68651  44.266  7.493  7.717 0.0000000000
68656  44.293  7.931  5.818 0.0000000000
68678  43.653  7.611  4.525 0.0000000000
102609  43.581  7.570  3.677 0.0000000000
68697  42.912  7.282  2.431 0.0000000000
66287  40.421  4.385  7.999 0.0000000000
66295  41.059  4.792  7.051 0.0000000000
67099  40.997  4.961  6.165 0.0000000000
66317  39.764  3.924  4.379 0.0000000000
66309  40.284  4.519  4.794 0.0000000000
67113  41.277  5.731  4.680 0.0000000000
67947  41.685  6.300  3.272 0.0000000000
67963  41.787  6.343  1.513 0.0000000000
67969  41.755  6.266  0.691 0.0000000000
67981  41.836  5.982  -1.087 0.0000000000
66358  42.007  4.597  -1.524 0.0000000000
64819  43.195  3.026  -1.799 0.0000000000
64807  41.969  2.562  -0.589 0.0000000000
64806  43.046  2.395  -1.016 0.0000000000
66274  37.160  4.368  10.718 0.0000000000
65501  36.268  3.538  9.803 0.0000000000
105436  34.987  2.054  10.026 0.0000000000
70116  38.367  8.975  7.016 0.0000000000
70148  36.539  9.707  5.702 0.0000000000
72570  35.558  13.320  0.611 0.0000000000
73439  36.087  13.986  -1.331 0.0000000000
72609  36.763  13.459  -1.983 0.0000000000
72593  38.386  13.427  -1.538 0.0000000000
71832  37.716  13.176  -2.557 0.0000000000
71011  37.519  11.571  -1.257 0.0000000000
70909  48.978  10.612  6.947 0.0000000000
70156  48.148  9.527  4.395 0.0000000000
70141  49.221  10.460  5.211 0.0000000000
70931  48.962  11.071  4.829 0.0000000000
70957  48.290  11.292  3.062 0.0000000000
71762  47.836  11.364  2.244 0.0000000000
71771  46.193  11.433  0.964 0.0000000000
69435  43.693  8.391  -0.705 0.0000000000
70231  44.824  9.532  -1.048 0.0000000000
71008  46.597  10.685  -1.342 0.0000000000
69456  47.318  8.864  -4.297 0.0000000000
71027  47.143  10.781  -3.155 0.0000000000
71018  47.717  11.526  -2.032 0.0000000000
71815  48.787  12.000  -1.632 0.0000000000
72600  47.530  12.455  -1.859 0.0000000000
71801  45.548  11.983  -1.011 0.0000000000
72602  44.103  12.411  -2.665 0.0000000000
93397  42.494  13.011  -4.019 0.0000000000
71848  41.968  12.489  -4.443 0.0000000000
70269  42.947  9.741  -5.148 0.0000000000
70263  42.172  10.468  -4.491 0.0000000000
70255  41.805  9.967  -4.068 0.0000000000
69452  40.725  8.465  -3.190 0.0000000000
100810  40.935  2.296  -3.353 0.0000000000
72572  34.983  15.092  1.279 0.0000000000
67895  39.897  6.002  10.287 0.0000000000
67905  40.172  5.674  9.576 0.0000000000
70974  44.484  10.521  1.397 0.0000000000
70975  43.639  10.351  1.225 0.0000000000
70992  44.097  10.753  0.534 0.0000000000
110549  43.616  10.811  0.025 0.0000000000
71789  44.033  11.167  -0.341 0.0000000000
68705  42.996  7.362  1.505 0.0000000000
107709  43.612  7.840  1.549 0.0000000000
68704  43.434  7.803  0.854 0.0000000000
66397  43.302  4.123  -7.619 0.0000000000
66401  42.720  4.585  -7.704 0.0000000000
102903  42.458  3.462  -7.837 0.0000000000
99558  42.016  3.288  -7.628 0.0000000000
64866  42.612  2.621  -7.811 0.0000000000
70897  47.716  10.830  7.624 0.0000000000
93204  47.099  10.651  6.962 0.0000000000
70912  46.444  10.436  6.189 0.0000000000
70911  47.985  10.807  6.187 0.0000000000
65606  44.483  3.922  -2.783 0.0000000000
65605  45.430  3.566  -2.408 0.0000000000
64074  45.427  2.060  -5.602 0.0000000000
70999  36.975  10.843  -0.334 0.0000000000
67922  41.916  6.108  6.419 0.0000000000
67921  42.421  6.449  6.931 0.0000000000
108710  41.973  6.369  5.681 0.0000000000
104587  42.463  6.868  5.172 0.0000000000
67931  41.771  6.361  4.978 0.0000000000
65575  40.056  3.528  1.258 0.0000000000
66339  39.934  3.918  1.774 0.0000000000
66338  40.314  4.345  1.173 0.0000000000
70180  39.422  9.290  3.282 0.0000000000
70198  38.976  9.807  2.695 0.0000000000
70199  38.054  9.937  2.833 0.0000000000
70963  38.505  10.468  2.184 0.0000000000
71774  38.315  11.556  1.044 0.0000000000
71773  38.866  11.706  0.628 0.0000000000
99891  39.896  13.073  -3.456 0.0000000000
71830  40.308  12.485  -3.378 0.0000000000
71020  40.520  10.929  -2.397 0.0000000000
71028  40.789  11.391  -3.066 0.0000000000
69343  46.233  8.481  7.408 0.0000000000
102035  47.322  8.715  7.693 0.0000000000
70219  48.096  10.460  1.248 0.0000000000
95323  48.417  9.990  2.186 0.0000000000
70989  49.012  11.123  0.589 0.0000000000
102816  46.674  6.960  -3.510 0.0000000000
68747  46.061  7.641  -3.419 0.0000000000
68746  47.082  7.438  -3.779 0.0000000000
100341  46.285  10.096  -4.860 0.0000000000
101621  46.152  11.004  -4.484 0.0000000000
71041  45.156  10.704  -5.013 0.0000000000
71051  44.359  10.247  -5.294 0.0000000000
67177  41.232  5.640  -5.422 0.0000000000
68000  41.006  6.295  -5.112 0.0000000000
110135  40.763  5.779  -4.813 0.0000000000
68001  40.434  6.180  -4.469 0.0000000000
72595  34.796  14.205  -0.970 0.0000000000
72611  35.421  13.675  -1.362 0.0000000000
93191  42.716  6.060  10.590 0.0000000000
67082  40.952  5.327  9.075 0.0000000000
108511  41.726  5.415  8.873 0.0000000000
67093  41.529  5.198  7.616 0.0000000000
93279  42.995  9.138  5.221 0.0000000000
70147  42.376  8.942  5.783 0.0000000000
93038  42.921  9.123  4.241 0.0000000000
70210  42.284  9.778  1.863 0.0000000000
70211  41.305  9.845  1.838 0.0000000000
99007  41.055  10.298  1.194 0.0000000000
70995  41.333  10.780  0.438 0.0000000000
71820  41.859  12.275  -1.840 0.0000000000
72604  42.018  12.768  -2.569 0.0000000000
72620  41.345  13.386  -3.009 0.0000000000
72619  42.044  13.151  -3.368 0.0000000000
69383  45.040  8.349  4.258 0.0000000000
69398  44.905  8.264  3.422 0.0000000000
69417  45.480  8.662  2.097 0.0000000000
70208  45.428  9.057  1.188 0.0000000000
102721  46.318  9.489  1.214 0.0000000000
70222  45.085  9.245  0.089 0.0000000000
67182  46.939  5.862  -5.239 0.0000000000
68004  47.386  6.664  -4.922 0.0000000000
68012  44.436  6.297  -6.285 0.0000000000
68006  45.540  6.964  -5.782 0.0000000000
68759  44.900  7.596  -5.800 0.0000000000
68760  43.745  7.342  -6.036 0.0000000000
68013  43.421  6.631  -6.324 0.0000000000
67197  41.868  5.192  -7.319 0.0000000000
68015  42.005  6.189  -6.585 0.0000000000
66398  41.582  5.058  -6.737 0.0000000000
67184  41.567  5.710  -6.151 0.0000000000
66390  41.448  4.524  -6.092 0.0000000000
65625  41.501  3.801  -6.582 0.0000000000
64083  41.680  2.158  -6.727 0.0000000000
66281  37.298  4.449  9.784 0.0000000000
66290  37.723  4.123  8.907 0.0000000000
64711  37.987  2.978  7.532 0.0000000000
64720  38.551  2.561  7.000 0.0000000000
102799  38.304  1.875  6.590 0.0000000000
70157  45.592  10.141  4.432 0.0000000000
107170  45.133  9.830  4.909 0.0000000000
70174  45.671  10.273  3.707 0.0000000000
70947  45.288  10.238  3.068 0.0000000000
67986  42.601  6.337  -1.815 0.0000000000
66377  45.655  4.919  -3.198 0.0000000000
67171  45.105  5.241  -3.415 0.0000000000
67170  46.232  5.575  -3.231 0.0000000000
65604  46.790  3.770  -2.494 0.0000000000
64827  47.132  3.209  -2.779 0.0000000000
64843  47.061  3.232  -4.447 0.0000000000
65612  47.466  3.897  -3.155 0.0000000000
65617  47.598  3.860  -3.926 0.0000000000
102077  47.495  4.379  -4.283 0.0000000000
66384  47.459  5.160  -4.430 0.0000000000
64857  44.755  2.346  -6.367 0.0000000000
64856  45.349  3.203  -6.029 0.0000000000
99391  44.569  3.112  -6.638 0.0000000000
64864  43.966  2.061  -7.072 0.0000000000
64089  43.566  1.489  -7.341 0.0000000000
110184  45.152  6.710  9.784 0.0000000000
68638  45.764  7.193  9.679 0.0000000000
68645  45.486  7.678  8.819 0.0000000000
68650  44.902  7.610  8.215 0.0000000000
96871  43.144  5.989  9.185 0.0000000000
67911  43.576  6.463  8.809 0.0000000000
68652  43.478  7.241  7.286 0.0000000000
94028  44.296  7.735  6.735 0.0000000000
68668  43.671  7.607  5.369 0.0000000000
68690  42.876  7.268  3.293 0.0000000000
67953  42.281  6.815  2.828 0.0000000000
66288  39.751  4.450  8.419 0.0000000000
66297  39.971  3.987  7.711 0.0000000000
94432  40.100  3.812  6.191 0.0000000000
66301  40.547  4.376  6.580 0.0000000000
101884  39.438  2.544  3.563 0.0000000000
65562  39.539  3.180  3.947 0.0000000000
66324  40.214  4.514  2.959 0.0000000000
66316  40.203  4.536  3.868 0.0000000000
67114  40.695  5.163  4.285 0.0000000000
67121  41.196  5.732  3.768 0.0000000000
67128  41.177  5.703  2.888 0.0000000000
67136  41.299  5.718  1.272 0.0000000000
106072  41.501  5.988  1.799 0.0000000000
67974  41.742  6.139  -0.243 0.0000000000
67148  41.411  5.377  -0.461 0.0000000000
65597  41.730  3.861  -1.208 0.0000000000
65596  42.497  3.738  -1.790 0.0000000000
64791  42.528  1.993  -0.175 0.0000000000
64805  44.111  2.182  -0.887 0.0000000000
65496  36.253  3.563  10.822 0.0000000000
64692  35.857  2.915  9.198 0.0000000000
64693  35.427  2.647  9.931 0.0000000000
69372  38.498  8.748  5.445 0.0000000000
69355  38.907  8.738  6.249 0.0000000000
69356  37.980  8.877  6.240 0.0000000000
100814  37.858  9.347  7.647 0.0000000000
70131  37.205  9.392  6.351 0.0000000000
70132  36.456  9.950  6.486 0.0000000000
71763  35.938  11.814  1.951 0.0000000000
71777  35.559  12.725  1.544 0.0000000000
71776  36.268  12.358  0.959 0.0000000000
72594  36.877  13.808  -0.985 0.0000000000
73450  36.176  13.925  -1.557 0.0000000000
92388  36.734  13.703  -1.765 0.0000000000
71806  39.823  12.376  -0.667 0.0000000000
72580  38.912  12.745  -0.753 0.0000000000
72592  39.257  13.118  -1.435 0.0000000000
72622  38.602  13.040  -2.844 0.0000000000
72623  38.012  13.317  -2.466 0.0000000000
71823  37.586  12.682  -2.245 0.0000000000
71022  38.620  11.755  -1.783 0.0000000000
71010  38.628  10.670  -0.852 0.0000000000
70238  40.501  10.037  -1.913 0.0000000000
69332  48.806  8.628  9.502 0.0000000000
105943  48.211  9.235  7.296 0.0000000000
70098  49.015  9.602  8.342 0.0000000000
70110  48.938  9.681  7.493 0.0000000000
70880  49.028  10.374  7.844 0.0000000000
95141  49.132  10.211  6.992 0.0000000000
69396  46.818  9.154  4.136 0.0000000000
69381  47.185  9.179  5.099 0.0000000000
70173  47.644  9.444  3.712 0.0000000000
70171  49.289  10.311  3.242 0.0000000000
70155  49.139  9.901  4.517 0.0000000000
70154  49.276  10.595  4.132 0.0000000000
70944  48.887  11.223  3.865 0.0000000000
72569  49.102  12.085  0.625 0.0000000000
71769  48.734  11.659  1.598 0.0000000000
71785  48.415  12.054  0.848 0.0000000000
71770  47.548  11.632  1.377 0.0000000000
71786  47.468  12.043  0.495 0.0000000000
68729  43.344  7.575  -1.752 0.0000000000
69451  43.774  8.314  -1.799 0.0000000000
70237  44.963  9.659  -1.948 0.0000000000
70230  45.564  10.213  -1.716 0.0000000000
70236  45.904  10.283  -2.406 0.0000000000
68752  47.462  7.745  -4.589 0.0000000000
104098  47.415  8.059  -4.104 0.0000000000
69464  47.589  8.372  -4.631 0.0000000000
70254  47.284  9.962  -3.860 0.0000000000
71026  47.717  11.550  -2.974 0.0000000000
71019  46.808  10.827  -2.291 0.0000000000
71017  48.813  11.889  -1.622 0.0000000000
71816  48.226  11.973  -2.322 0.0000000000
72616  46.008  12.505  -3.065 0.0000000000
92716  46.842  12.466  -2.568 0.0000000000
72601  46.179  12.424  -1.817 0.0000000000
92393  45.460  12.401  -2.511 0.0000000000
71817  44.852  12.067  -1.853 0.0000000000
72617  44.909  12.554  -3.029 0.0000000000
71846  43.543  12.028  -4.680 0.0000000000
72638  42.976  12.600  -4.333 0.0000000000
71847  42.590  12.304  -4.530 0.0000000000
72639  42.115  12.932  -4.373 0.0000000000
69475  43.123  8.816  -5.405 0.0000000000
69476  42.476  8.140  -5.445 0.0000000000
69468  41.656  8.255  -4.690 0.0000000000
69467  42.190  8.527  -5.005 0.0000000000
69459  41.964  9.237  -4.619 0.0000000000
69460  41.575  8.920  -4.196 0.0000000000
70256  41.257  9.312  -3.447 0.0000000000
100109  39.532  6.521  -3.438 0.0000000000
67987  39.894  7.052  -3.419 0.0000000000
73435  34.188  14.768  0.311 0.0000000000
73433  35.131  15.096  -0.741 0.0000000000
67893  41.318  6.126  10.282 0.0000000000
67904  40.735  5.937  9.866 0.0000000000
67089  40.633  4.791  8.461 0.0000000000
109627  43.995  9.684  3.183 0.0000000000
94791  43.235  9.437  3.351 0.0000000000
70209  43.300  9.834  1.950 0.0000000000
70976  42.782  10.161  1.137 0.0000000000
104800  42.115  11.073  -0.305 0.0000000000
71790  43.082  10.980  -0.425 0.0000000000
111961  44.014  7.892  2.560 0.0000000000
69408  44.690  8.262  2.538 0.0000000000
69409  44.072  8.113  1.958 0.0000000000
69419  43.995  8.260  1.189 0.0000000000
66395  45.255  4.558  -6.246 0.0000000000
67183  45.661  6.079  -5.918 0.0000000000
67190  43.220  5.842  -6.874 0.0000000000
67196  42.491  5.202  -7.466 0.0000000000
66402  42.143  4.603  -7.683 0.0000000000
66403  41.739  4.540  -7.380 0.0000000000
64092  41.886  1.477  -7.242 0.0000000000
64704  36.517  3.382  8.956 0.0000000000
70126  45.240  9.958  6.151 0.0000000000
70913  45.816  10.257  6.927 0.0000000000
70923  46.914  10.615  4.858 0.0000000000
66366  44.737  4.645  -3.249 0.0000000000
64051  46.829  2.519  -3.159 0.0000000000
64061  46.691  2.543  -4.139 0.0000000000
64851  46.389  3.402  -5.251 0.0000000000
64844  46.246  2.640  -5.030 0.0000000000
67917  43.123  6.674  8.003 0.0000000000
68658  42.927  7.043  6.637 0.0000000000
68669  42.987  7.245  5.754 0.0000000000
102606  43.100  7.341  5.010 0.0000000000
65513  39.558  3.455  7.303 0.0000000000
65520  39.688  3.310  6.627 0.0000000000
65534  39.876  3.895  5.307 0.0000000000
66333  39.821  3.880  2.506 0.0000000000
67129  40.678  5.107  2.506 0.0000000000
67137  40.725  5.068  1.642 0.0000000000
67143  40.823  5.071  0.801 0.0000000000
67149  41.008  5.063  0.153 0.0000000000
66351  41.057  4.616  -0.295 0.0000000000
104967  41.249  4.093  -0.650 0.0000000000
65588  41.418  3.325  -0.592 0.0000000000
64030  44.596  1.976  -0.309 0.0000000000
70179  40.291  9.300  3.222 0.0000000000
69400  39.885  8.929  3.912 0.0000000000
69401  38.950  8.818  3.999 0.0000000000
70161  38.214  9.149  3.976 0.0000000000
70162  37.555  9.341  4.373 0.0000000000
70182  37.731  9.598  3.574 0.0000000000
96792  37.448  10.631  2.352 0.0000000000
70981  36.865  11.387  1.772 0.0000000000
71775  37.450  11.823  0.976 0.0000000000
71794  38.113  12.271  0.393 0.0000000000
72581  37.937  13.145  -0.723 0.0000000000
73446  39.734  13.488  -2.814 0.0000000000
72607  39.508  13.418  -2.147 0.0000000000
73455  39.779  13.461  -3.171 0.0000000000
71831  39.324  12.872  -3.148 0.0000000000
71822  39.208  12.200  -2.451 0.0000000000
71021  39.841  11.116  -1.862 0.0000000000
69443  40.663  9.163  -2.494 0.0000000000
69338  47.445  8.528  8.572 0.0000000000
70143  48.059  9.414  5.880 0.0000000000
70190  47.214  9.462  2.444 0.0000000000
92770  47.894  9.586  3.106 0.0000000000
103612  48.146  9.747  2.644 0.0000000000
70189  48.824  9.881  2.888 0.0000000000
70188  49.139  10.402  2.509 0.0000000000
70956  49.336  10.854  2.793 0.0000000000
70970  49.343  10.975  1.909 0.0000000000
71768  49.196  11.487  1.234 0.0000000000
72578  49.226  12.231  -0.297 0.0000000000
68736  44.793  7.663  -3.086 0.0000000000
100326  44.304  8.277  -2.588 0.0000000000
69458  45.274  8.424  -3.102 0.0000000000
69449  45.825  9.205  -3.111 0.0000000000
69472  46.703  8.420  -5.309 0.0000000000
102817  47.577  8.984  -4.724 0.0000000000
70260  47.135  9.403  -4.724 0.0000000000
71040  47.090  10.338  -4.260 0.0000000000
71828  47.689  11.850  -3.043 0.0000000000
71836  47.077  11.912  -3.731 0.0000000000
71844  46.255  11.846  -4.204 0.0000000000
72636  45.199  12.122  -4.034 0.0000000000
103072  44.716  12.534  -3.615 0.0000000000
71043  43.058  11.480  -4.784 0.0000000000
101803  41.658  6.968  -5.972 0.0000000000
68763  41.299  6.944  -5.333 0.0000000000
68754  41.203  7.502  -4.729 0.0000000000
68748  40.591  7.309  -4.040 0.0000000000
102073  39.635  6.019  -3.777 0.0000000000
72585  34.106  14.110  -0.235 0.0000000000
71013  35.602  11.736  -1.085 0.0000000000
71808  36.083  12.381  -1.578 0.0000000000
94799  43.025  5.814  9.766 0.0000000000
67902  42.402  5.687  9.164 0.0000000000
67919  41.973  5.855  7.317 0.0000000000
64771  39.481  2.283  2.965 0.0000000000
64783  39.663  2.443  2.258 0.0000000000
64782  40.035  2.699  1.430 0.0000000000
102772  40.306  3.116  0.775 0.0000000000
65581  40.810  3.102  0.122 0.0000000000
69369  41.511  8.747  5.655 0.0000000000
69384  41.205  8.770  4.792 0.0000000000
70177  42.309  9.295  3.421 0.0000000000
70178  41.529  9.248  3.466 0.0000000000
69399  40.860  9.031  3.899 0.0000000000
70196  40.741  9.585  2.525 0.0000000000
70978  40.356  10.105  1.757 0.0000000000
97562  39.750  10.628  1.367 0.0000000000
70997  39.632  11.230  0.763 0.0000000000
71792  40.387  11.517  0.102 0.0000000000
71805  40.710  12.057  -0.777 0.0000000000
71791  41.591  11.763  -1.015 0.0000000000
72590  41.006  12.561  -1.600 0.0000000000
72606  40.336  13.239  -2.260 0.0000000000
73445  40.365  13.587  -2.958 0.0000000000
73460  40.400  13.492  -3.473 0.0000000000
71838  40.909  13.025  -3.793 0.0000000000
69367  44.903  8.313  5.501 0.0000000000
69366  45.857  8.560  5.543 0.0000000000
69397  45.794  8.631  3.742 0.0000000000
107063  46.174  8.971  2.495 0.0000000000
70220  47.038  9.974  0.748 0.0000000000
67999  47.607  6.828  -4.237 0.0000000000
108636  47.435  7.261  -4.833 0.0000000000
68757  47.138  7.798  -5.152 0.0000000000
103069  46.753  7.208  -5.354 0.0000000000
69473  45.289  8.489  -5.694 0.0000000000
70267  44.808  9.407  -5.534 0.0000000000
69474  44.010  8.718  -5.654 0.0000000000
68761  43.151  7.902  -5.780 0.0000000000
68014  42.516  6.369  -6.557 0.0000000000
68767  41.996  6.787  -6.370 0.0000000000
66385  41.290  4.366  -5.297 0.0000000000
64845  41.360  3.198  -4.981 0.0000000000
64852  41.490  2.924  -6.024 0.0000000000
99908  41.535  2.423  -5.076 0.0000000000
64069  41.477  1.471  -4.744 0.0000000000
97114  38.442  5.354  9.993 0.0000000000
66289  38.701  4.290  8.650 0.0000000000
65521  39.216  2.884  6.908 0.0000000000
70146  43.647  9.439  5.654 0.0000000000
70159  43.765  9.432  4.821 0.0000000000
70145  44.609  9.685  5.369 0.0000000000
70158  44.611  9.685  4.521 0.0000000000
70192  44.541  9.960  2.944 0.0000000000
70960  44.790  10.279  2.271 0.0000000000
70973  45.473  10.770  1.641 0.0000000000
68722  42.758  7.260  -0.381 0.0000000000
68712  43.284  7.803  -0.040 0.0000000000
68730  42.840  7.145  -1.330 0.0000000000
67985  43.617  6.194  -2.841 0.0000000000
67984  44.251  6.962  -3.116 0.0000000000
67992  46.513  6.350  -3.343 0.0000000000
64828  46.239  3.355  -2.068 0.0000000000
65613  46.503  4.056  -2.521 0.0000000000
66364  47.139  4.403  -2.940 0.0000000000
66375  47.385  5.330  -3.346 0.0000000000
67168  47.687  6.024  -3.639 0.0000000000
66388  46.685  5.074  -5.225 0.0000000000
66389  46.091  4.656  -5.603 0.0000000000
65630  45.792  3.985  -5.744 0.0000000000
65632  43.992  3.567  -7.188 0.0000000000
64865  43.326  2.317  -7.647 0.0000000000
104007  43.134  0.874  -7.552 0.0000000000
69345  45.133  8.107  7.262 0.0000000000
96716  44.302  5.878  10.151 0.0000000000
68646  44.270  7.119  8.682 0.0000000000
68647  43.681  7.058  8.124 0.0000000000
69352  45.016  8.316  6.235 0.0000000000
68667  44.405  8.043  4.904 0.0000000000
68677  44.287  7.939  3.980 0.0000000000
68689  43.542  7.578  2.873 0.0000000000
66296  40.522  4.343  7.368 0.0000000000
67094  40.979  4.699  7.842 0.0000000000
65550  39.516  3.195  4.927 0.0000000000
67108  40.851  5.099  5.223 0.0000000000
67940  41.675  6.323  4.140 0.0000000000
67954  41.687  6.252  2.331 0.0000000000
67962  42.330  6.821  1.946 0.0000000000
67968  42.339  6.803  1.068 0.0000000000
67973  42.303  6.718  0.157 0.0000000000
67156  41.716  5.292  -1.147 0.0000000000
67155  42.258  5.423  -1.709 0.0000000000
66357  42.764  4.550  -2.151 0.0000000000
102790  43.433  3.742  -2.352 0.0000000000
65595  44.279  3.214  -2.200 0.0000000000
64818  44.148  2.612  -1.505 0.0000000000
67079  37.691  4.930  10.280 0.0000000000
66275  36.727  3.925  11.117 0.0000000000
66282  36.702  4.008  10.272 0.0000000000
95713  35.330  2.343  9.313 0.0000000000
70924  35.907  10.341  5.837 0.0000000000
70163  36.706  9.686  4.816 0.0000000000
98982  36.054  10.315  4.351 0.0000000000
70935  35.503  10.913  4.709 0.0000000000
72571  35.235  13.980  0.855 0.0000000000
72584  35.342  14.665  -0.184 0.0000000000
72583  36.070  13.582  -0.171 0.0000000000
73440  35.401  14.612  -1.190 0.0000000000
72610  35.965  13.353  -1.690 0.0000000000
71824  36.201  12.983  -1.884 0.0000000000
71807  36.764  12.710  -1.911 0.0000000000
72608  38.823  13.468  -1.908 0.0000000000
73448  38.034  13.480  -2.176 0.0000000000
73449  37.298  13.551  -2.151 0.0000000000
106032  37.172  13.194  -2.314 0.0000000000
70998  37.923  10.439  -0.279 0.0000000000
71009  39.345  10.639  -1.260 0.0000000000
95483  48.620  8.846  8.808 0.0000000000
70896  48.575  10.754  7.327 0.0000000000
70910  48.765  10.818  6.544 0.0000000000
69365  46.876  8.863  5.946 0.0000000000
103208  48.740  9.696  5.152 0.0000000000
70142  49.129  9.859  5.801 0.0000000000
70124  49.140  10.494  6.229 0.0000000000
70921  48.960  11.021  5.734 0.0000000000
70922  48.303  10.961  5.276 0.0000000000
70932  48.170  11.060  4.455 0.0000000000
70945  47.690  11.077  3.632 0.0000000000
71761  48.759  11.414  2.474 0.0000000000
70958  47.119  11.074  2.820 0.0000000000
70972  46.637  11.171  1.954 0.0000000000
71788  45.365  11.421  0.361 0.0000000000
69434  44.284  8.890  -0.325 0.0000000000
69442  44.233  9.029  -1.430 0.0000000000
70221  45.668  9.957  -0.623 0.0000000000
70991  46.754  10.375  -0.241 0.0000000000
102332  46.958  9.238  -3.608 0.0000000000
70244  46.644  9.917  -3.132 0.0000000000
71007  47.848  11.201  -0.984 0.0000000000
71006  49.029  11.666  -0.561 0.0000000000
71800  49.199  12.030  -1.138 0.0000000000
72587  48.713  12.456  -0.794 0.0000000000
71827  47.989  12.180  -2.382 0.0000000000
72599  48.521  12.309  -1.538 0.0000000000
72588  47.658  12.356  -0.426 0.0000000000
72589  46.825  12.405  -1.057 0.0000000000
71787  46.252  11.903  -0.103 0.0000000000
96474  45.001  11.549  -0.299 0.0000000000
71802  44.392  11.676  -1.122 0.0000000000
71818  43.702  11.979  -1.990 0.0000000000
72603  42.917  12.534  -2.656 0.0000000000
110631  44.043  12.671  -3.264 0.0000000000
72618  43.131  12.711  -3.315 0.0000000000
72630  41.590  13.270  -3.980 0.0000000000
72640  41.474  13.036  -4.033 0.0000000000
71837  41.478  12.460  -4.019 0.0000000000
71052  43.411  10.543  -5.119 0.0000000000
71044  42.615  10.785  -4.756 0.0000000000
70262  42.437  9.601  -4.857 0.0000000000
71045  42.073  11.652  -4.431 0.0000000000
71035  41.789  11.309  -4.077 0.0000000000
71829  41.140  11.955  -3.672 0.0000000000
70246  41.439  10.706  -3.492 0.0000000000
68739  40.386  7.703  -3.330 0.0000000000
64091  42.391  1.725  -7.593 0.0000000000
65633  41.677  3.887  -7.328 0.0000000000
65639  42.589  4.012  -7.858 0.0000000000
67192  41.809  5.701  -6.686 0.0000000000
69368  42.151  8.901  4.964 0.0000000000
69386  39.512  8.727  4.533 0.0000000000
69387  38.272  8.893  4.641 0.0000000000
69465  47.419  8.835  -4.965 0.0000000000
69466  42.637  8.896  -5.124 0.0000000000
70130  37.698  9.234  6.914 0.0000000000
70183  36.859  9.851  3.928 0.0000000000
70193  44.018  9.893  2.486 0.0000000000
70925  35.598  10.778  5.339 0.0000000000
70934  35.870  10.222  5.169 0.0000000000
70946  46.353  10.601  3.311 0.0000000000
70979  38.937  10.972  1.389 0.0000000000
70988  49.242  11.330  0.932 0.0000000000
70994  42.333  10.542  0.440 0.0000000000
71753  49.086  11.236  3.054 0.0000000000
71772  45.018  10.970  0.838 0.0000000000
71784  49.347  11.835  0.259 0.0000000000
71799  49.403  12.018  -0.536 0.0000000000
71814  49.132  12.197  -1.035 0.0000000000
72621  39.543  13.247  -3.191 0.0000000000
72624  37.296  13.332  -2.255 0.0000000000
72628  46.084  12.274  -3.670 0.0000000000
72629  43.530  12.707  -3.839 0.0000000000
72631  40.870  13.385  -3.635 0.0000000000
73432  35.704  14.475  -0.947 0.0000000000
73441  35.218  14.724  -1.271 0.0000000000
73447  38.949  13.439  -2.619 0.0000000000
73451  35.735  14.077  -1.368 0.0000000000
92759  41.011  9.312  3.155 0.0000000000
103810  43.465  9.655  2.719 0.0000000000
110854  42.685  10.753  0.016 0.0000000000
111440  47.974  12.471  -1.213 0.0000000000
111704  44.842  7.366  8.798 0.0000000000
