#!ascii label  , from subject sub-v1s1x0050650_ses-1 vox2ras=TkReg
975
35454  30.857  -31.717  14.922 0.0000000000
53222  41.643  -11.652  6.814 0.0000000000
44733  32.991  -22.204  10.672 0.0000000000
26638  10.683  -42.989  20.422 0.0000000000
108778  23.430  -28.596  19.669 0.0000000000
48055  34.050  -17.008  9.895 0.0000000000
32031  16.648  -37.006  17.048 0.0000000000
27420  15.113  -42.795  19.268 0.0000000000
110742  20.205  -33.862  15.698 0.0000000000
52386  45.572  -12.327  6.770 0.0000000000
39886  32.881  -27.165  16.043 0.0000000000
42192  32.864  -24.465  14.819 0.0000000000
38083  34.697  -29.184  17.495 0.0000000000
108149  43.661  -8.790  6.549 0.0000000000
54981  47.687  -9.292  4.491 0.0000000000
51516  37.650  -12.801  9.151 0.0000000000
49804  42.156  -16.255  8.807 0.0000000000
48956  37.630  -16.895  8.380 0.0000000000
45575  38.535  -20.900  11.395 0.0000000000
92392  27.850  -33.773  18.580 0.0000000000
23345  9.383  -48.055  23.886 0.0000000000
23336  5.207  -47.985  24.681 0.0000000000
22454  3.751  -47.210  28.559 0.0000000000
37214  27.429  -30.708  16.489 0.0000000000
35411  23.648  -32.027  17.377 0.0000000000
44676  28.773  -21.859  13.938 0.0000000000
44633  34.566  -22.099  16.961 0.0000000000
57413  49.137  -6.098  3.315 0.0000000000
52397  43.350  -12.236  6.734 0.0000000000
51524  43.557  -13.593  8.178 0.0000000000
38107  31.805  -29.858  14.967 0.0000000000
39010  33.534  -28.500  14.834 0.0000000000
37225  32.830  -30.653  15.208 0.0000000000
54074  40.363  -10.339  7.893 0.0000000000
54935  43.094  -8.761  8.344 0.0000000000
54094  42.197  -10.337  6.507 0.0000000000
54108  44.489  -10.418  5.643 0.0000000000
19725  2.635  -52.332  27.197 0.0000000000
50651  37.153  -14.458  8.585 0.0000000000
49805  36.234  -15.273  9.280 0.0000000000
94697  32.929  -19.525  9.987 0.0000000000
46396  35.661  -19.583  9.409 0.0000000000
44754  35.646  -21.832  10.352 0.0000000000
44688  36.710  -22.517  13.379 0.0000000000
102602  13.003  -43.665  19.971 0.0000000000
25803  14.407  -44.918  21.452 0.0000000000
25805  12.225  -45.167  20.970 0.0000000000
24180  11.808  -47.096  24.045 0.0000000000
25012  10.158  -45.869  21.454 0.0000000000
24977  6.404  -45.876  24.878 0.0000000000
23327  4.162  -47.975  26.060 0.0000000000
37190  25.801  -28.654  18.080 0.0000000000
36305  25.398  -31.127  16.130 0.0000000000
38102  22.987  -29.717  16.656 0.0000000000
31219  19.844  -37.926  17.828 0.0000000000
31996  21.564  -36.593  18.611 0.0000000000
41436  36.174  -25.806  16.704 0.0000000000
42985  33.610  -22.878  16.276 0.0000000000
48928  35.511  -16.108  11.381 0.0000000000
107042  33.002  -17.240  12.022 0.0000000000
46368  31.260  -19.119  11.223 0.0000000000
29661  18.022  -39.141  17.452 0.0000000000
28861  17.399  -41.712  19.511 0.0000000000
29645  15.400  -39.925  17.761 0.0000000000
101592  13.039  -39.908  18.771 0.0000000000
28147  11.420  -40.897  20.389 0.0000000000
37203  20.954  -30.469  17.505 0.0000000000
35399  19.238  -32.244  17.263 0.0000000000
32822  18.594  -35.875  15.815 0.0000000000
42175  31.539  -25.368  17.702 0.0000000000
42186  29.929  -24.675  16.301 0.0000000000
40734  32.757  -26.427  14.455 0.0000000000
39897  34.944  -27.247  15.285 0.0000000000
56625  46.343  -7.223  5.140 0.0000000000
55765  45.346  -8.271  5.276 0.0000000000
53232  47.233  -11.276  5.798 0.0000000000
52391  39.038  -12.111  7.766 0.0000000000
50658  41.378  -14.224  7.785 0.0000000000
50649  39.959  -14.854  7.724 0.0000000000
98052  39.871  -16.871  8.382 0.0000000000
47240  40.103  -18.418  9.507 0.0000000000
48064  36.001  -17.291  8.985 0.0000000000
46393  38.289  -19.419  9.508 0.0000000000
34603  29.740  -32.950  16.624 0.0000000000
35392  31.479  -32.712  18.003 0.0000000000
53190  39.351  -11.219  9.436 0.0000000000
101836  9.031  -43.761  22.637 0.0000000000
108856  7.682  -45.906  22.512 0.0000000000
23347  6.945  -48.050  23.967 0.0000000000
21600  6.885  -49.585  25.436 0.0000000000
21603  5.290  -50.269  25.932 0.0000000000
94854  3.748  -50.560  26.254 0.0000000000
21585  2.300  -48.949  27.152 0.0000000000
102792  1.429  -47.728  28.397 0.0000000000
37228  29.311  -31.246  15.192 0.0000000000
35447  27.336  -31.976  15.761 0.0000000000
35393  25.855  -32.951  17.587 0.0000000000
34587  22.352  -32.644  16.763 0.0000000000
44712  30.592  -21.652  11.840 0.0000000000
42994  30.875  -23.328  14.717 0.0000000000
44675  31.567  -22.393  14.306 0.0000000000
44691  33.663  -22.706  13.374 0.0000000000
36267  33.477  -31.510  19.328 0.0000000000
58264  50.434  -5.487  2.273 0.0000000000
56630  48.197  -7.510  3.854 0.0000000000
56637  50.298  -8.264  2.875 0.0000000000
52398  42.477  -12.394  6.913 0.0000000000
51530  43.251  -12.965  7.367 0.0000000000
52388  42.396  -13.121  7.397 0.0000000000
37226  31.199  -30.634  14.913 0.0000000000
107541  32.428  -30.255  14.685 0.0000000000
36318  32.242  -31.186  15.338 0.0000000000
53207  40.893  -10.812  6.982 0.0000000000
54948  41.737  -9.761  6.872 0.0000000000
100228  41.677  -10.846  6.644 0.0000000000
102000  42.939  -10.770  6.223 0.0000000000
19740  1.426  -51.677  26.667 0.0000000000
50637  36.488  -14.573  9.836 0.0000000000
49788  36.547  -15.207  11.330 0.0000000000
45595  33.387  -20.609  10.018 0.0000000000
45594  35.075  -21.201  10.088 0.0000000000
103850  34.977  -22.075  10.494 0.0000000000
44707  35.937  -22.969  11.979 0.0000000000
44708  34.487  -22.940  11.521 0.0000000000
26637  11.550  -43.509  20.157 0.0000000000
109109  12.705  -44.711  20.602 0.0000000000
25806  11.213  -44.862  20.722 0.0000000000
25011  11.182  -45.956  21.601 0.0000000000
25807  10.323  -44.535  20.768 0.0000000000
38064  24.996  -28.401  19.168 0.0000000000
38088  24.097  -28.962  16.890 0.0000000000
38075  23.373  -28.752  17.775 0.0000000000
30415  20.032  -39.029  19.074 0.0000000000
43773  29.655  -22.907  17.989 0.0000000000
42165  36.507  -24.467  17.568 0.0000000000
47201  31.509  -18.022  11.773 0.0000000000
48026  31.660  -17.636  12.901 0.0000000000
30455  17.572  -38.545  17.044 0.0000000000
29662  16.775  -39.626  17.410 0.0000000000
30456  16.622  -38.722  17.143 0.0000000000
30436  14.060  -38.548  18.458 0.0000000000
29631  12.787  -38.859  19.397 0.0000000000
28874  12.328  -39.881  19.475 0.0000000000
36272  19.742  -30.958  19.176 0.0000000000
32804  17.223  -35.719  16.782 0.0000000000
32803  18.025  -35.403  16.342 0.0000000000
32050  17.795  -36.247  16.093 0.0000000000
31255  18.523  -37.386  16.359 0.0000000000
40715  31.981  -26.517  15.605 0.0000000000
40722  32.766  -26.834  15.198 0.0000000000
38097  33.981  -29.416  15.682 0.0000000000
104610  34.364  -27.813  15.118 0.0000000000
38984  34.975  -28.105  16.373 0.0000000000
39875  35.552  -27.736  17.063 0.0000000000
38082  35.137  -28.657  17.912 0.0000000000
54946  42.981  -8.827  7.121 0.0000000000
55759  44.998  -7.782  6.105 0.0000000000
55766  44.692  -8.645  5.670 0.0000000000
53218  45.467  -11.705  6.153 0.0000000000
53234  45.268  -10.917  5.678 0.0000000000
103240  46.315  -12.065  6.502 0.0000000000
52381  38.225  -12.342  8.674 0.0000000000
51534  39.283  -12.903  7.693 0.0000000000
51526  37.982  -13.059  8.422 0.0000000000
101993  37.579  -16.147  8.340 0.0000000000
49814  38.287  -15.894  8.097 0.0000000000
48954  39.077  -16.590  8.168 0.0000000000
48074  40.257  -17.374  8.707 0.0000000000
48063  39.028  -18.050  8.759 0.0000000000
48929  34.651  -16.498  10.805 0.0000000000
48939  35.290  -16.142  10.387 0.0000000000
48066  34.720  -17.783  9.458 0.0000000000
45607  37.047  -20.267  9.749 0.0000000000
46395  36.551  -19.592  9.310 0.0000000000
46380  37.901  -20.132  9.907 0.0000000000
46378  39.476  -19.568  10.458 0.0000000000
34583  29.232  -33.340  17.499 0.0000000000
107600  29.762  -33.442  18.117 0.0000000000
52362  38.163  -12.393  10.498 0.0000000000
52361  38.653  -11.762  9.912 0.0000000000
53201  39.209  -11.290  8.366 0.0000000000
28156  16.603  -41.956  19.123 0.0000000000
27406  15.922  -43.279  20.009 0.0000000000
24181  10.854  -47.441  23.489 0.0000000000
23343  11.222  -47.717  24.292 0.0000000000
94580  10.127  -48.187  24.848 0.0000000000
22493  9.357  -48.642  24.694 0.0000000000
26600  8.841  -43.781  23.494 0.0000000000
25779  8.506  -44.428  22.574 0.0000000000
105349  7.921  -44.981  22.845 0.0000000000
24171  5.895  -46.586  24.516 0.0000000000
24194  6.646  -46.756  23.495 0.0000000000
22505  6.103  -48.226  24.344 0.0000000000
22504  6.818  -48.651  24.402 0.0000000000
21601  6.147  -49.504  25.225 0.0000000000
21602  5.620  -49.643  25.441 0.0000000000
22498  4.978  -49.490  25.451 0.0000000000
109130  4.122  -47.156  28.039 0.0000000000
22478  3.678  -48.379  26.621 0.0000000000
22479  3.214  -48.563  27.127 0.0000000000
21584  2.931  -49.376  26.826 0.0000000000
22480  2.829  -48.522  27.456 0.0000000000
37198  28.091  -30.852  16.923 0.0000000000
94455  28.851  -31.093  16.530 0.0000000000
37213  28.187  -30.956  16.033 0.0000000000
36322  27.851  -31.630  15.674 0.0000000000
36323  27.019  -31.493  15.972 0.0000000000
36294  24.113  -31.495  16.954 0.0000000000
35410  25.406  -32.440  16.896 0.0000000000
111598  24.636  -32.079  17.351 0.0000000000
35434  20.460  -32.204  15.860 0.0000000000
36309  21.701  -31.351  16.504 0.0000000000
34607  21.026  -32.860  15.867 0.0000000000
33677  22.481  -35.323  19.091 0.0000000000
50647  41.844  -14.724  8.137 0.0000000000
50646  42.650  -14.788  8.454 0.0000000000
49803  42.797  -15.699  8.846 0.0000000000
45536  28.803  -20.225  14.158 0.0000000000
45548  29.618  -20.013  12.839 0.0000000000
92465  29.972  -21.719  12.615 0.0000000000
42194  30.855  -24.956  15.237 0.0000000000
96819  30.287  -24.250  15.139 0.0000000000
102339  30.896  -24.017  14.934 0.0000000000
43780  34.023  -22.189  16.825 0.0000000000
43788  32.199  -22.331  15.400 0.0000000000
44658  33.489  -21.898  15.874 0.0000000000
44692  32.191  -22.264  13.811 0.0000000000
44672  34.264  -21.843  15.165 0.0000000000
44671  35.203  -22.157  14.363 0.0000000000
35390  32.839  -31.869  18.896 0.0000000000
58265  49.755  -5.791  2.806 0.0000000000
55773  47.258  -8.440  4.386 0.0000000000
56631  47.479  -7.636  4.245 0.0000000000
100890  48.196  -8.559  4.097 0.0000000000
55779  49.825  -8.700  3.453 0.0000000000
55778  50.700  -8.965  3.261 0.0000000000
32013  16.608  -36.070  17.478 0.0000000000
31242  16.050  -37.664  17.367 0.0000000000
97559  44.850  -12.569  6.941 0.0000000000
52378  45.746  -12.964  8.098 0.0000000000
94022  44.816  -12.920  7.787 0.0000000000
38985  32.679  -28.150  15.682 0.0000000000
39899  33.166  -27.316  15.169 0.0000000000
38106  32.536  -29.459  14.832 0.0000000000
38105  33.413  -29.598  14.937 0.0000000000
37208  33.804  -30.058  16.378 0.0000000000
54065  42.171  -9.697  9.562 0.0000000000
54937  41.646  -9.568  7.487 0.0000000000
54947  42.185  -9.320  7.085 0.0000000000
54960  43.324  -9.453  6.249 0.0000000000
54109  43.944  -9.762  5.746 0.0000000000
54093  43.629  -10.504  5.943 0.0000000000
53220  43.521  -11.427  6.286 0.0000000000
19724  3.532  -52.126  27.349 0.0000000000
51507  37.509  -13.064  10.572 0.0000000000
95525  37.326  -13.515  8.850 0.0000000000
50643  36.786  -13.981  9.369 0.0000000000
50652  36.738  -15.189  8.729 0.0000000000
49816  36.425  -15.806  8.789 0.0000000000
47230  33.309  -18.528  9.834 0.0000000000
47246  34.250  -18.678  9.542 0.0000000000
46397  34.749  -19.564  9.548 0.0000000000
45593  35.862  -21.089  10.098 0.0000000000
44752  37.033  -21.523  10.718 0.0000000000
44705  37.371  -22.189  12.323 0.0000000000
44687  37.553  -22.285  13.336 0.0000000000
34546  27.516  -34.048  19.394 0.0000000000
27421  13.920  -42.516  18.997 0.0000000000
26634  14.630  -43.880  20.198 0.0000000000
26635  13.777  -43.843  19.972 0.0000000000
98365  13.486  -44.965  20.943 0.0000000000
25010  13.110  -45.780  22.277 0.0000000000
24200  10.738  -46.571  22.008 0.0000000000
24201  9.651  -46.433  21.895 0.0000000000
24986  7.552  -44.788  24.886 0.0000000000
24967  6.446  -45.487  25.990 0.0000000000
24163  5.137  -46.618  26.097 0.0000000000
23326  4.711  -47.527  25.504 0.0000000000
23319  4.619  -47.062  26.685 0.0000000000
103109  4.731  -46.800  27.896 0.0000000000
23312  4.475  -46.789  28.634 0.0000000000
37199  26.872  -30.124  17.045 0.0000000000
37215  26.215  -30.179  16.415 0.0000000000
38086  25.475  -29.715  16.427 0.0000000000
37218  24.048  -30.145  16.155 0.0000000000
105642  23.359  -31.335  16.870 0.0000000000
32047  20.152  -36.015  16.046 0.0000000000
32802  20.896  -35.614  16.686 0.0000000000
32012  20.866  -36.808  18.035 0.0000000000
48944  42.221  -16.892  9.540 0.0000000000
43791  28.362  -22.210  15.229 0.0000000000
41442  34.839  -25.150  15.541 0.0000000000
42184  33.502  -23.961  15.959 0.0000000000
42182  35.299  -24.641  16.320 0.0000000000
42976  35.248  -23.049  17.134 0.0000000000
57407  48.695  -5.410  4.151 0.0000000000
21587  0.086  -49.533  27.106 0.0000000000
48044  35.290  -16.535  12.102 0.0000000000
95438  34.203  -16.669  11.612 0.0000000000
48045  33.336  -17.234  11.227 0.0000000000
47216  32.736  -17.923  10.478 0.0000000000
46382  32.286  -19.350  10.314 0.0000000000
107893  31.722  -20.548  10.640 0.0000000000
29629  18.855  -40.088  19.053 0.0000000000
28870  18.496  -40.841  19.457 0.0000000000
29630  17.950  -40.421  18.534 0.0000000000
28886  16.580  -40.869  18.147 0.0000000000
28169  15.196  -41.369  18.253 0.0000000000
29664  15.193  -39.130  17.692 0.0000000000
28888  14.811  -40.496  17.985 0.0000000000
28170  14.237  -41.066  18.315 0.0000000000
27422  12.787  -41.965  19.124 0.0000000000
27423  11.853  -41.939  19.762 0.0000000000
107770  11.178  -41.645  20.409 0.0000000000
38091  21.840  -29.467  17.939 0.0000000000
37191  21.139  -29.974  18.314 0.0000000000
35413  19.975  -31.699  16.587 0.0000000000
35414  19.618  -32.528  16.150 0.0000000000
34569  18.611  -32.857  17.895 0.0000000000
107486  18.721  -33.719  16.324 0.0000000000
32821  19.472  -35.325  15.801 0.0000000000
107021  19.065  -36.988  16.097 0.0000000000
30453  19.115  -38.287  17.402 0.0000000000
42977  30.536  -24.179  18.193 0.0000000000
42177  29.941  -24.301  17.297 0.0000000000
42176  30.684  -24.882  17.162 0.0000000000
41444  31.158  -25.966  15.336 0.0000000000
41462  32.323  -25.807  14.155 0.0000000000
39916  33.659  -27.250  14.695 0.0000000000
40732  34.019  -26.634  14.473 0.0000000000
41450  34.224  -25.792  14.702 0.0000000000
40713  35.945  -26.496  16.375 0.0000000000
40707  36.295  -26.422  17.171 0.0000000000
56617  46.150  -6.668  6.427 0.0000000000
55764  45.903  -7.954  4.942 0.0000000000
54982  46.804  -9.097  4.583 0.0000000000
106320  45.086  -10.169  5.384 0.0000000000
54107  45.836  -10.398  5.294 0.0000000000
100512  40.798  -11.859  7.156 0.0000000000
51532  41.688  -13.496  7.530 0.0000000000
51533  40.136  -13.294  7.435 0.0000000000
50659  40.523  -14.186  7.625 0.0000000000
50648  41.073  -15.054  7.968 0.0000000000
103907  38.891  -14.457  7.748 0.0000000000
49813  39.241  -15.576  7.901 0.0000000000
48953  40.614  -16.660  8.447 0.0000000000
48945  40.925  -17.272  8.921 0.0000000000
47226  41.153  -18.047  10.180 0.0000000000
48938  35.799  -15.544  10.875 0.0000000000
96774  35.937  -15.932  9.133 0.0000000000
48078  36.880  -17.262  8.640 0.0000000000
97735  36.055  -18.832  9.073 0.0000000000
47243  36.931  -18.873  8.895 0.0000000000
47253  38.163  -18.119  8.671 0.0000000000
46392  39.105  -19.215  9.758 0.0000000000
35426  30.188  -32.564  15.788 0.0000000000
35425  31.045  -32.414  15.847 0.0000000000
35409  30.524  -32.821  16.713 0.0000000000
34562  31.054  -33.228  18.557 0.0000000000
53200  39.844  -10.714  8.570 0.0000000000
54075  39.748  -10.839  7.817 0.0000000000
27385  10.046  -42.353  21.318 0.0000000000
96957  9.843  -42.376  22.448 0.0000000000
26612  9.626  -43.198  21.659 0.0000000000
25793  9.031  -44.640  21.640 0.0000000000
24202  8.654  -46.214  22.043 0.0000000000
24192  8.172  -46.844  22.502 0.0000000000
25000  7.011  -46.040  23.322 0.0000000000
24193  7.343  -46.724  22.961 0.0000000000
94020  8.472  -47.974  23.434 0.0000000000
22503  7.715  -48.724  24.341 0.0000000000
22488  7.829  -49.489  25.813 0.0000000000
20626  4.947  -51.437  27.019 0.0000000000
22489  4.231  -49.076  25.809 0.0000000000
21594  4.393  -50.052  25.871 0.0000000000
96002  3.688  -51.207  26.442 0.0000000000
101732  2.929  -51.038  26.388 0.0000000000
20639  1.979  -51.034  26.431 0.0000000000
21597  1.695  -49.971  26.642 0.0000000000
22468  2.594  -47.966  28.068 0.0000000000
21578  1.856  -48.240  27.757 0.0000000000
21586  0.761  -49.705  26.768 0.0000000000
37211  30.422  -30.744  15.339 0.0000000000
97962  29.649  -30.987  15.217 0.0000000000
36320  29.600  -31.724  14.894 0.0000000000
35445  29.034  -32.087  15.351 0.0000000000
35428  28.548  -32.424  15.920 0.0000000000
34585  27.421  -32.811  16.855 0.0000000000
36304  26.236  -31.335  16.021 0.0000000000
99540  26.327  -32.694  16.744 0.0000000000
34586  26.701  -33.240  17.654 0.0000000000
37201  22.345  -29.897  16.776 0.0000000000
36308  22.634  -31.098  16.766 0.0000000000
35412  22.858  -31.857  16.839 0.0000000000
33705  21.728  -34.301  16.721 0.0000000000
34567  22.750  -33.591  18.384 0.0000000000
35380  23.010  -32.937  18.769 0.0000000000
94819  42.816  -13.962  8.204 0.0000000000
47186  30.349  -18.300  13.126 0.0000000000
44736  30.732  -20.757  11.439 0.0000000000
44734  32.139  -21.851  10.792 0.0000000000
42987  29.243  -23.582  16.613 0.0000000000
42996  28.962  -23.411  15.356 0.0000000000
43003  28.792  -23.010  14.679 0.0000000000
42993  31.833  -23.143  15.405 0.0000000000
43789  31.372  -22.550  14.634 0.0000000000
43809  29.884  -22.373  13.322 0.0000000000
44693  30.554  -22.287  12.689 0.0000000000
94420  32.061  -22.539  12.519 0.0000000000
92933  34.088  -23.015  12.468 0.0000000000
44690  34.671  -22.727  13.361 0.0000000000
36292  32.471  -31.550  17.052 0.0000000000
36291  33.157  -31.099  17.314 0.0000000000
37183  34.304  -30.201  18.514 0.0000000000
37155  34.371  -30.783  20.454 0.0000000000
38071  34.710  -29.588  18.956 0.0000000000
58278  51.071  -5.227  1.864 0.0000000000
57409  47.686  -6.730  4.303 0.0000000000
107755  48.460  -6.562  3.757 0.0000000000
55772  49.267  -9.050  4.052 0.0000000000
56639  48.867  -7.437  3.560 0.0000000000
57423  49.656  -6.620  2.818 0.0000000000
57422  50.394  -6.633  2.317 0.0000000000
57421  51.309  -7.105  1.918 0.0000000000
52389  41.646  -12.604  7.130 0.0000000000
36332  30.921  -31.226  14.818 0.0000000000
37238  31.775  -30.690  14.848 0.0000000000
36331  31.544  -31.324  15.020 0.0000000000
53221  42.523  -11.412  6.492 0.0000000000
19741  0.803  -51.504  26.767 0.0000000000
104594  33.450  -21.634  10.312 0.0000000000
44755  34.221  -21.427  10.156 0.0000000000
44732  34.066  -22.364  10.683 0.0000000000
106322  34.944  -22.698  10.898 0.0000000000
25821  10.866  -44.005  20.394 0.0000000000
38065  23.948  -28.513  18.920 0.0000000000
101313  23.118  -28.695  18.857 0.0000000000
29628  19.703  -39.763  19.487 0.0000000000
43764  29.859  -22.957  18.750 0.0000000000
31241  17.171  -37.800  16.849 0.0000000000
32030  17.192  -36.595  16.644 0.0000000000
111657  17.236  -37.208  16.686 0.0000000000
31256  17.766  -37.142  16.368 0.0000000000
40714  32.456  -26.852  16.433 0.0000000000
96811  34.282  -29.539  16.696 0.0000000000
38996  34.377  -28.490  15.547 0.0000000000
38973  34.588  -28.884  16.492 0.0000000000
38972  35.090  -28.448  17.216 0.0000000000
55749  43.750  -8.402  7.059 0.0000000000
55739  43.740  -8.419  7.847 0.0000000000
55760  44.270  -8.223  6.518 0.0000000000
19723  4.428  -51.866  27.590 0.0000000000
51535  38.591  -12.575  8.060 0.0000000000
48955  38.219  -16.587  8.226 0.0000000000
48076  38.481  -17.347  8.372 0.0000000000
48075  39.454  -17.401  8.490 0.0000000000
48940  34.882  -16.807  9.812 0.0000000000
45591  37.474  -20.815  10.340 0.0000000000
45590  38.267  -20.577  10.586 0.0000000000
34565  28.486  -33.576  18.108 0.0000000000
34564  29.218  -33.641  18.475 0.0000000000
34545  28.567  -33.926  19.069 0.0000000000
52369  38.110  -12.257  9.494 0.0000000000
53202  38.591  -11.698  8.943 0.0000000000
28157  15.649  -42.057  18.839 0.0000000000
28146  16.231  -42.610  19.545 0.0000000000
23353  9.833  -47.634  23.132 0.0000000000
23344  10.435  -47.934  24.068 0.0000000000
97505  8.331  -44.353  23.442 0.0000000000
24183  5.767  -47.350  24.301 0.0000000000
22497  5.583  -48.949  24.967 0.0000000000
22466  3.628  -47.729  27.656 0.0000000000
22467  3.186  -47.895  28.005 0.0000000000
107493  27.618  -30.484  17.187 0.0000000000
37187  28.046  -30.763  17.699 0.0000000000
37230  27.458  -31.094  16.038 0.0000000000
110707  26.812  -30.608  16.323 0.0000000000
101917  24.293  -32.358  17.774 0.0000000000
35395  24.315  -33.006  18.605 0.0000000000
35396  23.669  -32.794  18.205 0.0000000000
34608  20.163  -33.189  15.654 0.0000000000
33720  20.855  -34.009  15.907 0.0000000000
49810  41.994  -15.440  8.407 0.0000000000
45527  28.542  -20.824  14.873 0.0000000000
46316  28.821  -19.683  15.022 0.0000000000
44695  28.611  -21.159  13.922 0.0000000000
45549  29.038  -20.620  13.326 0.0000000000
44694  29.192  -21.597  13.250 0.0000000000
42204  32.282  -25.221  14.360 0.0000000000
42193  31.681  -24.411  14.786 0.0000000000
44645  33.859  -21.988  16.522 0.0000000000
43781  33.412  -22.128  16.272 0.0000000000
44673  33.339  -21.833  14.962 0.0000000000
44657  34.320  -21.819  16.068 0.0000000000
98090  35.016  -21.859  16.423 0.0000000000
58256  49.334  -5.170  3.522 0.0000000000
58255  49.881  -4.785  2.924 0.0000000000
31999  16.284  -35.556  19.087 0.0000000000
31220  15.897  -36.414  18.077 0.0000000000
109446  15.802  -35.983  19.140 0.0000000000
108221  16.958  -35.086  19.144 0.0000000000
52396  44.210  -12.102  6.587 0.0000000000
52387  44.076  -12.701  7.152 0.0000000000
52379  44.014  -13.096  7.781 0.0000000000
38998  32.346  -29.167  15.281 0.0000000000
38997  32.921  -28.469  14.955 0.0000000000
37237  32.955  -30.090  14.658 0.0000000000
37224  33.395  -30.122  15.334 0.0000000000
37209  33.207  -30.681  16.183 0.0000000000
54073  41.062  -9.810  8.114 0.0000000000
54072  41.862  -9.498  8.520 0.0000000000
93421  42.501  -9.554  6.638 0.0000000000
105733  42.890  -10.101  6.250 0.0000000000
51508  37.249  -13.294  9.707 0.0000000000
50636  36.953  -13.857  10.494 0.0000000000
46381  33.805  -19.561  9.701 0.0000000000
44753  36.296  -21.791  10.473 0.0000000000
45592  36.651  -20.983  10.179 0.0000000000
44729  37.277  -21.918  11.383 0.0000000000
111593  36.631  -22.134  10.956 0.0000000000
44706  36.625  -22.656  12.577 0.0000000000
111365  37.072  -22.425  12.912 0.0000000000
44670  36.987  -22.432  14.190 0.0000000000
27408  13.218  -43.049  19.491 0.0000000000
110429  12.889  -45.104  20.980 0.0000000000
25792  13.112  -45.318  21.581 0.0000000000
24998  12.622  -46.080  22.738 0.0000000000
24999  12.254  -45.814  21.770 0.0000000000
25023  10.650  -45.321  21.070 0.0000000000
24190  10.258  -47.041  22.602 0.0000000000
24151  5.744  -45.782  26.630 0.0000000000
24162  5.742  -46.191  25.466 0.0000000000
24152  5.250  -46.367  27.290 0.0000000000
105415  26.562  -28.929  18.832 0.0000000000
37189  26.822  -29.278  17.870 0.0000000000
37200  26.184  -29.130  16.817 0.0000000000
38087  25.204  -28.807  16.845 0.0000000000
38101  23.702  -29.622  16.388 0.0000000000
38100  24.564  -29.544  16.364 0.0000000000
104741  23.399  -30.068  16.306 0.0000000000
36307  23.561  -30.628  16.565 0.0000000000
31238  20.201  -37.217  17.379 0.0000000000
32028  20.547  -36.433  16.975 0.0000000000
43783  28.423  -21.834  15.865 0.0000000000
108318  28.571  -22.462  15.790 0.0000000000
41441  35.661  -25.634  16.018 0.0000000000
42183  34.472  -24.303  16.000 0.0000000000
42173  35.669  -24.034  17.020 0.0000000000
42166  36.041  -23.326  17.579 0.0000000000
48046  32.417  -17.649  11.367 0.0000000000
46367  31.940  -18.506  10.722 0.0000000000
46383  31.757  -19.673  10.631 0.0000000000
45596  32.374  -20.331  10.283 0.0000000000
29642  18.434  -39.676  18.146 0.0000000000
29644  16.234  -40.170  17.707 0.0000000000
29643  17.087  -40.329  17.940 0.0000000000
28168  16.133  -41.457  18.422 0.0000000000
28887  15.731  -40.764  17.951 0.0000000000
31221  15.107  -37.762  17.834 0.0000000000
30434  14.997  -38.480  17.789 0.0000000000
29647  13.548  -39.194  18.562 0.0000000000
29646  14.492  -39.457  18.013 0.0000000000
28889  13.838  -40.125  18.224 0.0000000000
28171  13.466  -40.706  18.546 0.0000000000
28159  13.610  -41.542  18.689 0.0000000000
28873  12.826  -40.833  18.956 0.0000000000
28862  11.735  -39.968  20.336 0.0000000000
102159  12.096  -40.922  19.597 0.0000000000
38077  21.752  -29.347  18.909 0.0000000000
37177  21.157  -29.779  19.367 0.0000000000
35398  19.717  -31.526  18.054 0.0000000000
36285  20.356  -30.670  18.215 0.0000000000
33707  18.274  -34.438  16.585 0.0000000000
33723  18.691  -35.089  15.910 0.0000000000
33722  19.107  -34.298  15.741 0.0000000000
32048  19.256  -36.318  15.889 0.0000000000
30454  18.336  -38.481  17.125 0.0000000000
31240  18.648  -37.924  16.841 0.0000000000
30433  18.760  -38.924  17.831 0.0000000000
30416  19.193  -39.319  18.691 0.0000000000
42169  31.180  -24.655  18.427 0.0000000000
40723  31.920  -26.328  14.690 0.0000000000
41452  31.630  -25.719  14.483 0.0000000000
40735  32.186  -26.125  14.229 0.0000000000
39917  33.499  -27.741  14.857 0.0000000000
101630  33.631  -27.875  14.810 0.0000000000
39898  34.281  -27.242  14.762 0.0000000000
41460  33.503  -26.159  14.329 0.0000000000
40721  34.704  -26.575  14.941 0.0000000000
41449  35.042  -25.914  15.306 0.0000000000
40720  35.434  -26.541  15.595 0.0000000000
38959  35.773  -27.881  18.526 0.0000000000
39874  36.031  -27.231  17.889 0.0000000000
54926  43.262  -9.037  9.340 0.0000000000
56626  45.663  -7.457  5.703 0.0000000000
54983  45.961  -8.767  4.717 0.0000000000
101332  44.569  -9.561  5.514 0.0000000000
53233  46.266  -11.302  5.804 0.0000000000
54106  46.755  -10.575  5.313 0.0000000000
54972  46.305  -9.726  4.901 0.0000000000
52390  39.884  -12.200  7.495 0.0000000000
50660  39.560  -13.873  7.607 0.0000000000
50650  37.932  -13.942  8.165 0.0000000000
101696  38.131  -14.947  8.072 0.0000000000
100343  39.851  -16.299  8.170 0.0000000000
49812  40.362  -15.757  8.078 0.0000000000
48952  41.499  -16.819  8.854 0.0000000000
48062  39.854  -17.976  8.985 0.0000000000
48061  40.633  -17.894  9.363 0.0000000000
47227  40.514  -18.542  10.044 0.0000000000
48947  35.594  -16.533  9.472 0.0000000000
48946  36.213  -16.497  8.867 0.0000000000
47245  35.157  -18.748  9.300 0.0000000000
46394  37.437  -19.555  9.331 0.0000000000
95012  37.802  -18.803  8.997 0.0000000000
47254  37.316  -18.128  8.674 0.0000000000
47242  38.643  -18.691  9.162 0.0000000000
34544  29.875  -33.636  18.820 0.0000000000
34563  30.378  -33.363  18.294 0.0000000000
54067  40.670  -10.265  8.864 0.0000000000
94632  40.359  -10.756  9.659 0.0000000000
53209  39.369  -11.504  7.814 0.0000000000
53208  40.056  -11.158  7.402 0.0000000000
28860  18.075  -41.401  19.886 0.0000000000
110504  18.404  -41.816  20.494 0.0000000000
28144  17.792  -42.123  20.223 0.0000000000
26623  15.012  -44.244  20.994 0.0000000000
104855  10.585  -41.488  21.721 0.0000000000
26599  9.488  -42.980  22.845 0.0000000000
27373  10.203  -42.263  23.479 0.0000000000
26613  9.258  -43.715  21.883 0.0000000000
25808  9.625  -44.197  21.110 0.0000000000
25794  8.420  -45.319  22.052 0.0000000000
24987  6.961  -45.407  24.121 0.0000000000
23356  7.086  -47.422  23.389 0.0000000000
23355  7.883  -47.484  23.028 0.0000000000
23346  7.739  -48.059  23.628 0.0000000000
22502  8.575  -48.476  24.061 0.0000000000
22495  7.305  -49.019  25.030 0.0000000000
20638  6.068  -50.559  26.622 0.0000000000
105897  5.311  -50.874  26.579 0.0000000000
23337  4.731  -48.561  25.279 0.0000000000
22490  3.614  -49.553  26.274 0.0000000000
108361  4.496  -50.895  26.342 0.0000000000
21595  3.147  -50.212  26.387 0.0000000000
21596  2.491  -50.145  26.521 0.0000000000
22455  3.154  -47.497  28.771 0.0000000000
22456  2.635  -47.494  28.950 0.0000000000
106729  2.140  -47.711  28.430 0.0000000000
103472  1.523  -48.911  26.988 0.0000000000
106612  0.889  -48.459  27.446 0.0000000000
37210  31.305  -30.270  15.556 0.0000000000
37212  29.154  -31.095  15.620 0.0000000000
37197  29.848  -31.068  16.162 0.0000000000
36321  28.776  -31.680  15.372 0.0000000000
35446  28.078  -32.111  15.627 0.0000000000
35429  27.712  -32.380  15.995 0.0000000000
34605  28.199  -32.734  16.502 0.0000000000
37216  25.762  -30.615  16.151 0.0000000000
34566  25.888  -33.459  18.547 0.0000000000
37202  21.644  -29.971  17.198 0.0000000000
34606  21.679  -32.547  16.138 0.0000000000
35432  22.113  -31.916  16.303 0.0000000000
32011  21.273  -35.979  17.809 0.0000000000
32787  21.599  -35.154  17.220 0.0000000000
107524  21.851  -35.377  18.187 0.0000000000
33689  22.825  -34.336  18.891 0.0000000000
33690  22.151  -34.489  18.027 0.0000000000
104742  22.830  -32.997  17.724 0.0000000000
99647  42.373  -13.636  7.785 0.0000000000
51525  42.124  -14.138  7.994 0.0000000000
46337  29.800  -18.923  13.323 0.0000000000
45561  30.079  -20.573  11.989 0.0000000000
44735  31.373  -21.256  11.018 0.0000000000
44711  31.559  -22.182  11.500 0.0000000000
42979  29.556  -23.636  17.322 0.0000000000
42178  29.508  -24.181  16.535 0.0000000000
42995  29.525  -23.915  15.232 0.0000000000
104955  29.125  -23.912  15.975 0.0000000000
43002  29.278  -23.370  14.714 0.0000000000
42992  32.610  -23.435  15.727 0.0000000000
42986  32.740  -22.516  15.978 0.0000000000
44660  32.055  -21.993  15.065 0.0000000000
43798  30.504  -22.746  14.007 0.0000000000
106937  30.714  -22.634  13.461 0.0000000000
96744  33.085  -22.087  14.149 0.0000000000
110042  32.827  -22.577  13.301 0.0000000000
93420  33.108  -22.797  12.427 0.0000000000
93063  36.214  -22.240  15.014 0.0000000000
35408  31.242  -32.557  17.010 0.0000000000
35424  31.683  -32.048  16.458 0.0000000000
35407  31.965  -32.119  17.402 0.0000000000
36280  32.680  -31.721  17.935 0.0000000000
36279  33.361  -31.336  18.392 0.0000000000
37195  33.782  -30.684  17.957 0.0000000000
36278  33.872  -30.838  18.948 0.0000000000
37168  34.437  -30.302  19.572 0.0000000000
37167  34.999  -29.511  19.809 0.0000000000
59041  50.710  -4.446  2.355 0.0000000000
57435  51.182  -6.139  1.721 0.0000000000
56616  46.829  -6.446  5.695 0.0000000000
56638  49.510  -7.872  3.237 0.0000000000
101323  49.225  -7.022  3.185 0.0000000000
56644  49.950  -7.386  2.759 0.0000000000
51531  42.860  -13.449  7.797 0.0000000000
38117  32.070  -30.107  14.699 0.0000000000
36330  32.318  -30.676  14.880 0.0000000000
54084  40.377  -10.624  7.441 0.0000000000
54083  40.982  -10.089  7.255 0.0000000000
54095  41.434  -10.296  6.808 0.0000000000
19726  1.694  -52.305  27.075 0.0000000000
49796  36.769  -14.649  10.902 0.0000000000
49797  36.207  -15.120  10.296 0.0000000000
45610  34.406  -20.456  9.807 0.0000000000
44731  35.827  -22.537  10.897 0.0000000000
27409  12.243  -43.051  19.845 0.0000000000
26636  12.450  -43.973  20.197 0.0000000000
25820  11.837  -44.425  20.423 0.0000000000
25022  11.515  -45.491  21.174 0.0000000000
25024  9.780  -45.085  21.131 0.0000000000
24143  5.918  -45.599  27.807 0.0000000000
38074  24.575  -28.333  17.822 0.0000000000
38089  23.297  -29.237  16.909 0.0000000000
30432  19.571  -38.667  18.224 0.0000000000
31200  20.229  -38.216  18.754 0.0000000000
43774  29.222  -22.788  17.160 0.0000000000
41435  36.515  -25.561  17.319 0.0000000000
102841  35.959  -25.025  16.846 0.0000000000
41427  36.902  -25.374  18.093 0.0000000000
48025  32.369  -17.461  12.367 0.0000000000
104553  17.625  -39.780  17.721 0.0000000000
109091  17.325  -39.191  17.273 0.0000000000
29663  15.945  -39.377  17.416 0.0000000000
30419  13.437  -38.388  19.041 0.0000000000
35382  18.942  -32.226  18.593 0.0000000000
32788  17.550  -34.928  17.298 0.0000000000
33692  17.868  -34.121  18.073 0.0000000000
32049  18.480  -36.684  15.953 0.0000000000
30470  17.967  -37.904  16.633 0.0000000000
41443  31.891  -26.126  16.818 0.0000000000
38114  33.688  -28.937  15.020 0.0000000000
109176  33.935  -28.311  14.989 0.0000000000
38995  34.833  -27.791  15.684 0.0000000000
39885  35.492  -27.329  16.135 0.0000000000
39861  35.546  -28.100  17.858 0.0000000000
38960  35.404  -28.484  18.543 0.0000000000
56618  45.486  -7.245  6.558 0.0000000000
53219  44.504  -11.362  6.049 0.0000000000
53217  46.948  -11.832  6.220 0.0000000000
52380  38.717  -11.826  8.181 0.0000000000
50661  38.673  -13.466  7.892 0.0000000000
49815  37.443  -15.379  8.366 0.0000000000
47241  39.465  -18.574  9.336 0.0000000000
48065  35.370  -17.315  9.346 0.0000000000
45608  36.190  -20.334  9.714 0.0000000000
46379  38.702  -19.889  10.165 0.0000000000
34604  28.927  -32.900  16.592 0.0000000000
34582  30.089  -33.214  17.470 0.0000000000
51506  38.855  -12.514  11.352 0.0000000000
109532  38.907  -11.961  10.724 0.0000000000
53178  39.329  -11.578  10.376 0.0000000000
28145  17.094  -42.373  19.900 0.0000000000
27405  16.768  -42.974  20.335 0.0000000000
23334  10.939  -47.935  24.992 0.0000000000
95176  9.103  -48.890  25.449 0.0000000000
107245  9.359  -43.314  23.547 0.0000000000
24988  6.444  -46.263  23.964 0.0000000000
24182  6.144  -46.845  23.941 0.0000000000
23357  6.391  -47.415  23.849 0.0000000000
22496  6.424  -48.998  24.828 0.0000000000
21593  6.265  -49.936  25.926 0.0000000000
23320  4.090  -47.449  27.184 0.0000000000
98610  0.892  -47.526  28.814 0.0000000000
37229  28.511  -31.312  15.675 0.0000000000
36306  24.487  -30.798  16.369 0.0000000000
35431  25.003  -31.635  16.519 0.0000000000
35394  24.999  -32.823  18.015 0.0000000000
36310  20.854  -31.503  16.413 0.0000000000
36295  21.256  -30.792  16.861 0.0000000000
35433  21.340  -32.037  15.961 0.0000000000
34588  21.682  -33.335  16.317 0.0000000000
100473  22.059  -36.428  19.312 0.0000000000
32775  21.883  -35.976  18.617 0.0000000000
50642  43.446  -15.158  8.957 0.0000000000
46328  29.104  -19.316  14.473 0.0000000000
46338  29.296  -19.637  13.710 0.0000000000
44713  29.541  -21.004  12.573 0.0000000000
110079  30.022  -21.268  12.196 0.0000000000
42195  30.033  -24.600  15.595 0.0000000000
44659  32.733  -21.928  15.423 0.0000000000
44674  32.448  -21.944  14.767 0.0000000000
94007  34.054  -22.031  14.223 0.0000000000
44656  35.159  -21.918  15.529 0.0000000000
35376  31.654  -32.792  18.968 0.0000000000
35391  32.199  -32.325  18.425 0.0000000000
35375  32.399  -32.469  19.375 0.0000000000
35374  33.099  -32.136  19.735 0.0000000000
36253  33.612  -31.721  20.123 0.0000000000
56632  46.892  -7.677  4.573 0.0000000000
56624  47.026  -6.920  4.757 0.0000000000
55785  51.093  -8.462  2.627 0.0000000000
93903  15.322  -37.012  18.133 0.0000000000
97143  17.522  -34.232  19.133 0.0000000000
32789  16.998  -35.342  18.048 0.0000000000
99669  45.475  -12.713  7.370 0.0000000000
39011  33.187  -28.775  14.756 0.0000000000
38116  32.757  -29.727  14.632 0.0000000000
38115  33.225  -29.311  14.689 0.0000000000
54936  42.363  -9.130  7.879 0.0000000000
54959  43.996  -9.026  5.917 0.0000000000
52395  44.927  -12.050  6.481 0.0000000000
51515  37.642  -12.714  9.893 0.0000000000
50644  36.559  -14.653  9.061 0.0000000000
111135  36.995  -15.754  8.568 0.0000000000
48957  36.928  -16.378  8.571 0.0000000000
47229  33.896  -17.873  9.704 0.0000000000
45609  35.318  -20.374  9.740 0.0000000000
45576  37.791  -21.250  11.029 0.0000000000
44728  38.028  -21.587  11.831 0.0000000000
44704  38.258  -21.851  12.700 0.0000000000
44730  36.627  -22.455  11.640 0.0000000000
44686  38.449  -21.923  13.592 0.0000000000
27407  14.288  -43.340  19.511 0.0000000000
96404  15.084  -43.392  19.918 0.0000000000
25804  14.130  -44.501  20.545 0.0000000000
25819  13.279  -44.329  20.342 0.0000000000
110248  13.736  -45.194  21.580 0.0000000000
24189  12.251  -46.625  23.285 0.0000000000
24199  11.763  -46.405  22.346 0.0000000000
99621  11.301  -46.909  22.955 0.0000000000
24976  7.040  -45.174  25.370 0.0000000000
24172  5.249  -47.003  24.960 0.0000000000
37188  27.741  -29.975  17.941 0.0000000000
37217  24.929  -30.318  16.271 0.0000000000
32820  20.460  -35.069  16.004 0.0000000000
31218  20.579  -37.556  18.335 0.0000000000
31997  21.172  -37.146  18.865 0.0000000000
109608  21.706  -36.931  19.088 0.0000000000
106183  42.759  -16.301  9.282 0.0000000000
44662  28.367  -21.591  15.250 0.0000000000
44677  28.435  -21.840  14.572 0.0000000000
41451  33.878  -24.795  15.146 0.0000000000
106762  34.227  -23.578  16.344 0.0000000000
42174  34.949  -23.733  16.580 0.0000000000
42984  34.564  -22.851  16.751 0.0000000000
43772  34.838  -22.185  17.254 0.0000000000
54970  48.126  -10.075  4.915 0.0000000000
20628  0.137  -50.970  26.990 0.0000000000
48043  36.190  -16.386  12.275 0.0000000000
102971  33.841  -16.875  10.666 0.0000000000
48056  33.437  -17.520  10.207 0.0000000000
47231  32.601  -18.735  10.220 0.0000000000
44756  32.695  -21.345  10.359 0.0000000000
29620  19.302  -40.488  19.939 0.0000000000
28871  17.684  -41.087  19.146 0.0000000000
28885  17.268  -40.854  18.486 0.0000000000
28872  16.934  -41.298  18.836 0.0000000000
30457  15.644  -38.560  17.449 0.0000000000
30435  14.647  -38.758  18.001 0.0000000000
28158  14.619  -41.940  18.654 0.0000000000
110479  12.495  -42.532  19.506 0.0000000000
27410  11.315  -42.524  20.139 0.0000000000
38066  22.549  -28.880  19.598 0.0000000000
37178  20.503  -30.321  19.265 0.0000000000
36296  20.435  -30.992  17.138 0.0000000000
34615  19.761  -33.822  15.700 0.0000000000
33706  18.343  -33.585  17.349 0.0000000000
34589  18.885  -32.986  16.716 0.0000000000
34609  19.351  -33.401  15.925 0.0000000000
33721  19.973  -34.404  15.729 0.0000000000
32029  19.782  -36.784  16.469 0.0000000000
31239  19.338  -37.544  16.847 0.0000000000
42978  30.047  -23.566  18.103 0.0000000000
42185  30.516  -25.199  15.852 0.0000000000
41437  31.073  -25.608  16.494 0.0000000000
41461  33.113  -25.489  14.342 0.0000000000
98684  33.366  -26.885  14.754 0.0000000000
39915  33.816  -27.244  14.625 0.0000000000
40733  33.454  -26.613  14.513 0.0000000000
95237  35.929  -27.071  16.916 0.0000000000
55774  46.516  -8.196  4.625 0.0000000000
54973  45.339  -9.363  5.128 0.0000000000
54971  47.208  -9.919  4.886 0.0000000000
94377  40.834  -12.878  7.286 0.0000000000
111581  40.925  -13.642  7.505 0.0000000000
49811  41.310  -16.022  8.388 0.0000000000
48060  41.448  -17.468  9.490 0.0000000000
49798  35.757  -15.709  9.865 0.0000000000
48077  37.696  -17.564  8.488 0.0000000000
102638  35.623  -18.030  9.112 0.0000000000
47244  36.464  -18.082  8.843 0.0000000000
47228  39.881  -18.977  9.923 0.0000000000
35444  30.477  -32.149  15.061 0.0000000000
35443  31.119  -31.943  15.182 0.0000000000
34581  30.816  -33.036  17.665 0.0000000000
28133  17.202  -42.289  20.862 0.0000000000
26633  15.520  -43.735  20.526 0.0000000000
28135  11.032  -41.025  21.336 0.0000000000
27396  10.714  -41.958  20.782 0.0000000000
26624  10.101  -43.600  20.721 0.0000000000
25013  9.231  -45.628  21.598 0.0000000000
24191  9.177  -47.044  22.360 0.0000000000
23354  8.795  -47.623  22.911 0.0000000000
25767  7.863  -44.708  23.996 0.0000000000
105313  7.401  -45.393  23.262 0.0000000000
108405  8.625  -48.826  24.736 0.0000000000
22494  8.204  -48.977  25.316 0.0000000000
19737  4.066  -51.626  26.790 0.0000000000
19738  3.180  -51.713  26.710 0.0000000000
19739  2.297  -51.785  26.645 0.0000000000
20627  1.089  -50.909  26.539 0.0000000000
37227  30.103  -31.110  14.821 0.0000000000
36319  30.287  -31.705  14.804 0.0000000000
111826  30.026  -32.015  14.787 0.0000000000
102473  29.791  -32.213  15.108 0.0000000000
35427  29.384  -32.523  15.853 0.0000000000
34584  28.340  -33.192  17.230 0.0000000000
94732  27.653  -33.460  17.803 0.0000000000
37231  26.552  -30.870  16.091 0.0000000000
35448  26.687  -31.839  15.951 0.0000000000
93666  25.949  -31.977  16.128 0.0000000000
35430  26.881  -32.281  16.126 0.0000000000
101702  27.020  -33.718  18.535 0.0000000000
38076  22.470  -29.027  18.359 0.0000000000
38090  22.500  -29.369  17.276 0.0000000000
37220  22.045  -30.535  16.733 0.0000000000
37219  22.847  -30.283  16.646 0.0000000000
32819  21.212  -34.887  16.390 0.0000000000
34568  22.274  -33.567  17.280 0.0000000000
35397  23.123  -32.555  17.567 0.0000000000
35379  23.617  -33.165  19.071 0.0000000000
50645  43.445  -14.371  8.627 0.0000000000
49802  43.467  -15.924  9.519 0.0000000000
47185  30.932  -17.690  13.572 0.0000000000
47202  30.874  -18.146  12.591 0.0000000000
46351  30.857  -18.791  11.897 0.0000000000
46352  30.252  -19.206  12.430 0.0000000000
46369  30.686  -19.791  11.639 0.0000000000
45577  31.223  -20.231  11.074 0.0000000000
111836  29.519  -24.372  15.921 0.0000000000
43782  28.866  -23.087  16.120 0.0000000000
42997  28.630  -22.823  15.294 0.0000000000
43004  28.508  -22.513  14.764 0.0000000000
43800  28.715  -22.468  14.235 0.0000000000
43790  30.114  -23.222  14.398 0.0000000000
43799  29.436  -22.815  14.124 0.0000000000
43810  29.185  -22.249  13.744 0.0000000000
102552  31.147  -22.387  12.233 0.0000000000
43808  31.328  -22.541  13.143 0.0000000000
44710  32.507  -22.510  11.432 0.0000000000
44709  33.508  -22.786  11.447 0.0000000000
92934  35.065  -23.031  12.370 0.0000000000
44689  35.809  -22.819  13.190 0.0000000000
92935  36.191  -22.366  14.001 0.0000000000
35442  31.645  -31.768  15.599 0.0000000000
36303  32.239  -31.527  16.191 0.0000000000
100925  32.757  -31.166  16.510 0.0000000000
105255  33.637  -30.505  17.075 0.0000000000
37194  34.209  -30.011  17.466 0.0000000000
36266  34.005  -31.113  19.812 0.0000000000
110513  34.582  -29.625  18.176 0.0000000000
38070  34.952  -29.074  18.392 0.0000000000
38062  35.245  -28.962  19.180 0.0000000000
57408  48.003  -5.818  4.624 0.0000000000
55780  48.973  -8.224  3.704 0.0000000000
56643  50.750  -7.723  2.341 0.0000000000
31204  14.496  -38.018  18.284 0.0000000000
36317  32.680  -31.054  15.815 0.0000000000
39009  33.884  -27.826  14.784 0.0000000000
43787  32.895  -22.039  15.939 0.0000000000
44757  32.015  -21.132  10.534 0.0000000000
94669  32.827  -26.124  14.165 0.0000000000
96515  17.357  -34.750  18.582 0.0000000000
107097  32.060  -31.780  16.798 0.0000000000
110753  35.275  -22.925  11.485 0.0000000000
