#!ascii label  , from subject sub-v1s1x0050650_ses-1 vox2ras=TkReg
528
57021  19.433  -7.427  -37.351 0.0000000000
62793  24.287  -0.830  -38.296 0.0000000000
99184  22.193  8.747  -38.756 0.0000000000
67506  17.934  5.650  -38.492 0.0000000000
52796  21.505  -12.064  -36.311 0.0000000000
111442  23.227  -9.656  -36.666 0.0000000000
58700  21.544  -5.829  -40.970 0.0000000000
103250  19.496  1.609  -39.472 0.0000000000
67504  23.209  5.282  -39.420 0.0000000000
71336  26.592  9.856  -36.945 0.0000000000
73748  21.400  13.301  -38.985 0.0000000000
55378  20.416  -9.639  -36.587 0.0000000000
54535  22.172  -10.855  -37.098 0.0000000000
56228  20.742  -8.221  -37.714 0.0000000000
61994  17.052  -1.060  -39.708 0.0000000000
64396  18.330  2.239  -37.997 0.0000000000
106993  19.407  7.371  -38.486 0.0000000000
67513  20.217  5.804  -40.019 0.0000000000
69072  22.523  7.150  -38.648 0.0000000000
69070  25.106  7.600  -38.122 0.0000000000
102174  24.174  9.234  -38.305 0.0000000000
74435  20.628  15.155  -36.854 0.0000000000
73732  20.035  13.990  -37.567 0.0000000000
93120  21.570  14.913  -39.739 0.0000000000
60328  22.959  -3.249  -39.754 0.0000000000
106227  23.716  -5.500  -38.507 0.0000000000
99259  25.093  -2.965  -37.839 0.0000000000
70561  19.012  9.395  -37.320 0.0000000000
64382  25.907  1.453  -37.412 0.0000000000
57824  18.097  -5.625  -37.951 0.0000000000
57831  20.591  -6.700  -39.567 0.0000000000
59503  17.893  -4.283  -40.882 0.0000000000
92700  20.011  -2.202  -40.386 0.0000000000
62814  22.483  -0.234  -40.915 0.0000000000
65946  18.647  4.038  -38.768 0.0000000000
65970  20.687  3.233  -41.012 0.0000000000
102666  23.790  2.008  -39.609 0.0000000000
102862  25.346  4.257  -37.681 0.0000000000
72106  19.812  12.114  -37.048 0.0000000000
72135  21.763  11.453  -38.980 0.0000000000
74482  21.156  14.532  -41.283 0.0000000000
72961  22.961  13.420  -40.457 0.0000000000
72924  24.023  12.144  -39.097 0.0000000000
72922  26.411  12.808  -37.955 0.0000000000
57039  23.133  -7.879  -39.728 0.0000000000
94880  17.777  -7.022  -35.995 0.0000000000
56210  18.863  -8.068  -35.976 0.0000000000
56209  19.661  -8.522  -36.542 0.0000000000
56220  20.794  -8.937  -37.284 0.0000000000
56229  20.140  -7.731  -37.631 0.0000000000
69810  21.032  7.478  -38.585 0.0000000000
105404  21.387  6.878  -38.732 0.0000000000
69808  22.532  7.874  -38.630 0.0000000000
107022  23.071  8.051  -38.643 0.0000000000
70570  23.641  9.533  -38.549 0.0000000000
75076  22.344  15.862  -38.482 0.0000000000
100225  21.705  15.101  -38.865 0.0000000000
75717  21.642  16.318  -39.686 0.0000000000
61153  23.369  -2.124  -39.235 0.0000000000
105863  23.848  -2.934  -38.889 0.0000000000
61984  24.367  -1.690  -38.208 0.0000000000
92337  18.746  8.747  -37.571 0.0000000000
70541  18.537  10.101  -36.514 0.0000000000
53639  20.114  -11.366  -35.671 0.0000000000
52781  20.411  -12.301  -35.574 0.0000000000
52780  21.709  -13.019  -36.024 0.0000000000
52779  22.466  -12.965  -35.975 0.0000000000
54543  22.388  -10.038  -37.098 0.0000000000
53637  23.360  -11.798  -35.784 0.0000000000
58691  17.941  -4.328  -38.931 0.0000000000
93848  17.959  -3.515  -39.096 0.0000000000
99599  17.832  0.046  -39.831 0.0000000000
62016  17.358  -1.957  -41.131 0.0000000000
94152  19.334  -0.648  -40.349 0.0000000000
62004  21.362  -1.065  -40.175 0.0000000000
62828  20.562  0.393  -40.635 0.0000000000
65933  18.068  3.788  -37.889 0.0000000000
104337  17.986  4.841  -38.344 0.0000000000
67512  21.362  5.724  -40.054 0.0000000000
66722  20.239  4.649  -40.690 0.0000000000
66709  22.179  4.506  -40.283 0.0000000000
65164  22.540  2.909  -40.622 0.0000000000
65952  23.414  3.658  -39.668 0.0000000000
65943  24.596  3.698  -38.435 0.0000000000
66697  24.100  4.611  -38.825 0.0000000000
69797  26.107  8.549  -37.543 0.0000000000
69063  25.946  7.390  -37.683 0.0000000000
73731  21.007  13.493  -38.116 0.0000000000
72910  19.472  13.290  -36.938 0.0000000000
72925  21.249  12.489  -38.333 0.0000000000
71355  20.560  11.030  -37.497 0.0000000000
72153  21.744  12.557  -39.364 0.0000000000
72943  23.348  12.709  -39.875 0.0000000000
72942  24.392  13.155  -39.459 0.0000000000
72908  24.558  12.002  -38.227 0.0000000000
57847  20.353  -6.520  -41.155 0.0000000000
55408  21.801  -9.473  -40.471 0.0000000000
57839  22.774  -7.347  -40.490 0.0000000000
58672  24.800  -5.269  -37.565 0.0000000000
57814  23.569  -6.397  -38.282 0.0000000000
54523  19.657  -9.705  -35.842 0.0000000000
54537  20.754  -10.273  -36.608 0.0000000000
53654  21.958  -11.582  -36.733 0.0000000000
55388  20.966  -9.718  -36.975 0.0000000000
100626  21.402  -9.414  -37.403 0.0000000000
56218  22.502  -8.798  -38.000 0.0000000000
110137  17.549  -1.174  -37.939 0.0000000000
104380  18.254  0.502  -38.535 0.0000000000
64407  18.691  1.349  -38.847 0.0000000000
69077  18.217  7.227  -38.624 0.0000000000
67505  18.665  5.774  -38.894 0.0000000000
68340  19.694  6.360  -38.966 0.0000000000
68346  21.568  6.088  -39.581 0.0000000000
107506  22.161  6.138  -39.331 0.0000000000
101908  23.823  6.384  -38.517 0.0000000000
68335  23.562  7.017  -38.712 0.0000000000
69806  24.892  8.360  -38.226 0.0000000000
70557  25.284  9.360  -37.750 0.0000000000
74436  19.663  15.136  -36.494 0.0000000000
74440  20.138  14.660  -37.243 0.0000000000
99960  20.924  14.188  -37.955 0.0000000000
74465  21.436  14.146  -39.288 0.0000000000
101848  22.474  -3.890  -40.015 0.0000000000
58698  23.034  -5.769  -39.716 0.0000000000
59487  23.179  -4.451  -39.355 0.0000000000
59473  24.359  -4.220  -38.458 0.0000000000
96119  17.403  7.403  -37.093 0.0000000000
69064  17.876  7.945  -37.918 0.0000000000
69800  19.677  8.472  -37.850 0.0000000000
70572  21.394  9.276  -38.457 0.0000000000
53638  22.602  -12.125  -36.123 0.0000000000
63584  24.887  0.446  -37.899 0.0000000000
61978  24.925  -1.093  -37.693 0.0000000000
57815  18.442  -6.400  -37.492 0.0000000000
57032  19.777  -7.091  -38.042 0.0000000000
57833  19.411  -5.632  -39.179 0.0000000000
58701  19.495  -5.795  -40.568 0.0000000000
58709  19.001  -5.246  -41.229 0.0000000000
60332  16.576  -2.747  -41.179 0.0000000000
60341  18.003  -3.575  -41.470 0.0000000000
60331  20.000  -3.790  -41.161 0.0000000000
61165  21.484  -2.745  -40.261 0.0000000000
61164  22.472  -1.904  -40.036 0.0000000000
62803  23.285  -0.393  -39.864 0.0000000000
65157  18.500  3.064  -38.275 0.0000000000
65179  19.440  2.987  -39.330 0.0000000000
67525  19.348  5.001  -39.835 0.0000000000
93491  19.589  3.998  -39.939 0.0000000000
64427  20.209  2.259  -40.297 0.0000000000
64424  21.876  1.302  -41.177 0.0000000000
64415  23.191  1.194  -40.697 0.0000000000
63595  23.807  0.457  -39.270 0.0000000000
102894  24.829  2.029  -38.229 0.0000000000
102588  25.516  3.070  -37.681 0.0000000000
67497  25.389  6.116  -37.874 0.0000000000
106294  20.034  10.367  -37.488 0.0000000000
70559  21.082  10.069  -37.820 0.0000000000
98046  21.979  9.798  -38.414 0.0000000000
75101  21.147  15.327  -40.358 0.0000000000
73777  21.768  14.148  -40.209 0.0000000000
106409  22.329  14.213  -41.135 0.0000000000
73758  22.219  13.595  -40.305 0.0000000000
72152  22.450  12.046  -39.614 0.0000000000
72134  22.762  11.139  -39.282 0.0000000000
71374  23.333  10.354  -38.846 0.0000000000
71373  23.923  10.369  -38.736 0.0000000000
72115  24.673  11.126  -37.842 0.0000000000
72113  26.379  11.478  -36.813 0.0000000000
57040  21.028  -7.366  -39.246 0.0000000000
57029  22.350  -7.553  -38.559 0.0000000000
57020  22.780  -7.802  -38.331 0.0000000000
57830  22.536  -6.715  -39.022 0.0000000000
57019  23.408  -7.316  -37.916 0.0000000000
57022  18.770  -7.084  -37.068 0.0000000000
57011  18.382  -7.395  -36.443 0.0000000000
56222  19.185  -7.733  -36.696 0.0000000000
106941  19.750  -7.964  -37.004 0.0000000000
70573  21.256  8.374  -38.483 0.0000000000
69809  21.867  7.521  -38.611 0.0000000000
102532  23.040  8.740  -38.662 0.0000000000
75092  21.928  15.690  -39.295 0.0000000000
61985  23.749  -1.441  -38.741 0.0000000000
61144  23.859  -2.151  -38.595 0.0000000000
52797  20.785  -11.659  -36.052 0.0000000000
109579  21.054  -12.459  -35.939 0.0000000000
106767  20.832  -13.135  -35.607 0.0000000000
54534  22.929  -10.585  -36.579 0.0000000000
55377  24.154  -9.408  -35.959 0.0000000000
59475  17.576  -4.238  -38.260 0.0000000000
60309  17.537  -3.484  -38.206 0.0000000000
108234  19.027  0.760  -39.641 0.0000000000
96445  19.153  0.075  -40.047 0.0000000000
62829  20.243  0.263  -39.843 0.0000000000
63624  20.351  0.907  -39.950 0.0000000000
66689  17.770  4.418  -37.803 0.0000000000
106815  22.257  5.377  -39.905 0.0000000000
66710  21.516  5.018  -40.406 0.0000000000
66708  22.935  4.551  -39.891 0.0000000000
65953  22.734  3.706  -40.201 0.0000000000
66698  23.570  4.375  -39.407 0.0000000000
70540  26.174  9.144  -37.425 0.0000000000
72909  20.529  12.811  -37.483 0.0000000000
73757  23.918  13.710  -40.152 0.0000000000
73756  24.883  13.673  -39.871 0.0000000000
73747  25.162  13.300  -39.042 0.0000000000
58706  20.726  -5.959  -41.289 0.0000000000
57845  21.724  -7.402  -41.050 0.0000000000
57840  22.151  -6.568  -40.694 0.0000000000
57812  25.037  -5.782  -36.937 0.0000000000
55379  19.919  -9.305  -36.346 0.0000000000
54538  20.173  -9.977  -36.244 0.0000000000
55387  22.018  -9.522  -37.661 0.0000000000
56219  21.457  -8.733  -37.874 0.0000000000
63585  18.201  1.299  -37.857 0.0000000000
95027  18.057  0.414  -37.981 0.0000000000
63597  18.333  1.336  -38.188 0.0000000000
63596  18.460  1.115  -38.700 0.0000000000
64395  18.553  2.271  -38.357 0.0000000000
98861  19.161  6.936  -38.614 0.0000000000
68341  18.867  6.425  -38.801 0.0000000000
69075  19.960  6.832  -38.731 0.0000000000
69073  21.888  6.781  -38.661 0.0000000000
68338  21.234  6.409  -39.239 0.0000000000
68337  22.004  6.392  -38.984 0.0000000000
68336  22.731  6.628  -38.922 0.0000000000
69071  23.238  7.506  -38.661 0.0000000000
69807  24.211  8.593  -38.446 0.0000000000
69799  24.766  9.004  -38.127 0.0000000000
70558  24.554  9.604  -38.018 0.0000000000
74434  21.964  14.996  -37.057 0.0000000000
74439  21.195  14.728  -37.666 0.0000000000
108601  21.425  14.537  -38.433 0.0000000000
74454  21.279  13.917  -38.604 0.0000000000
103062  22.941  -3.985  -39.595 0.0000000000
60307  24.484  -3.380  -38.425 0.0000000000
106179  23.978  -3.688  -38.807 0.0000000000
60298  24.963  -3.814  -37.992 0.0000000000
59464  24.853  -4.523  -37.865 0.0000000000
68301  17.244  7.068  -35.981 0.0000000000
111756  20.511  8.166  -38.200 0.0000000000
70560  20.258  9.289  -37.889 0.0000000000
53653  22.633  -11.366  -36.470 0.0000000000
64383  25.192  1.324  -37.849 0.0000000000
58663  17.667  -5.515  -36.495 0.0000000000
57823  18.717  -6.031  -38.284 0.0000000000
92524  18.696  -4.323  -39.872 0.0000000000
58690  19.314  -4.929  -39.774 0.0000000000
58702  18.681  -5.169  -40.933 0.0000000000
58708  19.239  -5.754  -41.067 0.0000000000
107673  18.033  -1.471  -38.973 0.0000000000
61154  17.463  -2.107  -39.901 0.0000000000
61167  16.266  -2.393  -40.977 0.0000000000
62007  18.632  -1.682  -40.450 0.0000000000
61178  17.659  -2.887  -41.343 0.0000000000
100818  18.661  -3.089  -41.244 0.0000000000
61177  19.602  -2.999  -40.945 0.0000000000
107839  20.874  -3.498  -40.512 0.0000000000
61176  20.467  -2.895  -40.498 0.0000000000
62815  21.689  -0.390  -40.908 0.0000000000
94512  22.179  -0.993  -40.206 0.0000000000
62003  22.920  -1.136  -40.208 0.0000000000
62813  22.947  -0.205  -40.633 0.0000000000
98338  18.429  3.672  -38.321 0.0000000000
93775  18.658  3.601  -38.587 0.0000000000
65165  18.755  3.115  -38.596 0.0000000000
65955  18.890  3.734  -38.968 0.0000000000
67514  19.621  5.595  -39.825 0.0000000000
67515  19.049  5.296  -39.365 0.0000000000
65963  20.487  3.971  -40.915 0.0000000000
65964  19.974  4.017  -40.563 0.0000000000
65971  20.289  3.394  -40.674 0.0000000000
65193  20.037  3.266  -40.153 0.0000000000
65192  20.362  2.663  -40.571 0.0000000000
64426  20.552  1.723  -40.751 0.0000000000
65190  21.430  2.009  -41.046 0.0000000000
65163  23.236  2.710  -40.054 0.0000000000
65176  22.995  2.005  -40.779 0.0000000000
102116  23.377  1.822  -40.228 0.0000000000
64406  23.629  1.200  -39.901 0.0000000000
64394  24.114  1.353  -39.281 0.0000000000
64384  24.520  1.100  -38.538 0.0000000000
65155  24.348  2.107  -38.884 0.0000000000
65146  24.944  2.881  -38.129 0.0000000000
65932  25.101  3.655  -37.829 0.0000000000
65931  25.745  3.684  -37.466 0.0000000000
66686  25.922  4.492  -37.361 0.0000000000
68329  24.554  6.842  -38.305 0.0000000000
67498  24.520  5.876  -38.229 0.0000000000
73720  19.213  14.434  -36.681 0.0000000000
103551  18.816  12.769  -36.611 0.0000000000
72107  18.472  11.937  -36.705 0.0000000000
71337  19.078  11.161  -37.178 0.0000000000
71376  21.522  10.658  -38.071 0.0000000000
71375  22.431  10.410  -38.729 0.0000000000
75115  20.686  14.970  -41.034 0.0000000000
99648  21.357  14.699  -40.523 0.0000000000
74481  21.877  14.374  -40.895 0.0000000000
73775  23.415  13.864  -40.840 0.0000000000
73789  22.836  14.006  -41.335 0.0000000000
73776  22.492  14.008  -40.766 0.0000000000
72944  22.320  12.898  -40.007 0.0000000000
72151  23.269  11.831  -39.468 0.0000000000
72133  23.655  11.131  -39.192 0.0000000000
72132  24.140  11.146  -38.649 0.0000000000
72923  25.357  12.668  -38.150 0.0000000000
108866  25.098  11.890  -37.601 0.0000000000
72114  25.489  11.227  -37.280 0.0000000000
72907  25.845  12.175  -37.229 0.0000000000
57041  20.381  -6.708  -38.832 0.0000000000
94069  20.450  -7.266  -38.332 0.0000000000
56234  23.153  -8.921  -40.136 0.0000000000
103202  22.671  -8.317  -39.529 0.0000000000
56226  21.913  -8.095  -38.317 0.0000000000
58689  23.228  -5.083  -38.972 0.0000000000
97917  23.067  -6.032  -39.037 0.0000000000
57018  24.133  -6.939  -37.494 0.0000000000
57010  23.812  -7.707  -37.235 0.0000000000
55389  20.331  -9.070  -36.764 0.0000000000
56221  20.232  -8.406  -37.092 0.0000000000
104722  20.098  7.533  -38.418 0.0000000000
69074  20.732  6.809  -38.873 0.0000000000
109231  22.242  7.259  -38.587 0.0000000000
103274  23.635  8.756  -38.556 0.0000000000
70569  24.129  9.807  -38.384 0.0000000000
75066  22.561  15.582  -37.590 0.0000000000
75077  21.865  15.136  -38.010 0.0000000000
108613  21.461  15.627  -39.810 0.0000000000
61163  22.944  -2.282  -39.835 0.0000000000
99019  23.299  -2.880  -39.450 0.0000000000
61143  24.447  -2.546  -38.297 0.0000000000
70562  18.329  9.319  -36.848 0.0000000000
53640  19.530  -11.106  -35.224 0.0000000000
53641  19.000  -10.894  -34.678 0.0000000000
52782  19.731  -12.047  -35.140 0.0000000000
51974  21.991  -14.368  -35.130 0.0000000000
51990  22.263  -13.700  -35.639 0.0000000000
51989  23.047  -13.417  -35.447 0.0000000000
92688  17.539  -4.605  -37.745 0.0000000000
58682  17.721  -4.889  -38.260 0.0000000000
59488  18.208  -3.487  -40.014 0.0000000000
61995  16.891  -0.812  -40.049 0.0000000000
62009  17.000  -1.555  -40.239 0.0000000000
62818  17.016  -0.625  -40.223 0.0000000000
94185  18.280  -0.995  -40.340 0.0000000000
62006  19.642  -1.391  -40.396 0.0000000000
62005  20.511  -1.258  -40.292 0.0000000000
62816  20.321  -0.475  -40.087 0.0000000000
62015  20.957  -0.380  -40.440 0.0000000000
62827  21.088  0.176  -41.046 0.0000000000
66700  18.328  4.278  -38.464 0.0000000000
65945  18.670  4.450  -38.945 0.0000000000
102641  20.623  5.697  -40.179 0.0000000000
67524  19.950  5.318  -40.391 0.0000000000
67523  20.738  5.224  -40.507 0.0000000000
66720  21.602  4.349  -40.695 0.0000000000
65962  21.300  3.723  -41.032 0.0000000000
99288  21.951  3.101  -40.944 0.0000000000
65961  22.069  3.751  -40.671 0.0000000000
65156  23.973  2.862  -39.405 0.0000000000
99298  24.486  2.958  -38.780 0.0000000000
65944  24.101  3.690  -39.137 0.0000000000
102984  24.785  4.396  -38.101 0.0000000000
69069  25.649  8.129  -37.786 0.0000000000
68328  25.461  6.901  -37.904 0.0000000000
69062  26.477  7.944  -37.421 0.0000000000
72116  21.054  11.718  -37.676 0.0000000000
99057  24.679  12.728  -38.741 0.0000000000
57049  20.212  -6.910  -41.088 0.0000000000
56241  21.041  -8.490  -40.737 0.0000000000
57054  21.428  -7.943  -41.117 0.0000000000
57053  22.532  -8.117  -40.986 0.0000000000
57047  23.228  -8.116  -40.234 0.0000000000
58673  24.211  -5.660  -38.049 0.0000000000
57813  24.419  -6.090  -37.521 0.0000000000
54524  19.342  -10.260  -35.290 0.0000000000
53657  19.860  -10.484  -35.790 0.0000000000
53656  20.437  -10.782  -36.197 0.0000000000
53655  21.159  -11.159  -36.532 0.0000000000
54536  21.521  -10.629  -36.943 0.0000000000
54544  21.743  -10.063  -37.216 0.0000000000
55386  22.566  -9.405  -37.418 0.0000000000
107098  17.889  -0.782  -39.115 0.0000000000
109506  17.986  -0.418  -38.611 0.0000000000
63605  18.066  0.309  -39.441 0.0000000000
63614  18.723  0.994  -39.212 0.0000000000
68342  18.014  6.555  -38.704 0.0000000000
68349  19.344  5.884  -39.212 0.0000000000
68348  20.055  6.062  -39.592 0.0000000000
68339  20.474  6.391  -39.289 0.0000000000
68347  20.805  6.080  -39.799 0.0000000000
68345  22.006  5.930  -39.731 0.0000000000
108310  22.631  6.019  -39.433 0.0000000000
111313  23.143  5.899  -39.197 0.0000000000
98185  23.201  6.355  -38.960 0.0000000000
68334  24.146  7.799  -38.609 0.0000000000
69798  25.464  8.777  -37.830 0.0000000000
71352  25.853  9.743  -37.408 0.0000000000
59501  21.817  -4.784  -40.476 0.0000000000
58699  22.473  -5.695  -40.309 0.0000000000
59500  22.740  -4.787  -39.838 0.0000000000
110406  23.007  -5.006  -39.433 0.0000000000
60316  23.435  -3.631  -39.279 0.0000000000
59474  23.654  -4.292  -38.889 0.0000000000
97475  23.857  -4.815  -38.597 0.0000000000
58680  24.338  -5.006  -38.208 0.0000000000
68330  17.530  6.483  -37.871 0.0000000000
97939  17.738  7.232  -38.206 0.0000000000
69076  18.644  7.686  -38.390 0.0000000000
108291  18.465  8.247  -37.903 0.0000000000
69811  19.150  8.004  -38.166 0.0000000000
111376  22.030  -12.424  -36.350 0.0000000000
63594  24.215  0.066  -38.380 0.0000000000
102982  24.698  -0.311  -37.915 0.0000000000
57012  18.029  -6.819  -36.820 0.0000000000
57033  19.073  -6.785  -37.776 0.0000000000
57822  19.506  -6.426  -38.530 0.0000000000
57832  20.055  -6.168  -39.426 0.0000000000
58681  18.339  -5.149  -38.856 0.0000000000
57841  20.273  -6.349  -40.099 0.0000000000
57848  19.687  -6.268  -41.151 0.0000000000
58707  19.795  -5.811  -41.323 0.0000000000
59509  20.755  -5.219  -41.175 0.0000000000
60308  17.898  -2.947  -39.295 0.0000000000
60318  16.898  -2.985  -40.619 0.0000000000
60317  17.140  -3.464  -41.080 0.0000000000
62017  16.547  -2.213  -41.221 0.0000000000
60342  17.130  -3.246  -41.394 0.0000000000
59504  17.576  -3.848  -41.254 0.0000000000
59511  19.163  -4.489  -41.354 0.0000000000
59510  19.866  -4.825  -41.264 0.0000000000
59502  20.869  -4.287  -40.786 0.0000000000
60330  21.679  -3.696  -40.324 0.0000000000
60329  22.390  -2.874  -40.069 0.0000000000
93143  20.946  -2.013  -40.269 0.0000000000
109982  22.072  -2.353  -40.104 0.0000000000
109285  23.088  -1.724  -39.839 0.0000000000
61993  23.324  -1.270  -39.549 0.0000000000
62794  23.719  -0.560  -38.939 0.0000000000
64385  18.143  2.196  -37.787 0.0000000000
64418  19.222  2.187  -38.989 0.0000000000
64417  19.611  2.356  -39.527 0.0000000000
66699  18.533  4.956  -38.877 0.0000000000
66711  18.931  4.723  -39.309 0.0000000000
65954  18.896  4.258  -39.172 0.0000000000
66723  19.631  4.606  -40.277 0.0000000000
66724  19.253  4.443  -39.617 0.0000000000
100937  19.212  3.959  -39.407 0.0000000000
65965  19.559  3.472  -39.637 0.0000000000
65194  19.892  2.752  -39.774 0.0000000000
64428  20.059  1.787  -39.907 0.0000000000
63623  20.418  1.299  -40.584 0.0000000000
63622  20.588  0.853  -41.013 0.0000000000
63620  22.258  0.503  -41.177 0.0000000000
65177  22.230  2.205  -41.025 0.0000000000
64416  22.714  1.246  -41.066 0.0000000000
63612  22.896  0.447  -40.957 0.0000000000
63611  23.281  0.444  -40.283 0.0000000000
107858  24.655  2.495  -38.490 0.0000000000
65145  25.533  2.257  -37.699 0.0000000000
67503  23.702  5.669  -38.694 0.0000000000
66688  24.488  5.125  -38.340 0.0000000000
66687  25.258  5.101  -37.853 0.0000000000
71356  19.077  10.256  -37.134 0.0000000000
75727  20.973  16.087  -40.173 0.0000000000
73759  21.721  13.401  -39.756 0.0000000000
70571  22.886  9.568  -38.657 0.0000000000
71354  24.298  10.315  -38.193 0.0000000000
71353  25.110  10.217  -37.628 0.0000000000
98741  26.044  10.521  -37.028 0.0000000000
72906  26.861  12.237  -37.248 0.0000000000
72112  27.363  11.568  -36.842 0.0000000000
72105  26.931  10.731  -36.618 0.0000000000
57031  20.843  -7.649  -38.314 0.0000000000
56235  21.874  -8.820  -39.728 0.0000000000
57030  21.692  -7.588  -38.822 0.0000000000
56227  21.378  -7.923  -38.289 0.0000000000
56217  23.142  -8.919  -37.297 0.0000000000
97111  23.042  -6.520  -40.162 0.0000000000
57838  23.311  -6.964  -39.970 0.0000000000
57028  22.840  -7.107  -38.450 0.0000000000
93054  23.245  -8.205  -37.700 0.0000000000
56208  23.768  -8.830  -36.541 0.0000000000
61134  24.924  -2.048  -37.746 0.0000000000
54554  21.974  -9.765  -40.507 0.0000000000
54559  22.612  -9.054  -40.876 0.0000000000
54560  22.130  -9.572  -40.962 0.0000000000
55401  22.573  -9.485  -39.982 0.0000000000
55402  22.106  -9.526  -39.972 0.0000000000
55403  21.506  -9.123  -40.261 0.0000000000
55406  22.970  -9.271  -40.659 0.0000000000
55407  22.449  -9.687  -40.801 0.0000000000
55409  21.409  -8.979  -40.743 0.0000000000
55412  22.196  -9.176  -40.975 0.0000000000
55413  21.869  -9.327  -40.939 0.0000000000
56236  21.171  -8.310  -39.992 0.0000000000
56240  22.990  -8.874  -40.697 0.0000000000
56245  22.831  -8.947  -40.945 0.0000000000
56246  22.330  -8.710  -41.082 0.0000000000
56247  21.770  -8.576  -41.057 0.0000000000
56248  20.969  -8.244  -41.023 0.0000000000
57048  20.706  -7.599  -40.679 0.0000000000
57055  20.830  -7.376  -41.137 0.0000000000
57846  21.203  -6.818  -41.226 0.0000000000
59512  18.336  -4.423  -40.881 0.0000000000
60340  18.974  -3.798  -41.283 0.0000000000
61166  19.125  -2.318  -40.563 0.0000000000
61179  16.872  -2.648  -41.395 0.0000000000
62008  17.358  -1.355  -40.400 0.0000000000
62795  18.041  -0.094  -39.203 0.0000000000
62804  17.353  -0.480  -39.676 0.0000000000
62805  17.531  -0.482  -40.111 0.0000000000
62817  18.011  -0.285  -40.174 0.0000000000
62826  21.793  0.032  -41.251 0.0000000000
63613  19.898  0.987  -39.720 0.0000000000
63621  21.361  0.637  -41.172 0.0000000000
64425  20.955  1.420  -41.061 0.0000000000
65166  18.812  2.291  -38.638 0.0000000000
65178  21.402  2.807  -41.045 0.0000000000
65180  19.073  3.086  -38.915 0.0000000000
65191  20.710  2.380  -40.947 0.0000000000
65966  19.215  3.529  -39.245 0.0000000000
66721  20.937  4.541  -40.835 0.0000000000
93104  21.772  -1.831  -40.117 0.0000000000
99260  22.550  -9.294  -39.918 0.0000000000
100100  20.426  2.942  -40.766 0.0000000000
102222  20.882  -8.000  -41.081 0.0000000000
109019  18.379  -2.343  -40.847 0.0000000000
109914  23.619  8.176  -38.638 0.0000000000
