#!ascii label  , from subject sub-v1s1x0050650_ses-1 vox2ras=TkReg
661
93071  31.254  -53.859  -40.927 0.3000000119
21418  32.930  -50.646  -32.452 0.6000000238
23202  31.074  -47.816  -32.950 0.6999999881
24036  30.884  -47.799  -34.070 0.6999999881
17952  30.344  -52.838  -41.234 0.4000000060
18670  33.295  -53.200  -36.836 0.4000000060
18728  31.404  -51.781  -41.124 0.5000000000
95143  32.373  -53.170  -40.826 0.5000000000
22355  33.562  -50.155  -32.513 0.6999999881
22336  31.936  -49.918  -31.865 0.6999999881
22335  32.823  -49.388  -31.920 0.5000000000
23189  31.824  -48.006  -32.112 0.6000000238
24020  31.607  -47.193  -32.606 0.6000000238
24848  31.587  -46.417  -34.152 0.6999999881
19638  29.830  -51.224  -41.137 0.5000000000
18685  32.652  -52.886  -38.255 0.4000000060
18729  30.312  -51.700  -41.236 0.6000000238
107829  33.121  -53.311  -35.591 0.4000000060
96405  33.661  -52.483  -34.754 0.5000000000
111883  31.886  -50.609  -40.727 0.6000000238
20504  33.796  -51.969  -34.249 0.6000000238
20487  33.890  -51.372  -33.729 0.6000000238
19641  31.754  -50.737  -40.954 0.6000000238
111438  34.328  -49.755  -32.843 0.6000000238
23188  32.492  -48.563  -31.795 0.6000000238
23170  32.737  -47.877  -31.773 0.6000000238
24824  32.110  -46.081  -32.643 0.6999999881
111660  32.037  -46.680  -32.406 0.6999999881
24836  31.653  -46.520  -33.115 0.6999999881
94134  31.596  -46.173  -35.209 0.6999999881
25625  31.847  -45.831  -33.454 0.6999999881
25641  31.846  -45.624  -34.445 0.6999999881
25624  32.103  -45.011  -33.584 0.6999999881
19624  30.082  -51.000  -40.832 0.5000000000
18714  31.790  -51.924  -39.429 0.5000000000
18701  31.886  -53.100  -38.590 0.5000000000
19566  33.729  -52.761  -35.707 0.4000000060
19622  31.671  -50.760  -40.335 0.5000000000
20517  34.271  -52.156  -35.145 0.5000000000
20503  34.416  -51.415  -34.487 0.6000000238
20558  33.378  -50.346  -40.364 0.6000000238
107681  32.556  -50.423  -40.337 0.5000000000
20542  34.479  -50.297  -39.574 0.5000000000
107015  33.258  -48.556  -31.871 0.6000000238
24003  33.100  -47.163  -31.728 0.6000000238
24018  33.521  -47.786  -31.849 0.6000000238
24823  32.720  -46.466  -32.051 0.6000000238
24019  32.329  -47.224  -32.013 0.6000000238
97569  32.691  -45.689  -32.397 0.6000000238
105441  32.179  -45.485  -32.900 0.6999999881
25653  31.989  -45.418  -35.468 0.6999999881
25609  32.603  -44.997  -32.718 0.6000000238
25640  32.199  -44.914  -34.757 0.6999999881
26466  32.407  -44.778  -35.776 0.6999999881
94643  33.970  -52.626  -37.003 0.4000000060
19623  30.935  -51.258  -40.292 0.5000000000
19585  33.470  -52.079  -38.358 0.4000000060
20516  34.971  -51.524  -35.674 0.5000000000
19603  32.467  -51.281  -39.504 0.4000000060
108651  34.421  -50.559  -33.574 0.6000000238
111361  33.049  -50.739  -39.598 0.4000000060
19602  33.913  -50.999  -39.044 0.4000000060
20530  34.669  -51.119  -38.336 0.4000000060
23187  34.039  -48.397  -32.221 0.6000000238
24822  33.532  -46.548  -31.956 0.6000000238
100347  33.745  -47.150  -31.888 0.6000000238
98874  33.258  -45.949  -32.124 0.6000000238
98295  32.465  -44.184  -35.098 0.6999999881
26456  32.300  -44.199  -34.011 0.6000000238
19584  34.389  -51.952  -37.698 0.4000000060
19565  34.518  -52.258  -36.336 0.4000000060
22371  35.230  -50.049  -34.252 0.6999999881
109020  35.113  -51.656  -37.157 0.4000000060
22354  34.880  -49.565  -33.484 0.8000000119
101316  35.300  -50.658  -38.244 0.5000000000
23201  34.525  -48.988  -32.795 0.6999999881
24017  34.248  -47.587  -32.187 0.6000000238
25607  33.969  -45.846  -32.159 0.5000000000
26477  32.479  -44.544  -36.453 0.6999999881
27190  33.161  -43.730  -32.712 0.6000000238
26429  33.197  -44.492  -32.539 0.6000000238
26443  32.575  -44.295  -33.116 0.6000000238
20515  35.432  -50.858  -35.628 0.5000000000
21456  35.035  -50.804  -34.735 0.6000000238
20529  35.641  -51.097  -36.731 0.5000000000
21475  36.554  -49.945  -36.693 0.6999999881
23200  35.166  -48.728  -33.391 0.6999999881
23186  34.755  -48.175  -32.712 0.6999999881
24821  34.390  -46.681  -32.229 0.6000000238
24016  34.991  -47.361  -32.645 0.6000000238
27230  32.926  -43.985  -36.827 0.6000000238
110525  33.703  -44.687  -32.331 0.6000000238
97956  32.717  -43.434  -35.442 0.6999999881
27221  32.766  -43.979  -36.049 0.6999999881
27201  32.589  -43.516  -33.396 0.6999999881
22382  36.116  -49.793  -35.527 0.5000000000
21455  35.578  -50.282  -35.131 0.6000000238
22369  36.629  -49.180  -35.959 0.6999999881
21476  35.961  -50.476  -36.187 0.6000000238
22353  35.468  -49.232  -34.143 0.6999999881
22393  37.023  -49.273  -37.138 0.6999999881
21491  36.484  -49.649  -37.992 0.6999999881
103593  35.416  -47.932  -33.266 0.6999999881
24820  35.272  -46.543  -32.700 0.5000000000
27234  32.837  -43.884  -37.157 0.5000000000
100574  34.273  -44.950  -32.264 0.6000000238
102460  34.892  -45.704  -32.425 0.6000000238
27233  33.423  -43.434  -37.322 0.6000000238
27977  33.370  -43.204  -37.766 0.5000000000
97133  33.940  -44.083  -32.312 0.6000000238
27229  33.280  -43.445  -36.626 0.6000000238
27972  33.749  -42.878  -37.413 0.5000000000
28699  34.316  -42.307  -38.030 0.5000000000
27189  33.785  -43.180  -32.441 0.6999999881
27931  33.072  -42.928  -32.917 0.6999999881
27944  32.602  -42.746  -33.682 0.6999999881
27954  32.600  -42.636  -34.634 0.6999999881
28691  33.345  -41.975  -35.946 0.5000000000
27943  32.972  -42.275  -33.193 0.6999999881
28684  32.815  -41.862  -34.905 0.6000000238
104891  35.690  -49.674  -34.768 0.6000000238
22370  36.132  -49.030  -34.872 0.6000000238
96691  37.236  -47.935  -35.994 0.6999999881
23211  35.861  -48.411  -34.047 0.6999999881
24034  35.638  -47.164  -33.232 0.6999999881
24048  35.947  -47.675  -33.744 0.6999999881
25623  35.614  -45.875  -32.831 0.6000000238
27983  32.911  -42.707  -38.198 0.4000000060
27982  33.773  -42.515  -38.205 0.4000000060
105957  33.545  -42.691  -36.638 0.5000000000
29433  34.297  -41.201  -36.977 0.4000000060
28669  32.670  -41.965  -33.934 0.6999999881
94556  33.217  -41.188  -35.273 0.5000000000
23210  36.729  -48.355  -35.324 0.6000000238
109671  36.319  -48.407  -34.632 0.6999999881
24058  37.552  -47.216  -36.203 0.6999999881
24033  36.215  -47.024  -33.875 0.6000000238
25606  35.596  -45.141  -32.740 0.6000000238
103473  35.038  -44.867  -32.430 0.6000000238
27188  34.605  -43.382  -32.364 0.6000000238
26428  34.823  -44.192  -32.369 0.6000000238
96327  33.960  -42.063  -37.152 0.4000000060
28694  34.677  -41.667  -37.967 0.5000000000
105660  34.642  -41.595  -38.475 0.4000000060
27930  33.700  -42.302  -32.658 0.6000000238
28658  33.278  -41.615  -33.166 0.6000000238
28683  33.045  -41.118  -34.124 0.5000000000
24059  37.021  -47.455  -35.306 0.6999999881
24047  36.448  -47.760  -34.461 0.6000000238
110718  37.740  -46.025  -35.867 0.6999999881
98195  36.747  -46.843  -34.631 0.6000000238
24868  38.481  -45.940  -37.306 0.6999999881
24834  36.479  -46.227  -34.003 0.5000000000
26427  35.528  -44.307  -32.647 0.6000000238
26426  36.219  -44.498  -33.162 0.6000000238
27187  35.382  -43.450  -32.556 0.5000000000
96144  34.363  -42.720  -32.401 0.6000000238
24846  37.582  -45.580  -35.482 0.6999999881
24847  37.086  -45.993  -34.702 0.6999999881
25639  36.778  -45.512  -34.155 0.6000000238
26455  36.859  -44.686  -33.955 0.5000000000
27186  36.168  -43.529  -33.004 0.6000000238
97091  35.145  -42.518  -32.467 0.6000000238
27929  34.491  -42.110  -32.473 0.6000000238
29403  33.557  -40.934  -33.201 0.5000000000
20556  34.807  -50.146  -39.875 0.5000000000
21506  35.715  -49.725  -38.848 0.5000000000
22412  36.306  -49.351  -39.105 0.5000000000
21519  35.524  -49.881  -39.428 0.5000000000
22392  36.938  -49.038  -38.334 0.6999999881
23241  37.509  -48.394  -38.583 0.6999999881
22402  36.203  -49.396  -38.917 0.5000000000
22411  36.842  -48.922  -38.868 0.5000000000
23234  37.436  -48.519  -37.575 0.6999999881
23224  37.663  -47.880  -36.897 0.6999999881
17154  32.457  -54.355  -40.645 0.3000000119
24035  31.337  -47.147  -33.646 0.6999999881
26467  32.170  -45.118  -36.126 0.6999999881
104995  36.036  -50.363  -37.631 0.6000000238
27211  32.451  -43.420  -34.349 0.6999999881
27965  33.025  -42.694  -35.708 0.6999999881
27976  33.779  -42.855  -37.746 0.5000000000
24835  35.921  -46.405  -33.310 0.5000000000
24856  37.362  -46.534  -35.472 0.6999999881
25622  36.219  -45.501  -33.399 0.5000000000
25638  37.315  -45.003  -34.788 0.5000000000
94319  38.946  -47.334  -39.155 0.6000000238
92609  40.847  -49.015  -37.787 0.6000000238
22381  39.848  -48.771  -35.569 0.4000000060
23249  40.264  -47.650  -38.651 0.5000000000
24083  38.850  -46.857  -38.998 0.6000000238
19537  32.633  -52.386  -33.533 0.5000000000
22380  40.141  -49.584  -35.317 0.4000000060
21438  33.479  -50.993  -33.032 0.5000000000
20466  32.685  -51.255  -32.614 0.5000000000
23240  40.566  -47.978  -38.157 0.5000000000
22368  39.784  -49.091  -34.634 0.4000000060
23233  40.561  -48.175  -37.416 0.6000000238
21419  32.216  -50.674  -32.039 0.5000000000
24081  40.171  -46.586  -39.042 0.5000000000
24076  38.557  -46.921  -38.564 0.6000000238
22351  40.559  -49.529  -33.463 0.4000000060
22350  41.205  -50.087  -33.366 0.4000000060
23223  40.132  -48.163  -36.421 0.4000000060
21439  30.311  -50.314  -32.704 0.5000000000
108129  40.601  -47.385  -37.968 0.5000000000
21420  31.514  -50.743  -32.036 0.5000000000
22356  30.388  -49.480  -32.970 0.5000000000
24082  39.616  -46.486  -39.115 0.6000000238
24886  39.245  -46.240  -38.874 0.6000000238
102430  37.978  -47.728  -38.056 0.6000000238
97393  31.897  -48.973  -31.898 0.5000000000
23203  30.636  -48.602  -33.330 0.5000000000
22357  29.884  -49.862  -33.523 0.4000000060
24884  40.068  -45.877  -39.101 0.5000000000
24075  40.413  -46.943  -38.524 0.5000000000
25673  40.090  -45.219  -38.835 0.6000000238
24878  39.565  -45.411  -38.684 0.6000000238
24879  38.808  -46.126  -38.284 0.6000000238
109045  38.976  -45.421  -38.030 0.6000000238
24069  38.221  -46.944  -37.353 0.6000000238
22352  39.929  -49.239  -33.888 0.4000000060
22372  30.198  -49.160  -34.014 0.5000000000
22373  29.698  -49.605  -34.545 0.4000000060
104296  40.566  -46.508  -38.034 0.6000000238
25666  40.270  -44.849  -38.435 0.6000000238
25667  39.910  -44.560  -38.411 0.6000000238
25668  39.373  -44.697  -38.102 0.6000000238
22332  41.446  -49.354  -32.868 0.4000000060
23212  30.457  -48.410  -34.525 0.5000000000
23226  30.327  -48.200  -35.493 0.4000000060
22394  29.386  -49.150  -36.433 0.4000000060
24057  39.877  -47.373  -36.175 0.6000000238
108108  39.654  -48.084  -35.638 0.4000000060
96527  40.545  -45.126  -37.294 0.6000000238
24068  40.429  -47.333  -37.162 0.6000000238
24866  40.537  -45.428  -38.058 0.5000000000
106173  40.200  -43.788  -37.651 0.6000000238
25661  40.395  -44.484  -37.876 0.5000000000
25662  38.770  -44.981  -37.448 0.6000000238
22331  42.421  -49.547  -32.631 0.4000000060
23199  39.625  -48.632  -33.992 0.4000000060
24049  30.692  -47.761  -35.004 0.6000000238
23235  30.127  -47.998  -36.220 0.5000000000
23236  29.598  -48.472  -36.710 0.5000000000
24045  39.404  -47.553  -35.203 0.4000000060
23209  39.507  -48.356  -34.864 0.4000000060
94969  39.664  -46.608  -35.725 0.5000000000
25636  39.798  -44.669  -35.718 0.5000000000
26464  40.017  -43.444  -36.256 0.5000000000
27232  39.689  -43.318  -37.514 0.6000000238
26476  39.252  -43.417  -37.472 0.6000000238
25663  38.188  -45.418  -36.399 0.6000000238
23184  40.345  -48.293  -32.770 0.4000000060
22333  40.770  -48.882  -32.996 0.4000000060
96475  41.182  -48.472  -32.497 0.4000000060
23183  42.009  -48.756  -32.286 0.4000000060
24014  39.741  -47.474  -32.580 0.4000000060
23198  40.107  -48.835  -33.350 0.4000000060
24858  30.653  -46.831  -36.235 0.6000000238
24070  29.739  -47.706  -36.773 0.5000000000
23242  29.300  -48.280  -37.437 0.4000000060
24031  39.267  -47.780  -34.112 0.4000000060
24844  39.426  -45.858  -35.146 0.5000000000
26475  40.050  -43.226  -37.144 0.5000000000
27227  39.704  -42.847  -36.930 0.6000000238
26465  38.740  -43.269  -36.685 0.6000000238
25652  38.044  -44.312  -35.828 0.6000000238
24013  40.709  -47.702  -32.207 0.4000000060
93527  31.617  -45.738  -35.999 0.6000000238
109067  31.020  -46.212  -36.181 0.6000000238
24871  30.131  -47.001  -36.590 0.5000000000
24079  29.004  -47.903  -38.029 0.5000000000
100061  39.240  -47.524  -33.223 0.4000000060
24046  39.132  -46.876  -34.655 0.4000000060
24845  38.813  -46.160  -34.099 0.5000000000
101685  39.614  -43.878  -35.121 0.5000000000
27219  38.914  -42.635  -36.428 0.5000000000
24000  41.729  -47.819  -31.935 0.4000000060
24870  30.556  -46.302  -36.464 0.5000000000
24880  29.928  -46.519  -36.848 0.5000000000
25637  39.184  -45.101  -34.581 0.5000000000
102888  39.762  -42.884  -35.680 0.4000000060
27971  39.420  -42.497  -36.254 0.4000000060
103865  38.334  -42.966  -35.854 0.4000000060
24808  42.017  -46.897  -31.517 0.4000000060
24001  40.182  -46.961  -31.915 0.4000000060
26478  31.992  -45.016  -36.446 0.6000000238
26484  32.537  -44.374  -36.694 0.5000000000
25664  31.191  -45.645  -36.381 0.5000000000
25670  30.508  -45.586  -36.780 0.5000000000
25671  29.593  -45.955  -37.272 0.4000000060
26453  38.967  -44.313  -34.032 0.5000000000
26439  39.490  -42.941  -34.611 0.5000000000
27209  39.468  -42.286  -35.612 0.6000000238
27220  38.887  -42.225  -35.744 0.4000000060
27210  38.213  -42.394  -35.071 0.4000000060
26441  37.524  -42.737  -34.329 0.4000000060
27952  39.268  -41.780  -35.604 0.5000000000
26485  31.849  -44.516  -36.829 0.5000000000
25669  31.390  -45.089  -36.633 0.6000000238
27235  31.811  -43.878  -37.243 0.4000000060
26442  36.920  -43.647  -33.714 0.5000000000
28665  39.060  -41.359  -34.932 0.5000000000
27951  39.191  -41.896  -35.447 0.5000000000
27953  38.785  -41.590  -35.085 0.5000000000
24809  40.639  -46.452  -31.634 0.4000000060
28656  35.058  -41.590  -32.448 0.5000000000
27200  36.979  -42.552  -33.573 0.4000000060
28682  38.660  -41.288  -34.588 0.5000000000
27238  32.492  -43.320  -37.714 0.4000000060
95463  35.983  -41.646  -32.624 0.4000000060
27928  36.090  -42.520  -32.874 0.5000000000
27942  37.189  -41.582  -33.288 0.5000000000
27941  37.994  -41.692  -34.372 0.5000000000
28668  37.624  -40.984  -33.192 0.5000000000
23190  31.201  -48.627  -32.442 0.5000000000
97184  31.249  -47.104  -34.906 0.6000000238
19552  33.221  -52.475  -34.105 0.5000000000
26454  37.581  -43.684  -34.784 0.4000000060
21421  31.027  -49.992  -32.268 0.5000000000
108191  31.414  -49.353  -32.175 0.5000000000
106733  30.872  -49.183  -32.577 0.5000000000
23213  30.038  -48.914  -35.066 0.4000000060
22383  29.569  -49.364  -35.528 0.4000000060
24867  40.427  -46.279  -36.948 0.6000000238
23227  29.916  -48.716  -35.971 0.4000000060
23185  39.685  -48.157  -33.274 0.4000000060
24857  31.154  -46.589  -35.777 0.6000000238
24060  30.661  -47.414  -35.782 0.6000000238
22403  29.165  -48.962  -37.358 0.5000000000
22395  28.665  -49.615  -36.874 0.5000000000
24078  29.380  -47.649  -37.332 0.5000000000
24872  29.649  -47.185  -36.942 0.5000000000
27218  39.689  -42.679  -36.405 0.5000000000
24881  29.282  -46.960  -37.405 0.5000000000
25621  38.646  -45.399  -33.579 0.5000000000
106285  36.784  -41.129  -32.723 0.4000000060
108341  33.774  -64.503  -37.947 0.3000000119
104340  33.890  -63.991  -38.243 0.3000000119
9704  34.722  -64.783  -37.936 0.3000000119
10502  35.183  -63.806  -39.362 0.3000000119
10484  35.040  -64.204  -38.532 0.3000000119
9716  35.850  -63.992  -38.416 0.3000000119
10524  35.179  -63.556  -39.965 0.3000000119
103804  35.678  -63.603  -39.243 0.3000000119
110703  35.629  -63.217  -36.619 0.3000000119
10483  36.450  -63.673  -37.725 0.3000000119
11294  36.868  -62.560  -38.257 0.3000000119
11311  36.223  -62.686  -39.208 0.3000000119
11268  36.395  -62.990  -36.817 0.3000000119
12033  34.558  -61.588  -36.325 0.3000000119
99617  36.092  -61.783  -36.635 0.3000000119
12053  36.608  -61.547  -37.230 0.4000000060
107851  36.858  -61.775  -37.847 0.4000000060
12854  36.076  -60.786  -38.852 0.4000000060
12855  35.042  -60.774  -39.744 0.3000000119
13642  34.672  -59.917  -36.901 0.3000000119
12825  35.565  -60.433  -37.185 0.4000000060
13653  35.727  -60.344  -37.655 0.4000000060
12839  36.505  -60.915  -37.927 0.4000000060
12815  33.606  -59.816  -36.334 0.3000000119
12840  35.483  -60.046  -38.982 0.4000000060
107820  32.587  -58.126  -35.583 0.4000000060
106323  33.090  -59.239  -36.200 0.4000000060
13678  35.005  -59.366  -39.230 0.3000000119
13643  33.692  -59.218  -36.731 0.4000000060
13654  35.111  -59.789  -37.484 0.4000000060
14512  32.998  -58.592  -36.247 0.4000000060
99365  34.731  -59.212  -37.980 0.5000000000
13663  35.265  -59.687  -38.248 0.4000000060
19640  33.161  -51.201  -40.722 0.5000000000
15374  32.903  -57.579  -35.532 0.4000000060
98168  34.855  -58.910  -38.807 0.4000000060
17950  33.571  -54.143  -40.591 0.4000000060
109558  35.113  -57.365  -40.140 0.3000000119
19553  32.546  -52.898  -34.154 0.4000000060
19621  33.484  -50.272  -40.074 0.4000000060
14511  33.519  -58.410  -36.895 0.4000000060
14527  34.325  -59.168  -37.377 0.3000000119
106673  34.381  -58.799  -37.859 0.5000000000
20557  34.136  -50.231  -40.178 0.4000000060
19636  32.638  -50.502  -40.584 0.4000000060
15383  33.042  -57.880  -36.262 0.4000000060
18727  33.002  -52.503  -40.766 0.4000000060
18726  34.257  -52.777  -40.485 0.5000000000
14539  34.858  -58.250  -39.292 0.5000000000
17949  34.502  -53.964  -40.488 0.4000000060
17153  33.893  -55.344  -40.573 0.4000000060
15404  35.102  -57.616  -39.891 0.3000000119
93448  34.871  -55.068  -40.547 0.4000000060
20489  32.315  -51.969  -32.830 0.4000000060
110920  35.529  -50.046  -38.631 0.4000000060
15382  33.579  -57.546  -37.063 0.4000000060
98456  33.979  -58.295  -37.662 0.4000000060
20571  34.257  -50.523  -40.376 0.4000000060
19635  33.627  -50.685  -40.574 0.5000000000
19639  34.170  -51.736  -40.602 0.5000000000
16263  33.637  -56.709  -36.831 0.4000000060
16271  33.874  -56.944  -37.689 0.4000000060
15390  34.184  -57.562  -38.115 0.4000000060
16270  34.550  -56.771  -38.698 0.5000000000
15389  34.784  -57.645  -39.172 0.5000000000
18725  35.089  -52.855  -40.332 0.5000000000
17114  34.307  -55.203  -36.310 0.4000000060
16280  35.276  -56.915  -39.778 0.5000000000
16290  35.297  -56.909  -40.091 0.4000000060
96765  35.090  -56.142  -40.433 0.4000000060
17151  35.477  -54.794  -40.416 0.4000000060
21530  35.235  -50.087  -39.738 0.4000000060
21529  36.230  -49.868  -39.551 0.3000000119
17123  34.065  -56.263  -37.652 0.4000000060
96117  35.460  -51.475  -40.176 0.4000000060
22384  28.990  -49.780  -35.910 0.4000000060
17901  34.924  -54.562  -35.916 0.4000000060
17122  34.362  -55.417  -37.445 0.4000000060
93858  35.317  -56.231  -39.550 0.5000000000
18723  35.577  -52.634  -40.173 0.4000000060
17915  34.783  -54.633  -37.041 0.4000000060
17147  35.658  -56.106  -40.049 0.4000000060
17948  35.417  -54.001  -40.346 0.4000000060
17152  35.692  -55.467  -40.229 0.4000000060
17146  36.027  -54.892  -40.212 0.4000000060
22418  36.909  -48.835  -39.102 0.4000000060
20569  36.064  -50.832  -39.780 0.3000000119
17924  35.157  -54.808  -38.300 0.4000000060
102512  35.384  -54.151  -37.509 0.4000000060
17923  35.824  -54.049  -38.278 0.4000000060
17134  35.744  -55.436  -39.635 0.4000000060
18669  36.141  -53.612  -36.307 0.4000000060
18700  36.185  -53.537  -37.340 0.4000000060
104345  36.102  -54.537  -39.293 0.4000000060
17133  36.271  -54.841  -39.983 0.4000000060
18722  36.330  -53.036  -39.870 0.4000000060
23252  37.478  -48.377  -38.978 0.4000000060
12075  31.717  -61.753  -40.433 0.3000000119
11257  34.064  -62.556  -36.086 0.3000000119
12046  34.128  -60.578  -36.393 0.3000000119
103031  32.488  -58.837  -35.685 0.4000000060
15373  33.262  -57.173  -36.101 0.4000000060
16258  33.561  -56.443  -35.858 0.4000000060
17092  34.282  -55.740  -34.718 0.4000000060
17880  35.350  -54.819  -35.058 0.4000000060
106592  37.371  -50.155  -39.442 0.3000000119
17899  36.542  -53.860  -35.645 0.4000000060
21528  37.009  -49.366  -39.328 0.4000000060
20568  37.249  -50.914  -39.477 0.4000000060
19632  37.303  -51.760  -39.543 0.4000000060
18684  36.931  -53.272  -36.634 0.4000000060
18713  36.565  -53.751  -38.747 0.4000000060
18712  37.091  -53.392  -39.319 0.4000000060
19633  36.852  -52.332  -39.623 0.3000000119
19583  37.587  -53.165  -37.332 0.4000000060
23251  38.310  -48.107  -39.181 0.4000000060
10485  32.838  -63.565  -38.271 0.3000000119
12090  31.735  -63.003  -41.250 0.3000000119
12089  32.712  -62.872  -41.243 0.3000000119
103637  36.418  -63.355  -38.642 0.3000000119
11256  35.319  -62.565  -36.461 0.3000000119
11279  36.977  -62.866  -37.120 0.4000000060
12061  36.488  -61.725  -38.611 0.4000000060
12813  35.999  -61.081  -37.040 0.3000000119
12814  35.314  -60.816  -36.757 0.3000000119
12824  36.116  -60.875  -37.377 0.4000000060
101227  35.827  -60.324  -38.253 0.4000000060
12806  33.124  -60.357  -35.772 0.3000000119
14526  34.533  -58.401  -38.432 0.4000000060
17107  33.959  -55.733  -35.602 0.4000000060
105696  35.945  -55.392  -40.065 0.4000000060
104176  40.614  -49.559  -38.380 0.4000000060
21490  41.206  -50.716  -37.659 0.4000000060
23222  40.450  -49.133  -36.611 0.3000000119
96834  40.011  -48.585  -38.789 0.4000000060
108717  39.191  -48.031  -39.198 0.4000000060
96965  42.233  -55.342  -33.473 0.3000000119
17875  42.515  -55.235  -34.096 0.3000000119
19535  43.424  -52.697  -33.988 0.3000000119
20485  41.143  -51.782  -34.310 0.3000000119
111477  41.555  -51.050  -33.651 0.3000000119
22367  40.127  -49.770  -34.264 0.3000000119
17874  43.242  -54.656  -33.754 0.3000000119
18654  43.584  -54.134  -34.023 0.3000000119
19534  44.553  -52.622  -33.935 0.3000000119
17842  42.037  -54.848  -32.915 0.3000000119
17841  43.008  -54.872  -32.890 0.3000000119
100150  42.519  -50.883  -33.243 0.3000000119
21417  41.982  -50.188  -33.097 0.3000000119
18640  43.931  -54.151  -33.574 0.3000000119
108691  45.006  -51.740  -34.060 0.3000000119
20484  42.779  -51.755  -33.534 0.3000000119
19516  45.027  -53.130  -33.036 0.3000000119
19533  44.890  -52.910  -33.708 0.3000000119
21434  45.509  -51.114  -33.972 0.3000000119
19515  45.405  -52.281  -33.406 0.3000000119
20481  45.807  -51.442  -33.719 0.3000000119
18613  44.399  -53.730  -32.714 0.3000000119
21436  43.564  -51.145  -33.412 0.3000000119
22330  43.420  -49.697  -32.648 0.3000000119
23182  42.909  -48.902  -32.239 0.3000000119
19500  45.519  -52.458  -32.528 0.3000000119
21435  44.744  -51.191  -33.938 0.3000000119
22329  44.466  -49.802  -32.922 0.3000000119
20462  45.985  -51.755  -32.979 0.3000000119
21413  46.000  -50.368  -33.922 0.3000000119
21414  45.163  -50.522  -33.785 0.3000000119
22328  46.349  -49.897  -33.465 0.3000000119
23169  42.517  -48.232  -31.966 0.3000000119
23168  43.402  -48.144  -31.808 0.3000000119
23999  42.647  -47.508  -31.634 0.3000000119
98322  41.114  -47.027  -31.719 0.3000000119
100106  42.278  -46.187  -31.370 0.3000000119
99504  41.448  -46.191  -31.473 0.3000000119
106784  41.324  -45.421  -31.455 0.3000000119
101474  40.550  -50.143  -36.101 0.3000000119
22401  41.062  -49.946  -38.035 0.4000000060
21437  40.665  -50.371  -33.852 0.3000000119
21505  41.162  -50.830  -38.035 0.5000000000
17840  43.525  -54.583  -33.225 0.3000000119
20483  44.203  -51.928  -33.886 0.3000000119
19536  42.007  -52.289  -33.915 0.3000000119
20486  40.829  -51.011  -34.247 0.3000000119
21454  40.460  -50.454  -34.837 0.3000000119
108680  44.061  -54.161  -33.117 0.3000000119
21416  42.965  -50.348  -32.958 0.3000000119
20482  45.240  -51.982  -33.916 0.3000000119
21412  46.842  -50.419  -33.180 0.3000000119
22327  46.955  -49.896  -33.239 0.3000000119
20443  45.996  -51.800  -31.995 0.3000000119
23180  44.942  -49.090  -32.638 0.3000000119
20555  38.188  -51.837  -39.303 0.3000000119
19620  38.036  -52.659  -39.227 0.4000000060
19600  39.183  -53.345  -37.835 0.4000000060
98746  39.456  -52.845  -38.383 0.4000000060
20567  38.421  -50.943  -39.257 0.3000000119
19599  40.173  -52.520  -38.268 0.4000000060
18697  40.103  -53.394  -37.761 0.3000000119
105294  38.955  -51.825  -38.960 0.4000000060
102892  40.156  -51.916  -38.513 0.4000000060
19598  40.777  -52.722  -37.836 0.3000000119
98775  39.597  -51.371  -38.773 0.3000000119
19616  41.077  -51.980  -38.045 0.4000000060
21517  40.013  -49.811  -38.686 0.3000000119
21516  40.844  -50.521  -38.336 0.4000000060
20540  41.200  -51.486  -37.809 0.4000000060
21518  39.225  -50.317  -38.983 0.3000000119
98655  38.923  -49.044  -39.148 0.3000000119
21527  38.083  -49.775  -39.306 0.3000000119
20553  41.057  -51.372  -38.200 0.4000000060
19619  38.856  -52.468  -38.881 0.4000000060
106919  31.873  -59.280  -35.083 0.3000000119
19601  37.927  -53.071  -38.268 0.3000000119
93381  31.254  -60.112  -32.867 0.3000000119
12787  31.298  -60.293  -33.751 0.3000000119
98214  38.659  -52.963  -38.461 0.3000000119
18699  37.144  -53.162  -38.004 0.3000000119
14444  31.423  -58.763  -31.991 0.3000000119
14470  31.526  -58.795  -33.698 0.3000000119
14454  31.409  -58.805  -32.832 0.3000000119
15366  32.517  -57.725  -34.712 0.3000000119
96245  33.187  -56.987  -35.042 0.3000000119
15306  31.948  -58.002  -31.045 0.3000000119
15332  31.739  -58.200  -32.474 0.3000000119
15321  31.802  -58.091  -31.704 0.3000000119
14490  31.923  -58.233  -34.150 0.3000000119
15354  31.801  -58.229  -33.293 0.3000000119
15331  32.186  -57.638  -32.192 0.3000000119
95676  32.152  -57.804  -32.907 0.3000000119
15365  33.006  -57.237  -33.959 0.3000000119
15353  32.346  -57.740  -33.663 0.3000000119
16251  33.690  -56.218  -34.938 0.3000000119
17106  34.604  -55.188  -35.275 0.3000000119
17879  36.084  -54.596  -35.002 0.3000000119
15320  32.214  -57.488  -31.351 0.3000000119
97396  33.581  -56.633  -34.169 0.3000000119
16233  34.216  -56.389  -33.570 0.3000000119
17091  34.998  -55.449  -34.485 0.3000000119
19582  38.264  -53.196  -37.532 0.3000000119
16211  33.389  -56.754  -32.342 0.3000000119
97139  33.119  -56.585  -31.495 0.3000000119
16234  33.559  -56.799  -33.257 0.3000000119
16250  34.678  -56.035  -33.999 0.3000000119
18668  37.373  -53.690  -35.889 0.3000000119
18682  38.720  -53.649  -36.963 0.3000000119
18698  37.638  -53.184  -39.108 0.3000000119
16210  34.409  -56.465  -32.692 0.3000000119
17090  35.803  -55.374  -34.470 0.3000000119
102014  37.101  -54.351  -35.366 0.3000000119
14491  31.685  -58.785  -34.438 0.3000000119
100422  31.295  -59.481  -33.265 0.3000000119
13600  31.449  -59.430  -34.158 0.3000000119
10501  37.018  -63.101  -37.690 0.4000000060
10523  35.763  -63.311  -39.508 0.3000000119
11293  36.983  -62.371  -37.474 0.4000000060
12045  36.737  -62.330  -36.969 0.4000000060
13628  32.720  -59.613  -35.762 0.3000000119
14502  32.063  -58.418  -34.982 0.3000000119
16197  32.689  -57.101  -31.833 0.3000000119
16212  32.780  -57.327  -32.881 0.3000000119
16232  35.087  -56.297  -33.311 0.3000000119
17115  33.867  -55.943  -36.633 0.4000000060
17858  42.773  -55.068  -33.524 0.3000000119
17859  42.060  -55.689  -33.937 0.3000000119
17898  37.794  -54.822  -35.484 0.3000000119
17900  35.715  -54.109  -35.646 0.4000000060
17914  35.436  -54.005  -36.585 0.4000000060
17935  36.464  -54.009  -39.640 0.4000000060
17943  36.125  -53.950  -40.146 0.4000000060
17951  31.314  -52.891  -41.129 0.3000000119
18639  44.437  -53.649  -33.382 0.3000000119
18653  44.253  -53.499  -33.806 0.3000000119
18683  37.804  -53.347  -36.672 0.3000000119
18715  31.105  -52.512  -39.414 0.5000000000
18724  29.584  -51.769  -40.919 0.5000000000
19597  41.077  -52.379  -37.587 0.3000000119
19617  40.732  -51.990  -38.269 0.4000000060
19618  39.562  -52.204  -38.645 0.4000000060
19634  34.698  -51.536  -40.503 0.5000000000
19637  31.024  -50.646  -40.887 0.5000000000
19642  30.495  -50.938  -41.099 0.6000000238
20461  46.320  -51.070  -33.381 0.3000000119
20480  46.174  -50.664  -33.751 0.3000000119
20488  33.183  -51.812  -33.409 0.5000000000
20541  35.190  -49.982  -39.329 0.4000000060
20554  40.504  -51.342  -38.459 0.4000000060
20570  34.825  -50.278  -40.130 0.4000000060
21415  44.062  -50.502  -33.205 0.3000000119
22334  33.794  -49.230  -32.299 0.6000000238
22349  46.529  -50.214  -33.672 0.3000000119
22391  40.965  -49.968  -37.303 0.4000000060
22410  40.613  -48.803  -38.244 0.5000000000
22417  37.686  -48.833  -39.262 0.4000000060
23181  43.897  -48.997  -32.325 0.3000000119
23225  37.192  -48.586  -36.429 0.6999999881
23250  39.778  -47.373  -39.131 0.4000000060
24077  38.184  -47.631  -38.918 0.6000000238
24855  40.085  -45.470  -36.294 0.6000000238
24869  37.940  -46.411  -36.378 0.6999999881
24877  40.331  -45.808  -38.783 0.5000000000
24885  39.818  -45.795  -39.072 0.6000000238
25608  33.382  -45.224  -32.302 0.6000000238
25650  40.418  -44.186  -36.970 0.5000000000
25651  38.698  -44.255  -36.932 0.6000000238
26481  40.154  -44.131  -38.015 0.6000000238
26482  39.986  -43.945  -37.963 0.6000000238
26483  39.619  -43.925  -37.883 0.6000000238
26489  40.121  -44.542  -38.340 0.6000000238
27226  39.997  -43.451  -37.616 0.6000000238
27228  39.382  -42.889  -36.996 0.5000000000
27964  39.417  -42.358  -36.032 0.4000000060
102280  34.811  -57.804  -40.254 0.3000000119
103374  43.750  -54.313  -32.767 0.3000000119
103624  32.698  -50.159  -32.076 0.5000000000
103898  34.754  -55.798  -38.593 0.4000000060
104192  45.474  -49.857  -33.307 0.3000000119
105165  34.038  -56.182  -34.283 0.3000000119
105387  40.092  -50.707  -38.627 0.4000000060
106776  31.939  -53.389  -34.306 0.4000000060
107767  36.780  -63.308  -37.202 0.3000000119
108007  30.279  -47.391  -36.354 0.5000000000
108719  39.164  -44.133  -37.682 0.6000000238
110582  45.843  -49.358  -32.891 0.3000000119
