#!ascii label  , from subject sub-v1s1x0050650_ses-1 vox2ras=TkReg
201
62793  24.287  -0.830  -38.296 0.0000000000
111442  23.227  -9.656  -36.666 0.0000000000
67504  23.209  5.282  -39.420 0.0000000000
73748  21.400  13.301  -38.985 0.0000000000
54535  22.172  -10.855  -37.098 0.0000000000
69070  25.106  7.600  -38.122 0.0000000000
102174  24.174  9.234  -38.305 0.0000000000
60328  22.959  -3.249  -39.754 0.0000000000
106227  23.716  -5.500  -38.507 0.0000000000
99259  25.093  -2.965  -37.839 0.0000000000
64382  25.907  1.453  -37.412 0.0000000000
95285  26.544  -0.973  -36.832 0.0000000000
102666  23.790  2.008  -39.609 0.0000000000
102862  25.346  4.257  -37.681 0.0000000000
72135  21.763  11.453  -38.980 0.0000000000
72924  24.023  12.144  -39.097 0.0000000000
57009  24.432  -7.347  -36.704 0.0000000000
107022  23.071  8.051  -38.643 0.0000000000
70570  23.641  9.533  -38.549 0.0000000000
61153  23.369  -2.124  -39.235 0.0000000000
105863  23.848  -2.934  -38.889 0.0000000000
61984  24.367  -1.690  -38.208 0.0000000000
54543  22.388  -10.038  -37.098 0.0000000000
65952  23.414  3.658  -39.668 0.0000000000
65943  24.596  3.698  -38.435 0.0000000000
66697  24.100  4.611  -38.825 0.0000000000
69797  26.107  8.549  -37.543 0.0000000000
69063  25.946  7.390  -37.683 0.0000000000
73731  21.007  13.493  -38.116 0.0000000000
71355  20.560  11.030  -37.497 0.0000000000
72153  21.744  12.557  -39.364 0.0000000000
73789  22.836  14.006  -41.335 0.0000000000
73774  24.332  13.953  -40.630 0.0000000000
72943  23.348  12.709  -39.875 0.0000000000
72942  24.392  13.155  -39.459 0.0000000000
72908  24.558  12.002  -38.227 0.0000000000
58672  24.800  -5.269  -37.565 0.0000000000
57814  23.569  -6.397  -38.282 0.0000000000
53654  21.958  -11.582  -36.733 0.0000000000
101908  23.823  6.384  -38.517 0.0000000000
68335  23.562  7.017  -38.712 0.0000000000
69806  24.892  8.360  -38.226 0.0000000000
70557  25.284  9.360  -37.750 0.0000000000
58698  23.034  -5.769  -39.716 0.0000000000
59487  23.179  -4.451  -39.355 0.0000000000
59473  24.359  -4.220  -38.458 0.0000000000
59463  25.420  -4.729  -37.414 0.0000000000
63584  24.887  0.446  -37.899 0.0000000000
61978  24.925  -1.093  -37.693 0.0000000000
62783  26.194  -0.005  -37.063 0.0000000000
62803  23.285  -0.393  -39.864 0.0000000000
64415  23.191  1.194  -40.697 0.0000000000
63595  23.807  0.457  -39.270 0.0000000000
102894  24.829  2.029  -38.229 0.0000000000
102588  25.516  3.070  -37.681 0.0000000000
65930  26.349  3.800  -37.069 0.0000000000
67497  25.389  6.116  -37.874 0.0000000000
67496  26.154  5.451  -37.345 0.0000000000
98046  21.979  9.798  -38.414 0.0000000000
73758  22.219  13.595  -40.305 0.0000000000
72152  22.450  12.046  -39.614 0.0000000000
72134  22.762  11.139  -39.282 0.0000000000
71374  23.333  10.354  -38.846 0.0000000000
71373  23.923  10.369  -38.736 0.0000000000
72115  24.673  11.126  -37.842 0.0000000000
57020  22.780  -7.802  -38.331 0.0000000000
57830  22.536  -6.715  -39.022 0.0000000000
61133  25.540  -2.321  -37.396 0.0000000000
60296  26.231  -3.406  -37.020 0.0000000000
102532  23.040  8.740  -38.662 0.0000000000
61985  23.749  -1.441  -38.741 0.0000000000
61144  23.859  -2.151  -38.595 0.0000000000
52780  21.709  -13.019  -36.024 0.0000000000
52796  21.505  -12.064  -36.311 0.0000000000
66698  23.570  4.375  -39.407 0.0000000000
70540  26.174  9.144  -37.425 0.0000000000
72909  20.529  12.811  -37.483 0.0000000000
72925  21.249  12.489  -38.333 0.0000000000
73757  23.918  13.710  -40.152 0.0000000000
73747  25.162  13.300  -39.042 0.0000000000
57812  25.037  -5.782  -36.937 0.0000000000
55387  22.018  -9.522  -37.661 0.0000000000
68336  22.731  6.628  -38.922 0.0000000000
69071  23.238  7.506  -38.661 0.0000000000
69807  24.211  8.593  -38.446 0.0000000000
69799  24.766  9.004  -38.127 0.0000000000
70558  24.554  9.604  -38.018 0.0000000000
74454  21.279  13.917  -38.604 0.0000000000
103062  22.941  -3.985  -39.595 0.0000000000
60307  24.484  -3.380  -38.425 0.0000000000
106179  23.978  -3.688  -38.807 0.0000000000
60298  24.963  -3.814  -37.992 0.0000000000
59464  24.853  -4.523  -37.865 0.0000000000
64383  25.192  1.324  -37.849 0.0000000000
63583  25.612  0.655  -37.464 0.0000000000
62003  22.920  -1.136  -40.208 0.0000000000
65163  23.236  2.710  -40.054 0.0000000000
102116  23.377  1.822  -40.228 0.0000000000
64406  23.629  1.200  -39.901 0.0000000000
64394  24.114  1.353  -39.281 0.0000000000
64384  24.520  1.100  -38.538 0.0000000000
65155  24.348  2.107  -38.884 0.0000000000
65146  24.944  2.881  -38.129 0.0000000000
65932  25.101  3.655  -37.829 0.0000000000
65931  25.745  3.684  -37.466 0.0000000000
66686  25.922  4.492  -37.361 0.0000000000
68329  24.554  6.842  -38.305 0.0000000000
67498  24.520  5.876  -38.229 0.0000000000
68327  26.233  6.521  -37.499 0.0000000000
111634  26.733  5.332  -36.927 0.0000000000
71376  21.522  10.658  -38.071 0.0000000000
70559  21.082  10.069  -37.820 0.0000000000
71375  22.431  10.410  -38.729 0.0000000000
73775  23.415  13.864  -40.840 0.0000000000
72961  22.961  13.420  -40.457 0.0000000000
72151  23.269  11.831  -39.468 0.0000000000
72133  23.655  11.131  -39.192 0.0000000000
72132  24.140  11.146  -38.649 0.0000000000
72923  25.357  12.668  -38.150 0.0000000000
108866  25.098  11.890  -37.601 0.0000000000
72114  25.489  11.227  -37.280 0.0000000000
56226  21.913  -8.095  -38.317 0.0000000000
58689  23.228  -5.083  -38.972 0.0000000000
97917  23.067  -6.032  -39.037 0.0000000000
57018  24.133  -6.939  -37.494 0.0000000000
57010  23.812  -7.707  -37.235 0.0000000000
61977  25.724  -0.931  -37.234 0.0000000000
105391  25.410  -1.626  -37.403 0.0000000000
61976  26.032  -1.720  -37.064 0.0000000000
69072  22.523  7.150  -38.648 0.0000000000
103274  23.635  8.756  -38.556 0.0000000000
70569  24.129  9.807  -38.384 0.0000000000
61163  22.944  -2.282  -39.835 0.0000000000
99019  23.299  -2.880  -39.450 0.0000000000
61143  24.447  -2.546  -38.297 0.0000000000
53653  22.633  -11.366  -36.470 0.0000000000
54534  22.929  -10.585  -36.579 0.0000000000
54522  23.522  -11.065  -36.011 0.0000000000
65144  26.206  2.109  -37.240 0.0000000000
64365  26.567  1.504  -36.939 0.0000000000
65953  22.734  3.706  -40.201 0.0000000000
65156  23.973  2.862  -39.405 0.0000000000
99298  24.486  2.958  -38.780 0.0000000000
65944  24.101  3.690  -39.137 0.0000000000
102984  24.785  4.396  -38.101 0.0000000000
69069  25.649  8.129  -37.786 0.0000000000
68328  25.461  6.901  -37.904 0.0000000000
69062  26.477  7.944  -37.421 0.0000000000
72116  21.054  11.718  -37.676 0.0000000000
99057  24.679  12.728  -38.741 0.0000000000
58673  24.211  -5.660  -38.049 0.0000000000
57813  24.419  -6.090  -37.521 0.0000000000
54536  21.521  -10.629  -36.943 0.0000000000
54544  21.743  -10.063  -37.216 0.0000000000
55386  22.566  -9.405  -37.418 0.0000000000
108310  22.631  6.019  -39.433 0.0000000000
111313  23.143  5.899  -39.197 0.0000000000
98185  23.201  6.355  -38.960 0.0000000000
68334  24.146  7.799  -38.609 0.0000000000
69798  25.464  8.777  -37.830 0.0000000000
71352  25.853  9.743  -37.408 0.0000000000
110406  23.007  -5.006  -39.433 0.0000000000
60316  23.435  -3.631  -39.279 0.0000000000
59474  23.654  -4.292  -38.889 0.0000000000
97475  23.857  -4.815  -38.597 0.0000000000
58680  24.338  -5.006  -38.208 0.0000000000
58671  25.468  -5.249  -37.137 0.0000000000
63594  24.215  0.066  -38.380 0.0000000000
102982  24.698  -0.311  -37.915 0.0000000000
62784  25.329  -0.202  -37.522 0.0000000000
63582  26.241  0.862  -37.151 0.0000000000
62775  27.143  -0.187  -36.681 0.0000000000
109285  23.088  -1.724  -39.839 0.0000000000
61993  23.324  -1.270  -39.549 0.0000000000
62794  23.719  -0.560  -38.939 0.0000000000
63611  23.281  0.444  -40.283 0.0000000000
107858  24.655  2.495  -38.490 0.0000000000
65145  25.533  2.257  -37.699 0.0000000000
105602  26.160  2.929  -37.304 0.0000000000
108563  26.724  3.223  -36.843 0.0000000000
67503  23.702  5.669  -38.694 0.0000000000
66688  24.488  5.125  -38.340 0.0000000000
66687  25.258  5.101  -37.853 0.0000000000
73759  21.721  13.401  -39.756 0.0000000000
70571  22.886  9.568  -38.657 0.0000000000
71354  24.298  10.315  -38.193 0.0000000000
71353  25.110  10.217  -37.628 0.0000000000
98741  26.044  10.521  -37.028 0.0000000000
56218  22.502  -8.798  -38.000 0.0000000000
56217  23.142  -8.919  -37.297 0.0000000000
57028  22.840  -7.107  -38.450 0.0000000000
57019  23.408  -7.316  -37.916 0.0000000000
93054  23.245  -8.205  -37.700 0.0000000000
61134  24.924  -2.048  -37.746 0.0000000000
61132  26.163  -2.536  -37.004 0.0000000000
100427  25.707  -2.975  -37.372 0.0000000000
60297  25.529  -3.599  -37.524 0.0000000000
59462  25.900  -4.194  -37.259 0.0000000000
66708  22.935  4.551  -39.891 0.0000000000
95621  25.337  -4.181  -37.628 0.0000000000
109914  23.619  8.176  -38.638 0.0000000000
