#!ascii label  , from subject sub-v1s1x0050643_ses-1 vox2ras=TkReg
875
134698  -37.493  -23.599  44.523 0.0000000000
48907  -19.806  -25.721  44.756 0.0000000000
48911  -29.245  -26.606  43.799 0.0000000000
117999  -39.790  -2.322  26.362 0.0000000000
70746  -46.501  -3.016  21.741 0.0000000000
45913  -13.047  -29.082  48.308 0.0000000000
114893  -36.561  -3.094  29.021 0.0000000000
54545  -38.402  -20.046  42.578 0.0000000000
48903  -33.867  -26.514  44.556 0.0000000000
48881  -16.487  -27.153  46.537 0.0000000000
44833  -16.778  -31.021  49.579 0.0000000000
127930  -33.939  -24.225  41.854 0.0000000000
54554  -34.576  -21.137  40.446 0.0000000000
49923  -24.613  -24.980  44.488 0.0000000000
50887  -30.571  -25.294  43.109 0.0000000000
61468  -34.648  -13.640  30.031 0.0000000000
65091  -36.661  -8.930  28.724 0.0000000000
66936  -39.290  -7.496  26.499 0.0000000000
40042  -10.951  -35.494  50.219 0.0000000000
37421  -8.257  -38.730  50.871 0.0000000000
55435  -32.760  -20.222  37.879 0.0000000000
58377  -32.023  -17.911  36.630 0.0000000000
58427  -32.420  -16.438  32.283 0.0000000000
41775  -14.098  -33.283  50.491 0.0000000000
47892  -19.870  -27.250  46.409 0.0000000000
120132  -21.697  -25.942  46.984 0.0000000000
49929  -36.087  -25.223  44.319 0.0000000000
50842  -18.344  -23.784  45.929 0.0000000000
48895  -17.951  -26.858  45.718 0.0000000000
46854  -18.407  -28.700  46.960 0.0000000000
51831  -34.299  -23.190  44.095 0.0000000000
50901  -32.358  -24.827  42.180 0.0000000000
64213  -32.659  -10.050  29.656 0.0000000000
64216  -35.443  -10.714  29.123 0.0000000000
66914  -33.496  -7.107  28.961 0.0000000000
68884  -37.630  -5.082  27.007 0.0000000000
69801  -39.286  -4.626  25.605 0.0000000000
67898  -41.597  -6.592  25.498 0.0000000000
69817  -41.596  -4.664  24.154 0.0000000000
134028  -42.535  -3.936  23.397 0.0000000000
56339  -31.818  -20.401  42.360 0.0000000000
54561  -34.151  -20.997  39.671 0.0000000000
122278  -30.702  -20.112  40.621 0.0000000000
58375  -28.999  -17.032  36.828 0.0000000000
59396  -29.021  -15.951  35.170 0.0000000000
58398  -31.577  -17.455  34.476 0.0000000000
60448  -30.098  -14.293  32.882 0.0000000000
61443  -30.737  -13.298  32.039 0.0000000000
49926  -27.120  -25.684  43.932 0.0000000000
42801  -11.615  -32.407  48.706 0.0000000000
43841  -13.029  -31.497  48.233 0.0000000000
111990  -8.690  -40.677  53.745 0.0000000000
34037  -7.254  -42.377  52.799 0.0000000000
69759  -34.570  -4.105  30.449 0.0000000000
56340  -36.781  -18.015  41.223 0.0000000000
127757  -31.537  -27.015  43.956 0.0000000000
47873  -14.733  -27.942  47.334 0.0000000000
44875  -14.913  -30.172  47.482 0.0000000000
45923  -16.960  -29.879  47.214 0.0000000000
70750  -47.370  -3.061  20.937 0.0000000000
50903  -35.675  -24.242  42.316 0.0000000000
51865  -36.501  -22.804  41.656 0.0000000000
52854  -35.069  -22.396  41.003 0.0000000000
51825  -20.177  -23.583  43.957 0.0000000000
50866  -22.082  -24.629  43.950 0.0000000000
51838  -22.242  -22.999  42.976 0.0000000000
51853  -25.339  -23.562  42.450 0.0000000000
49943  -27.672  -24.936  42.912 0.0000000000
50885  -28.960  -24.283  43.250 0.0000000000
48937  -29.914  -25.933  42.875 0.0000000000
120071  -31.789  -26.099  42.510 0.0000000000
49948  -34.287  -25.226  42.247 0.0000000000
59449  -36.699  -15.609  31.514 0.0000000000
67871  -35.906  -6.040  27.788 0.0000000000
66926  -38.102  -7.718  27.444 0.0000000000
68922  -44.817  -5.049  22.969 0.0000000000
38354  -9.699  -37.229  50.544 0.0000000000
37396  -9.789  -39.295  53.994 0.0000000000
116674  -37.219  -20.910  40.592 0.0000000000
55425  -35.970  -19.592  39.117 0.0000000000
56362  -35.422  -18.013  39.339 0.0000000000
57360  -29.424  -18.826  38.576 0.0000000000
56388  -32.100  -18.656  37.169 0.0000000000
58359  -33.993  -17.313  37.899 0.0000000000
59384  -33.798  -16.876  36.565 0.0000000000
59408  -34.982  -17.027  34.803 0.0000000000
58417  -35.992  -16.667  33.335 0.0000000000
59459  -33.668  -15.073  30.953 0.0000000000
62405  -31.945  -12.000  30.621 0.0000000000
49890  -24.064  -25.648  46.301 0.0000000000
41788  -9.840  -33.869  49.586 0.0000000000
40885  -12.348  -34.650  50.664 0.0000000000
42790  -15.327  -32.391  50.124 0.0000000000
33214  -5.748  -43.984  52.506 0.0000000000
47905  -19.723  -26.840  45.672 0.0000000000
48869  -20.669  -26.811  46.906 0.0000000000
48899  -20.984  -25.900  45.422 0.0000000000
50860  -36.733  -24.738  44.691 0.0000000000
50853  -18.772  -24.621  45.044 0.0000000000
49902  -18.454  -25.526  45.435 0.0000000000
48897  -19.439  -26.321  45.272 0.0000000000
47904  -19.294  -27.285  45.969 0.0000000000
66905  -32.614  -7.950  30.135 0.0000000000
65987  -33.124  -8.737  29.263 0.0000000000
123811  -33.167  -6.895  29.551 0.0000000000
71596  -39.293  -2.661  26.929 0.0000000000
70707  -38.416  -3.637  26.932 0.0000000000
69802  -39.572  -3.828  25.229 0.0000000000
69803  -39.938  -4.617  24.953 0.0000000000
70717  -40.014  -3.050  24.907 0.0000000000
70728  -40.737  -3.142  24.223 0.0000000000
56349  -31.357  -20.353  41.063 0.0000000000
124576  -28.311  -15.104  35.938 0.0000000000
59420  -29.452  -15.071  33.785 0.0000000000
61431  -29.305  -13.161  33.785 0.0000000000
61432  -29.758  -13.230  33.234 0.0000000000
48910  -28.433  -26.411  44.077 0.0000000000
48889  -28.003  -26.998  45.781 0.0000000000
47907  -29.274  -27.535  45.285 0.0000000000
44860  -12.107  -30.317  48.509 0.0000000000
44873  -13.148  -30.320  47.793 0.0000000000
69830  -46.624  -4.051  22.007 0.0000000000
34883  -7.844  -41.741  52.999 0.0000000000
54536  -38.625  -20.342  43.518 0.0000000000
111742  -38.058  -19.433  41.835 0.0000000000
47920  -32.706  -26.896  44.515 0.0000000000
48904  -34.242  -26.693  45.382 0.0000000000
48855  -16.445  -26.265  46.718 0.0000000000
48854  -15.692  -26.057  47.422 0.0000000000
48853  -15.184  -26.270  48.077 0.0000000000
47874  -15.281  -27.688  46.945 0.0000000000
45929  -15.734  -29.214  46.903 0.0000000000
46865  -16.891  -28.558  46.420 0.0000000000
46841  -19.109  -28.372  48.446 0.0000000000
116686  -18.544  -28.889  47.925 0.0000000000
50911  -34.936  -24.325  41.746 0.0000000000
51863  -35.129  -23.479  41.347 0.0000000000
51862  -34.718  -23.326  41.466 0.0000000000
52810  -20.567  -21.746  45.125 0.0000000000
51826  -20.853  -23.105  43.691 0.0000000000
52812  -21.975  -21.594  44.253 0.0000000000
52837  -24.570  -22.305  43.039 0.0000000000
52839  -26.277  -22.284  43.233 0.0000000000
51854  -26.218  -23.867  42.448 0.0000000000
51842  -27.487  -23.442  42.780 0.0000000000
119658  -30.485  -24.763  43.908 0.0000000000
50871  -29.744  -24.446  43.617 0.0000000000
50886  -29.392  -24.827  43.033 0.0000000000
49935  -30.212  -25.679  42.840 0.0000000000
48922  -31.053  -26.239  42.690 0.0000000000
49936  -31.196  -25.630  42.655 0.0000000000
50902  -33.058  -24.611  41.954 0.0000000000
49947  -32.912  -25.289  41.880 0.0000000000
49965  -34.136  -24.651  41.800 0.0000000000
49949  -35.175  -24.924  42.441 0.0000000000
59461  -35.225  -14.716  30.669 0.0000000000
60487  -36.779  -14.299  30.634 0.0000000000
61469  -36.422  -13.598  30.212 0.0000000000
65081  -35.771  -9.975  28.930 0.0000000000
121256  -36.887  -11.345  29.543 0.0000000000
70681  -35.738  -3.176  30.154 0.0000000000
69773  -34.712  -4.718  28.668 0.0000000000
68863  -36.025  -4.315  28.173 0.0000000000
67884  -38.336  -6.514  26.418 0.0000000000
67874  -37.760  -6.936  26.921 0.0000000000
66935  -38.472  -7.355  26.773 0.0000000000
66006  -39.569  -8.435  27.994 0.0000000000
69825  -44.160  -4.585  22.942 0.0000000000
70739  -43.738  -3.567  22.728 0.0000000000
70740  -44.615  -3.665  22.509 0.0000000000
40041  -10.016  -35.882  49.966 0.0000000000
39235  -9.422  -36.436  50.232 0.0000000000
39236  -10.205  -36.500  50.363 0.0000000000
38327  -10.798  -38.080  53.864 0.0000000000
36546  -9.521  -39.655  55.637 0.0000000000
52863  -36.094  -22.207  40.618 0.0000000000
52857  -36.763  -22.159  41.028 0.0000000000
53745  -36.009  -21.531  40.058 0.0000000000
54582  -33.039  -20.828  38.497 0.0000000000
120353  -35.055  -20.240  38.724 0.0000000000
54584  -34.654  -19.869  38.254 0.0000000000
56375  -35.556  -18.935  38.964 0.0000000000
55436  -33.962  -19.400  37.789 0.0000000000
57349  -28.604  -18.042  39.210 0.0000000000
57378  -29.705  -17.464  36.272 0.0000000000
134652  -30.171  -18.676  37.495 0.0000000000
57380  -31.273  -18.361  36.692 0.0000000000
57361  -32.984  -18.010  37.165 0.0000000000
58369  -33.148  -17.777  37.103 0.0000000000
59366  -34.039  -16.905  37.983 0.0000000000
118926  -32.643  -17.547  36.470 0.0000000000
113199  -32.037  -17.229  33.663 0.0000000000
58400  -33.532  -17.419  34.614 0.0000000000
123814  -33.903  -17.370  33.768 0.0000000000
58401  -34.756  -17.209  33.907 0.0000000000
122323  -33.997  -16.776  32.229 0.0000000000
58441  -34.296  -16.318  31.684 0.0000000000
59445  -32.341  -15.734  31.587 0.0000000000
63278  -31.272  -11.748  31.971 0.0000000000
62387  -31.447  -12.268  31.342 0.0000000000
63289  -31.608  -11.472  31.247 0.0000000000
50867  -22.990  -24.605  43.850 0.0000000000
49906  -23.391  -25.227  45.687 0.0000000000
49907  -24.344  -25.346  45.400 0.0000000000
127633  -12.393  -32.750  48.789 0.0000000000
41791  -12.134  -33.514  49.211 0.0000000000
40886  -13.044  -34.042  50.640 0.0000000000
43843  -15.961  -31.150  48.527 0.0000000000
123174  -15.386  -31.615  48.727 0.0000000000
43816  -16.350  -31.555  50.136 0.0000000000
47861  -20.205  -27.383  48.469 0.0000000000
48856  -20.825  -26.909  47.921 0.0000000000
49873  -21.869  -26.086  47.746 0.0000000000
49874  -22.626  -26.003  48.011 0.0000000000
134596  -35.145  -25.913  44.551 0.0000000000
48913  -34.874  -26.290  45.016 0.0000000000
115470  -17.217  -24.303  47.164 0.0000000000
48882  -17.286  -26.046  46.151 0.0000000000
120929  -17.159  -27.212  46.127 0.0000000000
46866  -17.562  -28.431  46.331 0.0000000000
46872  -17.883  -27.718  45.918 0.0000000000
120395  -19.470  -27.825  46.970 0.0000000000
51844  -33.571  -24.070  42.239 0.0000000000
52840  -34.518  -22.689  42.201 0.0000000000
50872  -31.356  -24.780  43.944 0.0000000000
50900  -31.787  -25.092  42.492 0.0000000000
50890  -32.797  -24.400  42.551 0.0000000000
63313  -33.329  -11.311  29.496 0.0000000000
62423  -34.378  -11.965  29.447 0.0000000000
134236  -33.830  -10.236  29.139 0.0000000000
65988  -34.034  -9.038  28.816 0.0000000000
65995  -34.698  -8.321  28.508 0.0000000000
124995  -36.981  -3.766  27.648 0.0000000000
69786  -37.854  -3.669  27.361 0.0000000000
68885  -38.242  -5.450  26.402 0.0000000000
67897  -39.397  -6.092  25.712 0.0000000000
66947  -40.655  -7.282  26.031 0.0000000000
115170  -40.227  -6.058  25.471 0.0000000000
131022  -41.288  -5.334  24.667 0.0000000000
68908  -42.132  -5.370  24.397 0.0000000000
69823  -41.872  -3.975  23.689 0.0000000000
70733  -42.183  -3.252  23.380 0.0000000000
40034  -11.720  -35.844  51.585 0.0000000000
39230  -11.298  -36.530  51.895 0.0000000000
39219  -12.144  -36.460  53.708 0.0000000000
54552  -33.638  -21.140  40.767 0.0000000000
55414  -32.832  -20.949  40.900 0.0000000000
55413  -32.254  -20.843  40.263 0.0000000000
55412  -31.318  -20.577  39.817 0.0000000000
58356  -28.216  -16.236  38.252 0.0000000000
59383  -28.324  -15.585  36.581 0.0000000000
134605  -29.078  -16.716  36.206 0.0000000000
58386  -30.138  -17.328  35.363 0.0000000000
58387  -31.159  -17.648  35.302 0.0000000000
58397  -30.448  -17.028  34.363 0.0000000000
119714  -30.358  -16.287  33.601 0.0000000000
59433  -31.035  -15.565  32.302 0.0000000000
59444  -31.501  -15.174  31.672 0.0000000000
60458  -30.709  -14.456  32.168 0.0000000000
49924  -25.379  -25.086  44.199 0.0000000000
49908  -25.344  -25.566  45.033 0.0000000000
48900  -26.532  -26.483  45.627 0.0000000000
121809  -12.284  -31.916  48.490 0.0000000000
42788  -13.310  -32.668  48.989 0.0000000000
36574  -8.532  -39.832  51.907 0.0000000000
36587  -7.580  -39.629  51.578 0.0000000000
35790  -7.548  -40.852  52.056 0.0000000000
34895  -7.264  -41.705  52.325 0.0000000000
34894  -6.419  -41.817  52.285 0.0000000000
57327  -36.501  -17.298  41.669 0.0000000000
47919  -30.574  -27.269  44.112 0.0000000000
47908  -30.264  -27.747  45.183 0.0000000000
46839  -14.174  -26.974  48.832 0.0000000000
46838  -14.039  -27.853  48.026 0.0000000000
45920  -14.205  -29.451  47.417 0.0000000000
45921  -15.006  -29.289  47.168 0.0000000000
44876  -15.797  -30.322  47.491 0.0000000000
44863  -16.803  -30.432  48.052 0.0000000000
45931  -17.287  -29.125  46.652 0.0000000000
45914  -17.472  -29.993  48.188 0.0000000000
45902  -17.749  -29.991  49.239 0.0000000000
71616  -46.801  -2.592  21.316 0.0000000000
50891  -36.740  -23.938  43.570 0.0000000000
133382  -37.197  -22.960  43.149 0.0000000000
126822  -36.223  -23.525  42.210 0.0000000000
51874  -35.665  -22.790  40.992 0.0000000000
52855  -35.070  -21.597  40.618 0.0000000000
52848  -35.060  -21.967  41.933 0.0000000000
53731  -34.951  -21.628  41.450 0.0000000000
54553  -33.944  -21.053  41.631 0.0000000000
55396  -32.370  -20.593  42.774 0.0000000000
49918  -19.574  -25.026  44.468 0.0000000000
49904  -21.045  -25.265  44.497 0.0000000000
50880  -20.770  -23.980  43.632 0.0000000000
121856  -22.360  -24.004  43.202 0.0000000000
50882  -23.454  -24.170  43.166 0.0000000000
111652  -22.945  -21.645  43.971 0.0000000000
52836  -23.840  -22.598  42.817 0.0000000000
50883  -24.374  -24.284  43.067 0.0000000000
50897  -26.195  -24.517  42.833 0.0000000000
49933  -27.403  -25.316  43.302 0.0000000000
49934  -28.085  -25.483  43.244 0.0000000000
51828  -28.060  -22.849  43.573 0.0000000000
50899  -28.298  -24.691  42.811 0.0000000000
49944  -28.639  -25.362  43.050 0.0000000000
48920  -29.608  -26.228  43.177 0.0000000000
47928  -30.825  -26.725  43.270 0.0000000000
47929  -31.489  -26.537  43.012 0.0000000000
48912  -33.217  -26.500  43.765 0.0000000000
49946  -32.130  -25.432  42.261 0.0000000000
48940  -32.609  -25.861  42.357 0.0000000000
48924  -34.032  -25.736  43.060 0.0000000000
49937  -34.918  -25.519  43.164 0.0000000000
125558  -35.867  -24.627  42.973 0.0000000000
51803  -18.949  -23.225  45.283 0.0000000000
62425  -36.475  -12.083  29.726 0.0000000000
68860  -33.800  -5.640  28.871 0.0000000000
121629  -34.818  -6.644  28.274 0.0000000000
66917  -36.167  -7.555  28.024 0.0000000000
68874  -36.988  -5.463  27.243 0.0000000000
67872  -36.342  -6.750  27.628 0.0000000000
65997  -37.027  -8.299  28.382 0.0000000000
65998  -38.168  -8.701  28.657 0.0000000000
68932  -45.570  -5.136  22.834 0.0000000000
70741  -45.337  -3.729  22.367 0.0000000000
72444  -45.616  -1.680  22.261 0.0000000000
39234  -8.680  -36.613  50.404 0.0000000000
37422  -8.744  -38.261  50.701 0.0000000000
38342  -10.376  -37.685  51.849 0.0000000000
37408  -9.938  -38.236  51.958 0.0000000000
36575  -9.187  -39.505  52.414 0.0000000000
119996  -9.148  -39.958  53.892 0.0000000000
122001  -37.474  -22.406  42.794 0.0000000000
53739  -37.480  -21.436  41.395 0.0000000000
54555  -37.919  -20.330  41.237 0.0000000000
53751  -35.878  -20.860  39.502 0.0000000000
54563  -37.008  -20.221  39.950 0.0000000000
55404  -37.748  -19.402  40.891 0.0000000000
55415  -36.731  -18.755  39.987 0.0000000000
56350  -36.054  -18.109  40.037 0.0000000000
131835  -35.473  -17.467  40.213 0.0000000000
56359  -29.710  -19.368  39.965 0.0000000000
56371  -30.760  -19.715  38.322 0.0000000000
57359  -29.033  -18.140  38.064 0.0000000000
56386  -30.241  -19.207  38.147 0.0000000000
56372  -31.975  -19.442  37.592 0.0000000000
56373  -33.208  -18.906  37.475 0.0000000000
57351  -34.293  -17.268  38.508 0.0000000000
58389  -33.207  -17.231  36.144 0.0000000000
59385  -34.585  -16.621  36.370 0.0000000000
58443  -36.168  -16.148  31.940 0.0000000000
59448  -35.259  -15.462  31.126 0.0000000000
61467  -33.889  -13.850  30.180 0.0000000000
60469  -32.287  -14.807  31.117 0.0000000000
61465  -32.682  -13.539  30.496 0.0000000000
62406  -32.736  -12.703  30.083 0.0000000000
63312  -32.421  -10.730  29.834 0.0000000000
65065  -32.366  -9.105  30.426 0.0000000000
121637  -21.775  -25.276  45.284 0.0000000000
49889  -23.173  -25.529  46.585 0.0000000000
48886  -25.518  -26.269  46.526 0.0000000000
40049  -10.692  -35.008  49.761 0.0000000000
41806  -10.554  -32.778  49.133 0.0000000000
40894  -10.982  -34.330  49.431 0.0000000000
40043  -11.596  -35.388  50.764 0.0000000000
40871  -12.761  -34.953  51.744 0.0000000000
43856  -14.483  -31.028  48.033 0.0000000000
43842  -14.440  -31.867  48.672 0.0000000000
42789  -14.638  -32.764  50.063 0.0000000000
33188  -6.533  -43.323  55.203 0.0000000000
33204  -6.382  -43.546  52.832 0.0000000000
118805  -5.390  -41.862  52.317 0.0000000000
52831  -37.788  -22.941  44.355 0.0000000000
48898  -20.160  -26.270  45.210 0.0000000000
48884  -20.463  -26.621  45.938 0.0000000000
134200  -20.442  -25.714  44.770 0.0000000000
50876  -36.967  -24.054  44.275 0.0000000000
49903  -19.154  -25.656  45.027 0.0000000000
66893  -32.866  -7.167  30.260 0.0000000000
67846  -33.365  -6.421  30.877 0.0000000000
70708  -38.942  -3.211  26.702 0.0000000000
70716  -39.440  -2.985  25.913 0.0000000000
60437  -29.139  -14.198  34.073 0.0000000000
48902  -28.148  -26.775  44.895 0.0000000000
47917  -28.917  -26.936  44.637 0.0000000000
45900  -12.838  -28.691  49.304 0.0000000000
45912  -12.715  -29.832  48.088 0.0000000000
55390  -38.236  -19.155  42.654 0.0000000000
47911  -33.468  -26.929  45.406 0.0000000000
48868  -15.971  -26.722  46.826 0.0000000000
47859  -15.387  -26.808  47.171 0.0000000000
47875  -15.974  -27.464  46.689 0.0000000000
46864  -16.038  -28.415  46.669 0.0000000000
47891  -16.667  -27.869  46.394 0.0000000000
131719  -34.567  -24.029  41.640 0.0000000000
117230  -21.034  -22.059  44.204 0.0000000000
52829  -26.662  -21.793  44.165 0.0000000000
52828  -25.674  -21.667  43.942 0.0000000000
51841  -26.685  -23.206  42.622 0.0000000000
51827  -27.188  -22.528  43.399 0.0000000000
112862  -29.940  -25.072  43.146 0.0000000000
48938  -30.656  -25.986  42.639 0.0000000000
50910  -33.311  -24.849  41.817 0.0000000000
49966  -34.638  -24.808  41.961 0.0000000000
60486  -35.898  -14.240  30.430 0.0000000000
125557  -35.533  -13.568  30.072 0.0000000000
65090  -36.038  -9.278  28.739 0.0000000000
65082  -36.719  -9.725  28.998 0.0000000000
118672  -37.433  -9.087  28.881 0.0000000000
69767  -35.968  -3.508  29.099 0.0000000000
132110  -38.744  -7.047  26.386 0.0000000000
66928  -39.911  -8.144  27.125 0.0000000000
127193  -43.985  -1.965  22.508 0.0000000000
133265  -10.444  -35.515  49.952 0.0000000000
128471  -10.496  -35.909  50.223 0.0000000000
53744  -35.480  -21.256  39.952 0.0000000000
54583  -33.757  -20.399  38.202 0.0000000000
58376  -30.887  -18.006  36.111 0.0000000000
57373  -32.317  -18.140  36.931 0.0000000000
113476  -32.898  -17.693  36.931 0.0000000000
58414  -32.461  -16.955  33.034 0.0000000000
122345  -32.992  -17.362  33.738 0.0000000000
58415  -33.330  -17.000  32.784 0.0000000000
58440  -33.314  -16.299  31.754 0.0000000000
50868  -23.978  -24.614  43.750 0.0000000000
49922  -23.662  -24.927  44.703 0.0000000000
41792  -12.945  -33.280  49.410 0.0000000000
41774  -13.378  -33.580  50.178 0.0000000000
41757  -13.726  -33.830  50.944 0.0000000000
44849  -16.540  -30.925  48.702 0.0000000000
43830  -16.163  -31.402  49.234 0.0000000000
37420  -7.903  -38.662  50.881 0.0000000000
53725  -38.511  -21.284  43.912 0.0000000000
47877  -20.120  -27.356  47.429 0.0000000000
48885  -21.181  -26.197  46.466 0.0000000000
48870  -21.308  -26.350  47.415 0.0000000000
49888  -22.345  -25.666  46.999 0.0000000000
49928  -35.393  -25.633  44.078 0.0000000000
126879  -35.710  -25.759  44.959 0.0000000000
51792  -18.228  -23.321  46.873 0.0000000000
50830  -17.700  -24.255  46.476 0.0000000000
48883  -18.106  -26.084  45.754 0.0000000000
49886  -17.725  -25.269  45.918 0.0000000000
124731  -18.431  -27.135  45.749 0.0000000000
128435  -19.241  -27.676  46.342 0.0000000000
51845  -34.105  -23.347  42.762 0.0000000000
51830  -33.419  -23.883  43.388 0.0000000000
64214  -33.290  -10.483  29.365 0.0000000000
65994  -33.720  -8.063  28.857 0.0000000000
114133  -37.383  -3.327  27.861 0.0000000000
70698  -38.064  -3.125  27.734 0.0000000000
69796  -38.628  -4.568  26.271 0.0000000000
68893  -38.971  -5.375  25.842 0.0000000000
128582  -38.744  -6.038  25.993 0.0000000000
68894  -39.693  -5.358  25.408 0.0000000000
68907  -40.737  -4.620  24.512 0.0000000000
68895  -40.471  -5.330  25.001 0.0000000000
71606  -41.341  -2.395  23.998 0.0000000000
70732  -41.463  -3.231  23.721 0.0000000000
55403  -32.852  -20.870  41.780 0.0000000000
59405  -28.565  -15.161  35.258 0.0000000000
59395  -28.714  -15.958  35.874 0.0000000000
58385  -29.344  -16.683  35.586 0.0000000000
58396  -29.581  -16.472  34.777 0.0000000000
59421  -29.959  -15.348  33.238 0.0000000000
59422  -30.659  -15.995  32.943 0.0000000000
59432  -30.412  -15.173  32.614 0.0000000000
62364  -30.212  -12.453  33.332 0.0000000000
49925  -26.195  -25.477  44.258 0.0000000000
48908  -26.867  -26.048  44.775 0.0000000000
43840  -12.290  -31.104  48.239 0.0000000000
128267  -12.922  -32.184  48.588 0.0000000000
42802  -13.626  -32.045  48.636 0.0000000000
36563  -8.819  -40.227  52.841 0.0000000000
35779  -8.161  -40.630  52.147 0.0000000000
34884  -8.348  -41.058  52.871 0.0000000000
34027  -7.469  -42.342  53.609 0.0000000000
34051  -6.853  -42.323  52.466 0.0000000000
56334  -37.780  -18.505  42.327 0.0000000000
56333  -37.043  -17.895  42.037 0.0000000000
115533  -31.096  -27.603  44.769 0.0000000000
113881  -31.851  -27.523  45.071 0.0000000000
47858  -14.692  -27.049  47.746 0.0000000000
128577  -14.720  -26.468  48.677 0.0000000000
46852  -14.454  -28.628  47.346 0.0000000000
45930  -16.518  -29.242  46.718 0.0000000000
45922  -16.164  -29.839  47.112 0.0000000000
44877  -16.391  -30.270  47.526 0.0000000000
46867  -18.221  -28.311  46.287 0.0000000000
45932  -17.878  -28.833  46.634 0.0000000000
46840  -18.709  -28.931  48.977 0.0000000000
45915  -18.118  -29.456  48.543 0.0000000000
51846  -36.318  -24.109  42.961 0.0000000000
51873  -35.179  -22.842  41.039 0.0000000000
51864  -35.832  -23.205  41.415 0.0000000000
52862  -35.575  -22.085  40.621 0.0000000000
126577  -34.673  -22.853  41.527 0.0000000000
52841  -35.134  -21.816  42.926 0.0000000000
54542  -33.962  -20.888  43.124 0.0000000000
129555  -34.216  -20.955  42.372 0.0000000000
54543  -34.557  -21.329  41.698 0.0000000000
51812  -19.482  -24.026  44.432 0.0000000000
50864  -20.146  -24.454  44.015 0.0000000000
52826  -21.584  -22.549  43.509 0.0000000000
51837  -21.519  -23.547  43.348 0.0000000000
51839  -23.230  -23.415  42.778 0.0000000000
52847  -25.041  -22.820  42.611 0.0000000000
52846  -24.438  -22.833  42.638 0.0000000000
51851  -24.124  -23.373  42.609 0.0000000000
51852  -24.740  -23.942  42.622 0.0000000000
50884  -25.267  -24.387  42.948 0.0000000000
50896  -25.548  -24.082  42.577 0.0000000000
50898  -26.913  -24.380  42.668 0.0000000000
49942  -26.950  -24.846  42.968 0.0000000000
48918  -27.929  -25.816  43.706 0.0000000000
50870  -29.513  -23.727  44.252 0.0000000000
51816  -29.187  -22.900  45.021 0.0000000000
51829  -28.801  -23.294  43.898 0.0000000000
51815  -28.438  -22.456  44.650 0.0000000000
51843  -28.227  -23.820  43.020 0.0000000000
49945  -29.430  -25.451  42.960 0.0000000000
130680  -28.938  -24.955  42.849 0.0000000000
48936  -29.284  -25.830  43.076 0.0000000000
47927  -30.048  -26.752  43.550 0.0000000000
48921  -30.349  -26.288  42.937 0.0000000000
47930  -32.363  -26.500  43.178 0.0000000000
124878  -33.563  -25.111  41.840 0.0000000000
48941  -33.398  -25.542  42.276 0.0000000000
48923  -33.232  -26.120  42.978 0.0000000000
50875  -36.375  -24.586  43.744 0.0000000000
51813  -19.776  -22.841  44.765 0.0000000000
59435  -37.016  -16.016  32.199 0.0000000000
60488  -37.636  -14.277  30.847 0.0000000000
60473  -37.887  -14.792  31.274 0.0000000000
63314  -35.156  -11.394  29.282 0.0000000000
62424  -35.514  -12.096  29.529 0.0000000000
63315  -36.056  -11.315  29.380 0.0000000000
68849  -33.986  -4.687  29.945 0.0000000000
68862  -35.458  -5.176  28.214 0.0000000000
121402  -34.517  -5.600  28.468 0.0000000000
130631  -35.272  -6.074  28.084 0.0000000000
67864  -35.611  -6.797  27.923 0.0000000000
133642  -37.211  -4.789  27.263 0.0000000000
120594  -36.727  -4.405  27.552 0.0000000000
112364  -37.475  -7.360  27.434 0.0000000000
67873  -37.055  -6.565  27.259 0.0000000000
66918  -36.937  -7.432  27.722 0.0000000000
66919  -37.703  -8.000  27.999 0.0000000000
66005  -38.579  -8.322  28.085 0.0000000000
65999  -39.212  -8.701  28.723 0.0000000000
66948  -41.319  -7.236  25.968 0.0000000000
68921  -43.553  -5.227  23.703 0.0000000000
129038  -45.075  -5.510  23.348 0.0000000000
69828  -45.028  -4.452  22.621 0.0000000000
72443  -44.766  -1.869  22.411 0.0000000000
71612  -45.245  -2.764  22.267 0.0000000000
38353  -8.879  -37.456  50.475 0.0000000000
38348  -9.251  -37.861  50.662 0.0000000000
39224  -11.664  -36.787  52.928 0.0000000000
38343  -10.923  -37.229  52.358 0.0000000000
37397  -10.236  -38.637  53.486 0.0000000000
38334  -10.524  -38.008  52.801 0.0000000000
132084  -9.992  -38.558  52.700 0.0000000000
115813  -9.549  -38.885  52.110 0.0000000000
37407  -9.720  -39.106  52.995 0.0000000000
36564  -9.381  -39.645  53.218 0.0000000000
36545  -9.078  -40.048  55.325 0.0000000000
126773  -36.884  -22.901  42.473 0.0000000000
52849  -37.177  -22.262  41.921 0.0000000000
134690  -37.049  -21.576  40.839 0.0000000000
129643  -35.083  -20.719  39.337 0.0000000000
54575  -36.310  -20.290  39.410 0.0000000000
55426  -36.651  -19.520  39.587 0.0000000000
130337  -37.612  -20.073  40.466 0.0000000000
55416  -37.255  -19.430  40.200 0.0000000000
56374  -34.891  -18.713  38.419 0.0000000000
57350  -29.179  -18.835  39.668 0.0000000000
56370  -29.870  -19.422  39.009 0.0000000000
56360  -30.444  -20.000  39.556 0.0000000000
58368  -28.793  -17.188  37.659 0.0000000000
122350  -28.545  -17.344  38.482 0.0000000000
57372  -31.312  -18.689  37.048 0.0000000000
56387  -31.072  -19.164  37.526 0.0000000000
121225  -32.821  -18.538  37.255 0.0000000000
58358  -33.580  -17.666  37.308 0.0000000000
57362  -33.784  -17.931  37.520 0.0000000000
58348  -34.719  -16.974  39.529 0.0000000000
59374  -33.796  -16.903  37.293 0.0000000000
58388  -32.339  -17.557  35.569 0.0000000000
58390  -34.096  -17.078  35.541 0.0000000000
58416  -35.202  -16.937  33.165 0.0000000000
58402  -35.538  -16.849  34.067 0.0000000000
58403  -36.302  -16.488  34.163 0.0000000000
58430  -36.459  -16.400  32.686 0.0000000000
58429  -35.639  -16.555  32.479 0.0000000000
59447  -33.892  -15.720  31.235 0.0000000000
124634  -34.615  -15.802  31.294 0.0000000000
59460  -34.419  -15.080  30.900 0.0000000000
60484  -33.813  -14.517  30.599 0.0000000000
60459  -31.415  -14.145  31.518 0.0000000000
62388  -32.020  -12.921  30.803 0.0000000000
63301  -32.484  -11.649  29.974 0.0000000000
120738  -31.890  -11.021  30.506 0.0000000000
64187  -32.125  -9.597  31.134 0.0000000000
130989  -21.391  -24.752  44.035 0.0000000000
49920  -21.768  -24.944  44.522 0.0000000000
113513  -23.058  -25.761  47.307 0.0000000000
49875  -23.797  -25.817  47.103 0.0000000000
49892  -25.796  -26.033  45.791 0.0000000000
49891  -24.971  -25.832  46.011 0.0000000000
128928  -26.096  -26.690  46.833 0.0000000000
47896  -30.467  -28.095  46.193 0.0000000000
40892  -9.543  -34.624  49.796 0.0000000000
40893  -10.226  -34.419  49.583 0.0000000000
42800  -10.991  -32.150  48.865 0.0000000000
42787  -10.461  -32.237  49.466 0.0000000000
41807  -11.047  -32.925  48.878 0.0000000000
40895  -11.815  -34.184  49.675 0.0000000000
41790  -11.335  -33.615  49.137 0.0000000000
40050  -11.418  -34.893  49.998 0.0000000000
40035  -12.162  -35.280  51.388 0.0000000000
44874  -13.911  -30.250  47.605 0.0000000000
43829  -15.727  -31.936  49.711 0.0000000000
42803  -14.976  -32.193  49.420 0.0000000000
123894  -14.153  -32.470  49.213 0.0000000000
33203  -6.060  -44.320  53.412 0.0000000000
34049  -5.466  -42.862  52.145 0.0000000000
49887  -21.756  -25.673  46.200 0.0000000000
50841  -18.136  -24.700  45.709 0.0000000000
48896  -18.696  -26.399  45.504 0.0000000000
112411  -19.042  -26.960  45.653 0.0000000000
65986  -32.615  -8.537  29.901 0.0000000000
65079  -33.375  -9.696  29.227 0.0000000000
66906  -32.978  -7.757  29.529 0.0000000000
69797  -39.050  -3.837  26.124 0.0000000000
69815  -40.268  -3.850  24.560 0.0000000000
69816  -41.052  -3.916  24.041 0.0000000000
71604  -40.694  -2.389  24.711 0.0000000000
55402  -32.057  -20.601  41.455 0.0000000000
56338  -31.249  -20.106  42.079 0.0000000000
115382  -30.583  -19.669  41.647 0.0000000000
59406  -29.082  -15.342  34.478 0.0000000000
60447  -29.603  -14.221  33.459 0.0000000000
48909  -27.641  -26.257  44.411 0.0000000000
48901  -27.362  -26.658  45.234 0.0000000000
47906  -28.604  -27.203  45.357 0.0000000000
44872  -12.619  -30.489  48.050 0.0000000000
43854  -12.891  -30.863  47.957 0.0000000000
68933  -46.421  -4.901  22.474 0.0000000000
128098  -47.175  -4.744  22.105 0.0000000000
35760  -8.335  -41.016  54.634 0.0000000000
129171  -8.273  -41.267  53.644 0.0000000000
34875  -7.913  -41.693  54.090 0.0000000000
56341  -37.542  -18.611  41.445 0.0000000000
47912  -34.026  -26.964  46.120 0.0000000000
49871  -16.632  -25.400  46.841 0.0000000000
49856  -16.160  -25.263  47.720 0.0000000000
49837  -15.549  -25.514  48.482 0.0000000000
46853  -15.196  -28.547  46.968 0.0000000000
46855  -19.007  -28.334  47.433 0.0000000000
50912  -35.520  -23.776  41.741 0.0000000000
126816  -20.392  -22.625  44.284 0.0000000000
52827  -22.299  -22.149  43.445 0.0000000000
114412  -23.943  -21.841  43.648 0.0000000000
129604  -24.866  -21.847  43.671 0.0000000000
52838  -25.383  -22.236  43.141 0.0000000000
51840  -25.841  -22.976  42.562 0.0000000000
128529  -26.977  -23.889  42.452 0.0000000000
51855  -27.560  -24.264  42.651 0.0000000000
50854  -30.246  -24.166  44.499 0.0000000000
48939  -31.361  -25.920  42.497 0.0000000000
49964  -32.725  -24.987  41.889 0.0000000000
60471  -36.146  -14.999  30.970 0.0000000000
60472  -37.164  -14.947  31.121 0.0000000000
61470  -37.302  -13.623  30.397 0.0000000000
64217  -36.292  -10.548  29.179 0.0000000000
69766  -35.207  -3.659  29.782 0.0000000000
69765  -34.600  -4.275  29.370 0.0000000000
69774  -35.303  -4.174  28.775 0.0000000000
67883  -37.614  -6.022  26.778 0.0000000000
66927  -38.926  -8.069  27.275 0.0000000000
69824  -43.214  -4.271  23.214 0.0000000000
70738  -42.903  -3.356  23.005 0.0000000000
71611  -44.289  -2.734  22.465 0.0000000000
40040  -9.549  -35.551  49.955 0.0000000000
52856  -36.153  -22.674  41.056 0.0000000000
53746  -36.590  -21.596  40.468 0.0000000000
54572  -33.632  -20.932  39.001 0.0000000000
54573  -34.410  -20.540  38.787 0.0000000000
55437  -35.311  -19.592  38.714 0.0000000000
56363  -36.131  -18.791  39.412 0.0000000000
57371  -29.478  -17.850  37.167 0.0000000000
57379  -30.347  -18.209  36.770 0.0000000000
134272  -30.764  -18.550  36.986 0.0000000000
58370  -33.601  -17.426  37.306 0.0000000000
58378  -33.303  -17.226  36.775 0.0000000000
58399  -32.612  -17.472  34.587 0.0000000000
127590  -34.285  -17.297  34.553 0.0000000000
121795  -34.346  -17.104  33.002 0.0000000000
58428  -34.775  -16.680  32.324 0.0000000000
59446  -33.090  -15.436  31.167 0.0000000000
62376  -30.900  -12.406  32.018 0.0000000000
61452  -31.381  -13.137  31.442 0.0000000000
49921  -22.592  -24.952  44.861 0.0000000000
41808  -11.659  -33.054  48.848 0.0000000000
41773  -12.612  -33.887  49.940 0.0000000000
44861  -15.459  -30.869  47.995 0.0000000000
47860  -19.643  -27.888  48.925 0.0000000000
117631  -20.886  -26.937  48.920 0.0000000000
48857  -21.409  -26.442  48.359 0.0000000000
49927  -34.584  -25.960  44.047 0.0000000000
49872  -17.070  -24.928  46.552 0.0000000000
129608  -17.246  -28.003  46.179 0.0000000000
47903  -18.695  -27.650  45.986 0.0000000000
46868  -18.861  -28.155  46.578 0.0000000000
47876  -19.596  -27.870  47.930 0.0000000000
51856  -34.257  -23.483  41.896 0.0000000000
131929  -30.872  -25.040  43.742 0.0000000000
50888  -31.255  -25.105  43.052 0.0000000000
50889  -31.937  -24.562  42.965 0.0000000000
121900  -32.629  -24.278  43.420 0.0000000000
62422  -33.344  -12.139  29.700 0.0000000000
61486  -34.974  -12.887  29.675 0.0000000000
64215  -34.341  -10.789  29.173 0.0000000000
112584  -34.288  -9.891  28.976 0.0000000000
126857  -34.992  -10.151  28.977 0.0000000000
65080  -35.092  -9.327  28.695 0.0000000000
65996  -35.871  -8.448  28.465 0.0000000000
69784  -36.618  -3.526  28.182 0.0000000000
69785  -37.401  -4.152  27.320 0.0000000000
69795  -38.027  -4.407  26.893 0.0000000000
67886  -39.931  -6.905  25.911 0.0000000000
66937  -40.271  -7.660  26.453 0.0000000000
119340  -40.773  -6.738  25.620 0.0000000000
68896  -41.025  -5.999  25.185 0.0000000000
68909  -42.529  -4.728  23.779 0.0000000000
39237  -10.962  -36.105  50.882 0.0000000000
54560  -33.259  -21.068  40.027 0.0000000000
54571  -32.871  -21.059  39.319 0.0000000000
55424  -32.209  -20.846  38.921 0.0000000000
55423  -31.496  -20.280  38.554 0.0000000000
58374  -28.460  -16.310  37.221 0.0000000000
58384  -28.705  -16.341  36.535 0.0000000000
111418  -31.834  -17.760  36.103 0.0000000000
59407  -29.792  -15.962  34.015 0.0000000000
58412  -31.064  -16.841  33.580 0.0000000000
58413  -31.585  -16.464  32.784 0.0000000000
59434  -31.730  -15.890  32.078 0.0000000000
61442  -30.231  -13.323  32.675 0.0000000000
124449  -30.921  -11.839  32.752 0.0000000000
49909  -26.161  -25.914  45.109 0.0000000000
48888  -27.181  -26.901  46.110 0.0000000000
43828  -11.276  -31.349  48.926 0.0000000000
44859  -11.707  -30.988  48.574 0.0000000000
43839  -11.669  -31.636  48.636 0.0000000000
41793  -13.760  -33.022  49.707 0.0000000000
44834  -17.327  -30.460  49.930 0.0000000000
36589  -8.327  -39.301  51.257 0.0000000000
36588  -7.914  -39.209  51.132 0.0000000000
35791  -7.871  -39.992  51.615 0.0000000000
35789  -7.289  -40.396  51.908 0.0000000000
34896  -7.840  -41.229  52.417 0.0000000000
34903  -7.010  -41.197  52.054 0.0000000000
35778  -6.501  -40.892  52.256 0.0000000000
69760  -35.097  -3.543  30.964 0.0000000000
70682  -36.170  -2.762  30.489 0.0000000000
70685  -36.326  -2.922  29.709 0.0000000000
47918  -29.702  -27.244  44.390 0.0000000000
47909  -31.167  -27.880  45.599 0.0000000000
46821  -13.565  -27.654  49.277 0.0000000000
46820  -13.412  -28.360  48.619 0.0000000000
45919  -13.409  -29.603  47.716 0.0000000000
46837  -13.706  -28.794  47.786 0.0000000000
124678  -15.534  -29.789  47.212 0.0000000000
44862  -16.191  -30.734  47.995 0.0000000000
44850  -17.174  -30.551  48.921 0.0000000000
45924  -17.819  -29.351  47.328 0.0000000000
51832  -37.237  -23.387  43.789 0.0000000000
51847  -36.775  -23.482  43.031 0.0000000000
53732  -34.965  -21.388  42.382 0.0000000000
49919  -20.245  -25.188  44.276 0.0000000000
50865  -20.803  -24.672  43.917 0.0000000000
50881  -21.464  -24.271  43.617 0.0000000000
112680  -22.011  -21.024  45.109 0.0000000000
111292  -23.015  -22.329  43.085 0.0000000000
50895  -23.977  -23.902  42.812 0.0000000000
50869  -24.905  -24.708  43.602 0.0000000000
49931  -25.781  -24.872  43.499 0.0000000000
49932  -26.619  -25.131  43.385 0.0000000000
51814  -27.643  -22.004  44.341 0.0000000000
48919  -28.743  -25.988  43.351 0.0000000000
112121  -33.796  -26.179  43.701 0.0000000000
49938  -35.674  -25.139  43.436 0.0000000000
116921  -18.761  -22.727  46.339 0.0000000000
61487  -35.980  -12.848  29.890 0.0000000000
62407  -36.926  -12.865  30.041 0.0000000000
68837  -33.630  -5.455  30.584 0.0000000000
67862  -33.472  -6.264  29.191 0.0000000000
67863  -33.978  -6.413  28.632 0.0000000000
68861  -34.002  -4.879  28.965 0.0000000000
66915  -34.282  -7.353  28.513 0.0000000000
66916  -35.243  -7.536  28.237 0.0000000000
68873  -36.283  -5.253  27.742 0.0000000000
111573  -36.494  -6.026  27.479 0.0000000000
69829  -45.818  -4.297  22.377 0.0000000000
70742  -45.953  -3.366  22.133 0.0000000000
71613  -46.004  -2.347  21.966 0.0000000000
38347  -8.191  -37.380  50.680 0.0000000000
38352  -8.246  -38.157  50.690 0.0000000000
37416  -8.725  -38.805  51.054 0.0000000000
39229  -10.523  -37.066  51.188 0.0000000000
37417  -9.866  -37.788  51.140 0.0000000000
111252  -9.323  -38.484  51.191 0.0000000000
36590  -8.963  -39.175  51.580 0.0000000000
36554  -9.439  -39.772  54.778 0.0000000000
36553  -8.900  -40.336  54.660 0.0000000000
54544  -37.975  -20.769  42.090 0.0000000000
132914  -38.172  -20.150  41.910 0.0000000000
54562  -36.502  -20.938  39.950 0.0000000000
54574  -35.635  -20.244  39.056 0.0000000000
56352  -37.204  -18.700  40.650 0.0000000000
56351  -36.578  -18.202  40.523 0.0000000000
57340  -36.028  -17.500  40.861 0.0000000000
56348  -30.080  -19.522  40.741 0.0000000000
57337  -29.439  -18.759  40.802 0.0000000000
57363  -34.218  -18.179  37.894 0.0000000000
56361  -34.698  -17.421  38.980 0.0000000000
57339  -34.965  -17.149  39.938 0.0000000000
121115  -35.508  -16.997  40.559 0.0000000000
115603  -33.169  -17.382  35.354 0.0000000000
58431  -37.140  -16.234  32.879 0.0000000000
58442  -35.241  -16.194  31.672 0.0000000000
113454  -35.910  -15.737  31.414 0.0000000000
60485  -34.520  -14.329  30.428 0.0000000000
60470  -33.141  -14.692  30.821 0.0000000000
61453  -32.081  -13.820  30.999 0.0000000000
123009  -32.703  -14.203  30.768 0.0000000000
60483  -33.256  -14.055  30.461 0.0000000000
61466  -33.273  -13.452  30.122 0.0000000000
61485  -33.862  -13.007  29.723 0.0000000000
64201  -32.151  -10.039  30.352 0.0000000000
65974  -32.475  -8.440  30.427 0.0000000000
65966  -32.657  -7.947  30.771 0.0000000000
49905  -22.500  -25.320  45.981 0.0000000000
49876  -24.726  -26.019  46.972 0.0000000000
48873  -26.185  -26.849  47.601 0.0000000000
48872  -25.468  -26.508  47.301 0.0000000000
48871  -24.818  -26.344  47.827 0.0000000000
47895  -29.600  -27.934  46.093 0.0000000000
40048  -10.058  -35.190  49.778 0.0000000000
41789  -10.536  -33.565  49.278 0.0000000000
40026  -12.364  -35.562  52.156 0.0000000000
43855  -13.519  -30.897  47.905 0.0000000000
133049  -13.819  -31.474  48.265 0.0000000000
42780  -15.250  -32.709  50.807 0.0000000000
42779  -14.676  -33.054  50.777 0.0000000000
70747  -47.193  -3.641  21.486 0.0000000000
34026  -6.991  -42.824  54.372 0.0000000000
34036  -6.939  -42.972  53.351 0.0000000000
33196  -6.549  -43.744  54.051 0.0000000000
132212  -6.774  -42.818  52.724 0.0000000000
34050  -6.244  -42.655  52.413 0.0000000000
113098  -5.256  -43.415  52.031 0.0000000000
34048  -4.930  -42.563  51.941 0.0000000000
34893  -4.870  -41.682  52.171 0.0000000000
65078  -32.578  -9.343  29.761 0.0000000000
67855  -33.229  -6.228  29.954 0.0000000000
67885  -39.029  -6.708  26.063 0.0000000000
68848  -33.600  -5.453  29.510 0.0000000000
130694  -24.718  -23.321  42.505 0.0000000000
130994  -35.157  -14.121  30.305 0.0000000000
132094  -36.592  -10.947  29.362 0.0000000000
132390  -12.069  -36.309  53.058 0.0000000000
133107  -24.218  -26.047  47.603 0.0000000000
134613  -26.050  -26.504  46.219 0.0000000000
