#!ascii label  , from subject sub-v1s1x0050643_ses-1 vox2ras=TkReg
1893
7430  -40.536  -77.291  -16.637 0.1000000015
7438  -39.855  -77.300  -18.135 0.1000000015
6823  -38.775  -78.541  -18.249 0.1000000015
7453  -39.414  -77.071  -18.922 0.1000000015
7452  -38.704  -77.271  -19.470 0.1000000015
8033  -39.024  -76.838  -19.225 0.1000000015
7470  -37.804  -77.508  -19.893 0.1000000015
121436  -38.172  -76.145  -18.108 0.1000000015
133439  -37.251  -76.036  -17.697 0.1000000015
8032  -37.457  -76.572  -18.667 0.1000000015
8013  -36.503  -76.239  -17.763 0.1000000015
115721  -37.193  -75.133  -16.541 0.1000000015
7997  -36.642  -75.623  -16.895 0.1000000015
8012  -35.635  -76.462  -17.803 0.1000000015
119344  -35.843  -75.403  -16.440 0.1000000015
9742  -35.320  -73.666  -15.492 0.1000000015
8628  -35.006  -75.564  -16.541 0.1000000015
125585  -35.100  -76.125  -17.210 0.1000000015
8631  -41.318  -75.356  -16.789 0.1000000015
7439  -40.392  -76.920  -17.580 0.1000000015
8017  -40.949  -75.781  -17.200 0.1000000015
7454  -39.984  -76.603  -18.243 0.1000000015
9213  -41.036  -75.149  -17.210 0.1000000015
8651  -40.584  -75.596  -17.525 0.1000000015
8034  -39.539  -76.507  -18.574 0.1000000015
8650  -40.161  -75.470  -17.579 0.1000000015
8649  -38.930  -75.897  -17.987 0.1000000015
8630  -39.166  -75.284  -17.328 0.1000000015
8629  -38.021  -74.972  -16.771 0.1000000015
11054  -37.892  -71.959  -20.578 0.1000000015
10392  -36.347  -72.397  -19.133 0.1000000015
11019  -36.982  -71.901  -18.582 0.1000000015
10374  -36.285  -72.231  -18.029 0.1000000015
10356  -35.674  -72.511  -16.306 0.1000000015
10337  -35.472  -72.969  -15.716 0.1000000015
9743  -36.136  -73.287  -15.530 0.1000000015
9184  -36.211  -73.997  -15.506 0.1000000015
129000  -35.635  -74.356  -15.630 0.1000000015
8605  -35.381  -74.902  -15.979 0.1000000015
9169  -42.585  -74.689  -15.033 0.1000000015
9750  -43.385  -73.250  -16.249 0.2000000030
9189  -42.977  -73.911  -15.640 0.2000000030
8609  -41.953  -75.377  -15.479 0.1000000015
10344  -44.013  -72.616  -16.394 0.1000000015
9202  -41.912  -74.113  -16.762 0.1000000015
9188  -42.313  -74.460  -16.124 0.1000000015
9749  -42.683  -73.304  -16.769 0.1000000015
17285  -43.384  -63.068  -20.471 0.1000000015
15693  -42.943  -64.783  -21.748 0.1000000015
9767  -42.147  -73.464  -16.787 0.1000000015
9200  -40.984  -74.491  -17.005 0.1000000015
9199  -40.026  -74.525  -16.817 0.1000000015
15692  -42.301  -64.918  -22.336 0.1000000015
14885  -42.121  -65.919  -22.283 0.1000000015
14108  -42.125  -66.961  -22.213 0.1000000015
128353  -42.167  -67.757  -22.098 0.1000000015
12633  -42.213  -68.984  -21.516 0.1000000015
11826  -41.139  -69.773  -21.471 0.1000000015
9765  -40.808  -73.874  -16.571 0.1000000015
130411  -39.936  -73.454  -16.034 0.1000000015
133717  -37.978  -74.504  -16.243 0.1000000015
13382  -41.530  -68.231  -22.206 0.1000000015
11825  -40.371  -69.316  -22.351 0.1000000015
12632  -41.285  -69.080  -21.932 0.1000000015
11056  -39.264  -71.230  -20.672 0.1000000015
11805  -40.136  -70.721  -20.113 0.1000000015
11785  -40.215  -70.600  -19.018 0.1000000015
11000  -38.450  -71.223  -17.393 0.1000000015
9187  -38.970  -73.759  -15.988 0.1000000015
8607  -37.407  -74.582  -16.117 0.1000000015
124169  -40.252  -70.122  -21.825 0.1000000015
11037  -38.645  -71.527  -20.172 0.1000000015
11021  -38.478  -71.309  -18.562 0.1000000015
10985  -37.572  -71.903  -16.251 0.1000000015
10973  -37.125  -72.480  -15.788 0.1000000015
11036  -38.124  -71.716  -19.605 0.1000000015
11020  -37.702  -71.727  -18.961 0.1000000015
118365  -37.719  -71.564  -17.983 0.1000000015
10357  -36.630  -72.235  -16.323 0.1000000015
127725  -36.851  -72.963  -15.480 0.1000000015
8606  -36.417  -74.806  -16.008 0.1000000015
9751  -44.006  -72.805  -15.653 0.1000000015
9170  -43.237  -74.072  -14.555 0.1000000015
9725  -43.823  -73.404  -13.095 0.2000000030
9768  -43.397  -72.798  -16.916 0.1000000015
132912  -42.913  -62.131  -19.615 0.1000000015
17292  -42.931  -63.184  -21.482 0.1000000015
10358  -42.683  -72.780  -17.074 0.1000000015
10343  -41.728  -72.613  -16.455 0.1000000015
10342  -40.823  -72.520  -15.918 0.1000000015
14886  -42.953  -65.811  -21.636 0.1000000015
14109  -43.017  -66.867  -21.718 0.1000000015
13384  -42.961  -67.769  -21.759 0.1000000015
9747  -40.613  -73.146  -15.981 0.1000000015
13376  -43.395  -68.493  -21.171 0.1000000015
12618  -41.881  -69.488  -21.294 0.1000000015
120634  -41.100  -70.397  -19.450 0.1000000015
11774  -41.101  -70.572  -18.415 0.1000000015
11740  -40.156  -70.804  -16.989 0.1000000015
122179  -39.085  -71.517  -16.002 0.1000000015
9746  -39.140  -72.889  -15.604 0.1000000015
10974  -37.815  -72.284  -15.768 0.1000000015
9744  -37.386  -73.458  -15.545 0.1000000015
12530  -43.476  -69.697  -15.729 0.1000000015
11712  -43.803  -70.535  -15.067 0.1000000015
11724  -44.066  -70.405  -16.091 0.1000000015
11725  -44.356  -71.008  -15.720 0.1000000015
11713  -44.311  -71.309  -14.746 0.1000000015
10964  -44.456  -71.752  -14.144 0.2000000030
11698  -44.192  -71.440  -13.739 0.2000000030
131263  -44.538  -71.828  -14.831 0.2000000030
10321  -44.365  -72.405  -13.297 0.2000000030
9716  -44.171  -72.837  -12.764 0.2000000030
10345  -44.438  -72.057  -16.456 0.1000000015
113300  -44.487  -71.321  -16.539 0.1000000015
10990  -44.301  -71.776  -17.249 0.1000000015
10359  -43.430  -72.414  -17.391 0.1000000015
18090  -43.488  -62.710  -19.475 0.1000000015
17286  -44.019  -64.145  -20.080 0.1000000015
16474  -44.936  -64.436  -19.393 0.1000000015
117694  -44.786  -64.931  -20.043 0.1000000015
10360  -44.008  -72.348  -17.116 0.1000000015
10989  -42.738  -72.125  -17.340 0.1000000015
18074  -42.559  -61.645  -18.610 0.1000000015
18056  -42.715  -61.854  -17.526 0.1000000015
17293  -43.398  -63.874  -20.958 0.1000000015
16481  -43.961  -64.640  -20.492 0.1000000015
14104  -43.775  -67.732  -21.103 0.1000000015
14105  -44.457  -67.241  -20.583 0.1000000015
12620  -43.659  -69.280  -20.539 0.1000000015
118792  -43.697  -70.670  -19.241 0.1000000015
11755  -41.826  -70.811  -18.033 0.1000000015
11003  -42.076  -71.389  -17.448 0.1000000015
10977  -40.952  -71.874  -16.154 0.1000000015
18089  -42.467  -61.549  -19.687 0.1000000015
11807  -41.889  -69.858  -20.671 0.1000000015
11787  -42.970  -70.440  -19.502 0.1000000015
11002  -41.055  -70.813  -17.524 0.1000000015
10976  -40.021  -71.402  -16.089 0.1000000015
18858  -41.975  -60.949  -19.184 0.1000000015
18850  -41.457  -60.590  -18.524 0.1000000015
18857  -41.382  -60.805  -19.360 0.1000000015
19600  -40.990  -60.154  -17.848 0.1000000015
13330  -43.156  -67.948  -16.394 0.1000000015
13320  -43.217  -68.832  -16.134 0.1000000015
14076  -43.490  -67.174  -16.594 0.1000000015
13343  -43.586  -67.882  -17.117 0.1000000015
12512  -42.973  -69.719  -14.882 0.1000000015
114984  -43.887  -70.953  -14.178 0.1000000015
14084  -43.999  -67.238  -17.346 0.1000000015
12553  -43.827  -69.497  -16.703 0.1000000015
10956  -44.104  -71.529  -12.957 0.2000000030
122677  -44.133  -68.015  -17.837 0.1000000015
12575  -43.879  -68.739  -17.442 0.1000000015
18828  -42.442  -61.491  -15.927 0.1000000015
18838  -42.933  -61.956  -16.486 0.1000000015
18057  -43.472  -62.451  -17.008 0.1000000015
18091  -43.774  -62.795  -18.488 0.1000000015
17280  -44.184  -63.291  -18.842 0.1000000015
16468  -44.992  -63.878  -18.770 0.1000000015
14085  -44.695  -67.340  -18.004 0.1000000015
13344  -44.308  -68.899  -18.235 0.1000000015
129161  -44.476  -71.201  -17.362 0.1000000015
18075  -43.235  -62.340  -18.019 0.1000000015
15685  -45.154  -65.906  -20.001 0.1000000015
14877  -45.586  -65.916  -19.233 0.1000000015
126928  -44.996  -66.811  -20.193 0.1000000015
11778  -44.300  -70.710  -18.660 0.1000000015
11004  -43.208  -71.886  -17.802 0.1000000015
18819  -41.950  -61.110  -15.301 0.1000000015
14882  -44.508  -66.303  -20.594 0.1000000015
14100  -44.765  -67.551  -19.931 0.1000000015
12605  -44.119  -69.848  -19.776 0.1000000015
11788  -44.061  -70.514  -19.255 0.1000000015
11777  -44.027  -71.088  -18.782 0.1000000015
11023  -43.735  -71.514  -18.269 0.1000000015
18837  -42.226  -61.379  -16.971 0.1000000015
18851  -42.085  -61.124  -18.090 0.1000000015
18827  -41.755  -60.928  -16.345 0.1000000015
18836  -41.603  -60.687  -17.468 0.1000000015
19591  -41.135  -60.306  -16.798 0.1000000015
19599  -40.515  -59.938  -17.154 0.1000000015
19610  -40.288  -60.144  -17.924 0.1000000015
13319  -42.761  -68.210  -15.633 0.1000000015
14854  -44.076  -66.511  -16.816 0.1000000015
15669  -44.443  -65.839  -16.143 0.1000000015
14844  -43.501  -66.390  -15.930 0.1000000015
14855  -44.991  -66.195  -17.091 0.1000000015
14845  -46.733  -65.915  -16.461 0.1000000015
14060  -42.492  -67.484  -14.986 0.1000000015
12499  -43.271  -70.374  -14.099 0.1000000015
115800  -46.113  -66.102  -17.712 0.1000000015
14856  -46.151  -66.030  -17.137 0.1000000015
11697  -43.652  -70.935  -13.263 0.2000000030
18076  -44.125  -62.916  -17.536 0.1000000015
112923  -44.677  -63.396  -18.119 0.1000000015
14086  -45.173  -67.201  -18.649 0.1000000015
14095  -44.564  -68.049  -18.622 0.1000000015
12498  -42.461  -69.523  -13.869 0.1000000015
12483  -42.350  -69.812  -12.836 0.2000000030
116530  -43.696  -62.465  -16.029 0.1000000015
15682  -46.036  -65.435  -18.675 0.1000000015
14876  -45.264  -66.808  -19.456 0.1000000015
121974  -44.853  -67.760  -19.258 0.1000000015
133301  -44.622  -68.309  -19.128 0.1000000015
19587  -41.213  -60.506  -15.600 0.1000000015
19590  -40.602  -60.034  -16.213 0.1000000015
128775  -40.080  -59.791  -16.614 0.1000000015
115162  -39.791  -59.894  -17.249 0.1000000015
14846  -47.598  -66.055  -16.000 0.1000000015
15659  -46.568  -65.975  -15.824 0.1000000015
118366  -45.271  -65.692  -15.545 0.1000000015
14847  -48.092  -66.019  -15.879 0.1000000015
15670  -45.695  -65.883  -16.454 0.1000000015
14843  -42.883  -66.667  -15.339 0.1000000015
14857  -46.881  -65.877  -16.662 0.1000000015
15658  -43.800  -65.808  -15.474 0.1000000015
13302  -42.426  -68.642  -14.772 0.1000000015
14873  -46.385  -65.620  -17.898 0.1000000015
14866  -47.269  -65.708  -16.725 0.1000000015
14834  -42.581  -66.473  -14.675 0.1000000015
18820  -42.612  -61.616  -15.002 0.1000000015
18829  -43.133  -62.001  -15.523 0.1000000015
18039  -43.822  -62.485  -15.113 0.1000000015
17269  -45.272  -63.525  -17.131 0.1000000015
17270  -45.654  -64.085  -17.979 0.1000000015
16453  -46.426  -64.693  -17.942 0.1000000015
15683  -46.571  -65.093  -18.043 0.1000000015
14865  -46.714  -65.769  -17.211 0.1000000015
133207  -42.164  -67.926  -14.454 0.1000000015
115295  -42.177  -61.312  -14.391 0.1000000015
16469  -45.834  -64.700  -18.631 0.1000000015
14872  -45.659  -66.211  -18.481 0.1000000015
12497  -41.927  -69.049  -13.182 0.1000000015
19583  -41.502  -60.819  -14.575 0.1000000015
19586  -40.492  -60.093  -15.277 0.1000000015
20364  -39.004  -59.823  -14.784 0.1000000015
20365  -39.962  -59.807  -15.849 0.1000000015
20363  -38.231  -59.874  -15.177 0.1000000015
14835  -48.335  -66.303  -15.198 0.1000000015
15644  -47.496  -66.356  -15.192 0.1000000015
15660  -48.445  -66.257  -15.162 0.1000000015
15643  -46.212  -65.927  -14.930 0.1000000015
15671  -47.737  -65.761  -16.352 0.1000000015
16422  -48.053  -65.701  -15.939 0.1000000015
15642  -44.733  -65.535  -14.461 0.1000000015
15657  -43.188  -66.016  -15.139 0.1000000015
16438  -47.364  -64.884  -16.921 0.1000000015
16439  -47.697  -65.295  -16.336 0.1000000015
18058  -44.359  -62.957  -16.545 0.1000000015
16437  -46.482  -64.373  -17.252 0.1000000015
17254  -46.981  -64.444  -16.596 0.1000000015
16421  -47.565  -64.839  -16.253 0.1000000015
132747  -43.639  -65.472  -14.145 0.1000000015
122846  -42.026  -67.212  -14.135 0.1000000015
18811  -41.749  -61.093  -13.690 0.1000000015
125678  -42.749  -61.714  -14.271 0.1000000015
18821  -43.224  -62.069  -14.652 0.1000000015
18040  -44.458  -62.921  -15.615 0.1000000015
17253  -46.141  -63.928  -16.410 0.1000000015
14822  -42.288  -66.140  -13.909 0.1000000015
19582  -40.955  -60.594  -13.761 0.1000000015
19581  -40.105  -60.225  -13.376 0.1000000015
20342  -39.301  -59.973  -12.958 0.1000000015
19585  -40.289  -60.163  -14.352 0.1000000015
20354  -39.384  -59.902  -13.996 0.1000000015
20353  -38.407  -59.784  -14.145 0.1000000015
20341  -38.649  -59.799  -13.368 0.1000000015
120720  -46.895  -64.350  -14.002 0.1000000015
118510  -47.816  -65.005  -14.630 0.1000000015
16398  -48.631  -65.898  -14.263 0.1000000015
14823  -48.386  -66.668  -14.528 0.1000000015
17229  -46.653  -64.202  -14.874 0.1000000015
15626  -47.227  -66.507  -14.367 0.1000000015
17241  -45.115  -63.293  -15.313 0.1000000015
17228  -45.516  -63.466  -14.703 0.1000000015
16406  -47.761  -64.986  -15.574 0.1000000015
15625  -46.018  -65.877  -13.953 0.1000000015
121570  -41.971  -61.341  -12.979 0.1000000015
18812  -42.488  -61.590  -13.522 0.1000000015
18024  -43.856  -62.496  -14.232 0.1000000015
17242  -45.919  -63.717  -15.537 0.1000000015
15624  -45.043  -65.498  -13.493 0.1000000015
19573  -41.376  -60.998  -12.903 0.1000000015
15640  -42.992  -65.729  -14.404 0.1000000015
14821  -41.765  -66.732  -13.363 0.1000000015
19572  -40.664  -60.593  -12.715 0.1000000015
19571  -39.962  -60.197  -12.438 0.1000000015
20328  -39.297  -59.854  -12.059 0.1000000015
20327  -38.463  -59.616  -12.480 0.1000000015
20313  -37.984  -59.146  -11.745 0.1000000015
20340  -37.715  -59.588  -13.255 0.1000000015
15645  -48.906  -66.667  -14.612 0.1000000015
14836  -48.922  -66.660  -14.531 0.1000000015
14824  -49.011  -67.142  -14.002 0.1000000015
112522  -48.133  -66.883  -13.782 0.1000000015
18805  -42.464  -61.635  -12.578 0.1000000015
18009  -44.444  -62.847  -13.892 0.1000000015
17213  -45.890  -63.609  -13.822 0.1000000015
111673  -41.214  -60.867  -12.018 0.1000000015
18804  -41.857  -61.282  -12.239 0.1000000015
18813  -43.222  -62.056  -13.811 0.1000000015
18025  -44.589  -62.966  -14.693 0.1000000015
19560  -40.518  -60.437  -11.785 0.1000000015
19559  -39.901  -60.057  -11.679 0.1000000015
20315  -39.507  -59.639  -11.270 0.1000000015
20292  -39.037  -59.143  -10.833 0.1000000015
20314  -38.744  -59.427  -11.555 0.1000000015
21081  -38.680  -58.501  -10.402 0.1000000015
21099  -38.317  -58.906  -11.032 0.1000000015
21098  -37.708  -58.667  -11.223 0.1000000015
17214  -46.632  -64.107  -13.141 0.1000000015
16388  -48.680  -65.812  -13.230 0.1000000015
15627  -49.149  -66.759  -13.804 0.1000000015
15614  -49.280  -66.652  -12.714 0.1000000015
17192  -45.716  -63.396  -12.797 0.1000000015
17212  -45.026  -63.216  -14.054 0.1000000015
114264  -41.238  -60.559  -11.111 0.1000000015
20316  -40.308  -60.009  -10.962 0.1000000015
20293  -39.771  -59.320  -10.646 0.1000000015
21080  -37.947  -58.292  -10.625 0.1000000015
21892  -37.540  -57.609  -10.308 0.1000000015
114443  -47.760  -64.915  -13.627 0.1000000015
18792  -41.788  -61.050  -11.541 0.1000000015
18793  -42.505  -61.497  -11.649 0.1000000015
18806  -43.123  -61.974  -12.944 0.1000000015
18008  -43.931  -62.473  -13.270 0.1000000015
17191  -44.890  -63.047  -13.243 0.1000000015
19538  -41.077  -59.893  -10.494 0.1000000015
20294  -40.475  -59.340  -10.385 0.1000000015
21082  -39.416  -58.696  -10.301 0.1000000015
21876  -38.334  -57.817  -9.987 0.1000000015
17193  -46.437  -63.703  -12.194 0.1000000015
17996  -44.413  -62.621  -12.466 0.1000000015
17997  -45.068  -62.979  -12.456 0.1000000015
18769  -42.176  -60.902  -10.958 0.1000000015
114873  -42.986  -61.906  -12.190 0.1000000015
17982  -43.633  -62.245  -12.335 0.1000000015
21068  -39.121  -58.039  -9.853 0.1000000015
119575  -38.805  -57.213  -9.555 0.1000000015
22688  -38.713  -56.413  -9.415 0.1000000015
130170  -38.324  -56.758  -9.493 0.1000000015
17983  -44.163  -62.268  -11.694 0.1000000015
18794  -43.380  -61.882  -11.581 0.1000000015
21069  -40.569  -58.638  -10.051 0.1000000015
115466  -39.899  -58.287  -9.935 0.1000000015
22689  -39.516  -56.695  -9.558 0.1000000015
116466  -40.037  -56.204  -9.741 0.1000000015
19539  -41.876  -60.164  -10.543 0.1000000015
20281  -41.161  -59.113  -10.131 0.1000000015
21070  -41.256  -58.310  -9.965 0.1000000015
21878  -40.552  -57.866  -9.836 0.1000000015
21877  -39.732  -57.515  -9.668 0.1000000015
23576  -40.999  -55.362  -10.452 0.1000000015
23565  -40.748  -56.107  -10.110 0.1000000015
126979  -41.882  -58.780  -10.087 0.1000000015
21879  -41.274  -57.511  -9.939 0.1000000015
128283  -40.480  -56.945  -9.754 0.1000000015
22690  -41.376  -56.729  -10.132 0.1000000015
6837  -39.358  -77.711  -18.538 0.1000000015
6836  -38.927  -77.805  -19.134 0.1000000015
7471  -38.422  -77.137  -19.577 0.1000000015
8014  -39.594  -75.969  -18.129 0.1000000015
124580  -38.461  -76.696  -19.123 0.1000000015
7451  -37.205  -77.172  -19.431 0.1000000015
112618  -38.373  -75.572  -17.474 0.1000000015
123139  -41.380  -74.785  -16.891 0.1000000015
8016  -40.496  -76.173  -17.700 0.1000000015
9212  -40.764  -75.005  -17.285 0.1000000015
9198  -38.673  -74.489  -16.448 0.1000000015
10404  -37.194  -72.207  -19.878 0.1000000015
10373  -35.521  -72.470  -17.554 0.1000000015
10998  -36.986  -71.858  -17.282 0.1000000015
127299  -36.183  -72.171  -17.045 0.1000000015
130046  -42.624  -73.742  -16.417 0.1000000015
113688  -43.717  -73.306  -15.013 0.2000000030
9766  -41.522  -74.100  -16.828 0.1000000015
114241  -44.122  -63.612  -19.470 0.1000000015
15688  -43.690  -65.616  -21.079 0.1000000015
11806  -40.917  -70.288  -20.644 0.1000000015
119169  -39.850  -70.778  -21.219 0.1000000015
134427  -38.763  -71.269  -19.375 0.1000000015
11773  -40.197  -70.578  -17.984 0.1000000015
10999  -37.783  -71.520  -17.044 0.1000000015
10986  -38.400  -71.468  -16.471 0.1000000015
9745  -38.238  -73.258  -15.589 0.1000000015
10340  -38.417  -72.489  -15.586 0.1000000015
10979  -44.538  -71.626  -15.626 0.1000000015
115742  -44.480  -72.217  -14.229 0.2000000030
9732  -44.090  -72.830  -13.862 0.2000000030
128307  -40.249  -71.952  -15.667 0.1000000015
14881  -43.798  -66.640  -21.122 0.1000000015
12619  -42.718  -69.530  -20.738 0.1000000015
11786  -41.971  -70.150  -19.828 0.1000000015
11775  -42.172  -70.542  -18.849 0.1000000015
10975  -39.337  -71.956  -15.545 0.1000000015
11741  -44.421  -70.562  -16.951 0.1000000015
15689  -44.319  -65.363  -20.531 0.1000000015
13377  -44.302  -68.138  -20.337 0.1000000015
12621  -44.239  -69.045  -20.117 0.1000000015
12604  -43.507  -70.080  -19.893 0.1000000015
11776  -43.356  -70.961  -18.846 0.1000000015
10988  -41.030  -71.287  -16.724 0.1000000015
18863  -41.897  -61.009  -20.029 0.1000000015
14069  -42.976  -67.281  -15.839 0.1000000015
13331  -43.456  -68.546  -16.795 0.1000000015
11674  -43.621  -71.361  -12.350 0.2000000030
11757  -44.477  -70.659  -17.912 0.1000000015
14864  -45.407  -66.610  -17.863 0.1000000015
13356  -44.492  -68.868  -18.951 0.1000000015
12594  -44.441  -69.862  -18.594 0.1000000015
11006  -44.233  -71.370  -18.032 0.1000000015
13366  -44.509  -68.465  -19.599 0.1000000015
13285  -41.922  -68.352  -13.864 0.1000000015
20355  -39.750  -59.887  -14.972 0.1000000015
20374  -39.451  -59.792  -16.471 0.1000000015
16455  -47.399  -65.355  -16.871 0.1000000015
125641  -40.908  -60.419  -14.715 0.1000000015
127107  -39.185  -59.805  -15.594 0.1000000015
17243  -46.895  -64.322  -15.902 0.1000000015
21097  -37.146  -58.746  -11.796 0.1000000015
15498  -42.282  -65.159  -3.003 0.5000000000
10249  -45.005  -72.529  -5.680 0.5000000000
10878  -45.006  -71.554  -5.710 0.5000000000
16285  -42.145  -64.280  -2.768 0.5000000000
15514  -41.748  -65.615  -3.451 0.5000000000
13939  -42.813  -66.623  -3.609 0.5000000000
17876  -40.708  -62.397  -2.607 0.5000000000
17057  -41.629  -63.599  -2.727 0.5000000000
15497  -41.519  -64.847  -3.229 0.5000000000
11617  -43.979  -70.815  -5.990 0.5000000000
16284  -41.226  -64.109  -3.027 0.5000000000
17056  -40.788  -63.303  -2.868 0.5000000000
133660  -40.850  -64.572  -3.431 0.5000000000
117279  -40.407  -63.972  -3.338 0.4000000060
15513  -40.871  -65.302  -3.787 0.4000000060
10889  -41.660  -71.379  -6.690 0.5000000000
119315  -41.661  -72.140  -6.684 0.5000000000
10888  -40.835  -70.955  -7.042 0.5000000000
10901  -40.009  -71.390  -7.487 0.5000000000
11628  -38.812  -70.045  -8.222 0.5000000000
112548  -39.349  -70.524  -7.748 0.5000000000
13225  -38.534  -68.861  -8.331 0.4000000060
14752  -38.692  -66.871  -8.957 0.4000000060
11587  -45.741  -71.244  -3.531 0.1000000015
10879  -45.501  -72.086  -5.524 0.5000000000
16286  -42.954  -64.810  -2.676 0.5000000000
15516  -43.271  -65.987  -3.106 0.5000000000
126957  -43.450  -67.154  -3.809 0.4000000060
11600  -45.024  -70.644  -5.730 0.5000000000
17877  -41.608  -62.859  -2.563 0.5000000000
125804  -40.581  -61.537  -2.474 0.5000000000
117355  -40.639  -59.724  -2.464 0.5000000000
19453  -40.123  -60.340  -2.415 0.5000000000
20208  -39.808  -59.620  -2.474 0.4000000060
121171  -39.830  -61.040  -2.524 0.3000000119
126753  -40.071  -62.726  -2.928 0.5000000000
17895  -39.324  -62.649  -3.365 0.4000000060
16310  -40.158  -64.605  -3.816 0.4000000060
18683  -39.168  -61.115  -2.933 0.3000000119
116660  -40.507  -65.973  -4.375 0.6999999881
13956  -41.547  -67.460  -4.851 0.5000000000
20207  -39.108  -59.600  -2.905 0.3000000119
18700  -38.924  -61.835  -3.349 0.3000000119
132121  -39.359  -63.234  -3.598 0.4000000060
15522  -39.968  -65.273  -4.327 0.5000000000
132702  -40.275  -66.353  -4.772 0.6000000238
13970  -41.373  -67.924  -5.372 0.6000000238
13211  -42.646  -68.693  -5.531 0.6000000238
10890  -42.541  -71.967  -6.384 0.3000000119
19451  -38.872  -60.363  -3.215 0.3000000119
17894  -38.709  -62.387  -3.804 0.3000000119
17081  -38.743  -63.868  -4.534 0.4000000060
14717  -39.983  -66.726  -5.265 0.5000000000
13209  -40.754  -68.183  -5.863 0.6000000238
12378  -41.207  -68.921  -6.224 0.6000000238
11615  -41.585  -70.506  -6.668 0.5000000000
18704  -38.532  -61.123  -4.306 0.4000000060
17090  -38.392  -63.159  -4.890 0.4000000060
15521  -39.192  -65.169  -4.875 0.5000000000
14716  -39.243  -66.236  -5.492 0.5000000000
13220  -40.345  -68.792  -6.468 0.5000000000
134278  -40.826  -69.232  -6.513 0.5000000000
18709  -38.642  -61.102  -5.108 0.4000000060
17912  -38.411  -62.490  -5.235 0.4000000060
124386  -38.357  -63.143  -5.754 0.5000000000
14715  -38.670  -65.986  -6.029 0.5000000000
13977  -39.200  -67.752  -6.546 0.4000000060
13219  -39.668  -69.045  -6.978 0.5000000000
11613  -39.576  -69.744  -7.319 0.5000000000
17097  -38.397  -63.834  -6.234 0.5000000000
14721  -38.550  -66.353  -6.587 0.5000000000
120588  -38.585  -67.015  -6.840 0.4000000060
115699  -38.515  -68.283  -7.812 0.4000000060
12407  -39.150  -69.196  -7.404 0.5000000000
17104  -38.606  -63.912  -7.066 0.5000000000
15530  -38.476  -65.682  -7.730 0.4000000060
13985  -38.327  -67.483  -8.006 0.4000000060
13994  -38.481  -67.293  -8.612 0.4000000060
16318  -38.527  -64.811  -7.414 0.3000000119
16330  -38.917  -65.072  -8.181 0.4000000060
15534  -38.718  -65.777  -8.409 0.3000000119
16331  -39.748  -64.761  -8.546 0.3000000119
123198  -40.194  -65.177  -9.164 0.3000000119
11578  -45.366  -70.762  -2.400 0.1000000015
119839  -46.167  -70.435  -3.160 0.1000000015
11594  -46.383  -70.562  -5.025 0.4000000060
10871  -46.146  -71.407  -5.095 0.4000000060
10880  -45.837  -71.625  -5.416 0.5000000000
10881  -46.064  -70.957  -5.423 0.4000000060
12381  -45.714  -70.351  -5.639 0.5000000000
11601  -45.683  -71.190  -5.579 0.5000000000
17058  -43.091  -63.964  -2.542 0.5000000000
15499  -43.586  -65.341  -2.704 0.5000000000
125798  -42.910  -65.445  -2.904 0.5000000000
14700  -43.743  -66.620  -3.417 0.4000000060
123974  -41.653  -61.873  -2.466 0.5000000000
17878  -42.516  -62.469  -2.507 0.5000000000
123305  -42.393  -63.372  -2.562 0.5000000000
118563  -41.855  -60.180  -2.612 0.5000000000
18685  -41.299  -60.986  -2.484 0.5000000000
13212  -43.652  -68.865  -5.398 0.6000000238
119945  -40.464  -58.792  -2.485 0.4000000060
125264  -39.806  -58.057  -2.552 0.2000000030
22621  -39.651  -56.718  -2.772 0.2000000030
130239  -39.250  -58.249  -2.913 0.3000000119
20221  -38.678  -59.543  -3.636 0.3000000119
124850  -38.596  -59.844  -4.326 0.4000000060
129755  -39.208  -56.602  -3.378 0.3000000119
21819  -38.680  -57.725  -4.052 0.3000000119
23502  -38.971  -56.224  -3.988 0.3000000119
21820  -38.892  -57.302  -4.672 0.4000000060
20237  -38.927  -59.055  -5.039 0.4000000060
130093  -39.146  -57.588  -5.222 0.3000000119
20238  -39.295  -59.417  -5.446 0.4000000060
129232  -39.078  -61.137  -5.760 0.4000000060
117656  -39.154  -61.812  -6.150 0.4000000060
115045  -39.422  -58.140  -5.555 0.3000000119
20241  -39.866  -59.841  -6.006 0.3000000119
18714  -39.742  -61.186  -6.252 0.3000000119
17098  -38.623  -63.143  -6.552 0.4000000060
18715  -40.565  -61.217  -6.583 0.3000000119
125375  -39.988  -62.458  -6.967 0.3000000119
16319  -39.299  -64.199  -7.845 0.4000000060
124521  -41.841  -60.341  -6.915 0.2000000030
18716  -41.461  -61.167  -6.860 0.2000000030
17934  -41.588  -62.669  -7.377 0.3000000119
16320  -40.205  -64.231  -8.276 0.3000000119
124180  -42.687  -60.244  -7.174 0.1000000015
18727  -42.924  -61.704  -7.320 0.2000000030
133441  -41.249  -63.269  -7.648 0.4000000060
21041  -45.711  -58.124  -7.522 0.1000000015
12343  -46.733  -69.732  -2.787 0.1000000015
12351  -46.696  -69.863  -4.206 0.1000000015
12361  -46.559  -69.744  -5.175 0.5000000000
11603  -46.176  -70.366  -5.465 0.4000000060
12382  -46.227  -70.077  -5.509 0.4000000060
16287  -43.758  -64.584  -2.526 0.5000000000
14690  -44.134  -65.981  -2.938 0.4000000060
14701  -44.651  -66.705  -3.337 0.4000000060
13941  -45.193  -67.441  -3.844 0.4000000060
13196  -45.317  -68.726  -5.036 0.5000000000
13214  -45.859  -69.568  -5.503 0.5000000000
120073  -42.619  -61.687  -2.531 0.5000000000
117357  -43.385  -62.967  -2.551 0.5000000000
17059  -43.984  -63.721  -2.557 0.4000000060
13213  -44.729  -69.154  -5.422 0.4000000060
20209  -41.531  -59.282  -2.651 0.4000000060
18686  -42.274  -61.016  -2.575 0.5000000000
20998  -41.554  -58.229  -2.723 0.4000000060
21807  -40.668  -57.733  -2.548 0.4000000060
22623  -41.208  -56.210  -2.547 0.3000000119
123817  -40.731  -56.944  -2.525 0.3000000119
23489  -39.650  -55.865  -2.821 0.3000000119
120129  -39.891  -55.079  -2.610 0.2000000030
23503  -39.246  -55.669  -3.556 0.2000000030
24317  -39.743  -54.346  -2.673 0.1000000015
116862  -39.312  -54.815  -3.760 0.3000000119
25167  -39.496  -53.355  -3.439 0.1000000015
23508  -39.193  -55.535  -4.412 0.3000000119
22640  -39.486  -55.968  -5.376 0.3000000119
25178  -39.733  -53.773  -4.687 0.2000000030
24335  -39.460  -54.596  -4.537 0.2000000030
23511  -40.021  -55.158  -5.734 0.2000000030
114548  -40.040  -58.004  -6.102 0.2000000030
124611  -41.026  -58.669  -6.638 0.2000000030
22654  -41.425  -55.848  -6.670 0.2000000030
21029  -41.443  -57.967  -6.842 0.2000000030
20243  -41.290  -59.565  -6.717 0.2000000030
21846  -41.780  -57.111  -7.032 0.1000000015
20251  -42.211  -59.534  -7.098 0.2000000030
22663  -43.123  -56.251  -7.336 0.1000000015
21038  -43.136  -58.020  -7.382 0.1000000015
20252  -43.057  -59.496  -7.290 0.1000000015
122759  -43.473  -60.146  -7.345 0.1000000015
112371  -44.771  -56.682  -7.509 0.1000000015
21849  -44.364  -57.393  -7.482 0.1000000015
121092  -44.296  -58.804  -7.473 0.1000000015
21850  -45.262  -57.359  -7.510 0.1000000015
21851  -46.370  -57.279  -7.531 0.1000000015
22667  -48.301  -56.600  -7.790 0.1000000015
12352  -47.458  -69.182  -3.601 0.3000000119
12362  -47.186  -69.081  -4.558 0.3000000119
14704  -48.752  -67.308  -3.711 0.3000000119
13943  -48.098  -67.961  -4.164 0.3000000119
13961  -46.935  -68.366  -4.632 0.3000000119
13198  -46.929  -69.115  -4.956 0.3000000119
13215  -46.486  -69.584  -5.276 0.4000000060
14693  -47.272  -66.324  -3.111 0.3000000119
129955  -47.379  -67.759  -4.254 0.3000000119
13960  -45.819  -68.159  -4.549 0.5000000000
13197  -46.367  -68.960  -5.115 0.5000000000
118438  -45.251  -64.449  -2.567 0.4000000060
15501  -45.658  -65.317  -2.621 0.5000000000
14702  -45.664  -66.826  -3.348 0.4000000060
133874  -43.261  -59.659  -2.913 0.4000000060
18687  -43.195  -61.053  -2.637 0.4000000060
17879  -43.445  -61.939  -2.581 0.5000000000
129144  -43.229  -57.209  -3.246 0.4000000060
121087  -42.645  -57.727  -3.081 0.4000000060
20210  -42.691  -59.396  -2.888 0.4000000060
121718  -42.965  -60.232  -2.769 0.5000000000
21809  -42.888  -56.769  -3.091 0.4000000060
21808  -41.720  -57.089  -2.757 0.4000000060
131515  -42.715  -55.611  -2.491 0.3000000119
23491  -41.668  -55.343  -2.400 0.3000000119
23490  -40.507  -55.580  -2.490 0.3000000119
113787  -41.515  -54.656  -2.057 0.3000000119
24318  -40.603  -54.661  -2.294 0.2000000030
25955  -40.322  -52.465  -1.773 0.1000000015
25972  -39.873  -52.577  -2.415 0.1000000015
25986  -39.600  -52.741  -3.697 0.1000000015
25175  -39.981  -52.953  -4.794 0.1000000015
25179  -40.369  -53.590  -5.351 0.2000000030
25993  -40.429  -52.179  -4.724 0.1000000015
25999  -40.559  -52.796  -5.199 0.1000000015
24338  -40.533  -54.399  -5.799 0.2000000030
26000  -41.159  -53.042  -5.729 0.2000000030
24345  -41.238  -54.338  -6.258 0.2000000030
23524  -42.159  -55.455  -6.915 0.1000000015
24347  -42.549  -54.720  -6.890 0.1000000015
23535  -42.880  -55.535  -7.184 0.1000000015
24360  -43.423  -54.850  -7.206 0.1000000015
131357  -44.429  -56.092  -7.502 0.1000000015
23538  -45.542  -55.226  -7.629 0.1000000015
113813  -45.859  -55.921  -7.580 0.1000000015
23540  -47.313  -55.985  -7.742 0.1000000015
120039  -48.078  -54.950  -8.578 0.1000000015
22675  -48.168  -55.791  -8.135 0.1000000015
24382  -49.712  -55.054  -8.994 0.1000000015
23566  -51.004  -55.382  -8.953 0.1000000015
25235  -54.036  -53.182  -9.612 0.1000000015
13944  -49.290  -67.366  -3.394 0.3000000119
13172  -48.662  -68.166  -3.007 0.2000000030
14694  -48.567  -66.451  -3.383 0.3000000119
16289  -47.187  -64.836  -2.654 0.4000000060
17062  -47.282  -64.022  -2.676 0.3000000119
121634  -44.407  -60.048  -2.822 0.3000000119
115056  -43.682  -60.422  -2.749 0.3000000119
18688  -44.163  -60.986  -2.669 0.4000000060
118436  -45.405  -62.849  -2.700 0.4000000060
132169  -46.597  -63.588  -2.744 0.3000000119
21000  -44.303  -58.262  -3.206 0.3000000119
20211  -43.611  -59.150  -3.064 0.3000000119
17881  -45.996  -62.041  -2.742 0.4000000060
118435  -46.332  -62.849  -2.776 0.4000000060
118434  -47.419  -62.939  -2.749 0.3000000119
113094  -44.454  -56.500  -2.964 0.3000000119
21810  -43.728  -56.825  -3.225 0.3000000119
22625  -43.469  -56.071  -2.858 0.3000000119
122491  -43.301  -55.599  -2.266 0.3000000119
23473  -42.980  -55.262  -1.728 0.3000000119
24297  -41.741  -54.392  -1.576 0.3000000119
25141  -41.273  -53.481  -1.090 0.2000000030
25956  -40.859  -52.477  -1.203 0.1000000015
26830  -41.157  -51.620  -1.050 0.1000000015
26815  -41.856  -51.440  -0.462 0.1000000015
26847  -40.287  -51.715  -2.270 0.1000000015
27776  -41.427  -50.485  -1.918 0.1000000015
27775  -40.850  -50.755  -2.682 0.1000000015
27790  -41.408  -50.300  -3.509 0.1000000015
132886  -40.955  -51.838  -4.886 0.1000000015
26004  -41.816  -53.020  -6.156 0.2000000030
26001  -41.802  -52.170  -5.864 0.2000000030
26005  -42.396  -52.732  -6.389 0.2000000030
24348  -43.154  -54.074  -6.985 0.1000000015
26006  -43.130  -52.547  -6.720 0.1000000015
25195  -44.233  -53.238  -7.373 0.1000000015
24362  -44.842  -54.559  -7.538 0.1000000015
25196  -44.897  -53.134  -7.750 0.1000000015
120614  -45.268  -53.859  -7.738 0.1000000015
24363  -45.576  -54.478  -7.738 0.1000000015
24378  -45.961  -53.976  -8.055 0.1000000015
24379  -46.728  -54.191  -8.384 0.1000000015
24380  -47.457  -54.380  -8.610 0.1000000015
24381  -48.759  -54.738  -8.931 0.1000000015
24397  -50.207  -54.324  -9.327 0.1000000015
25233  -49.973  -53.430  -9.476 0.1000000015
24398  -51.419  -54.264  -9.376 0.1000000015
119676  -51.208  -52.842  -9.462 0.1000000015
25234  -53.273  -53.340  -9.496 0.1000000015
131740  -52.229  -53.458  -9.464 0.1000000015
26045  -54.229  -52.204  -9.774 0.1000000015
26044  -53.832  -52.192  -9.553 0.1000000015
26078  -54.312  -52.397  -10.242 0.1000000015
13920  -49.121  -67.888  -1.483 0.2000000030
13163  -48.672  -68.335  -1.722 0.2000000030
14678  -50.075  -66.761  -2.362 0.2000000030
129459  -49.391  -66.183  -3.207 0.3000000119
124380  -50.905  -65.191  -1.903 0.2000000030
15505  -49.813  -65.478  -2.888 0.3000000119
15504  -48.824  -65.477  -2.931 0.3000000119
19456  -44.959  -60.414  -2.745 0.3000000119
18689  -45.017  -61.176  -2.669 0.3000000119
17063  -48.305  -63.667  -2.674 0.3000000119
21001  -45.273  -58.553  -2.986 0.3000000119
20212  -45.353  -59.507  -2.828 0.3000000119
19457  -45.845  -60.417  -2.716 0.3000000119
18690  -46.488  -61.157  -2.716 0.3000000119
17882  -46.951  -61.964  -2.813 0.3000000119
21811  -45.241  -56.999  -2.934 0.3000000119
22603  -44.820  -56.167  -1.792 0.2000000030
23492  -44.250  -55.941  -2.368 0.2000000030
23474  -43.748  -55.517  -1.600 0.3000000119
24298  -42.429  -54.725  -1.345 0.3000000119
25142  -41.903  -54.143  -0.943 0.2000000030
25127  -41.850  -53.371  -0.363 0.2000000030
25944  -42.137  -52.285  0.152 0.1000000015
26816  -42.609  -51.342  0.081 0.1000000015
27754  -43.889  -50.716  -0.649 0.1000000015
112098  -44.893  -51.317  -0.010 0.1000000015
25945  -46.948  -52.086  -0.387 0.1000000015
27764  -43.216  -50.368  -1.037 0.1000000015
27765  -44.248  -50.448  -1.691 0.1000000015
26831  -45.420  -51.058  -1.534 0.1000000015
25957  -46.664  -51.754  -1.162 0.1000000015
25959  -48.176  -52.599  -1.503 0.1000000015
24300  -50.212  -53.958  -2.141 0.1000000015
27777  -42.696  -49.778  -2.539 0.1000000015
27778  -43.619  -49.941  -2.610 0.1000000015
27780  -45.244  -50.735  -2.459 0.1000000015
118893  -46.283  -51.466  -1.834 0.1000000015
25974  -48.606  -52.715  -2.544 0.1000000015
25143  -49.255  -53.221  -2.389 0.1000000015
118097  -41.886  -50.151  -4.130 0.1000000015
27810  -42.558  -49.951  -4.352 0.1000000015
27828  -42.100  -50.608  -4.777 0.1000000015
26892  -43.100  -50.794  -6.063 0.2000000030
26899  -42.682  -51.775  -6.264 0.1000000015
26900  -43.545  -51.493  -6.707 0.1000000015
26010  -44.533  -52.411  -7.527 0.1000000015
26011  -45.254  -52.222  -8.024 0.1000000015
25214  -45.600  -53.175  -8.155 0.1000000015
25215  -46.390  -53.335  -8.528 0.1000000015
116428  -47.319  -53.528  -8.928 0.1000000015
25231  -48.289  -53.292  -9.317 0.1000000015
25232  -49.186  -52.992  -9.496 0.1000000015
26042  -50.065  -52.616  -9.466 0.1000000015
26043  -52.467  -51.404  -9.315 0.1000000015
116687  -53.607  -51.264  -9.534 0.1000000015
124178  -51.198  -63.338  -0.304 0.2000000030
16293  -50.937  -64.546  -2.218 0.2000000030
16291  -49.275  -64.403  -2.700 0.3000000119
16290  -48.077  -64.659  -2.713 0.3000000119
115760  -51.001  -62.866  -0.462 0.2000000030
17046  -51.438  -63.782  -1.452 0.2000000030
17066  -50.860  -63.789  -2.310 0.2000000030
16292  -50.362  -64.566  -2.595 0.3000000119
122725  -45.994  -58.792  -2.809 0.3000000119
20213  -46.379  -59.440  -2.693 0.3000000119
19458  -46.943  -60.186  -2.634 0.3000000119
21812  -45.786  -57.464  -2.794 0.3000000119
21002  -46.103  -58.086  -2.828 0.3000000119
123693  -47.291  -59.332  -2.552 0.3000000119
19459  -48.041  -59.989  -2.575 0.3000000119
18691  -47.521  -60.972  -2.712 0.3000000119
21796  -45.584  -56.653  -1.813 0.2000000030
22627  -45.828  -56.986  -2.446 0.3000000119
17883  -48.044  -61.831  -2.749 0.2000000030
118433  -48.646  -62.660  -2.688 0.2000000030
128669  -44.351  -55.807  -1.770 0.2000000030
23463  -44.333  -55.863  -0.941 0.2000000030
23462  -43.621  -55.390  -0.438 0.3000000119
24299  -43.006  -55.092  -0.929 0.3000000119
24284  -42.427  -54.285  -0.376 0.2000000030
24285  -43.092  -54.744  0.081 0.3000000119
24265  -42.793  -53.963  0.468 0.2000000030
25108  -42.949  -53.216  0.996 0.2000000030
26798  -43.991  -51.766  0.980 0.1000000015
27793  -44.827  -50.182  -3.777 0.1000000015
26849  -45.936  -50.938  -3.083 0.1000000015
121814  -47.280  -51.605  -3.288 0.1000000015
26868  -47.959  -51.963  -3.442 0.1000000015
27811  -43.357  -49.763  -4.441 0.1000000015
118123  -44.128  -49.782  -4.313 0.1000000015
27813  -45.604  -50.339  -4.322 0.1000000015
26882  -47.569  -51.443  -3.963 0.1000000015
117729  -42.922  -50.204  -5.230 0.1000000015
119568  -43.840  -49.835  -5.059 0.1000000015
112519  -45.284  -49.921  -5.100 0.1000000015
111298  -46.081  -50.181  -5.091 0.1000000015
27831  -47.036  -50.387  -5.205 0.1000000015
27843  -43.900  -50.513  -6.357 0.1000000015
27845  -45.701  -50.224  -6.624 0.1000000015
27856  -45.949  -50.502  -7.329 0.1000000015
26901  -44.200  -50.941  -6.896 0.1000000015
26905  -44.262  -51.654  -7.199 0.1000000015
26907  -45.416  -51.150  -7.735 0.1000000015
26908  -46.271  -50.895  -8.010 0.1000000015
26917  -45.905  -51.615  -8.239 0.1000000015
26022  -46.068  -52.425  -8.489 0.1000000015
26023  -46.867  -52.575  -8.895 0.1000000015
26039  -47.702  -52.586  -9.221 0.1000000015
17013  -49.749  -63.775  0.784 0.3000000119
17847  -49.523  -62.166  -0.396 0.3000000119
116776  -50.220  -61.729  -1.023 0.3000000119
18668  -50.500  -61.715  -1.706 0.2000000030
128114  -50.584  -62.720  -2.332 0.2000000030
119263  -49.711  -62.585  -2.625 0.2000000030
18679  -49.944  -60.989  -1.684 0.3000000119
18694  -50.118  -61.159  -2.183 0.3000000119
17885  -50.004  -61.770  -2.437 0.3000000119
17064  -49.254  -63.353  -2.651 0.2000000030
21003  -47.003  -58.166  -2.382 0.3000000119
20990  -47.883  -58.687  -1.850 0.3000000119
19441  -48.956  -59.768  -1.759 0.3000000119
18693  -49.445  -60.932  -2.427 0.3000000119
17884  -49.131  -61.710  -2.619 0.2000000030
21782  -45.671  -57.067  -1.120 0.2000000030
20989  -46.811  -57.735  -1.957 0.3000000119
20978  -47.394  -58.562  -1.469 0.3000000119
22590  -44.988  -56.482  -0.992 0.2000000030
23447  -43.702  -55.066  0.606 0.3000000119
24266  -43.399  -54.145  1.037 0.2000000030
27857  -46.831  -50.304  -7.349 0.1000000015
27865  -47.146  -50.752  -8.148 0.1000000015
26919  -47.619  -51.305  -8.664 0.1000000015
16223  -49.163  -64.457  2.505 0.1000000015
16242  -48.348  -64.254  1.786 0.2000000030
16243  -49.534  -64.306  1.609 0.3000000119
17027  -49.056  -63.102  0.276 0.3000000119
17846  -48.322  -62.407  -0.141 0.3000000119
20192  -48.502  -59.534  -1.436 0.3000000119
19430  -48.862  -60.240  -1.153 0.3000000119
117849  -46.522  -58.413  -1.049 0.3000000119
20190  -47.271  -59.219  -0.936 0.3000000119
19429  -48.045  -59.739  -1.011 0.3000000119
115171  -45.211  -58.885  -0.608 0.2000000030
127073  -45.050  -57.372  -0.486 0.2000000030
21781  -44.816  -56.937  -0.300 0.1000000015
23448  -44.072  -55.758  0.262 0.2000000030
21758  -44.218  -57.150  0.654 0.1000000015
22579  -44.356  -56.414  -0.037 0.2000000030
22559  -44.393  -56.389  0.927 0.2000000030
123664  -44.290  -55.506  1.279 0.3000000119
17026  -47.903  -63.206  0.500 0.3000000119
17863  -47.594  -61.761  -0.378 0.3000000119
18666  -47.925  -60.724  -0.692 0.3000000119
114832  -45.207  -59.989  -0.625 0.3000000119
129106  -46.716  -59.838  -0.690 0.3000000119
19428  -47.208  -60.182  -0.694 0.3000000119
20188  -44.057  -59.022  -0.389 0.1000000015
21780  -44.134  -57.551  -0.122 0.1000000015
17025  -46.834  -63.226  0.879 0.3000000119
17010  -45.842  -63.116  1.038 0.2000000030
17862  -46.610  -62.058  -0.269 0.3000000119
18665  -46.898  -61.188  -0.567 0.3000000119
19426  -45.085  -60.788  -0.575 0.3000000119
122335  -43.689  -59.866  -0.397 0.2000000030
19425  -44.304  -60.488  -0.480 0.2000000030
20177  -42.308  -59.441  0.066 0.1000000015
20187  -43.135  -59.268  -0.197 0.1000000015
20176  -41.616  -59.399  0.445 0.1000000015
20967  -42.707  -58.550  0.161 0.1000000015
21774  -43.254  -57.738  0.605 0.1000000015
21757  -43.600  -57.464  1.521 0.1000000015
17843  -45.331  -62.660  0.398 0.2000000030
17842  -44.449  -62.496  0.528 0.2000000030
17861  -45.745  -62.140  -0.169 0.2000000030
18662  -43.756  -61.180  -0.236 0.2000000030
17860  -44.890  -62.052  -0.052 0.2000000030
18661  -43.095  -60.951  -0.133 0.1000000015
19424  -43.505  -60.545  -0.305 0.2000000030
19414  -41.882  -60.214  0.371 0.1000000015
20966  -42.067  -58.670  0.327 0.1000000015
21773  -42.531  -57.868  0.683 0.1000000015
122629  -42.995  -57.575  1.386 0.1000000015
20965  -41.380  -58.698  0.575 0.1000000015
21772  -41.853  -57.961  0.665 0.1000000015
21756  -42.490  -57.388  1.388 0.1000000015
20964  -40.738  -58.619  0.909 0.1000000015
21771  -41.189  -58.129  0.807 0.1000000015
21755  -41.391  -57.433  1.043 0.1000000015
115579  -42.276  -67.609  -4.610 0.4000000060
14699  -42.048  -66.264  -3.643 0.5000000000
14711  -41.952  -66.908  -4.185 0.4000000060
15523  -41.326  -66.156  -3.977 0.5000000000
13194  -43.025  -68.150  -4.824 0.5000000000
13940  -44.221  -67.289  -3.798 0.4000000060
115993  -43.868  -71.911  -5.978 0.5000000000
13958  -43.716  -67.742  -4.285 0.4000000060
13193  -42.079  -68.079  -5.125 0.5000000000
12380  -44.089  -69.994  -5.871 0.5000000000
12397  -43.066  -70.017  -6.188 0.5000000000
11616  -42.682  -70.914  -6.344 0.3000000119
10257  -42.195  -72.844  -6.455 0.5000000000
132432  -44.146  -69.435  -5.647 0.5000000000
114280  -44.856  -73.531  -5.714 0.5000000000
125156  -43.282  -69.357  -5.818 0.5000000000
16309  -39.362  -64.564  -4.369 0.4000000060
11614  -40.129  -70.404  -7.228 0.5000000000
12412  -38.649  -69.458  -8.069 0.4000000060
12427  -38.693  -69.475  -8.678 0.4000000060
14736  -38.915  -66.195  -8.970 0.3000000119
14735  -38.414  -66.569  -8.219 0.4000000060
11588  -46.255  -70.900  -4.351 0.2000000030
13957  -42.850  -67.387  -4.178 0.4000000060
17073  -38.793  -63.114  -4.003 0.3000000119
14709  -39.702  -65.935  -4.880 0.4000000060
13955  -40.753  -67.425  -5.297 0.6000000238
112530  -38.941  -58.812  -3.197 0.3000000119
18699  -38.716  -61.120  -3.574 0.4000000060
13210  -41.707  -68.509  -5.709 0.6000000238
12379  -42.202  -69.283  -6.101 0.5000000000
16308  -38.692  -64.513  -5.028 0.4000000060
15526  -38.928  -65.619  -5.407 0.5000000000
13969  -39.937  -67.525  -5.841 0.5000000000
12396  -41.322  -69.662  -6.531 0.5000000000
115615  -40.846  -70.207  -6.868 0.5000000000
113193  -42.174  -70.034  -6.436 0.5000000000
17904  -38.443  -61.817  -4.750 0.4000000060
19479  -38.639  -60.412  -4.688 0.4000000060
15520  -38.677  -65.013  -5.410 0.5000000000
13968  -39.092  -66.825  -6.037 0.5000000000
128248  -39.607  -68.451  -6.668 0.4000000060
13978  -39.960  -68.147  -6.254 0.5000000000
12395  -40.388  -69.578  -6.840 0.5000000000
19480  -39.104  -60.314  -5.430 0.3000000119
17920  -38.620  -62.469  -6.012 0.5000000000
15525  -38.461  -65.223  -5.995 0.5000000000
15528  -38.404  -65.569  -6.806 0.5000000000
13976  -38.596  -67.680  -7.297 0.4000000060
13218  -39.007  -68.499  -7.174 0.5000000000
16316  -38.393  -64.627  -6.572 0.5000000000
121526  -38.363  -67.012  -7.537 0.4000000060
17105  -39.425  -63.209  -7.227 0.4000000060
17921  -39.226  -62.481  -6.611 0.4000000060
15500  -44.546  -65.180  -2.540 0.5000000000
125815  -45.008  -69.857  -5.671 0.5000000000
13195  -44.174  -68.455  -4.884 0.5000000000
21806  -40.006  -57.230  -2.515 0.3000000119
120089  -39.519  -54.980  -3.115 0.2000000030
21006  -38.899  -58.029  -3.399 0.3000000119
21020  -38.865  -58.275  -4.806 0.4000000060
22634  -39.025  -56.465  -4.624 0.3000000119
119795  -39.247  -56.890  -5.268 0.3000000119
21837  -39.621  -57.403  -5.752 0.3000000119
21027  -39.832  -58.846  -5.892 0.3000000119
133864  -39.593  -60.603  -5.961 0.3000000119
20242  -40.499  -59.235  -6.361 0.3000000119
21028  -40.717  -57.949  -6.491 0.2000000030
133922  -40.591  -59.934  -6.411 0.3000000119
117432  -39.915  -61.841  -6.614 0.3000000119
17922  -40.892  -62.014  -6.961 0.3000000119
17933  -40.588  -62.862  -7.349 0.4000000060
17106  -40.425  -63.641  -7.822 0.4000000060
19491  -42.357  -61.033  -7.118 0.2000000030
130156  -41.995  -61.868  -7.166 0.3000000119
19492  -43.191  -60.881  -7.307 0.2000000030
121091  -45.146  -58.858  -7.520 0.1000000015
119507  -44.468  -64.335  -2.525 0.4000000060
14691  -45.117  -66.041  -2.864 0.5000000000
13959  -44.718  -67.978  -4.375 0.5000000000
127277  -42.327  -58.644  -2.919 0.4000000060
22622  -40.245  -56.434  -2.537 0.3000000119
24329  -39.478  -54.140  -3.256 0.2000000030
25971  -39.616  -52.706  -3.042 0.1000000015
115779  -40.109  -53.910  -2.254 0.1000000015
131205  -39.539  -55.120  -5.111 0.2000000030
22653  -40.366  -56.069  -6.208 0.2000000030
23522  -40.835  -55.107  -6.269 0.2000000030
21839  -41.043  -57.367  -6.720 0.2000000030
21838  -40.337  -57.158  -6.316 0.2000000030
23523  -41.682  -54.936  -6.616 0.2000000030
132548  -41.631  -56.477  -6.879 0.1000000015
124522  -41.804  -58.746  -7.008 0.2000000030
22662  -42.261  -56.256  -7.104 0.1000000015
21847  -42.856  -57.102  -7.323 0.1000000015
21037  -42.273  -57.950  -7.189 0.2000000030
123741  -42.652  -58.756  -7.267 0.2000000030
22664  -43.845  -56.668  -7.447 0.1000000015
23536  -43.782  -55.684  -7.401 0.1000000015
21848  -43.627  -57.454  -7.431 0.1000000015
121670  -43.485  -58.773  -7.397 0.1000000015
21039  -43.943  -58.089  -7.456 0.1000000015
121093  -44.138  -60.056  -7.434 0.1000000015
119592  -45.144  -55.986  -7.549 0.1000000015
21040  -44.779  -58.102  -7.498 0.1000000015
22665  -45.644  -56.587  -7.536 0.1000000015
22666  -46.497  -56.325  -7.567 0.1000000015
112463  -47.354  -56.799  -7.591 0.1000000015
122201  -49.058  -55.559  -8.535 0.1000000015
13180  -48.035  -68.458  -3.960 0.3000000119
13199  -47.456  -68.559  -4.448 0.3000000119
13181  -48.606  -67.753  -3.719 0.3000000119
125232  -47.921  -67.192  -3.788 0.3000000119
132676  -47.566  -68.238  -4.436 0.3000000119
13942  -46.280  -67.566  -4.045 0.3000000119
14703  -46.759  -66.988  -3.500 0.3000000119
14692  -46.161  -66.189  -2.901 0.3000000119
15503  -47.740  -65.549  -2.854 0.3000000119
15502  -46.690  -65.470  -2.703 0.3000000119
17060  -44.870  -63.643  -2.623 0.4000000060
17061  -45.776  -63.653  -2.731 0.4000000060
16288  -46.320  -64.479  -2.662 0.4000000060
20999  -43.202  -58.478  -3.140 0.4000000060
17880  -44.336  -61.907  -2.628 0.4000000060
118437  -44.415  -62.803  -2.634 0.4000000060
22624  -42.349  -56.066  -2.785 0.3000000119
24319  -42.395  -55.069  -2.047 0.3000000119
24296  -40.856  -53.951  -1.789 0.2000000030
26829  -40.635  -51.826  -1.560 0.1000000015
26846  -39.840  -52.098  -2.838 0.1000000015
26881  -40.210  -51.706  -4.031 0.1000000015
25181  -40.956  -53.794  -5.905 0.2000000030
27809  -41.355  -50.767  -4.316 0.1000000015
127025  -41.074  -52.256  -5.250 0.2000000030
25182  -41.553  -53.649  -6.200 0.1000000015
24346  -41.960  -54.189  -6.542 0.1000000015
24361  -44.009  -54.128  -7.272 0.1000000015
23537  -44.651  -55.417  -7.497 0.1000000015
24364  -46.231  -54.747  -7.907 0.1000000015
23539  -46.437  -55.532  -7.724 0.1000000015
23550  -47.174  -55.078  -8.125 0.1000000015
24395  -48.122  -54.159  -9.015 0.1000000015
24396  -49.110  -54.008  -9.316 0.1000000015
13929  -49.244  -67.696  -2.447 0.2000000030
13945  -49.768  -66.855  -3.305 0.2000000030
13171  -48.089  -68.833  -2.006 0.2000000030
128673  -45.128  -62.040  -2.648 0.4000000060
118978  -44.495  -57.248  -3.222 0.3000000119
27763  -41.619  -50.800  -1.153 0.1000000015
25943  -41.430  -52.428  -0.578 0.1000000015
27752  -42.458  -50.717  -0.653 0.1000000015
128075  -42.297  -50.164  -1.611 0.1000000015
26848  -40.929  -51.129  -1.731 0.1000000015
111290  -41.757  -50.045  -2.607 0.1000000015
113675  -43.229  -50.000  -1.854 0.1000000015
27791  -42.298  -49.808  -3.474 0.1000000015
26891  -42.329  -51.148  -5.573 0.1000000015
25184  -42.830  -53.381  -6.725 0.1000000015
25194  -43.526  -53.333  -7.051 0.1000000015
26009  -43.852  -52.472  -7.119 0.1000000015
13930  -49.820  -67.133  -2.877 0.2000000030
122149  -50.136  -66.662  -1.576 0.2000000030
14679  -50.430  -66.091  -2.180 0.2000000030
14696  -50.045  -66.458  -2.855 0.3000000119
15506  -50.396  -65.521  -2.587 0.2000000030
123738  -45.254  -57.710  -3.060 0.3000000119
22626  -45.084  -56.511  -2.460 0.3000000119
25107  -42.390  -53.296  0.327 0.2000000030
124715  -42.688  -52.560  0.696 0.1000000015
25921  -42.795  -51.933  0.582 0.1000000015
27753  -43.242  -50.847  -0.175 0.1000000015
111546  -44.095  -51.194  0.144 0.1000000015
26817  -44.682  -50.945  -0.681 0.1000000015
26819  -46.155  -51.713  -0.382 0.1000000015
26818  -45.448  -51.342  -0.563 0.1000000015
25958  -47.417  -52.155  -1.304 0.1000000015
111449  -45.999  -51.469  -1.095 0.1000000015
111968  -45.908  -51.163  -2.356 0.1000000015
25973  -47.798  -52.267  -2.204 0.1000000015
134542  -48.781  -52.951  -1.734 0.1000000015
116629  -49.179  -53.286  -1.580 0.1000000015
28691  -43.082  -49.709  -3.213 0.1000000015
27779  -44.528  -50.296  -2.876 0.1000000015
26850  -46.661  -51.469  -2.719 0.1000000015
112455  -45.250  -50.564  -3.161 0.1000000015
26851  -47.483  -51.906  -2.791 0.1000000015
25987  -48.101  -52.312  -2.941 0.1000000015
118519  -50.044  -53.625  -3.027 0.1000000015
27792  -43.833  -49.811  -3.573 0.1000000015
121362  -44.812  -51.674  -7.587 0.1000000015
17029  -50.779  -63.369  0.107 0.2000000030
17039  -51.258  -63.061  -1.083 0.2000000030
122742  -51.260  -63.966  -1.993 0.2000000030
17848  -50.471  -62.560  -0.399 0.3000000119
17045  -51.235  -63.271  -1.927 0.2000000030
20214  -46.715  -58.709  -2.598 0.3000000119
18692  -48.582  -60.871  -2.621 0.3000000119
21813  -46.369  -57.562  -2.448 0.3000000119
21004  -47.593  -58.548  -2.137 0.3000000119
19460  -48.642  -59.587  -2.233 0.3000000119
20216  -48.104  -58.911  -2.186 0.3000000119
122003  -48.890  -60.271  -2.428 0.3000000119
21797  -46.259  -57.189  -1.890 0.3000000119
25922  -43.337  -52.299  1.063 0.1000000015
25915  -44.128  -52.495  1.443 0.2000000030
26802  -43.333  -51.496  0.513 0.1000000015
27794  -45.574  -50.565  -3.599 0.1000000015
26867  -46.703  -51.190  -3.512 0.1000000015
25988  -48.801  -52.495  -3.581 0.1000000015
27814  -46.681  -50.722  -4.325 0.1000000015
27829  -44.500  -50.002  -5.648 0.1000000015
27830  -45.456  -49.989  -5.844 0.1000000015
27844  -44.794  -50.403  -6.588 0.1000000015
27855  -45.297  -50.619  -7.141 0.1000000015
26918  -46.699  -51.596  -8.594 0.1000000015
17028  -50.056  -63.116  0.172 0.3000000119
129317  -50.420  -63.782  0.611 0.3000000119
18667  -49.520  -61.070  -1.091 0.3000000119
19442  -49.468  -60.321  -2.086 0.3000000119
127490  -49.415  -60.385  -1.606 0.3000000119
124468  -47.317  -58.239  -1.910 0.3000000119
20200  -48.389  -59.175  -1.848 0.3000000119
20191  -48.041  -59.025  -1.392 0.3000000119
21783  -46.395  -57.629  -1.446 0.3000000119
20977  -45.629  -57.792  -0.800 0.3000000119
134085  -46.981  -58.019  -1.589 0.3000000119
23428  -43.957  -54.708  1.313 0.2000000030
24250  -44.084  -54.026  1.722 0.2000000030
16207  -49.848  -64.487  3.414 0.1000000015
17011  -47.452  -63.700  1.314 0.2000000030
17012  -48.669  -63.797  0.987 0.3000000119
117887  -48.666  -61.366  -0.618 0.3000000119
20189  -46.190  -59.463  -0.744 0.3000000119
20976  -44.520  -58.107  -0.430 0.2000000030
17845  -47.231  -62.630  0.077 0.3000000119
19427  -46.079  -60.582  -0.650 0.3000000119
130296  -44.476  -59.650  -0.516 0.2000000030
20178  -43.505  -58.357  -0.153 0.1000000015
115979  -44.313  -57.174  1.555 0.1000000015
17844  -46.255  -62.698  0.269 0.3000000119
18664  -45.385  -61.440  -0.438 0.3000000119
18663  -44.547  -61.344  -0.346 0.2000000030
19415  -42.807  -60.222  -0.151 0.1000000015
17859  -44.046  -61.877  0.037 0.2000000030
18650  -42.474  -61.061  0.297 0.1000000015
9662  -42.937  -73.735  -6.255 0.3000000119
9104  -43.440  -75.772  -6.139 0.3000000119
117322  -42.773  -74.646  -6.340 0.3000000119
7304  -39.945  -77.936  -6.645 0.2000000030
7919  -38.897  -76.964  -8.030 0.2000000030
8507  -43.738  -76.687  -5.676 0.4000000060
7301  -42.262  -77.796  -5.965 0.3000000119
9661  -41.813  -73.832  -6.594 0.4000000060
7901  -42.951  -77.345  -5.768 0.3000000119
7300  -41.149  -77.742  -5.847 0.3000000119
10256  -41.273  -72.772  -6.829 0.4000000060
9103  -42.128  -75.228  -6.572 0.4000000060
7306  -41.709  -78.022  -6.421 0.3000000119
6669  -40.379  -78.491  -6.967 0.2000000030
124356  -42.341  -77.400  -6.373 0.4000000060
119813  -40.863  -71.887  -7.087 0.4000000060
8505  -41.743  -76.124  -6.847 0.4000000060
7312  -41.620  -78.120  -6.706 0.3000000119
6674  -40.633  -78.742  -7.404 0.3000000119
113715  -40.851  -73.426  -7.049 0.4000000060
132358  -41.476  -75.124  -6.895 0.4000000060
8521  -41.557  -77.095  -7.294 0.3000000119
6675  -41.167  -78.496  -7.246 0.4000000060
133310  -40.280  -72.042  -7.440 0.4000000060
126895  -40.991  -75.030  -7.354 0.4000000060
7920  -41.346  -77.720  -7.904 0.3000000119
129472  -40.328  -73.084  -7.614 0.4000000060
9670  -40.505  -73.968  -7.688 0.4000000060
8520  -40.996  -75.926  -7.836 0.4000000060
10900  -39.468  -71.404  -7.997 0.4000000060
9116  -40.632  -74.747  -8.469 0.4000000060
8532  -41.239  -76.633  -8.482 0.3000000119
9669  -40.054  -73.185  -8.222 0.4000000060
127139  -40.315  -73.823  -8.581 0.4000000060
8531  -40.991  -75.584  -8.951 0.4000000060
10273  -39.792  -72.614  -8.602 0.4000000060
9676  -40.094  -73.199  -9.069 0.4000000060
8542  -41.426  -76.149  -9.552 0.3000000119
9677  -40.507  -74.039  -9.220 0.4000000060
11636  -39.129  -70.799  -8.594 0.3000000119
10909  -39.513  -71.830  -8.727 0.4000000060
112700  -39.469  -71.146  -9.340 0.4000000060
10916  -39.948  -71.816  -9.745 0.4000000060
10295  -40.879  -72.893  -10.089 0.4000000060
9137  -41.092  -74.174  -9.935 0.4000000060
8549  -42.085  -75.611  -10.412 0.2000000030
133019  -41.901  -76.937  -10.658 0.3000000119
11644  -38.885  -70.060  -8.872 0.3000000119
11645  -39.315  -70.292  -9.515 0.3000000119
9699  -41.159  -73.392  -10.143 0.3000000119
9138  -42.022  -74.554  -10.487 0.2000000030
7937  -42.146  -76.840  -11.228 0.2000000030
14008  -38.813  -67.571  -9.186 0.3000000119
12428  -38.977  -69.594  -9.279 0.3000000119
9700  -41.872  -73.619  -10.450 0.1000000015
14753  -39.322  -66.792  -9.569 0.3000000119
115434  -39.484  -69.411  -9.885 0.3000000119
11660  -40.839  -70.526  -10.635 0.2000000030
127940  -41.565  -71.311  -10.791 0.2000000030
8550  -42.749  -75.509  -10.969 0.1000000015
120592  -42.282  -76.753  -11.911 0.2000000030
13245  -40.481  -68.589  -10.742 0.2000000030
12448  -40.678  -69.798  -10.705 0.2000000030
10297  -42.552  -72.887  -10.651 0.1000000015
8563  -43.320  -74.826  -11.211 0.1000000015
122674  -42.554  -76.180  -11.365 0.1000000015
14009  -39.493  -67.757  -9.833 0.3000000119
13244  -39.771  -68.588  -10.164 0.3000000119
16332  -40.775  -64.594  -8.716 0.2000000030
15557  -39.685  -65.890  -9.450 0.1000000015
14019  -40.184  -67.821  -10.467 0.2000000030
11661  -41.553  -70.650  -11.025 0.1000000015
10298  -43.310  -72.887  -10.854 0.1000000015
9140  -43.535  -73.984  -11.037 0.1000000015
8562  -42.953  -75.507  -11.491 0.1000000015
14754  -39.953  -66.299  -9.989 0.2000000030
14769  -40.434  -66.327  -10.502 0.2000000030
14020  -40.735  -67.868  -11.187 0.1000000015
12467  -40.853  -69.307  -10.965 0.1000000015
11662  -42.089  -71.057  -11.197 0.1000000015
10933  -43.234  -71.874  -11.210 0.1000000015
9702  -43.670  -73.201  -11.048 0.1000000015
8577  -43.294  -75.052  -12.078 0.1000000015
7970  -42.013  -76.373  -13.632 0.1000000015
123187  -40.429  -67.073  -10.825 0.2000000030
12468  -41.390  -69.499  -11.532 0.1000000015
129575  -42.804  -71.170  -11.637 0.1000000015
127792  -43.919  -72.857  -11.451 0.1000000015
9715  -43.916  -73.396  -12.176 0.1000000015
8582  -42.613  -75.587  -13.087 0.1000000015
114154  -41.613  -76.981  -13.922 0.1000000015
13258  -41.194  -68.492  -11.723 0.1000000015
11684  -42.938  -70.654  -12.530 0.1000000015
9161  -43.436  -74.124  -13.517 0.1000000015
8591  -42.295  -75.547  -14.304 0.1000000015
10944  -44.122  -71.922  -12.378 0.1000000015
23415  -44.914  -55.470  2.114 0.2000000030
16321  -40.903  -64.090  -8.276 0.2000000030
16333  -41.605  -64.279  -8.452 0.1000000015
15558  -40.541  -65.602  -9.865 0.1000000015
15536  -41.983  -64.732  -9.248 0.1000000015
14786  -40.829  -66.815  -11.401 0.1000000015
15576  -40.934  -65.675  -10.464 0.1000000015
14029  -41.113  -67.551  -11.906 0.1000000015
12482  -41.663  -69.106  -12.348 0.1000000015
8583  -43.185  -74.755  -13.005 0.1000000015
9156  -43.601  -74.135  -12.539 0.1000000015
10312  -44.022  -72.412  -11.812 0.1000000015
8506  -42.951  -76.692  -6.233 0.3000000119
7305  -40.869  -78.178  -6.491 0.3000000119
7900  -42.177  -77.814  -6.230 0.3000000119
6670  -41.158  -78.376  -6.871 0.3000000119
9102  -41.212  -74.393  -6.931 0.4000000060
133846  -41.412  -78.256  -7.159 0.3000000119
10267  -40.544  -72.574  -7.306 0.4000000060
10266  -39.878  -72.295  -7.857 0.4000000060
10285  -39.833  -72.461  -9.176 0.4000000060
8541  -41.326  -75.178  -9.846 0.2000000030
112146  -41.750  -76.604  -10.155 0.2000000030
11659  -39.998  -70.846  -10.004 0.3000000119
128674  -40.933  -72.149  -10.355 0.2000000030
7929  -42.266  -76.306  -10.786 0.2000000030
13234  -38.897  -68.676  -9.311 0.3000000119
12447  -40.028  -70.023  -10.300 0.3000000119
10296  -41.578  -72.833  -10.406 0.2000000030
9139  -42.974  -74.742  -10.752 0.1000000015
10924  -40.631  -71.309  -10.354 0.4000000060
113206  -40.222  -69.271  -10.488 0.2000000030
124949  -42.084  -72.144  -10.719 0.1000000015
8576  -42.686  -75.978  -12.081 0.1000000015
10925  -42.558  -71.613  -11.031 0.1000000015
14768  -39.924  -67.011  -10.260 0.3000000119
11673  -41.831  -70.486  -11.446 0.1000000015
10304  -43.641  -72.480  -11.213 0.1000000015
9151  -43.656  -74.107  -11.663 0.1000000015
125182  -41.103  -64.949  -9.329 0.1000000015
129623  -40.643  -66.588  -10.920 0.1000000015
13257  -40.915  -68.754  -11.240 0.1000000015
10934  -43.667  -71.883  -11.685 0.1000000015
12469  -42.116  -70.194  -12.059 0.1000000015
7976  -41.740  -76.231  -14.578 0.1000000015
13269  -41.389  -68.156  -12.304 0.1000000015
14770  -40.893  -66.100  -10.980 0.1000000015
9639  -44.632  -73.870  -3.909 0.3000000119
9071  -44.534  -74.851  -4.184 0.2000000030
9070  -43.538  -74.765  -3.896 0.3000000119
9081  -44.106  -75.715  -4.365 0.2000000030
10870  -45.908  -72.301  -4.941 0.4000000060
9647  -45.423  -73.697  -4.788 0.2000000030
10240  -45.530  -72.569  -5.267 0.4000000060
9072  -45.112  -74.326  -4.500 0.3000000119
9080  -43.096  -75.523  -4.252 0.2000000030
10250  -45.261  -73.001  -5.453 0.4000000060
9082  -45.057  -75.040  -4.784 0.2000000030
8481  -43.732  -76.480  -4.682 0.2000000030
9079  -41.901  -75.134  -4.336 0.1000000015
134132  -44.818  -75.221  -5.375 0.3000000119
9078  -40.798  -74.720  -4.558 0.1000000015
9092  -40.149  -75.247  -5.191 0.1000000015
8480  -41.415  -75.767  -4.826 0.1000000015
8490  -40.960  -76.418  -5.344 0.1000000015
9089  -38.098  -74.423  -6.375 0.1000000015
8489  -39.170  -75.349  -5.682 0.1000000015
121523  -39.937  -76.056  -5.592 0.1000000015
9111  -38.229  -74.846  -6.979 0.1000000015
8503  -38.649  -75.369  -6.356 0.1000000015
9653  -44.774  -74.605  -5.625 0.3000000119
8492  -43.973  -76.874  -4.986 0.2000000030
7885  -43.342  -77.083  -5.087 0.2000000030
122916  -42.663  -76.244  -4.651 0.2000000030
8491  -42.225  -76.852  -5.163 0.2000000030
8519  -38.560  -75.746  -7.146 0.1000000015
124840  -38.012  -74.478  -7.458 0.1000000015
9663  -44.037  -73.722  -5.880 0.2000000030
7894  -43.595  -76.971  -5.302 0.2000000030
7892  -41.740  -77.406  -5.612 0.2000000030
8504  -39.356  -76.243  -6.062 0.1000000015
9114  -37.974  -74.492  -8.124 0.1000000015
9115  -38.296  -75.119  -7.650 0.1000000015
116784  -43.796  -74.750  -6.030 0.3000000119
132289  -43.202  -77.187  -5.427 0.3000000119
10258  -43.309  -72.815  -6.141 0.2000000030
7299  -40.427  -77.668  -6.252 0.2000000030
7899  -39.654  -77.131  -6.388 0.1000000015
8529  -38.334  -75.300  -8.555 0.1000000015
8530  -38.617  -76.020  -7.869 0.1000000015
7303  -39.318  -77.351  -7.008 0.1000000015
133080  -38.504  -75.867  -9.330 0.1000000015
7321  -39.232  -77.807  -8.258 0.1000000015
7310  -39.251  -77.567  -7.615 0.1000000015
119617  -38.951  -77.208  -8.713 0.1000000015
7322  -39.569  -78.443  -7.786 0.1000000015
6681  -39.832  -79.179  -8.064 0.1000000015
8560  -37.548  -75.330  -11.699 0.1000000015
124709  -38.753  -76.845  -9.665 0.1000000015
6680  -39.478  -78.692  -8.473 0.1000000015
7323  -41.167  -78.514  -7.865 0.3000000119
7346  -38.819  -77.963  -10.187 0.1000000015
129335  -44.321  -72.903  -5.841 0.3000000119
9655  -45.377  -73.442  -5.176 0.3000000119
9654  -45.173  -73.979  -5.400 0.2000000030
9105  -44.374  -75.722  -5.605 0.3000000119
7898  -39.002  -76.422  -6.760 0.1000000015
8540  -38.707  -76.359  -8.648 0.1000000015
7893  -42.759  -77.378  -5.545 0.2000000030
8483  -44.770  -75.700  -5.134 0.2000000030
7891  -40.436  -77.038  -5.832 0.1000000015
8548  -38.355  -75.826  -10.184 0.1000000015
130040  -38.440  -76.491  -10.599 0.1000000015
7334  -39.137  -78.052  -9.180 0.1000000015
8547  -37.816  -74.967  -10.725 0.1000000015
7928  -38.584  -77.191  -10.600 0.1000000015
6682  -40.769  -78.996  -7.857 0.2000000030
5388  -39.617  -80.217  -10.527 0.1000000015
6052  -39.060  -80.325  -10.995 0.1000000015
5408  -39.809  -80.360  -10.709 0.2000000030
5419  -38.537  -80.704  -12.341 0.1000000015
6007  -40.538  -79.524  -9.067 0.2000000030
5389  -40.030  -80.277  -10.008 0.2000000030
5407  -39.277  -80.594  -11.406 0.2000000030
6053  -40.331  -80.035  -10.615 0.1000000015
4895  -38.565  -80.903  -12.639 0.1000000015
5421  -40.054  -80.294  -11.293 0.2000000030
125769  -40.576  -79.616  -11.320 0.1000000015
6006  -40.386  -79.458  -8.493 0.2000000030
6039  -40.555  -79.682  -9.849 0.1000000015
5420  -39.221  -80.906  -12.289 0.1000000015
6069  -40.450  -79.669  -12.100 0.1000000015
115750  -40.969  -78.963  -8.692 0.2000000030
6716  -41.133  -78.789  -10.244 0.1000000015
6724  -40.990  -78.891  -11.709 0.1000000015
113794  -41.294  -78.417  -9.631 0.1000000015
6725  -41.333  -78.310  -11.194 0.1000000015
7335  -41.377  -78.079  -8.871 0.2000000030
7347  -41.551  -77.496  -10.025 0.2000000030
115345  -41.570  -77.732  -11.862 0.1000000015
120504  -41.433  -78.066  -10.457 0.1000000015
7925  -41.455  -77.122  -9.193 0.2000000030
7361  -41.685  -77.498  -11.039 0.1000000015
6741  -40.983  -78.598  -12.620 0.1000000015
6005  -40.015  -79.562  -8.566 0.1000000015
6017  -39.807  -79.780  -9.264 0.1000000015
10231  -45.474  -73.021  -4.487 0.2000000030
9638  -43.894  -73.983  -3.552 0.1000000015
121352  -48.024  -68.769  -3.051 0.2000000030
12344  -47.437  -69.288  -2.350 0.1000000015
17030  -51.143  -63.855  0.150 0.1000000015
133771  -49.066  -67.885  -0.179 0.1000000015
13151  -48.697  -68.355  -0.630 0.1000000015
13907  -49.301  -67.678  -0.892 0.1000000015
125159  -50.852  -64.814  1.869 0.2000000030
16261  -50.988  -64.503  0.739 0.1000000015
13888  -49.255  -67.554  0.510 0.1000000015
17014  -50.777  -64.184  0.754 0.2000000030
16262  -51.247  -64.335  -0.215 0.1000000015
15462  -50.947  -65.102  0.185 0.1000000015
14640  -50.468  -65.919  -0.211 0.1000000015
14658  -50.057  -66.615  -0.691 0.1000000015
13908  -49.538  -67.294  -0.343 0.1000000015
123072  -49.719  -67.133  -1.051 0.1000000015
14659  -50.615  -65.845  -1.178 0.1000000015
16269  -51.421  -64.212  -1.005 0.1000000015
16244  -50.410  -64.344  1.322 0.2000000030
13887  -48.646  -68.389  0.342 0.1000000015
15474  -50.793  -65.400  -0.527 0.1000000015
15446  -50.880  -65.159  1.475 0.1000000015
10230  -44.782  -72.932  -3.674 0.1000000015
9640  -45.143  -73.656  -4.281 0.1000000015
17009  -45.281  -63.448  1.760 0.1000000015
17002  -46.413  -63.672  1.683 0.1000000015
16221  -46.488  -64.233  2.615 0.1000000015
129947  -47.379  -64.449  2.781 0.1000000015
16206  -48.325  -64.523  3.275 0.1000000015
16241  -47.314  -64.188  2.083 0.1000000015
16993  -44.819  -63.742  3.418 0.1000000015
16220  -45.782  -64.228  3.366 0.1000000015
16204  -46.141  -64.434  4.113 0.1000000015
16167  -47.738  -64.439  5.567 0.1000000015
17001  -45.528  -63.828  2.530 0.1000000015
16205  -46.944  -64.517  3.543 0.1000000015
118189  -47.920  -64.558  4.094 0.1000000015
16192  -49.907  -64.602  5.019 0.1000000015
128243  -44.465  -63.259  1.732 0.1000000015
16166  -46.608  -64.284  5.556 0.1000000015
16976  -45.301  -64.107  4.172 0.1000000015
16189  -45.906  -64.300  4.859 0.1000000015
17000  -44.585  -63.501  2.477 0.1000000015
16190  -47.026  -64.542  4.652 0.1000000015
17008  -44.019  -62.853  1.229 0.1000000015
17828  -43.295  -62.427  1.406 0.1000000015
111422  -45.075  -63.772  4.996 0.1000000015
134141  -44.250  -63.512  3.804 0.1000000015
16992  -43.840  -63.349  3.225 0.1000000015
16999  -43.679  -63.098  2.119 0.1000000015
17841  -43.645  -62.189  0.674 0.1000000015
24251  -44.426  -54.755  1.760 0.1000000015
25097  -45.253  -53.332  2.152 0.1000000015
129005  -43.019  -62.526  2.081 0.1000000015
17840  -42.879  -61.800  0.823 0.1000000015
18651  -43.275  -61.538  0.199 0.1000000015
25095  -43.689  -53.200  1.450 0.1000000015
25096  -44.467  -53.323  1.794 0.1000000015
25099  -47.187  -53.373  1.962 0.1000000015
25916  -44.884  -52.633  1.621 0.1000000015
25098  -46.174  -53.308  2.222 0.1000000015
115341  -44.571  -63.628  4.294 0.1000000015
16961  -45.719  -63.882  5.673 0.1000000015
16962  -46.374  -63.909  6.165 0.1000000015
16222  -48.070  -64.430  2.467 0.1000000015
17829  -44.896  -63.017  1.095 0.1000000015
113083  -49.137  -64.558  4.150 0.1000000015
16191  -48.409  -64.611  4.875 0.1000000015
24241  -44.868  -54.245  2.202 0.1000000015
25917  -45.749  -52.674  1.578 0.1000000015
17108  -42.072  -63.346  -7.675 0.1000000015
120076  -42.967  -63.460  -7.697 0.1000000015
17935  -42.637  -62.632  -7.445 0.1000000015
129918  -42.606  -70.942  -2.781 0.1000000015
10848  -42.086  -71.369  -3.040 0.1000000015
124681  -42.401  -72.308  -3.171 0.1000000015
12342  -42.702  -70.262  -2.372 0.1000000015
11574  -41.907  -70.575  -2.785 0.1000000015
11586  -41.215  -70.998  -3.196 0.1000000015
10849  -42.924  -71.626  -2.900 0.1000000015
12341  -41.733  -69.789  -2.483 0.1000000015
11575  -43.280  -71.014  -2.613 0.1000000015
12340  -40.881  -69.395  -2.604 0.1000000015
13170  -41.482  -69.105  -2.250 0.1000000015
13158  -40.844  -68.129  -1.807 0.1000000015
12330  -42.317  -69.322  -1.943 0.1000000015
118263  -38.234  -67.894  6.907 0.1000000015
13794  -38.003  -67.076  6.918 0.1000000015
14569  -36.745  -66.507  4.266 0.1000000015
14584  -36.476  -66.240  3.593 0.1000000015
15410  -36.691  -65.454  3.281 0.1000000015
15422  -36.479  -65.191  2.429 0.1000000015
10860  -43.404  -72.394  -3.053 0.1000000015
14603  -35.845  -65.875  2.159 0.1000000015
16238  -37.554  -64.582  1.329 0.1000000015
13169  -40.828  -68.659  -2.246 0.1000000015
125617  -42.872  -73.829  -3.550 0.1000000015
15457  -36.124  -65.110  0.940 0.1000000015
15472  -37.147  -64.900  -0.191 0.1000000015
15488  -38.248  -65.685  -1.007 0.1000000015
13917  -39.714  -67.225  -1.734 0.1000000015
13918  -40.578  -67.480  -1.430 0.1000000015
118479  -42.333  -68.695  -1.460 0.1000000015
9646  -42.393  -74.466  -3.951 0.1000000015
14634  -35.127  -66.087  0.584 0.1000000015
14675  -37.703  -66.031  -1.626 0.1000000015
14677  -40.091  -66.735  -1.094 0.1000000015
14656  -40.703  -66.959  -0.812 0.1000000015
14539  -37.737  -66.723  6.190 0.1000000015
14556  -37.553  -66.287  5.530 0.1000000015
131144  -37.063  -65.989  4.586 0.1000000015
11576  -43.970  -71.164  -2.465 0.1000000015
10851  -44.456  -71.853  -3.045 0.1000000015
10850  -43.677  -71.759  -2.827 0.1000000015
15398  -36.910  -65.718  4.005 0.1000000015
15423  -37.122  -64.858  2.921 0.1000000015
15411  -37.345  -65.029  3.614 0.1000000015
10228  -43.189  -73.132  -3.261 0.1000000015
120018  -38.016  -65.112  -0.349 0.1000000015
15473  -38.814  -65.565  -0.401 0.1000000015
14654  -38.922  -66.033  -0.970 0.1000000015
13146  -41.942  -68.099  -1.183 0.1000000015
15460  -39.412  -65.495  0.199 0.1000000015
14655  -39.609  -66.096  -0.548 0.1000000015
120009  -40.401  -66.456  -0.405 0.1000000015
13904  -41.387  -67.422  -0.816 0.1000000015
14525  -38.864  -65.782  7.482 0.1000000015
121566  -38.259  -66.082  6.750 0.1000000015
15322  -39.554  -65.744  8.676 0.1000000015
11577  -44.586  -71.049  -2.435 0.1000000015
14557  -37.979  -65.973  5.965 0.1000000015
16162  -38.686  -64.979  5.407 0.1000000015
11565  -43.618  -70.489  -2.164 0.1000000015
10852  -45.104  -71.452  -2.973 0.1000000015
16184  -38.295  -64.849  4.697 0.1000000015
12331  -43.270  -69.806  -1.803 0.1000000015
15399  -37.539  -65.330  4.464 0.1000000015
16216  -37.964  -64.583  2.952 0.1000000015
120658  -38.194  -64.510  1.988 0.1000000015
15459  -38.637  -65.063  0.330 0.1000000015
16260  -38.419  -64.653  1.125 0.1000000015
133495  -40.719  -66.315  0.159 0.1000000015
14657  -41.087  -66.741  -0.261 0.1000000015
15441  -39.263  -64.981  0.934 0.1000000015
15461  -40.007  -65.410  0.806 0.1000000015
15346  -40.135  -64.826  7.677 0.1000000015
11566  -44.197  -70.657  -2.084 0.1000000015
15362  -38.854  -65.368  6.722 0.1000000015
15345  -39.419  -65.124  7.243 0.1000000015
16115  -41.000  -64.683  7.981 0.1000000015
15324  -41.178  -64.823  8.848 0.1000000015
13161  -43.700  -69.535  -1.325 0.1000000015
12332  -44.117  -70.072  -1.655 0.1000000015
11567  -44.729  -70.478  -1.851 0.1000000015
16149  -39.110  -64.999  6.047 0.1000000015
15363  -39.447  -64.959  6.584 0.1000000015
13160  -43.017  -69.144  -1.371 0.1000000015
10861  -44.082  -72.446  -3.124 0.1000000015
13883  -41.848  -67.079  -0.050 0.1000000015
13147  -42.749  -68.469  -0.937 0.1000000015
16183  -38.094  -64.679  3.898 0.1000000015
14636  -40.694  -65.837  0.688 0.1000000015
16217  -38.908  -64.520  2.576 0.1000000015
16239  -39.074  -64.631  1.723 0.1000000015
15442  -39.847  -64.970  1.507 0.1000000015
16136  -40.923  -64.611  7.110 0.1000000015
16135  -40.077  -64.721  6.824 0.1000000015
13148  -43.670  -68.982  -0.770 0.1000000015
10862  -45.416  -72.097  -3.885 0.1000000015
14637  -41.386  -66.406  0.489 0.1000000015
13884  -42.681  -67.462  0.193 0.1000000015
123373  -40.322  -64.959  1.963 0.1000000015
132019  -38.805  -64.591  4.140 0.1000000015
16202  -38.856  -64.540  3.433 0.1000000015
16218  -39.728  -64.565  3.046 0.1000000015
13131  -44.093  -68.559  -0.068 0.1000000015
12323  -45.086  -69.675  -0.702 0.1000000015
13906  -43.180  -68.170  -0.291 0.1000000015
16150  -39.908  -64.728  6.071 0.1000000015
111396  -41.862  -66.258  1.084 0.1000000015
14638  -42.236  -66.758  0.638 0.1000000015
16163  -39.568  -64.728  5.354 0.1000000015
15443  -40.595  -65.373  1.430 0.1000000015
14622  -41.287  -65.812  1.184 0.1000000015
16185  -39.150  -64.656  4.717 0.1000000015
16219  -40.563  -64.812  2.621 0.1000000015
15424  -40.820  -65.181  2.067 0.1000000015
13149  -44.593  -69.219  -0.421 0.1000000015
12311  -45.372  -69.352  -0.190 0.1000000015
13863  -43.051  -67.088  0.890 0.1000000015
13885  -43.576  -67.809  0.391 0.1000000015
16151  -40.801  -64.618  6.246 0.1000000015
14605  -42.676  -66.107  1.948 0.1000000015
14623  -42.517  -66.439  1.334 0.1000000015
15444  -41.210  -65.475  1.787 0.1000000015
15445  -41.921  -65.808  1.754 0.1000000015
118208  -39.662  -64.538  3.986 0.1000000015
113495  -45.618  -69.067  0.239 0.1000000015
13886  -44.496  -68.215  0.588 0.1000000015
14624  -43.366  -66.646  1.682 0.1000000015
13864  -43.954  -67.456  1.119 0.1000000015
16152  -41.712  -64.598  6.554 0.1000000015
131583  -41.214  -64.867  3.171 0.1000000015
16186  -40.635  -64.582  4.336 0.1000000015
13133  -46.180  -68.942  0.584 0.1000000015
16164  -40.559  -64.609  5.305 0.1000000015
15323  -40.188  -65.107  8.627 0.1000000015
15299  -43.205  -65.017  9.614 0.1000000015
123582  -42.871  -64.936  8.969 0.1000000015
15325  -42.126  -64.847  8.901 0.1000000015
15297  -41.455  -65.107  9.645 0.1000000015
14570  -37.095  -66.656  4.963 0.1000000015
16215  -37.295  -64.628  2.213 0.1000000015
15440  -36.091  -65.330  1.697 0.1000000015
16259  -36.936  -64.714  0.663 0.1000000015
15471  -36.316  -65.034  0.067 0.1000000015
15458  -37.786  -64.719  0.456 0.1000000015
15487  -37.343  -65.416  -0.949 0.1000000015
14676  -38.554  -66.322  -1.507 0.1000000015
13928  -39.188  -67.637  -2.321 0.1000000015
13905  -42.311  -67.760  -0.531 0.1000000015
113153  -38.453  -65.476  6.042 0.1000000015
15425  -41.439  -65.292  2.489 0.1000000015
13132  -44.931  -68.882  0.142 0.1000000015
15298  -42.334  -65.015  9.702 0.1000000015
5456  -25.899  -79.776  -15.628 0.1000000015
6099  -25.936  -79.482  -14.818 0.1000000015
4468  -28.116  -83.068  -19.261 0.1000000015
4453  -27.373  -82.444  -18.666 0.1000000015
116494  -28.258  -82.391  -18.722 0.1000000015
4943  -28.029  -81.832  -18.257 0.1000000015
4926  -26.292  -80.690  -16.905 0.1000000015
3971  -27.637  -83.865  -19.769 0.1000000015
3509  -28.555  -84.279  -20.728 0.1000000015
3521  -28.929  -84.132  -21.110 0.1000000015
6117  -27.600  -79.555  -15.404 0.1000000015
6100  -26.917  -79.209  -14.867 0.1000000015
6771  -26.377  -79.013  -14.310 0.1000000015
6133  -27.318  -79.886  -16.100 0.1000000015
4932  -27.728  -81.278  -17.665 0.1000000015
5491  -27.344  -80.745  -17.117 0.1000000015
133883  -27.072  -80.310  -16.623 0.1000000015
4454  -28.787  -82.609  -19.000 0.1000000015
4931  -26.788  -81.320  -17.605 0.1000000015
4469  -29.107  -83.140  -19.488 0.1000000015
133315  -29.389  -83.868  -20.367 0.1000000015
3996  -30.164  -83.657  -20.805 0.1000000015
4006  -30.400  -83.302  -21.528 0.1000000015
8555  -31.369  -75.361  -11.471 0.1000000015
120168  -28.860  -76.407  -12.252 0.1000000015
8570  -30.990  -75.932  -11.948 0.1000000015
6101  -27.868  -79.135  -14.768 0.1000000015
6773  -28.287  -78.674  -14.229 0.1000000015
6754  -27.926  -78.126  -13.711 0.1000000015
7388  -28.563  -77.659  -13.283 0.1000000015
7375  -28.069  -77.174  -12.845 0.1000000015
7959  -28.786  -76.972  -12.728 0.1000000015
6118  -28.473  -79.558  -15.223 0.1000000015
6753  -27.079  -78.130  -13.420 0.1000000015
6135  -29.164  -79.976  -15.718 0.1000000015
124245  -26.345  -78.652  -13.660 0.1000000015
5492  -28.231  -80.828  -17.111 0.1000000015
5471  -27.839  -80.365  -16.547 0.1000000015
3973  -29.506  -83.685  -19.995 0.1000000015
8572  -32.720  -75.668  -12.108 0.1000000015
8569  -30.158  -76.041  -11.884 0.1000000015
8556  -32.214  -75.238  -11.522 0.1000000015
6755  -28.656  -78.224  -13.817 0.1000000015
7402  -29.893  -78.069  -13.700 0.1000000015
7960  -29.550  -77.437  -13.112 0.1000000015
6774  -29.287  -78.661  -14.228 0.1000000015
6102  -28.653  -79.113  -14.668 0.1000000015
4933  -28.600  -81.379  -17.714 0.1000000015
4944  -28.940  -81.996  -18.443 0.1000000015
4455  -29.510  -82.542  -19.037 0.1000000015
4470  -29.961  -83.126  -19.540 0.1000000015
5472  -28.683  -80.437  -16.458 0.1000000015
7945  -30.584  -76.515  -12.407 0.1000000015
5493  -29.092  -80.917  -17.121 0.1000000015
8568  -29.335  -76.013  -11.863 0.1000000015
6119  -29.269  -79.389  -14.959 0.1000000015
125037  -29.855  -79.641  -15.344 0.1000000015
8553  -29.777  -75.543  -11.409 0.1000000015
6137  -30.922  -79.913  -16.165 0.1000000015
6138  -31.746  -79.730  -16.428 0.1000000015
6139  -33.677  -79.563  -16.837 0.1000000015
7962  -31.005  -77.013  -12.942 0.1000000015
115070  -30.171  -78.529  -14.171 0.1000000015
6120  -30.591  -79.557  -15.461 0.1000000015
6776  -31.599  -78.514  -14.622 0.1000000015
6121  -31.403  -79.396  -15.705 0.1000000015
7404  -31.301  -78.162  -14.147 0.1000000015
7389  -30.467  -77.559  -13.319 0.1000000015
7403  -30.679  -78.106  -13.869 0.1000000015
6777  -32.498  -78.340  -14.716 0.1000000015
6103  -30.159  -79.092  -14.775 0.1000000015
125579  -32.200  -80.074  -17.254 0.1000000015
6795  -31.913  -78.851  -15.265 0.1000000015
3510  -29.201  -83.960  -20.597 0.1000000015
3511  -29.506  -83.867  -20.792 0.1000000015
3985  -28.939  -83.987  -20.358 0.1000000015
3986  -29.834  -83.745  -20.380 0.1000000015
4446  -27.252  -81.739  -18.134 0.1000000015
4877  -38.849  -80.913  -12.159 0.2000000030
4894  -38.468  -80.946  -13.023 0.1000000015
4908  -38.802  -81.028  -12.702 0.1000000015
5371  -39.887  -80.120  -9.784 0.1000000015
5406  -38.826  -80.699  -11.702 0.2000000030
5418  -38.256  -80.805  -12.926 0.1000000015
5470  -26.432  -79.963  -16.245 0.1000000015
5999  -40.234  -79.219  -7.940 0.2000000030
6018  -40.107  -79.937  -9.205 0.2000000030
6038  -39.512  -79.981  -10.123 0.1000000015
6054  -40.870  -79.197  -10.825 0.1000000015
6116  -26.680  -79.573  -15.542 0.1000000015
6122  -32.235  -79.199  -15.968 0.1000000015
6134  -28.197  -79.988  -15.893 0.1000000015
6166  -38.339  -78.600  -19.143 0.1000000015
6673  -40.015  -78.871  -7.484 0.3000000119
6742  -41.305  -78.243  -12.027 0.1000000015
6756  -29.194  -78.024  -13.612 0.1000000015
6772  -27.236  -78.677  -14.163 0.1000000015
6775  -30.832  -78.601  -14.408 0.1000000015
6794  -31.091  -79.039  -15.015 0.1000000015
6857  -38.349  -77.917  -19.732 0.1000000015
7311  -39.673  -78.189  -7.200 0.2000000030
7908  -38.910  -76.692  -7.405 0.1000000015
7909  -41.930  -77.923  -7.016 0.3000000119
7944  -29.653  -76.631  -12.434 0.1000000015
7961  -30.256  -77.044  -12.818 0.1000000015
7996  -35.772  -75.911  -17.075 0.1000000015
7998  -40.792  -76.529  -16.962 0.1000000015
8015  -40.143  -76.016  -18.092 0.1000000015
8482  -44.301  -76.292  -4.847 0.2000000030
8493  -44.220  -76.521  -5.239 0.2000000030
8561  -38.150  -75.885  -11.142 0.1000000015
8567  -28.525  -76.006  -11.770 0.1000000015
8571  -31.829  -75.796  -12.038 0.1000000015
8632  -41.721  -74.920  -16.470 0.1000000015
8648  -37.581  -75.570  -17.221 0.1000000015
9083  -45.356  -74.307  -5.038 0.3000000119
9124  -40.817  -74.762  -9.337 0.4000000060
9160  -42.871  -74.800  -13.920 0.1000000015
9183  -34.865  -74.312  -15.601 0.1000000015
9185  -37.011  -74.093  -15.677 0.1000000015
9186  -37.940  -74.041  -15.829 0.1000000015
9201  -41.225  -74.642  -16.958 0.1000000015
9688  -40.611  -73.410  -9.668 0.4000000060
9701  -43.028  -73.718  -10.716 0.1000000015
9709  -43.823  -73.349  -11.488 0.1000000015
9731  -43.645  -73.496  -14.002 0.1000000015
9748  -41.337  -73.308  -16.394 0.1000000015
10286  -40.302  -72.674  -9.705 0.4000000060
10303  -43.022  -72.264  -10.874 0.1000000015
10313  -44.268  -72.396  -12.539 0.2000000030
10328  -44.454  -72.275  -15.465 0.2000000030
10338  -36.310  -72.711  -15.772 0.1000000015
10339  -37.628  -72.808  -15.527 0.1000000015
10341  -40.017  -72.580  -15.661 0.1000000015
10945  -44.421  -71.938  -13.279 0.2000000030
10978  -41.920  -71.933  -16.764 0.1000000015
10987  -39.227  -71.102  -16.684 0.1000000015
11001  -39.297  -70.862  -17.684 0.1000000015
11005  -43.946  -72.017  -17.714 0.1000000015
11022  -39.369  -70.823  -18.701 0.1000000015
11038  -39.364  -70.961  -19.685 0.1000000015
11602  -45.977  -70.757  -5.555 0.4000000060
11696  -42.916  -70.295  -13.310 0.2000000030
11756  -42.763  -71.195  -18.234 0.1000000015
11789  -44.305  -70.165  -19.161 0.1000000015
11808  -42.656  -70.011  -20.138 0.1000000015
12406  -38.968  -69.684  -7.733 0.5000000000
12449  -41.231  -70.021  -11.047 0.1000000015
12529  -42.886  -69.049  -15.470 0.1000000015
12576  -44.337  -69.726  -17.657 0.1000000015
12606  -44.359  -69.441  -19.390 0.1000000015
13159  -41.562  -68.549  -1.762 0.1000000015
13222  -38.739  -69.025  -7.730 0.4000000060
13375  -42.977  -68.949  -21.124 0.1000000015
13383  -42.611  -68.396  -21.667 0.1000000015
13807  -37.412  -67.175  5.563 0.1000000015
13916  -38.952  -66.902  -1.968 0.1000000015
13919  -41.263  -67.904  -1.427 0.1000000015
13921  -49.655  -67.306  -1.833 0.1000000015
14048  -41.714  -67.573  -13.408 0.1000000015
14635  -40.156  -65.896  0.134 0.1000000015
14695  -49.404  -66.823  -3.465 0.2000000030
14705  -49.856  -66.301  -3.108 0.3000000119
14710  -40.903  -66.728  -4.652 0.6999999881
14726  -38.406  -66.356  -7.300 0.4000000060
14807  -48.837  -67.253  -13.089 0.1000000015
14825  -49.144  -66.998  -14.125 0.1000000015
14863  -44.598  -66.771  -17.460 0.1000000015
15379  -37.930  -65.479  5.335 0.1000000015
15475  -51.099  -64.885  -0.935 0.1000000015
15515  -42.503  -65.862  -3.259 0.5000000000
15535  -39.329  -65.463  -8.814 0.3000000119
15559  -41.491  -65.062  -10.017 0.1000000015
15577  -41.468  -65.374  -10.967 0.1000000015
15641  -43.733  -65.572  -14.843 0.1000000015
15677  -47.013  -65.364  -17.372 0.1000000015
16237  -36.717  -64.791  1.553 0.1000000015
16240  -39.752  -64.671  2.228 0.1000000015
16277  -51.268  -64.395  -1.670 0.2000000030
16300  -39.494  -63.838  -3.798 0.4000000060
16314  -38.431  -64.503  -5.787 0.5000000000
16407  -48.448  -65.853  -15.168 0.1000000015
16454  -47.057  -64.952  -17.508 0.1000000015
16475  -45.497  -65.198  -19.379 0.1000000015
16480  -43.513  -64.679  -21.103 0.1000000015
17040  -51.379  -63.753  -0.628 0.2000000030
17065  -50.116  -63.556  -2.647 0.2000000030
17074  -39.914  -63.297  -3.296 0.4000000060
17107  -41.470  -63.775  -8.008 0.2000000030
17252  -45.213  -63.361  -16.078 0.1000000015
17864  -50.855  -62.316  -1.056 0.2000000030
17872  -51.023  -62.393  -1.781 0.2000000030
18684  -39.708  -61.918  -2.760 0.5000000000
18713  -38.652  -61.809  -5.521 0.4000000060
19452  -39.420  -60.355  -2.678 0.3000000119
19454  -40.923  -60.346  -2.478 0.5000000000
19455  -43.728  -59.789  -2.888 0.4000000060
19471  -38.577  -60.403  -3.889 0.4000000060
19482  -40.242  -60.547  -6.309 0.3000000119
19483  -41.008  -60.466  -6.629 0.3000000119
20215  -47.477  -58.792  -2.408 0.3000000119
20227  -38.697  -59.165  -4.466 0.4000000060
20253  -43.837  -59.473  -7.416 0.1000000015
20254  -44.615  -59.540  -7.475 0.1000000015
20295  -41.699  -59.489  -10.272 0.1000000015
20997  -39.488  -58.860  -2.658 0.4000000060
21009  -38.643  -58.582  -3.897 0.3000000119
21021  -39.248  -58.741  -5.364 0.3000000119
21815  -38.931  -57.350  -3.557 0.3000000119
21816  -39.346  -57.468  -2.957 0.3000000119
21875  -37.965  -57.103  -9.709 0.1000000015
22631  -38.820  -56.929  -4.040 0.3000000119
22652  -39.755  -56.689  -5.844 0.3000000119
23563  -39.364  -55.877  -9.504 0.1000000015
24337  -39.885  -54.426  -5.236 0.2000000030
24400  -53.547  -54.314  -9.546 0.1000000015
25140  -40.661  -53.134  -1.523 0.1000000015
25156  -39.673  -53.443  -2.704 0.1000000015
25157  -40.136  -53.238  -2.001 0.1000000015
25174  -39.582  -53.171  -4.179 0.1000000015
25183  -42.194  -53.505  -6.458 0.1000000015
25246  -54.436  -52.924  -10.041 0.1000000015
25992  -39.838  -52.435  -4.218 0.1000000015
26062  -54.370  -52.247  -9.959 0.1000000015
26832  -47.076  -51.801  -2.016 0.1000000015
26865  -39.795  -52.154  -3.495 0.1000000015
26866  -40.229  -51.516  -3.166 0.1000000015
26890  -41.502  -51.474  -5.029 0.1000000015
26906  -44.757  -51.005  -7.250 0.1000000015
27789  -40.728  -51.000  -3.740 0.1000000015
27795  -46.114  -50.748  -3.738 0.1000000015
27812  -44.714  -49.862  -4.694 0.1000000015
112215  -38.511  -61.815  -3.989 0.4000000060
114080  -40.810  -51.447  -4.476 0.1000000015
114988  -44.598  -75.588  -4.677 0.2000000030
115012  -43.023  -62.199  -18.988 0.1000000015
115136  -41.068  -56.670  -6.682 0.2000000030
115302  -44.347  -65.614  -15.283 0.1000000015
116403  -42.401  -64.215  -22.265 0.1000000015
118500  -38.484  -62.474  -4.440 0.4000000060
118559  -39.475  -65.424  8.038 0.1000000015
119882  -44.151  -54.936  -7.388 0.1000000015
119913  -43.609  -57.602  -3.273 0.4000000060
119921  -46.118  -61.524  -0.465 0.3000000119
120921  -39.757  -80.486  -11.921 0.1000000015
121250  -38.498  -68.036  -8.563 0.4000000060
121365  -39.388  -53.960  -3.953 0.1000000015
121386  -40.510  -60.865  -2.445 0.5000000000
123095  -39.330  -66.532  -1.326 0.1000000015
123934  -44.653  -53.803  -7.508 0.1000000015
124028  -44.108  -72.862  -11.969 0.1000000015
124769  -38.407  -63.832  -5.388 0.5000000000
124959  -47.352  -51.946  -9.017 0.1000000015
124986  -44.236  -72.645  -14.858 0.2000000030
125133  -38.819  -59.697  -4.947 0.4000000060
125328  -29.023  -75.543  -11.355 0.1000000015
125341  -43.624  -50.215  -5.705 0.1000000015
125738  -47.972  -59.258  -2.443 0.3000000119
125800  -36.718  -73.567  -15.505 0.1000000015
126014  -32.665  -79.564  -16.713 0.1000000015
126054  -38.434  -71.883  -15.854 0.1000000015
126904  -44.465  -59.206  -3.004 0.3000000119
126982  -50.544  -61.881  -2.165 0.2000000030
126990  -37.984  -76.979  -19.476 0.1000000015
127555  -39.919  -64.596  4.733 0.1000000015
127593  -41.902  -77.258  -11.708 0.2000000030
127695  -40.922  -79.106  -9.468 0.1000000015
127942  -45.047  -74.834  -5.243 0.3000000119
129418  -43.007  -49.713  -3.833 0.1000000015
129920  -47.692  -65.851  -16.265 0.1000000015
130422  -37.389  -65.910  5.005 0.1000000015
130564  -40.021  -58.870  -10.236 0.1000000015
131131  -39.043  -76.384  -18.637 0.1000000015
131169  -40.423  -58.541  -6.315 0.2000000030
131374  -42.547  -53.983  -6.719 0.1000000015
131804  -41.230  -59.896  -2.541 0.5000000000
131808  -52.810  -52.357  -9.437 0.1000000015
132499  -44.399  -70.843  -16.318 0.1000000015
132540  -45.692  -61.362  -2.692 0.3000000119
132568  -43.889  -62.423  -2.613 0.4000000060
133154  -41.576  -64.641  -8.865 0.1000000015
133400  -49.617  -53.578  -2.048 0.1000000015
133490  -46.871  -63.530  1.306 0.1000000015
133559  -43.948  -68.601  -20.688 0.1000000015
134429  -50.603  -53.719  -9.452 0.1000000015
134702  -45.655  -72.995  -4.919 0.4000000060
