#!ascii label  , from subject sub-v1s1x0050643_ses-1 vox2ras=TkReg
1339
112746  10.130  -34.745  54.964 0.0000000000
61714  41.158  -11.459  32.109 0.0000000000
48674  28.083  -25.870  46.573 0.0000000000
51418  37.352  -23.295  48.512 0.0000000000
48676  20.306  -25.459  46.714 0.0000000000
45860  16.288  -28.642  56.888 0.0000000000
64566  49.248  -7.382  26.359 0.0000000000
66467  46.654  -4.991  33.065 0.0000000000
56646  37.917  -16.762  39.137 0.0000000000
114466  51.878  -6.069  19.311 0.0000000000
126616  26.454  -25.536  51.964 0.0000000000
44083  12.985  -31.268  56.424 0.0000000000
65537  48.763  -7.508  29.757 0.0000000000
63551  44.455  -9.245  29.188 0.0000000000
62552  39.540  -9.432  36.797 0.0000000000
64441  43.616  -7.912  37.766 0.0000000000
61658  36.319  -10.711  36.296 0.0000000000
130078  33.896  -22.315  43.043 0.0000000000
48670  33.233  -25.589  46.876 0.0000000000
49507  22.827  -24.735  52.163 0.0000000000
127886  20.656  -27.160  57.075 0.0000000000
47657  18.664  -27.464  51.546 0.0000000000
45042  15.068  -30.073  50.905 0.0000000000
50502  23.190  -24.154  47.380 0.0000000000
65558  54.034  -6.050  26.221 0.0000000000
114785  53.251  -5.411  31.538 0.0000000000
63510  43.801  -8.630  32.721 0.0000000000
59001  40.182  -13.323  40.168 0.0000000000
53176  38.527  -20.357  43.924 0.0000000000
64616  49.623  -7.819  22.189 0.0000000000
63609  55.432  -7.634  22.593 0.0000000000
128272  58.167  -9.552  18.758 0.0000000000
49472  25.895  -25.953  54.332 0.0000000000
42302  11.899  -33.005  55.674 0.0000000000
43174  11.678  -31.696  59.404 0.0000000000
41312  10.344  -33.619  59.186 0.0000000000
63587  44.781  -8.803  26.530 0.0000000000
63448  39.236  -8.805  38.496 0.0000000000
64417  40.869  -7.790  39.301 0.0000000000
36735  5.307  -38.656  57.277 0.0000000000
128532  36.800  -11.402  34.082 0.0000000000
49635  28.670  -24.981  44.110 0.0000000000
49633  31.008  -24.610  44.247 0.0000000000
116673  30.123  -26.158  47.143 0.0000000000
49546  21.287  -25.399  50.118 0.0000000000
48593  20.500  -26.323  51.885 0.0000000000
115742  19.648  -26.850  48.892 0.0000000000
50504  22.166  -24.283  47.567 0.0000000000
50465  22.844  -24.341  49.798 0.0000000000
46718  18.567  -28.065  57.050 0.0000000000
65561  51.059  -6.820  26.160 0.0000000000
65546  53.553  -6.676  28.846 0.0000000000
64547  51.264  -7.758  28.463 0.0000000000
65499  47.263  -6.109  31.454 0.0000000000
66465  50.463  -4.441  32.815 0.0000000000
127252  41.099  -10.992  29.880 0.0000000000
62637  42.844  -9.863  30.523 0.0000000000
61712  42.404  -10.332  32.269 0.0000000000
57472  37.878  -15.341  37.042 0.0000000000
130443  38.427  -13.447  37.963 0.0000000000
58226  39.668  -14.771  39.259 0.0000000000
51458  35.505  -23.018  45.429 0.0000000000
52371  36.485  -21.582  43.823 0.0000000000
52327  37.937  -22.116  46.568 0.0000000000
65594  47.591  -6.770  24.457 0.0000000000
64618  47.620  -6.939  22.148 0.0000000000
65607  49.517  -6.969  23.671 0.0000000000
65605  51.488  -6.405  23.919 0.0000000000
64644  56.530  -7.824  18.193 0.0000000000
129125  54.872  -8.383  18.413 0.0000000000
62709  57.121  -9.217  20.354 0.0000000000
62713  53.361  -8.885  19.977 0.0000000000
49571  26.979  -25.690  48.875 0.0000000000
47682  29.433  -26.388  49.678 0.0000000000
48588  29.277  -26.224  52.288 0.0000000000
44969  14.328  -29.624  56.833 0.0000000000
45834  15.576  -28.636  59.082 0.0000000000
44943  13.722  -29.520  59.310 0.0000000000
64584  46.711  -7.457  25.626 0.0000000000
63557  49.458  -8.117  28.368 0.0000000000
63584  47.313  -8.452  27.174 0.0000000000
64538  46.894  -7.942  29.612 0.0000000000
64507  46.031  -7.047  31.161 0.0000000000
61688  40.783  -11.113  34.871 0.0000000000
62568  42.953  -10.125  35.208 0.0000000000
63457  41.729  -8.636  37.593 0.0000000000
54959  36.266  -18.206  39.388 0.0000000000
120576  38.936  -20.919  49.331 0.0000000000
38584  8.553  -36.289  55.229 0.0000000000
39475  8.663  -35.683  58.342 0.0000000000
38570  7.118  -37.164  57.776 0.0000000000
111867  38.710  -12.146  32.189 0.0000000000
60708  38.224  -11.638  33.704 0.0000000000
61656  38.179  -10.199  36.242 0.0000000000
61629  38.366  -10.009  38.790 0.0000000000
51502  31.147  -23.046  42.305 0.0000000000
50527  33.051  -24.200  45.048 0.0000000000
49584  35.613  -24.698  48.092 0.0000000000
47679  32.532  -26.960  49.384 0.0000000000
49538  35.236  -25.450  50.573 0.0000000000
115865  23.683  -25.469  54.925 0.0000000000
48517  22.780  -26.083  57.562 0.0000000000
129999  21.982  -26.093  54.844 0.0000000000
46748  19.473  -27.636  54.049 0.0000000000
110697  17.358  -28.135  53.936 0.0000000000
46790  17.341  -27.871  48.959 0.0000000000
46775  16.570  -28.321  51.742 0.0000000000
45891  15.544  -29.045  53.820 0.0000000000
116023  14.017  -30.815  53.734 0.0000000000
43243  12.578  -32.486  53.018 0.0000000000
41362  10.768  -34.047  52.344 0.0000000000
49638  25.712  -24.882  44.206 0.0000000000
50548  23.895  -24.020  44.656 0.0000000000
49603  25.493  -24.957  46.545 0.0000000000
49559  25.535  -24.915  49.447 0.0000000000
116277  24.382  -24.842  52.199 0.0000000000
64485  54.574  -6.634  31.909 0.0000000000
65519  50.709  -6.440  30.443 0.0000000000
62667  42.805  -9.760  28.815 0.0000000000
111313  44.290  -8.398  31.218 0.0000000000
64477  45.199  -6.684  33.406 0.0000000000
63483  44.036  -9.014  35.457 0.0000000000
65447  44.961  -7.104  35.336 0.0000000000
60682  35.392  -11.405  36.216 0.0000000000
60658  37.745  -11.167  38.316 0.0000000000
60611  39.681  -11.090  41.234 0.0000000000
54059  36.627  -19.354  41.291 0.0000000000
113193  38.542  -18.316  41.618 0.0000000000
113423  39.655  -20.537  47.169 0.0000000000
54881  40.868  -18.727  44.828 0.0000000000
56621  40.348  -17.135  42.000 0.0000000000
58208  41.632  -14.706  42.711 0.0000000000
59762  41.637  -12.510  43.484 0.0000000000
63637  50.987  -8.040  19.834 0.0000000000
63612  52.037  -8.183  22.079 0.0000000000
65602  54.278  -6.248  24.515 0.0000000000
48542  27.075  -26.075  56.076 0.0000000000
41342  11.007  -33.888  55.382 0.0000000000
41322  10.853  -33.652  57.680 0.0000000000
41332  10.439  -34.192  56.987 0.0000000000
63424  39.805  -8.727  40.093 0.0000000000
64402  40.395  -8.302  40.366 0.0000000000
35866  4.757  -39.665  55.125 0.0000000000
109477  28.101  -25.647  44.901 0.0000000000
48688  29.592  -25.799  45.647 0.0000000000
48673  29.185  -25.975  46.643 0.0000000000
49576  21.126  -25.237  48.268 0.0000000000
114524  20.717  -25.949  49.882 0.0000000000
48646  20.132  -26.236  48.212 0.0000000000
49621  21.179  -24.262  46.046 0.0000000000
49590  20.953  -24.956  47.436 0.0000000000
49575  21.757  -24.972  48.785 0.0000000000
46719  17.705  -28.244  56.979 0.0000000000
46709  16.899  -28.300  58.313 0.0000000000
65562  50.134  -7.128  26.345 0.0000000000
64555  51.835  -7.676  27.765 0.0000000000
64565  50.883  -7.667  27.088 0.0000000000
66490  46.926  -5.499  32.233 0.0000000000
123794  48.236  -4.522  32.737 0.0000000000
61723  40.948  -11.448  31.254 0.0000000000
62618  42.031  -10.579  31.412 0.0000000000
116209  42.067  -10.817  32.868 0.0000000000
56666  37.286  -16.696  37.854 0.0000000000
57461  37.968  -15.950  37.871 0.0000000000
57460  38.676  -15.480  38.345 0.0000000000
57454  38.852  -15.730  38.998 0.0000000000
50497  36.455  -23.585  47.210 0.0000000000
51440  37.131  -22.602  46.239 0.0000000000
51430  37.558  -22.688  47.140 0.0000000000
65575  48.051  -6.926  25.183 0.0000000000
65608  48.066  -6.858  23.833 0.0000000000
130418  49.478  -6.616  25.070 0.0000000000
65573  50.123  -6.489  24.943 0.0000000000
65643  54.381  -6.784  18.589 0.0000000000
64648  52.937  -7.732  18.634 0.0000000000
62728  53.820  -8.586  18.802 0.0000000000
64649  52.211  -7.703  18.989 0.0000000000
49539  26.985  -25.676  50.580 0.0000000000
119150  28.534  -26.040  51.047 0.0000000000
48605  27.876  -25.878  52.161 0.0000000000
44082  13.500  -30.699  56.239 0.0000000000
44956  13.976  -29.671  57.693 0.0000000000
111665  12.932  -30.636  58.159 0.0000000000
43164  10.917  -31.759  60.727 0.0000000000
44046  11.988  -30.552  60.713 0.0000000000
64585  45.782  -7.625  25.550 0.0000000000
64568  47.065  -7.949  26.280 0.0000000000
63586  45.694  -8.371  26.221 0.0000000000
63573  45.005  -9.313  27.525 0.0000000000
63561  45.821  -9.165  27.972 0.0000000000
109539  45.904  -8.853  28.846 0.0000000000
64521  46.295  -7.577  30.333 0.0000000000
127666  45.565  -7.989  30.089 0.0000000000
61672  40.375  -10.648  35.594 0.0000000000
61653  40.850  -10.252  36.188 0.0000000000
62551  40.450  -9.520  36.735 0.0000000000
120103  45.978  -6.588  24.519 0.0000000000
38577  7.883  -36.822  56.423 0.0000000000
38586  7.398  -37.348  55.901 0.0000000000
59881  37.757  -12.288  31.889 0.0000000000
112591  38.998  -11.990  33.037 0.0000000000
60724  37.141  -12.190  32.803 0.0000000000
61692  36.589  -11.085  34.921 0.0000000000
61691  37.487  -10.850  35.141 0.0000000000
61657  37.206  -10.367  36.461 0.0000000000
62554  37.901  -9.895  36.946 0.0000000000
122370  37.370  -10.206  37.050 0.0000000000
50568  30.283  -23.573  42.511 0.0000000000
49601  32.298  -25.323  45.938 0.0000000000
49631  32.348  -24.550  44.981 0.0000000000
49600  32.961  -25.139  46.185 0.0000000000
50511  34.220  -24.174  46.077 0.0000000000
49586  34.038  -25.307  47.232 0.0000000000
47667  30.595  -26.828  50.655 0.0000000000
111551  31.025  -26.930  49.774 0.0000000000
111043  32.166  -27.023  50.852 0.0000000000
48601  34.443  -25.866  51.899 0.0000000000
49537  35.979  -24.971  50.959 0.0000000000
109442  23.210  -25.098  53.826 0.0000000000
49476  23.032  -25.348  54.550 0.0000000000
48577  21.813  -25.645  53.546 0.0000000000
47642  19.870  -26.896  52.300 0.0000000000
121306  20.117  -26.918  53.080 0.0000000000
47629  19.422  -27.368  53.148 0.0000000000
46749  18.763  -27.944  54.346 0.0000000000
129476  18.030  -27.808  52.622 0.0000000000
47711  18.072  -27.360  47.624 0.0000000000
45920  15.119  -29.332  49.410 0.0000000000
45919  15.848  -28.898  50.024 0.0000000000
131597  15.703  -29.063  50.961 0.0000000000
45898  15.681  -29.050  52.897 0.0000000000
45899  15.350  -29.458  52.365 0.0000000000
45010  14.851  -29.888  53.787 0.0000000000
45028  14.582  -30.581  52.341 0.0000000000
42324  11.993  -33.043  52.696 0.0000000000
49649  26.620  -24.728  43.083 0.0000000000
130084  25.201  -24.355  43.153 0.0000000000
51449  22.386  -23.971  45.871 0.0000000000
50513  23.857  -24.277  46.184 0.0000000000
50512  24.909  -24.666  45.807 0.0000000000
50500  24.668  -24.593  46.786 0.0000000000
49573  25.246  -24.776  48.151 0.0000000000
49574  24.515  -24.478  48.488 0.0000000000
49525  23.041  -24.461  51.232 0.0000000000
126502  23.675  -24.452  51.073 0.0000000000
49506  23.662  -24.822  52.632 0.0000000000
110043  24.393  -25.196  53.855 0.0000000000
48518  21.890  -26.385  57.394 0.0000000000
39471  7.740  -35.833  59.677 0.0000000000
40405  8.485  -34.539  60.582 0.0000000000
65551  54.780  -6.636  27.520 0.0000000000
65516  53.792  -5.821  30.540 0.0000000000
66510  54.607  -5.974  30.446 0.0000000000
66499  54.423  -5.907  31.331 0.0000000000
66461  53.526  -5.396  32.635 0.0000000000
64535  49.053  -7.870  29.192 0.0000000000
65535  50.281  -7.175  29.795 0.0000000000
65520  49.789  -6.685  30.423 0.0000000000
67328  51.045  -4.184  33.627 0.0000000000
62601  43.328  -9.234  32.336 0.0000000000
62636  43.536  -9.330  30.513 0.0000000000
63524  43.775  -8.736  31.811 0.0000000000
64493  45.050  -7.319  32.037 0.0000000000
64494  44.774  -7.363  32.829 0.0000000000
63473  42.963  -9.293  36.786 0.0000000000
62567  43.534  -9.509  34.920 0.0000000000
63472  43.844  -8.825  36.464 0.0000000000
59850  35.087  -12.249  35.815 0.0000000000
59011  39.227  -13.362  38.945 0.0000000000
59821  37.649  -11.875  37.949 0.0000000000
59806  38.883  -12.400  39.098 0.0000000000
60628  38.800  -11.038  39.888 0.0000000000
59784  40.119  -12.051  41.056 0.0000000000
51501  32.400  -22.179  41.741 0.0000000000
52388  34.029  -21.707  42.040 0.0000000000
53178  37.123  -21.221  43.900 0.0000000000
53204  36.723  -20.583  42.631 0.0000000000
54045  37.505  -19.934  42.582 0.0000000000
54058  37.340  -19.340  41.819 0.0000000000
54044  38.423  -19.592  42.792 0.0000000000
53140  39.464  -20.488  47.903 0.0000000000
55748  41.326  -17.894  44.368 0.0000000000
55765  40.373  -18.151  42.973 0.0000000000
55763  41.243  -16.865  43.124 0.0000000000
57433  41.314  -15.595  42.424 0.0000000000
57428  41.882  -15.558  44.133 0.0000000000
111029  48.808  -7.633  21.999 0.0000000000
64626  49.917  -7.888  20.860 0.0000000000
63626  51.237  -8.445  21.206 0.0000000000
63613  50.997  -8.094  22.036 0.0000000000
65589  53.043  -5.792  24.731 0.0000000000
65603  53.509  -6.110  24.238 0.0000000000
65588  53.952  -5.921  24.770 0.0000000000
65586  54.838  -6.251  25.140 0.0000000000
115407  57.540  -8.832  18.254 0.0000000000
63622  55.897  -8.338  21.689 0.0000000000
63608  56.654  -7.991  22.672 0.0000000000
64610  56.035  -7.460  23.041 0.0000000000
49504  26.354  -25.650  52.775 0.0000000000
48590  27.761  -25.930  53.022 0.0000000000
49463  27.362  -25.953  55.226 0.0000000000
43212  12.204  -32.435  56.244 0.0000000000
43201  12.179  -31.855  57.751 0.0000000000
42272  11.688  -32.484  58.044 0.0000000000
124143  10.830  -32.673  59.636 0.0000000000
42257  10.592  -32.477  60.364 0.0000000000
63588  43.726  -8.788  26.601 0.0000000000
63574  43.470  -9.253  27.339 0.0000000000
62539  39.173  -9.061  37.388 0.0000000000
63458  40.295  -8.354  38.125 0.0000000000
63447  40.020  -8.335  38.758 0.0000000000
64418  40.874  -7.804  40.076 0.0000000000
37693  6.229  -38.294  55.792 0.0000000000
36749  5.691  -38.824  55.294 0.0000000000
35844  4.553  -39.306  57.224 0.0000000000
129451  36.389  -12.183  32.715 0.0000000000
123946  35.776  -11.160  35.036 0.0000000000
50557  29.479  -23.947  42.853 0.0000000000
49634  29.682  -24.994  44.322 0.0000000000
48687  30.462  -25.660  45.536 0.0000000000
48657  31.741  -26.108  46.972 0.0000000000
49526  21.703  -25.195  51.352 0.0000000000
48606  21.488  -25.430  51.966 0.0000000000
48619  20.875  -25.820  50.632 0.0000000000
47669  19.827  -26.754  50.733 0.0000000000
47670  18.989  -27.194  50.799 0.0000000000
45060  14.481  -30.557  50.378 0.0000000000
44166  13.265  -30.910  49.396 0.0000000000
50531  22.188  -24.045  46.129 0.0000000000
50503  22.658  -24.189  47.519 0.0000000000
50488  23.144  -24.256  48.190 0.0000000000
50489  22.601  -24.339  48.349 0.0000000000
50466  22.360  -24.569  49.800 0.0000000000
47601  20.073  -27.601  56.635 0.0000000000
65559  52.943  -6.530  26.476 0.0000000000
64553  53.679  -6.589  27.046 0.0000000000
64554  52.824  -7.047  27.414 0.0000000000
64532  52.512  -7.044  28.947 0.0000000000
111828  52.101  -6.666  29.727 0.0000000000
123795  48.374  -6.621  30.695 0.0000000000
65497  49.111  -6.027  31.001 0.0000000000
66488  48.687  -5.205  31.869 0.0000000000
67330  48.786  -3.984  33.552 0.0000000000
62660  41.369  -10.196  29.024 0.0000000000
62638  42.096  -10.346  30.591 0.0000000000
62617  42.571  -10.075  31.375 0.0000000000
62590  43.341  -9.191  33.211 0.0000000000
63455  44.461  -7.558  37.314 0.0000000000
127444  37.398  -14.127  36.209 0.0000000000
59053  36.994  -13.587  36.176 0.0000000000
58247  38.098  -14.403  37.135 0.0000000000
58235  39.319  -14.270  38.824 0.0000000000
117694  40.333  -14.072  40.145 0.0000000000
51472  34.586  -22.775  44.202 0.0000000000
52373  34.976  -21.820  43.039 0.0000000000
52346  36.168  -22.447  44.934 0.0000000000
52358  37.470  -21.824  44.973 0.0000000000
53164  38.144  -21.416  45.059 0.0000000000
65610  46.560  -6.261  23.324 0.0000000000
65618  46.583  -6.103  22.431 0.0000000000
65617  47.090  -6.635  22.730 0.0000000000
123993  48.564  -7.122  23.295 0.0000000000
64604  49.084  -7.466  22.805 0.0000000000
64602  51.049  -6.988  23.343 0.0000000000
65606  50.567  -6.766  23.819 0.0000000000
65571  52.184  -5.877  25.113 0.0000000000
122979  55.461  -6.167  18.844 0.0000000000
63648  55.599  -8.226  18.279 0.0000000000
62725  56.629  -9.218  18.663 0.0000000000
130751  57.539  -9.496  19.906 0.0000000000
62718  55.921  -9.391  19.151 0.0000000000
62712  54.425  -9.165  20.054 0.0000000000
63630  54.018  -8.864  20.919 0.0000000000
48644  27.796  -25.950  48.338 0.0000000000
48643  28.691  -26.168  48.230 0.0000000000
48629  28.559  -26.157  49.053 0.0000000000
48616  29.217  -26.299  50.621 0.0000000000
47639  30.712  -26.785  52.291 0.0000000000
122620  15.161  -29.089  56.028 0.0000000000
45846  15.572  -28.677  58.188 0.0000000000
121521  14.959  -28.919  57.735 0.0000000000
45848  14.349  -29.062  59.008 0.0000000000
44067  12.501  -30.804  59.017 0.0000000000
44927  12.808  -29.960  60.848 0.0000000000
64583  47.664  -7.358  25.842 0.0000000000
64557  48.991  -8.001  26.987 0.0000000000
64558  48.193  -8.200  27.117 0.0000000000
63570  47.959  -8.507  27.881 0.0000000000
130442  47.785  -8.474  28.402 0.0000000000
63572  45.764  -9.020  27.002 0.0000000000
114819  47.209  -8.740  28.203 0.0000000000
64537  47.615  -7.761  29.670 0.0000000000
64520  47.225  -7.343  30.213 0.0000000000
65523  46.815  -6.863  30.926 0.0000000000
65480  46.277  -5.873  32.478 0.0000000000
60706  40.639  -11.506  33.525 0.0000000000
61707  41.912  -10.897  33.676 0.0000000000
61687  41.663  -10.929  34.645 0.0000000000
62549  42.413  -9.979  36.219 0.0000000000
121037  42.524  -8.826  37.351 0.0000000000
64443  41.532  -8.149  38.225 0.0000000000
116409  42.145  -7.698  38.697 0.0000000000
64430  43.178  -7.586  38.541 0.0000000000
55814  37.444  -17.349  39.518 0.0000000000
129100  38.216  -21.998  49.220 0.0000000000
66539  45.234  -5.444  23.525 0.0000000000
65611  45.960  -6.028  23.841 0.0000000000
65576  46.993  -6.932  25.033 0.0000000000
68231  52.548  -3.857  19.556 0.0000000000
67399  51.608  -4.229  19.609 0.0000000000
39498  9.579  -35.319  55.242 0.0000000000
40432  9.380  -35.297  57.031 0.0000000000
39488  8.910  -35.808  56.543 0.0000000000
39482  8.213  -36.227  57.855 0.0000000000
38558  6.639  -36.787  59.638 0.0000000000
37675  6.634  -37.696  57.285 0.0000000000
60753  40.169  -11.779  31.019 0.0000000000
60755  38.549  -11.992  30.311 0.0000000000
60740  39.501  -12.075  31.712 0.0000000000
60707  39.827  -11.700  33.506 0.0000000000
60691  39.410  -11.276  34.376 0.0000000000
61690  39.044  -10.764  35.092 0.0000000000
60693  37.487  -11.291  34.320 0.0000000000
61674  38.237  -10.619  35.423 0.0000000000
61655  39.095  -10.032  36.275 0.0000000000
63460  38.916  -8.909  37.910 0.0000000000
62530  38.603  -9.337  38.294 0.0000000000
62523  39.323  -9.298  39.887 0.0000000000
51488  32.710  -22.909  42.965 0.0000000000
50545  30.954  -24.108  43.651 0.0000000000
50555  32.228  -23.628  43.531 0.0000000000
51473  33.828  -22.988  43.963 0.0000000000
50525  34.792  -23.584  45.680 0.0000000000
113662  35.795  -23.666  46.641 0.0000000000
50484  36.756  -23.789  48.070 0.0000000000
47695  30.219  -26.496  48.055 0.0000000000
47694  31.196  -26.746  48.428 0.0000000000
48641  32.988  -26.514  48.105 0.0000000000
47651  33.038  -26.808  51.103 0.0000000000
48615  33.766  -26.682  50.346 0.0000000000
48640  33.777  -26.327  48.468 0.0000000000
49570  35.044  -25.292  48.525 0.0000000000
50473  36.463  -24.426  49.519 0.0000000000
50462  37.027  -23.827  49.996 0.0000000000
49458  24.483  -25.992  56.402 0.0000000000
49459  23.805  -25.854  56.486 0.0000000000
48543  22.542  -25.974  55.993 0.0000000000
47609  21.351  -26.683  55.814 0.0000000000
48578  21.170  -26.056  53.075 0.0000000000
47616  20.914  -26.709  54.345 0.0000000000
46727  20.018  -27.638  55.644 0.0000000000
115084  19.148  -27.949  55.767 0.0000000000
46740  17.778  -28.263  55.408 0.0000000000
46741  17.030  -28.421  55.653 0.0000000000
47697  18.777  -27.107  48.242 0.0000000000
47683  18.759  -27.322  49.229 0.0000000000
130342  17.942  -27.739  50.289 0.0000000000
46791  16.625  -28.072  49.256 0.0000000000
46783  17.226  -27.905  50.003 0.0000000000
112278  17.230  -27.939  51.644 0.0000000000
46766  16.986  -28.018  52.449 0.0000000000
46751  16.538  -28.523  54.148 0.0000000000
45879  15.651  -28.935  55.430 0.0000000000
45880  15.045  -29.349  55.383 0.0000000000
44983  14.241  -30.255  55.063 0.0000000000
44109  13.774  -30.881  54.603 0.0000000000
44137  14.160  -31.205  51.769 0.0000000000
44123  13.521  -31.403  53.761 0.0000000000
43222  12.849  -31.960  54.959 0.0000000000
42310  12.031  -32.990  54.803 0.0000000000
114308  11.551  -33.481  54.287 0.0000000000
40453  10.318  -34.584  54.107 0.0000000000
40454  9.678  -35.161  54.319 0.0000000000
40455  9.213  -35.510  53.708 0.0000000000
49659  27.146  -24.477  42.590 0.0000000000
49636  27.474  -25.145  44.226 0.0000000000
127108  26.918  -25.587  45.839 0.0000000000
50528  24.818  -24.509  44.706 0.0000000000
115427  25.767  -25.000  45.882 0.0000000000
48660  26.638  -25.497  47.196 0.0000000000
49587  26.047  -25.184  47.862 0.0000000000
49558  26.305  -25.313  49.248 0.0000000000
49540  26.156  -25.235  50.200 0.0000000000
50464  23.566  -24.318  49.691 0.0000000000
116325  24.894  -24.815  50.959 0.0000000000
122286  25.768  -25.320  52.297 0.0000000000
49487  25.028  -25.250  53.430 0.0000000000
132132  24.875  -25.891  54.834 0.0000000000
40412  9.475  -34.506  59.226 0.0000000000
41307  9.575  -33.554  60.462 0.0000000000
127386  54.737  -6.243  29.586 0.0000000000
64548  50.411  -7.920  28.470 0.0000000000
65534  51.155  -6.927  29.767 0.0000000000
66501  52.208  -5.568  31.128 0.0000000000
66486  50.919  -4.971  31.925 0.0000000000
117890  52.148  -4.969  32.050 0.0000000000
66485  52.911  -4.918  32.431 0.0000000000
128646  42.796  -9.189  27.521 0.0000000000
62666  43.644  -9.598  28.979 0.0000000000
62659  42.265  -10.112  29.577 0.0000000000
112175  43.920  -9.279  29.835 0.0000000000
112750  44.529  -8.849  29.911 0.0000000000
64509  44.892  -7.799  31.339 0.0000000000
65481  45.746  -6.705  32.001 0.0000000000
66468  45.716  -6.235  32.848 0.0000000000
61686  42.498  -10.401  34.303 0.0000000000
62579  43.413  -9.272  34.055 0.0000000000
63487  43.952  -8.855  34.545 0.0000000000
64452  44.795  -7.552  36.616 0.0000000000
64457  44.735  -7.750  35.542 0.0000000000
63493  44.247  -8.083  34.135 0.0000000000
64478  44.976  -6.892  34.159 0.0000000000
65457  45.444  -6.297  34.226 0.0000000000
61694  34.840  -11.307  35.229 0.0000000000
110096  35.721  -10.958  36.154 0.0000000000
59843  36.283  -12.225  36.680 0.0000000000
127465  36.365  -11.227  37.175 0.0000000000
61641  36.676  -10.817  37.342 0.0000000000
61630  37.733  -10.455  38.240 0.0000000000
61600  38.978  -10.462  40.159 0.0000000000
61579  39.629  -10.315  41.577 0.0000000000
113513  35.217  -20.936  42.025 0.0000000000
54931  36.602  -18.793  40.648 0.0000000000
54945  37.166  -18.247  40.529 0.0000000000
55804  38.408  -17.408  40.617 0.0000000000
52312  38.733  -21.639  47.953 0.0000000000
53152  39.138  -21.077  46.603 0.0000000000
53162  39.497  -20.427  45.187 0.0000000000
54013  40.081  -19.873  45.865 0.0000000000
54021  39.859  -19.771  44.522 0.0000000000
54909  39.629  -18.530  42.587 0.0000000000
55782  39.202  -18.036  41.964 0.0000000000
56637  39.674  -16.583  40.733 0.0000000000
57440  40.220  -15.961  40.964 0.0000000000
57447  40.478  -15.254  40.717 0.0000000000
58993  41.099  -13.831  41.394 0.0000000000
58199  41.950  -14.773  44.690 0.0000000000
58985  41.644  -13.746  42.638 0.0000000000
59783  40.769  -12.557  41.480 0.0000000000
60610  40.449  -11.672  41.769 0.0000000000
66563  51.188  -5.716  19.542 0.0000000000
65629  51.026  -6.699  19.326 0.0000000000
63636  51.940  -8.257  19.537 0.0000000000
110816  53.025  -8.711  20.918 0.0000000000
63610  54.243  -7.732  22.490 0.0000000000
64614  51.529  -7.498  22.785 0.0000000000
64612  53.629  -7.118  23.047 0.0000000000
64611  54.632  -7.074  23.213 0.0000000000
64598  55.593  -6.972  23.931 0.0000000000
49457  25.659  -26.127  56.748 0.0000000000
48528  26.146  -26.003  56.763 0.0000000000
40440  10.518  -34.369  55.548 0.0000000000
40430  10.347  -34.443  56.212 0.0000000000
62507  39.604  -9.232  40.677 0.0000000000
122167  40.026  -8.750  40.716 0.0000000000
48690  27.667  -25.745  45.766 0.0000000000
48689  28.617  -25.820  45.719 0.0000000000
48661  20.566  -25.667  47.737 0.0000000000
129429  20.738  -25.810  48.501 0.0000000000
46731  16.960  -28.418  56.497 0.0000000000
46720  16.918  -28.376  57.371 0.0000000000
109399  49.815  -7.749  27.004 0.0000000000
114234  47.316  -4.623  32.890 0.0000000000
67332  46.967  -4.103  33.768 0.0000000000
61713  41.866  -11.004  32.175 0.0000000000
56655  37.749  -16.568  38.443 0.0000000000
56654  38.323  -16.162  38.710 0.0000000000
56645  38.720  -16.353  39.501 0.0000000000
51431  37.133  -23.209  47.621 0.0000000000
112339  36.905  -23.021  46.934 0.0000000000
51417  37.803  -22.773  48.007 0.0000000000
64582  48.624  -7.086  25.800 0.0000000000
65574  48.914  -6.747  25.153 0.0000000000
64581  49.540  -6.801  25.624 0.0000000000
65627  52.763  -6.330  19.040 0.0000000000
127841  52.600  -7.142  18.804 0.0000000000
65628  51.935  -6.924  19.048 0.0000000000
49520  27.222  -25.735  51.508 0.0000000000
44076  13.133  -30.782  57.129 0.0000000000
124074  45.026  -7.391  25.344 0.0000000000
64570  44.936  -8.000  25.787 0.0000000000
63562  45.116  -9.229  28.553 0.0000000000
63550  45.236  -8.676  29.536 0.0000000000
61654  39.956  -10.064  36.232 0.0000000000
37691  7.454  -37.351  54.975 0.0000000000
130504  37.115  -12.319  31.301 0.0000000000
59882  36.764  -12.352  32.039 0.0000000000
61675  36.754  -10.614  35.724 0.0000000000
112538  36.746  -10.530  36.937 0.0000000000
48671  32.428  -25.739  46.537 0.0000000000
49599  33.745  -24.897  46.474 0.0000000000
47653  31.348  -26.966  51.450 0.0000000000
47666  31.412  -26.994  50.541 0.0000000000
49489  23.030  -24.960  53.124 0.0000000000
48576  22.592  -25.240  53.726 0.0000000000
49490  22.300  -25.125  52.891 0.0000000000
47643  19.024  -27.364  52.284 0.0000000000
110892  18.500  -27.708  52.958 0.0000000000
46764  18.320  -27.695  52.207 0.0000000000
45911  15.352  -29.466  50.451 0.0000000000
45904  15.403  -29.475  51.429 0.0000000000
115210  15.054  -30.034  51.881 0.0000000000
45027  15.035  -30.023  52.754 0.0000000000
113172  23.266  -24.078  46.711 0.0000000000
50514  23.075  -23.918  46.000 0.0000000000
50501  23.876  -24.283  47.134 0.0000000000
50486  24.583  -24.503  47.658 0.0000000000
50487  23.828  -24.299  47.963 0.0000000000
130037  21.166  -26.772  57.478 0.0000000000
39466  7.394  -35.510  60.638 0.0000000000
40406  7.745  -34.830  61.092 0.0000000000
117279  54.544  -6.025  25.677 0.0000000000
65557  54.701  -6.310  26.458 0.0000000000
65552  54.476  -6.417  27.197 0.0000000000
66500  54.167  -5.659  31.254 0.0000000000
66484  53.857  -5.368  32.090 0.0000000000
127649  53.413  -5.204  32.618 0.0000000000
65536  49.453  -7.379  29.782 0.0000000000
65521  48.928  -6.927  30.279 0.0000000000
63523  44.354  -7.993  32.152 0.0000000000
63509  44.235  -7.992  33.191 0.0000000000
123913  43.292  -8.608  37.277 0.0000000000
63456  43.950  -8.253  37.109 0.0000000000
59849  35.696  -12.935  35.788 0.0000000000
59805  39.540  -12.863  39.651 0.0000000000
59794  39.075  -11.846  39.973 0.0000000000
59793  39.823  -12.436  40.382 0.0000000000
51487  33.514  -22.322  42.586 0.0000000000
52389  33.204  -21.899  41.868 0.0000000000
52374  34.233  -21.977  42.770 0.0000000000
115806  37.914  -20.824  43.994 0.0000000000
53191  37.353  -20.686  43.253 0.0000000000
53190  38.106  -20.227  43.320 0.0000000000
54033  38.855  -19.864  43.488 0.0000000000
55736  41.571  -18.013  45.427 0.0000000000
55747  41.602  -17.084  43.973 0.0000000000
56613  41.679  -16.278  43.624 0.0000000000
56603  41.873  -16.359  44.554 0.0000000000
64622  49.188  -7.656  21.288 0.0000000000
63615  49.867  -7.931  21.480 0.0000000000
63627  50.447  -8.185  21.322 0.0000000000
63614  50.287  -7.977  21.931 0.0000000000
65570  53.066  -5.876  25.560 0.0000000000
65569  54.067  -5.834  25.240 0.0000000000
62724  57.586  -9.409  18.657 0.0000000000
122012  58.339  -9.282  18.368 0.0000000000
62715  58.520  -9.851  18.933 0.0000000000
112081  56.438  -8.004  22.311 0.0000000000
49486  26.198  -25.811  53.571 0.0000000000
49471  26.897  -25.951  54.290 0.0000000000
118509  11.929  -32.421  57.135 0.0000000000
42293  11.646  -32.992  56.527 0.0000000000
41316  10.621  -33.675  58.526 0.0000000000
42273  11.123  -33.082  58.295 0.0000000000
42263  10.771  -33.130  59.088 0.0000000000
42264  10.263  -33.166  59.866 0.0000000000
119182  42.754  -8.742  26.828 0.0000000000
63459  39.533  -8.563  37.958 0.0000000000
37701  6.202  -38.330  54.650 0.0000000000
35859  4.529  -39.687  56.183 0.0000000000
109512  28.064  -24.830  43.509 0.0000000000
49647  28.745  -24.514  43.152 0.0000000000
48672  30.177  -25.912  46.277 0.0000000000
118729  30.863  -25.793  46.017 0.0000000000
109484  30.909  -26.006  46.673 0.0000000000
49545  21.952  -24.958  50.501 0.0000000000
49527  21.353  -25.384  50.807 0.0000000000
115179  20.068  -26.521  49.833 0.0000000000
48620  20.386  -26.265  50.439 0.0000000000
112820  19.320  -27.027  49.939 0.0000000000
50516  21.865  -24.153  46.627 0.0000000000
50532  21.797  -23.813  45.628 0.0000000000
115866  22.345  -24.116  46.903 0.0000000000
49561  21.817  -25.003  49.605 0.0000000000
50477  22.224  -24.660  49.200 0.0000000000
46717  19.370  -27.869  57.136 0.0000000000
124577  18.815  -27.917  57.802 0.0000000000
65560  52.025  -6.378  25.838 0.0000000000
64564  51.917  -7.096  26.797 0.0000000000
131256  51.995  -7.521  28.445 0.0000000000
127234  51.608  -7.298  29.073 0.0000000000
65498  48.101  -5.978  31.252 0.0000000000
61734  41.567  -10.561  29.822 0.0000000000
112998  42.950  -9.832  32.029 0.0000000000
62602  42.918  -9.795  32.793 0.0000000000
58259  36.963  -14.594  35.804 0.0000000000
58258  37.650  -14.640  36.463 0.0000000000
58227  39.151  -15.084  38.860 0.0000000000
58236  38.853  -14.658  38.285 0.0000000000
58221  40.042  -14.847  39.996 0.0000000000
51471  35.354  -22.612  44.571 0.0000000000
52344  37.714  -21.992  45.674 0.0000000000
52345  36.942  -22.256  45.328 0.0000000000
52343  38.590  -21.566  45.986 0.0000000000
65609  47.278  -6.656  23.623 0.0000000000
128337  48.792  -6.874  23.978 0.0000000000
65592  50.120  -6.662  24.299 0.0000000000
65572  51.175  -6.234  25.158 0.0000000000
64647  53.772  -7.665  18.430 0.0000000000
64646  54.773  -7.748  18.303 0.0000000000
62726  55.543  -8.835  18.650 0.0000000000
62727  54.519  -8.710  18.751 0.0000000000
63634  53.271  -8.656  19.125 0.0000000000
62720  54.014  -8.903  19.304 0.0000000000
63629  55.097  -8.905  20.870 0.0000000000
48630  27.680  -25.930  49.366 0.0000000000
48603  29.231  -26.261  51.454 0.0000000000
47655  29.885  -26.519  51.071 0.0000000000
47640  29.932  -26.484  51.868 0.0000000000
44982  14.703  -29.495  56.094 0.0000000000
45871  14.946  -29.074  56.826 0.0000000000
131160  14.521  -29.260  57.444 0.0000000000
44944  13.506  -29.953  58.393 0.0000000000
115685  13.977  -29.445  58.498 0.0000000000
45836  14.270  -28.967  59.967 0.0000000000
44935  13.757  -29.294  60.233 0.0000000000
43188  11.885  -31.852  58.584 0.0000000000
43187  12.392  -31.310  58.343 0.0000000000
44068  12.063  -31.306  58.992 0.0000000000
64567  48.409  -7.660  26.409 0.0000000000
127508  47.732  -7.950  26.521 0.0000000000
64549  48.413  -8.262  28.585 0.0000000000
63548  46.675  -8.530  28.938 0.0000000000
63560  46.439  -8.919  28.322 0.0000000000
63559  47.555  -8.274  28.993 0.0000000000
65500  46.503  -6.354  31.692 0.0000000000
60690  40.283  -11.337  34.219 0.0000000000
60689  41.126  -11.272  34.008 0.0000000000
62550  41.409  -9.785  36.630 0.0000000000
61652  41.636  -10.332  36.035 0.0000000000
62536  42.027  -9.307  37.020 0.0000000000
63446  40.626  -8.071  38.679 0.0000000000
118884  40.892  -8.508  37.792 0.0000000000
64431  41.244  -7.782  38.773 0.0000000000
65422  42.882  -7.355  39.279 0.0000000000
65421  43.786  -6.987  39.016 0.0000000000
55826  36.437  -17.677  38.632 0.0000000000
55815  36.845  -17.635  39.227 0.0000000000
127206  45.397  -5.999  24.149 0.0000000000
65577  46.196  -7.100  25.146 0.0000000000
67398  52.381  -4.684  19.575 0.0000000000
39512  8.978  -35.812  54.593 0.0000000000
39499  8.990  -35.811  55.634 0.0000000000
38569  7.769  -36.777  57.363 0.0000000000
38563  7.603  -36.662  58.286 0.0000000000
38557  7.364  -36.467  59.209 0.0000000000
38564  6.933  -37.028  58.709 0.0000000000
37684  6.040  -38.132  56.766 0.0000000000
61736  39.894  -11.541  30.181 0.0000000000
60772  39.169  -11.709  29.983 0.0000000000
59893  37.772  -12.236  30.753 0.0000000000
60741  38.622  -12.147  31.248 0.0000000000
123545  39.802  -12.045  32.570 0.0000000000
126573  39.259  -12.094  32.371 0.0000000000
114435  38.976  -11.570  33.847 0.0000000000
60725  36.434  -11.736  33.459 0.0000000000
60709  37.364  -11.724  33.552 0.0000000000
123809  37.524  -10.486  35.802 0.0000000000
124019  38.806  -10.408  35.723 0.0000000000
62553  38.673  -9.576  36.859 0.0000000000
62531  37.959  -9.869  38.001 0.0000000000
62524  38.996  -9.351  39.049 0.0000000000
62508  38.892  -9.937  39.641 0.0000000000
51513  31.606  -22.526  41.701 0.0000000000
114161  32.091  -22.770  42.297 0.0000000000
49645  30.327  -24.602  43.885 0.0000000000
50556  30.266  -24.084  43.264 0.0000000000
50543  32.493  -23.991  44.349 0.0000000000
51474  33.030  -23.284  43.775 0.0000000000
50542  33.438  -23.630  44.446 0.0000000000
127569  34.103  -23.263  44.547 0.0000000000
50526  33.954  -23.771  45.216 0.0000000000
49598  34.534  -24.592  46.831 0.0000000000
50510  34.984  -23.909  46.439 0.0000000000
50499  35.379  -24.252  47.221 0.0000000000
128639  35.921  -23.901  47.191 0.0000000000
50498  36.085  -24.120  47.701 0.0000000000
48642  29.421  -26.374  48.619 0.0000000000
120267  29.330  -26.226  47.685 0.0000000000
47681  30.353  -26.692  49.070 0.0000000000
47665  31.932  -27.065  49.988 0.0000000000
130619  31.046  -26.871  49.107 0.0000000000
47680  31.661  -26.933  49.188 0.0000000000
47693  32.280  -26.792  48.494 0.0000000000
48614  34.467  -25.982  50.924 0.0000000000
48627  34.580  -26.131  49.901 0.0000000000
48628  33.907  -26.563  49.332 0.0000000000
48639  34.547  -26.016  48.925 0.0000000000
49556  35.234  -25.519  49.470 0.0000000000
49555  35.949  -25.018  50.010 0.0000000000
49466  24.051  -25.743  55.596 0.0000000000
48559  22.524  -25.811  55.130 0.0000000000
48544  21.951  -26.209  55.510 0.0000000000
48531  21.896  -26.310  56.355 0.0000000000
47615  21.451  -26.507  54.993 0.0000000000
48592  21.080  -25.916  52.277 0.0000000000
47628  20.046  -27.151  53.737 0.0000000000
130278  20.445  -26.966  54.046 0.0000000000
47617  20.185  -27.356  54.557 0.0000000000
125232  20.787  -27.046  55.242 0.0000000000
46739  19.393  -27.837  54.911 0.0000000000
46750  17.977  -28.141  54.570 0.0000000000
110627  18.572  -28.079  55.185 0.0000000000
110021  17.183  -28.358  54.802 0.0000000000
47698  18.098  -27.610  48.591 0.0000000000
47684  18.014  -27.721  49.539 0.0000000000
47671  18.560  -27.450  50.119 0.0000000000
46801  16.059  -28.238  48.590 0.0000000000
45910  16.237  -28.577  50.941 0.0000000000
46784  16.468  -28.251  50.105 0.0000000000
46774  16.817  -28.035  50.902 0.0000000000
112077  17.569  -27.841  50.885 0.0000000000
46760  16.149  -28.703  53.458 0.0000000000
130694  15.992  -28.750  53.981 0.0000000000
45885  15.884  -28.854  54.510 0.0000000000
117099  15.328  -29.215  54.631 0.0000000000
45011  14.530  -30.402  53.284 0.0000000000
44997  14.354  -30.323  54.185 0.0000000000
44151  14.133  -31.160  50.825 0.0000000000
130336  12.799  -32.334  52.549 0.0000000000
43242  13.218  -31.957  52.879 0.0000000000
43233  12.894  -32.122  53.932 0.0000000000
43234  12.459  -32.479  54.566 0.0000000000
42317  12.148  -32.902  53.787 0.0000000000
127437  11.373  -33.643  53.218 0.0000000000
41349  10.962  -34.026  54.056 0.0000000000
41356  10.580  -34.335  53.229 0.0000000000
40466  9.778  -34.968  53.285 0.0000000000
40467  8.961  -35.495  52.795 0.0000000000
122520  26.573  -24.943  43.801 0.0000000000
111026  27.145  -25.541  45.119 0.0000000000
49637  26.461  -25.183  44.676 0.0000000000
50547  24.417  -24.117  44.013 0.0000000000
49602  26.322  -25.338  46.364 0.0000000000
111798  25.974  -25.169  47.065 0.0000000000
125456  25.134  -24.729  48.846 0.0000000000
111206  25.818  -24.986  48.684 0.0000000000
50475  23.030  -24.286  49.030 0.0000000000
50474  23.749  -24.316  48.819 0.0000000000
49523  24.318  -24.683  51.369 0.0000000000
49542  24.190  -24.508  50.472 0.0000000000
49522  25.153  -24.995  51.722 0.0000000000
126457  25.650  -25.445  53.069 0.0000000000
49505  25.084  -25.080  52.638 0.0000000000
49474  24.338  -25.604  54.715 0.0000000000
49465  24.807  -25.992  55.536 0.0000000000
48529  23.585  -25.975  57.426 0.0000000000
46710  16.219  -28.454  58.710 0.0000000000
46698  16.169  -28.506  59.466 0.0000000000
40425  9.268  -35.238  57.924 0.0000000000
40420  9.045  -35.061  58.777 0.0000000000
41309  8.100  -34.149  61.506 0.0000000000
41314  9.157  -34.186  60.062 0.0000000000
41308  8.840  -33.854  60.972 0.0000000000
42259  9.193  -33.148  61.342 0.0000000000
42253  9.028  -32.949  62.265 0.0000000000
64545  53.848  -6.730  27.945 0.0000000000
112501  54.668  -6.602  28.056 0.0000000000
65545  54.502  -6.404  28.815 0.0000000000
65496  54.674  -6.335  31.382 0.0000000000
63569  49.445  -8.109  27.548 0.0000000000
64556  50.167  -8.028  27.712 0.0000000000
64533  50.758  -7.547  29.137 0.0000000000
65518  51.652  -6.188  30.421 0.0000000000
66502  51.299  -5.635  31.148 0.0000000000
66487  49.774  -5.117  31.846 0.0000000000
66464  51.478  -4.561  32.892 0.0000000000
67327  51.671  -4.561  33.495 0.0000000000
66463  52.316  -4.781  33.035 0.0000000000
67305  52.105  -4.872  33.582 0.0000000000
66447  52.463  -5.132  33.493 0.0000000000
62678  42.428  -9.477  28.021 0.0000000000
63575  42.108  -8.996  27.382 0.0000000000
62677  43.223  -9.494  28.122 0.0000000000
114646  43.774  -8.905  31.082 0.0000000000
63535  44.145  -8.823  30.505 0.0000000000
63534  44.871  -8.274  30.472 0.0000000000
126738  45.274  -6.843  32.585 0.0000000000
64451  45.125  -7.190  36.083 0.0000000000
64464  44.727  -7.482  34.675 0.0000000000
120801  44.705  -7.431  33.716 0.0000000000
65458  45.132  -6.709  34.815 0.0000000000
125145  34.649  -11.591  35.555 0.0000000000
61677  35.272  -11.183  35.679 0.0000000000
113350  37.688  -12.959  37.166 0.0000000000
59842  37.002  -12.745  36.755 0.0000000000
60669  37.008  -11.351  37.614 0.0000000000
60659  37.242  -10.813  37.813 0.0000000000
60627  39.142  -11.057  40.512 0.0000000000
61599  39.284  -10.375  40.938 0.0000000000
52372  35.837  -21.591  43.346 0.0000000000
52387  34.796  -21.515  42.283 0.0000000000
52386  35.504  -21.277  42.583 0.0000000000
54046  36.669  -19.928  41.988 0.0000000000
53205  35.949  -20.616  42.094 0.0000000000
54060  35.962  -19.915  41.448 0.0000000000
54075  35.896  -19.383  40.666 0.0000000000
54911  37.964  -18.769  41.689 0.0000000000
54930  37.264  -18.754  41.178 0.0000000000
129005  37.938  -18.085  41.058 0.0000000000
55805  37.651  -17.646  40.272 0.0000000000
55794  38.817  -17.737  41.253 0.0000000000
52284  38.624  -21.496  49.858 0.0000000000
52297  38.639  -21.518  48.871 0.0000000000
53141  39.130  -21.036  47.505 0.0000000000
109761  39.155  -20.957  45.848 0.0000000000
53151  39.703  -20.548  46.236 0.0000000000
54012  40.544  -19.314  45.482 0.0000000000
125727  40.340  -19.370  44.804 0.0000000000
132555  40.074  -19.768  45.147 0.0000000000
54882  40.226  -19.131  44.159 0.0000000000
54032  39.594  -19.546  43.757 0.0000000000
54894  39.982  -18.869  43.351 0.0000000000
55780  40.711  -17.399  42.626 0.0000000000
55781  40.029  -17.799  42.233 0.0000000000
55793  39.679  -17.326  41.462 0.0000000000
56629  40.334  -16.587  41.436 0.0000000000
57439  40.833  -15.668  41.532 0.0000000000
58209  41.221  -14.958  41.969 0.0000000000
58216  40.947  -14.616  41.232 0.0000000000
58215  41.379  -14.191  41.946 0.0000000000
57424  42.034  -15.582  45.142 0.0000000000
58194  42.293  -14.775  45.733 0.0000000000
112113  41.898  -13.906  44.155 0.0000000000
58979  41.789  -13.342  43.385 0.0000000000
58986  41.272  -13.246  41.921 0.0000000000
59773  41.520  -12.877  42.740 0.0000000000
59774  41.074  -12.295  42.225 0.0000000000
129613  41.276  -12.150  42.927 0.0000000000
67400  50.738  -4.518  19.727 0.0000000000
129674  47.059  -6.512  22.020 0.0000000000
65621  46.831  -5.924  21.630 0.0000000000
124045  47.558  -6.542  21.433 0.0000000000
64631  50.120  -6.902  19.645 0.0000000000
64630  50.685  -7.439  19.567 0.0000000000
64629  51.413  -7.578  19.303 0.0000000000
63625  52.126  -8.584  21.057 0.0000000000
121589  52.781  -8.473  21.685 0.0000000000
63624  53.648  -8.445  21.751 0.0000000000
63611  53.146  -7.968  22.396 0.0000000000
64601  52.007  -6.708  23.456 0.0000000000
64600  53.036  -6.575  23.582 0.0000000000
64599  54.022  -6.542  23.762 0.0000000000
117176  54.836  -6.660  23.926 0.0000000000
64580  55.330  -6.619  25.453 0.0000000000
65642  56.228  -6.719  18.476 0.0000000000
111817  56.226  -5.785  18.797 0.0000000000
65641  57.182  -6.862  18.225 0.0000000000
49456  26.330  -26.116  56.349 0.0000000000
115541  11.359  -33.505  55.941 0.0000000000
42294  11.057  -33.538  56.771 0.0000000000
41323  10.292  -34.211  57.998 0.0000000000
63437  39.552  -8.729  39.292 0.0000000000
64419  40.248  -8.243  39.615 0.0000000000
49618  29.114  -25.580  44.885 0.0000000000
48631  21.133  -25.498  49.191 0.0000000000
48632  20.437  -26.177  49.088 0.0000000000
49604  21.501  -24.460  47.063 0.0000000000
49589  21.673  -24.728  47.942 0.0000000000
46708  18.114  -27.985  57.880 0.0000000000
127183  17.458  -28.172  57.863 0.0000000000
113996  17.686  -28.050  58.806 0.0000000000
111089  50.941  -7.948  27.879 0.0000000000
66489  47.705  -5.264  32.004 0.0000000000
67331  47.765  -3.966  33.543 0.0000000000
61735  40.713  -11.350  30.409 0.0000000000
61722  41.522  -10.933  30.666 0.0000000000
113142  41.572  -11.121  31.497 0.0000000000
61706  42.479  -10.335  33.251 0.0000000000
57471  38.419  -15.038  37.677 0.0000000000
57453  39.458  -15.599  39.505 0.0000000000
51441  36.420  -23.152  46.457 0.0000000000
51457  36.355  -22.806  45.720 0.0000000000
65593  48.461  -6.788  24.551 0.0000000000
124094  49.348  -6.711  24.539 0.0000000000
126728  50.381  -6.636  25.624 0.0000000000
65645  53.315  -6.984  18.649 0.0000000000
63650  53.384  -8.249  18.659 0.0000000000
63651  52.701  -8.265  18.997 0.0000000000
49557  26.916  -25.687  49.730 0.0000000000
117695  27.526  -25.881  50.111 0.0000000000
48618  27.775  -25.870  50.799 0.0000000000
128350  28.003  -25.882  51.470 0.0000000000
48604  28.587  -26.003  51.849 0.0000000000
44970  14.080  -30.058  56.005 0.0000000000
44075  13.742  -30.183  56.927 0.0000000000
130660  13.451  -30.249  57.656 0.0000000000
43163  11.521  -31.363  60.252 0.0000000000
44058  11.994  -30.958  59.683 0.0000000000
64569  46.370  -8.017  26.020 0.0000000000
63585  46.468  -8.484  26.698 0.0000000000
63549  46.065  -8.198  29.542 0.0000000000
64522  45.509  -7.651  30.795 0.0000000000
62537  41.049  -9.008  37.160 0.0000000000
65423  41.931  -7.483  39.454 0.0000000000
39513  8.214  -36.537  54.447 0.0000000000
38585  7.970  -36.806  55.400 0.0000000000
38578  7.283  -37.292  56.852 0.0000000000
110114  38.055  -12.132  32.904 0.0000000000
62541  37.791  -9.959  37.413 0.0000000000
51503  30.274  -22.974  41.871 0.0000000000
49615  31.824  -25.115  45.376 0.0000000000
49632  31.722  -24.616  44.626 0.0000000000
49614  32.665  -24.830  45.523 0.0000000000
49613  33.440  -24.513  45.738 0.0000000000
49585  34.804  -24.953  47.653 0.0000000000
113314  30.247  -26.697  49.910 0.0000000000
49519  35.069  -25.444  51.469 0.0000000000
49475  23.731  -25.195  54.227 0.0000000000
122497  22.258  -25.672  54.352 0.0000000000
129052  20.006  -26.663  51.513 0.0000000000
47641  20.586  -26.487  52.682 0.0000000000
129936  18.891  -27.770  53.643 0.0000000000
125011  18.184  -27.947  53.750 0.0000000000
46758  17.620  -27.919  53.045 0.0000000000
46799  17.382  -27.736  47.969 0.0000000000
45927  15.593  -28.811  48.921 0.0000000000
46792  16.172  -28.449  49.382 0.0000000000
46767  16.352  -28.553  52.617 0.0000000000
45903  15.852  -28.925  51.854 0.0000000000
45892  15.213  -29.492  53.284 0.0000000000
117671  15.134  -29.429  54.021 0.0000000000
129334  14.964  -29.971  53.286 0.0000000000
43253  12.435  -32.612  52.246 0.0000000000
42325  11.366  -33.492  52.144 0.0000000000
49650  25.819  -24.636  43.267 0.0000000000
50530  23.386  -23.924  45.391 0.0000000000
50529  24.141  -24.299  45.356 0.0000000000
49588  25.330  -24.882  47.346 0.0000000000
49543  23.284  -24.352  50.470 0.0000000000
49524  23.634  -24.598  51.787 0.0000000000
110808  24.402  -24.962  53.044 0.0000000000
49488  23.738  -24.971  53.462 0.0000000000
39470  8.423  -35.479  59.225 0.0000000000
40413  8.791  -34.835  59.657 0.0000000000
40414  8.093  -35.167  60.123 0.0000000000
65532  54.213  -6.076  29.638 0.0000000000
65478  54.252  -5.910  32.130 0.0000000000
65479  53.903  -6.170  32.963 0.0000000000
64534  49.908  -7.754  29.150 0.0000000000
67329  50.008  -4.027  33.737 0.0000000000
62668  41.967  -9.863  28.587 0.0000000000
62616  43.284  -9.436  31.383 0.0000000000
62548  43.391  -9.584  35.885 0.0000000000
59844  35.735  -12.177  36.298 0.0000000000
59023  38.035  -12.717  37.822 0.0000000000
110628  38.636  -12.964  38.432 0.0000000000
59820  38.230  -12.067  38.478 0.0000000000
60642  38.467  -11.362  39.168 0.0000000000
110125  39.525  -11.679  40.646 0.0000000000
53192  36.616  -21.129  43.279 0.0000000000
53193  36.112  -21.030  42.797 0.0000000000
113732  37.975  -19.268  42.251 0.0000000000
54910  38.718  -18.830  42.259 0.0000000000
53128  39.092  -20.844  48.464 0.0000000000
53127  39.457  -20.299  49.304 0.0000000000
114214  39.518  -20.172  48.484 0.0000000000
53991  39.836  -19.753  47.880 0.0000000000
54893  40.680  -18.450  43.810 0.0000000000
55764  41.040  -17.677  43.438 0.0000000000
56620  40.910  -16.501  42.276 0.0000000000
56619  41.421  -16.170  42.906 0.0000000000
57432  41.691  -15.525  43.222 0.0000000000
64617  48.287  -7.328  22.435 0.0000000000
64623  48.296  -7.215  21.528 0.0000000000
128563  49.444  -7.491  20.643 0.0000000000
63632  50.657  -8.182  20.559 0.0000000000
65604  52.479  -6.118  24.006 0.0000000000
65587  54.438  -6.069  24.993 0.0000000000
65601  54.859  -6.420  24.645 0.0000000000
128322  56.969  -8.381  18.159 0.0000000000
64643  57.594  -7.860  18.067 0.0000000000
63646  58.653  -8.792  17.750 0.0000000000
63628  56.156  -9.016  20.701 0.0000000000
63621  56.914  -8.487  21.445 0.0000000000
63602  57.110  -8.593  22.855 0.0000000000
128312  27.102  -25.792  52.452 0.0000000000
49485  26.976  -25.886  53.311 0.0000000000
48575  27.597  -25.884  53.774 0.0000000000
43211  12.725  -31.874  55.889 0.0000000000
126237  12.838  -31.288  56.993 0.0000000000
43200  12.523  -31.788  56.859 0.0000000000
42283  11.375  -33.020  57.405 0.0000000000
43189  11.312  -32.438  58.989 0.0000000000
43175  11.117  -32.056  59.870 0.0000000000
43165  10.273  -32.125  61.217 0.0000000000
114839  44.230  -9.250  27.164 0.0000000000
63563  44.178  -9.515  28.117 0.0000000000
62538  40.087  -8.805  37.355 0.0000000000
37692  6.860  -37.844  55.352 0.0000000000
36744  5.609  -38.730  56.247 0.0000000000
130834  5.195  -39.221  54.927 0.0000000000
36750  5.114  -39.159  55.729 0.0000000000
112495  4.985  -39.051  56.526 0.0000000000
60694  36.053  -11.365  34.324 0.0000000000
61676  35.887  -10.901  35.635 0.0000000000
49646  29.554  -24.608  43.536 0.0000000000
123808  30.405  -24.940  44.475 0.0000000000
49617  30.035  -25.345  44.969 0.0000000000
49616  30.941  -25.109  44.972 0.0000000000
48686  31.145  -25.541  45.574 0.0000000000
122240  31.614  -25.720  46.117 0.0000000000
47706  32.618  -26.203  47.367 0.0000000000
49508  22.035  -25.059  52.066 0.0000000000
48607  21.048  -25.733  51.436 0.0000000000
48608  20.448  -26.270  51.107 0.0000000000
47656  19.374  -27.021  51.534 0.0000000000
45059  14.788  -29.949  49.884 0.0000000000
45043  14.646  -30.632  51.377 0.0000000000
131381  13.902  -30.945  50.028 0.0000000000
50515  22.665  -24.048  46.671 0.0000000000
50476  22.529  -24.456  49.150 0.0000000000
50490  22.226  -24.543  48.517 0.0000000000
49544  22.627  -24.495  50.513 0.0000000000
115469  22.366  -24.761  51.310 0.0000000000
64546  52.754  -7.250  28.210 0.0000000000
65533  53.148  -6.303  29.683 0.0000000000
65517  52.696  -5.913  30.488 0.0000000000
66466  49.329  -4.486  32.762 0.0000000000
64429  44.118  -7.206  38.222 0.0000000000
59063  36.383  -13.636  35.628 0.0000000000
59052  37.666  -13.683  36.673 0.0000000000
59037  38.118  -13.546  37.398 0.0000000000
59036  38.497  -14.163  37.777 0.0000000000
59022  38.851  -13.817  38.358 0.0000000000
59010  39.880  -13.924  39.480 0.0000000000
51486  34.330  -22.409  43.436 0.0000000000
52361  35.150  -22.148  43.837 0.0000000000
52360  35.951  -22.008  44.187 0.0000000000
52359  36.846  -21.865  44.483 0.0000000000
53177  37.606  -21.397  44.472 0.0000000000
130829  38.049  -21.075  44.545 0.0000000000
115394  38.611  -20.781  44.592 0.0000000000
64605  47.780  -6.965  22.998 0.0000000000
64615  50.572  -7.669  22.634 0.0000000000
64603  50.072  -7.281  23.132 0.0000000000
65591  50.907  -6.381  24.425 0.0000000000
65590  51.844  -5.984  24.499 0.0000000000
116556  55.283  -7.029  18.438 0.0000000000
64645  55.663  -7.560  18.277 0.0000000000
63647  56.415  -8.651  18.319 0.0000000000
62716  57.912  -9.625  19.447 0.0000000000
62717  56.975  -9.638  19.142 0.0000000000
62710  56.302  -9.482  19.803 0.0000000000
62719  54.930  -9.143  19.270 0.0000000000
62711  55.429  -9.388  19.985 0.0000000000
63623  54.752  -8.343  21.767 0.0000000000
48659  27.481  -25.809  47.353 0.0000000000
48658  28.415  -26.021  47.469 0.0000000000
48617  28.389  -26.062  50.095 0.0000000000
47668  29.874  -26.527  50.386 0.0000000000
47654  30.481  -26.764  51.464 0.0000000000
48589  28.560  -26.019  52.707 0.0000000000
48573  29.360  -26.226  53.217 0.0000000000
48662  19.885  -26.095  47.287 0.0000000000
45870  15.642  -28.866  56.407 0.0000000000
45861  15.601  -28.793  57.296 0.0000000000
45847  14.942  -28.850  58.605 0.0000000000
45862  14.421  -29.142  58.151 0.0000000000
45835  14.946  -28.808  59.554 0.0000000000
118355  12.687  -31.295  57.546 0.0000000000
118965  13.028  -30.145  59.108 0.0000000000
44057  12.576  -30.362  59.885 0.0000000000
44936  13.214  -29.771  60.042 0.0000000000
63558  48.752  -8.288  27.740 0.0000000000
64536  48.256  -7.863  29.390 0.0000000000
63571  46.525  -8.890  27.556 0.0000000000
64519  48.102  -7.213  30.060 0.0000000000
65522  47.639  -6.711  30.761 0.0000000000
60723  40.580  -11.742  32.800 0.0000000000
60722  41.345  -11.272  33.026 0.0000000000
61670  42.129  -10.533  35.361 0.0000000000
61671  41.258  -10.730  35.498 0.0000000000
64442  42.552  -8.185  37.951 0.0000000000
55835  36.626  -17.265  37.926 0.0000000000
55825  37.178  -17.135  38.681 0.0000000000
55813  38.103  -16.980  39.944 0.0000000000
51405  37.461  -23.205  49.513 0.0000000000
114163  37.893  -22.690  48.930 0.0000000000
66538  45.999  -5.659  23.001 0.0000000000
65595  46.702  -6.527  24.191 0.0000000000
66562  52.612  -5.456  19.420 0.0000000000
124647  51.887  -5.348  19.524 0.0000000000
40441  9.980  -34.817  55.785 0.0000000000
39487  9.483  -35.336  56.142 0.0000000000
39481  8.813  -35.781  57.447 0.0000000000
38576  8.466  -36.334  56.035 0.0000000000
39489  8.357  -36.310  56.949 0.0000000000
39476  7.994  -36.050  58.751 0.0000000000
39472  7.031  -36.170  60.153 0.0000000000
37683  6.769  -37.797  56.335 0.0000000000
38554  6.319  -36.513  60.630 0.0000000000
116942  40.358  -11.069  29.659 0.0000000000
60739  40.417  -11.885  31.901 0.0000000000
60754  39.330  -11.907  30.728 0.0000000000
61689  39.905  -10.980  34.972 0.0000000000
61673  39.517  -10.483  35.646 0.0000000000
60692  38.412  -11.148  34.567 0.0000000000
62540  38.408  -9.467  37.549 0.0000000000
125759  32.810  -22.462  42.269 0.0000000000
115957  33.570  -22.734  43.272 0.0000000000
50567  30.997  -23.680  42.971 0.0000000000
50544  31.644  -24.071  44.011 0.0000000000
131990  31.555  -23.793  43.404 0.0000000000
51489  31.791  -23.304  42.901 0.0000000000
51459  34.691  -23.129  44.962 0.0000000000
50524  35.387  -23.471  46.046 0.0000000000
47708  30.999  -26.396  47.487 0.0000000000
47707  31.880  -26.541  47.747 0.0000000000
126214  32.446  -26.545  47.914 0.0000000000
47664  32.813  -26.981  50.219 0.0000000000
47678  33.290  -26.894  49.619 0.0000000000
47692  33.171  -26.786  48.872 0.0000000000
48656  33.504  -25.967  47.662 0.0000000000
48655  34.304  -25.669  48.059 0.0000000000
49569  35.822  -24.946  49.012 0.0000000000
50485  36.298  -24.342  48.537 0.0000000000
50472  36.919  -23.840  49.011 0.0000000000
49450  24.992  -26.104  57.074 0.0000000000
48530  23.090  -25.885  56.649 0.0000000000
49460  23.268  -25.667  55.609 0.0000000000
131988  22.443  -26.084  56.792 0.0000000000
47599  21.276  -26.755  56.696 0.0000000000
48591  21.638  -25.480  52.646 0.0000000000
48560  21.607  -26.132  54.305 0.0000000000
47627  20.660  -26.663  53.526 0.0000000000
47600  20.711  -27.196  56.168 0.0000000000
46728  19.540  -27.852  56.318 0.0000000000
112884  18.992  -27.991  56.467 0.0000000000
46729  18.334  -28.156  56.133 0.0000000000
46730  17.560  -28.311  56.129 0.0000000000
45869  16.325  -28.642  55.994 0.0000000000
47696  19.441  -26.702  47.765 0.0000000000
47658  18.288  -27.607  50.871 0.0000000000
46800  16.638  -27.927  48.315 0.0000000000
120156  17.967  -27.766  51.571 0.0000000000
46765  17.691  -27.874  52.259 0.0000000000
46759  16.812  -28.241  53.280 0.0000000000
45878  16.442  -28.659  55.090 0.0000000000
123929  14.603  -29.808  55.445 0.0000000000
44996  14.831  -29.776  54.650 0.0000000000
44095  13.771  -30.625  55.474 0.0000000000
44096  13.261  -31.253  55.449 0.0000000000
44122  13.990  -31.190  52.841 0.0000000000
44138  13.535  -31.717  51.971 0.0000000000
44110  13.272  -31.527  54.545 0.0000000000
43223  12.362  -32.448  55.356 0.0000000000
116410  11.504  -33.442  55.136 0.0000000000
126103  11.143  -33.806  54.729 0.0000000000
118625  10.693  -34.241  54.797 0.0000000000
110958  8.550  -36.032  53.517 0.0000000000
112542  7.963  -36.618  53.538 0.0000000000
49658  27.957  -24.483  42.810 0.0000000000
49648  27.327  -24.827  43.319 0.0000000000
50546  25.067  -24.494  43.728 0.0000000000
49620  25.664  -24.933  45.143 0.0000000000
49619  26.364  -25.280  45.508 0.0000000000
48675  27.170  -25.684  46.514 0.0000000000
48645  26.882  -25.609  48.027 0.0000000000
49572  26.400  -25.380  48.540 0.0000000000
49521  26.387  -25.443  51.143 0.0000000000
49560  24.538  -24.545  49.438 0.0000000000
49541  25.154  -24.855  50.249 0.0000000000
118790  25.629  -25.074  50.981 0.0000000000
126079  25.892  -25.256  51.621 0.0000000000
131963  25.534  -25.630  53.708 0.0000000000
49473  25.050  -25.654  54.228 0.0000000000
112425  25.430  -26.048  54.999 0.0000000000
46721  16.238  -28.522  57.781 0.0000000000
40424  9.857  -34.761  57.503 0.0000000000
40419  9.712  -34.694  58.390 0.0000000000
41317  10.043  -34.094  58.810 0.0000000000
41313  9.823  -33.869  59.599 0.0000000000
42258  9.929  -32.841  60.824 0.0000000000
42252  9.673  -32.554  61.752 0.0000000000
65544  54.796  -6.622  28.764 0.0000000000
66503  50.248  -5.797  31.077 0.0000000000
62658  43.187  -9.681  29.715 0.0000000000
64508  45.444  -7.313  31.452 0.0000000000
132219  46.148  -5.528  33.159 0.0000000000
62580  43.104  -9.840  34.412 0.0000000000
62591  42.967  -9.797  33.666 0.0000000000
63494  43.828  -8.677  33.648 0.0000000000
63471  44.391  -8.106  36.594 0.0000000000
63482  44.427  -8.379  35.883 0.0000000000
121362  44.723  -7.840  36.148 0.0000000000
63486  44.364  -8.279  35.037 0.0000000000
66450  45.780  -5.840  33.654 0.0000000000
66449  46.401  -4.911  33.947 0.0000000000
61693  35.350  -11.166  35.313 0.0000000000
116022  36.335  -12.881  36.232 0.0000000000
59831  37.342  -12.230  37.398 0.0000000000
59832  36.581  -11.849  37.138 0.0000000000
60677  35.999  -11.551  36.760 0.0000000000
60670  36.053  -10.937  36.766 0.0000000000
61640  37.354  -10.396  37.521 0.0000000000
60643  38.152  -10.674  38.797 0.0000000000
61616  38.551  -10.559  39.442 0.0000000000
112347  39.256  -9.840  40.471 0.0000000000
53219  35.347  -20.488  41.471 0.0000000000
131592  36.612  -18.364  40.102 0.0000000000
54958  36.949  -17.858  39.870 0.0000000000
52298  38.255  -22.138  48.417 0.0000000000
52313  38.159  -22.181  47.497 0.0000000000
52326  38.697  -21.696  47.001 0.0000000000
53163  38.803  -21.039  45.320 0.0000000000
54004  40.066  -19.844  46.842 0.0000000000
54863  41.041  -18.597  47.012 0.0000000000
54003  40.596  -19.272  46.434 0.0000000000
53175  39.147  -20.108  44.250 0.0000000000
54895  39.216  -19.221  43.019 0.0000000000
55803  39.049  -17.108  40.928 0.0000000000
56638  38.883  -16.782  40.292 0.0000000000
56644  39.333  -16.225  40.061 0.0000000000
57448  39.909  -15.785  40.291 0.0000000000
58220  40.577  -14.529  40.522 0.0000000000
59000  40.750  -13.796  40.726 0.0000000000
58203  41.846  -14.770  43.678 0.0000000000
124034  41.828  -14.098  43.284 0.0000000000
115279  40.901  -13.273  41.258 0.0000000000
59792  40.461  -12.899  40.824 0.0000000000
59763  40.773  -11.372  42.688 0.0000000000
60597  40.149  -10.735  42.016 0.0000000000
120638  51.407  -4.949  19.663 0.0000000000
110240  52.405  -8.628  20.184 0.0000000000
63631  51.510  -8.408  20.342 0.0000000000
64613  52.559  -7.313  22.917 0.0000000000
122963  55.361  -7.153  23.379 0.0000000000
64594  55.451  -6.705  24.762 0.0000000000
40431  9.914  -34.805  56.611 0.0000000000
41331  10.810  -34.004  56.138 0.0000000000
48561  21.218  -26.208  53.768 0.0000000000
51442  35.882  -23.204  46.062 0.0000000000
53117  39.134  -20.753  50.027 0.0000000000
63635  52.701  -8.571  19.502 0.0000000000
63649  54.142  -8.260  18.459 0.0000000000
65568  54.583  -6.049  25.269 0.0000000000
66462  52.975  -5.029  33.084 0.0000000000
131493  40.881  -8.177  38.350 0.0000000000
