#!ascii label  , from subject sub-v1s1x0050643_ses-1 vox2ras=TkReg
1699
31830  32.108  -45.175  -10.618 0.8999999762
124547  32.134  -46.039  -10.920 0.8000000119
31845  32.478  -45.521  -11.475 0.8000000119
30424  32.236  -47.104  -11.903 0.6999999881
31162  32.486  -46.425  -13.288 0.8000000119
128293  31.452  -45.230  -9.991 0.8999999762
32569  32.609  -44.710  -11.316 1.0000000000
32582  33.189  -44.089  -12.802 1.0000000000
32583  32.915  -44.893  -12.663 0.8999999762
31867  32.774  -45.436  -13.342 0.8000000119
31170  32.483  -45.756  -14.234 0.8000000119
113377  32.795  -45.054  -13.976 0.8999999762
31163  32.022  -46.761  -14.281 0.8000000119
120988  31.406  -46.242  -15.604 0.6999999881
31179  31.030  -46.773  -15.771 0.6999999881
32527  29.965  -44.237  -9.346 0.8000000119
32549  30.833  -44.815  -9.600 0.8999999762
33215  30.897  -43.935  -9.634 0.8999999762
33199  30.162  -43.348  -9.364 0.8999999762
33202  27.884  -43.464  -9.663 0.8999999762
33231  32.863  -43.872  -11.267 0.8999999762
33245  33.277  -43.428  -12.070 1.0000000000
32593  33.003  -44.624  -13.452 0.8999999762
33271  33.169  -43.509  -14.352 1.0000000000
33280  32.763  -43.843  -15.006 0.8999999762
32617  32.513  -44.597  -15.044 0.8999999762
31879  31.928  -46.078  -15.026 0.8000000119
31889  30.876  -46.056  -16.238 0.6999999881
33988  31.937  -42.799  -9.996 0.8999999762
33198  31.029  -43.048  -9.586 0.8999999762
122965  29.524  -42.921  -9.271 0.8999999762
113615  28.940  -42.968  -9.282 0.8999999762
33216  27.502  -43.588  -10.224 0.8999999762
33214  31.740  -43.653  -10.046 0.8999999762
34010  33.121  -43.006  -11.163 0.8999999762
33257  33.360  -43.294  -13.038 1.0000000000
132342  32.079  -44.845  -15.538 0.8000000119
32618  31.617  -44.668  -16.113 0.8000000119
121820  30.423  -44.803  -17.014 0.8000000119
32639  29.873  -44.328  -17.420 0.8000000119
31910  29.682  -45.052  -17.277 0.8000000119
109781  28.895  -44.488  -17.649 0.8000000119
33972  29.098  -42.363  -9.289 0.8999999762
33990  27.778  -42.683  -10.360 0.8999999762
33247  27.353  -42.846  -12.268 0.8999999762
34817  32.261  -42.007  -9.933 0.8999999762
34820  28.014  -41.473  -11.126 0.8999999762
34011  27.769  -41.446  -12.455 0.8000000119
33258  27.000  -42.832  -13.219 0.8000000119
33987  32.719  -42.554  -10.514 0.8999999762
34837  28.131  -40.573  -12.252 0.6999999881
34036  26.965  -41.899  -13.866 0.6999999881
34047  26.231  -41.342  -15.074 0.6999999881
34009  33.422  -42.502  -11.806 0.8999999762
34870  26.675  -40.205  -14.991 0.6999999881
35721  25.042  -39.720  -15.145 0.6999999881
34850  33.562  -41.977  -12.544 1.0000000000
35706  24.970  -39.612  -14.840 0.6000000238
34025  33.441  -42.734  -12.565 1.0000000000
34035  33.494  -42.465  -13.400 1.0000000000
33270  33.379  -43.174  -13.757 1.0000000000
34046  33.029  -43.057  -15.029 1.0000000000
125880  32.588  -43.401  -15.557 0.8999999762
121463  33.149  -42.171  -15.009 1.0000000000
34055  32.623  -42.615  -15.817 0.8999999762
33291  32.197  -43.368  -16.178 0.8000000119
33292  31.660  -43.933  -16.429 0.8000000119
129256  30.543  -44.189  -17.168 0.8000000119
127343  30.255  -43.661  -17.490 0.8000000119
33303  29.382  -43.666  -17.762 0.8000000119
34080  29.002  -42.869  -18.133 0.8000000119
111343  29.919  -43.011  -17.869 0.8000000119
33304  28.332  -43.581  -18.060 0.8000000119
33970  31.273  -42.086  -9.408 0.8999999762
33973  28.376  -42.643  -9.604 0.8999999762
130812  30.359  -41.652  -9.125 0.8999999762
34803  29.449  -41.609  -9.215 0.8999999762
34804  28.661  -41.707  -9.611 0.8999999762
125471  32.893  -41.872  -10.446 0.8999999762
115135  27.225  -40.785  -14.271 0.6999999881
33986  33.294  -42.172  -11.002 0.8999999762
117665  27.365  -40.116  -14.142 0.6000000238
35714  25.873  -39.649  -14.806 0.6000000238
34835  33.522  -41.628  -11.675 1.0000000000
34038  24.368  -41.183  -13.756 0.5000000000
125472  33.667  -41.520  -13.349 1.0000000000
34027  25.123  -41.136  -13.274 0.5000000000
34862  33.718  -41.008  -14.058 1.0000000000
122873  33.504  -41.848  -14.187 1.0000000000
34878  32.823  -41.620  -15.744 1.0000000000
34067  32.302  -41.931  -16.484 0.8999999762
33293  31.060  -43.648  -17.055 0.8000000119
34068  31.704  -42.134  -17.097 0.8999999762
34077  31.015  -42.298  -17.538 0.8000000119
33302  30.686  -43.009  -17.510 0.8000000119
35739  30.956  -40.878  -17.909 0.8999999762
34894  30.472  -41.686  -17.958 0.8000000119
35740  30.469  -40.227  -18.182 0.8999999762
34895  29.607  -41.382  -18.293 0.8000000119
34896  28.018  -41.150  -18.555 0.8000000119
114424  27.120  -41.339  -18.659 0.8000000119
34819  28.434  -41.026  -10.319 0.8999999762
34801  31.931  -41.312  -9.405 0.8999999762
35662  32.394  -40.651  -9.550 0.8999999762
34836  28.413  -40.176  -11.502 0.6999999881
111706  27.999  -40.360  -13.003 0.8000000119
34816  33.274  -41.286  -10.788 0.8999999762
36597  27.245  -39.677  -13.543 0.6999999881
35704  26.551  -39.694  -14.308 0.6000000238
34863  24.904  -39.977  -14.155 0.6000000238
36585  27.417  -39.353  -12.729 0.6999999881
35692  26.729  -39.636  -13.462 0.6000000238
34852  25.695  -40.526  -13.224 0.5000000000
35690  33.754  -41.016  -12.515 1.0000000000
34838  25.781  -41.138  -11.909 0.5000000000
127330  25.359  -41.735  -12.367 0.5000000000
110296  33.878  -40.794  -13.372 1.0000000000
34868  33.351  -41.176  -14.946 1.0000000000
35719  33.417  -40.296  -15.246 1.0000000000
35720  32.962  -40.735  -15.791 1.0000000000
35729  32.073  -40.579  -17.070 0.8999999762
124708  33.479  -39.603  -15.402 1.0000000000
115595  33.078  -39.904  -15.916 0.8999999762
35728  32.562  -40.278  -16.460 0.8999999762
126547  31.575  -40.871  -17.486 0.8999999762
129805  32.143  -39.889  -17.002 0.8999999762
36642  30.541  -39.417  -18.015 0.8999999762
128872  29.838  -39.694  -18.372 0.8999999762
35741  29.573  -40.467  -18.420 0.8999999762
37581  31.131  -38.931  -17.580 0.8999999762
132033  29.908  -39.061  -18.244 0.8999999762
35742  28.518  -40.162  -18.592 0.8999999762
37584  28.680  -38.365  -18.199 0.8999999762
34802  30.992  -41.144  -9.040 0.8999999762
116716  29.920  -40.878  -9.072 0.8999999762
127255  28.610  -40.173  -10.443 0.8999999762
35642  29.589  -39.967  -9.275 0.8999999762
35663  28.875  -39.638  -10.027 1.0000000000
35664  28.536  -39.374  -11.106 0.8000000119
35640  31.642  -40.520  -9.048 0.8999999762
35691  27.651  -39.887  -13.498 0.6999999881
35677  33.609  -40.771  -11.543 0.8999999762
35660  33.382  -40.513  -10.850 0.8999999762
36584  27.859  -39.367  -12.682 0.6999999881
35680  26.824  -39.618  -12.366 0.6999999881
35693  26.316  -40.013  -12.946 0.5000000000
34821  25.758  -40.972  -10.733 0.5000000000
33991  25.334  -41.880  -10.896 0.5000000000
35689  34.156  -40.240  -12.987 1.0000000000
35702  34.024  -40.161  -13.901 1.0000000000
36608  34.166  -39.213  -14.259 1.0000000000
36616  33.780  -39.801  -14.747 1.0000000000
111991  33.794  -39.011  -15.099 1.0000000000
37550  34.227  -38.209  -14.648 1.0000000000
115261  32.426  -38.502  -16.581 0.8999999762
36630  31.899  -39.169  -17.110 0.8999999762
37573  30.824  -38.144  -17.455 0.8999999762
37621  27.547  -38.581  -20.951 0.6999999881
115855  26.699  -38.397  -20.834 0.8000000119
37622  25.824  -38.802  -20.744 0.8000000119
37623  25.020  -39.229  -20.418 0.8000000119
128423  32.742  -40.112  -9.793 0.8999999762
36526  31.328  -39.647  -8.859 1.0000000000
36527  30.295  -39.353  -9.029 1.0000000000
36528  29.413  -39.030  -9.625 1.0000000000
36548  28.727  -38.716  -10.588 0.6999999881
127696  28.402  -38.876  -11.549 0.6999999881
36568  33.685  -40.001  -11.304 0.8999999762
36545  33.261  -39.865  -10.427 0.8999999762
36570  27.889  -38.864  -12.131 0.6999999881
35681  26.252  -40.285  -11.787 0.6000000238
36582  34.272  -39.631  -12.598 1.0000000000
36583  33.968  -40.185  -12.139 0.8999999762
37512  33.765  -39.265  -10.987 0.8999999762
34822  25.047  -41.525  -10.086 0.4000000060
36596  34.326  -39.453  -13.352 1.0000000000
37561  33.602  -38.205  -15.486 1.0000000000
38458  32.562  -37.744  -16.328 1.0000000000
38450  33.080  -37.393  -15.785 1.0000000000
38473  24.819  -37.858  -18.809 0.8999999762
38499  29.092  -38.122  -20.631 0.6000000238
37620  28.291  -38.270  -20.832 0.6000000238
38501  27.263  -37.778  -20.737 0.8000000119
115805  25.177  -38.414  -20.589 0.8000000119
37612  24.664  -38.963  -19.797 0.8999999762
37601  25.168  -38.759  -19.078 0.8999999762
115787  33.401  -39.063  -10.173 0.8999999762
36546  32.820  -39.478  -9.608 0.8999999762
36569  28.166  -38.841  -11.983 0.6999999881
37514  27.541  -38.651  -11.160 0.6999999881
36550  26.801  -39.207  -10.848 0.6000000238
34805  24.748  -40.888  -9.713 0.4000000060
37527  34.412  -38.791  -12.612 1.0000000000
36567  34.115  -39.416  -11.852 0.8999999762
37538  34.410  -38.573  -13.688 1.0000000000
38440  33.888  -37.381  -15.162 1.0000000000
39341  33.438  -36.726  -15.370 1.0000000000
39342  32.692  -36.462  -15.703 1.0000000000
38471  26.465  -37.285  -17.975 0.8999999762
39366  26.243  -36.505  -17.645 0.8999999762
38472  25.424  -37.084  -18.204 0.8999999762
38484  24.229  -37.545  -19.350 0.8999999762
128658  30.249  -36.720  -19.213 0.6000000238
38491  29.631  -37.499  -19.880 0.6000000238
38500  28.108  -37.591  -20.551 0.6000000238
39396  27.303  -37.090  -20.393 0.8000000119
38502  26.012  -37.866  -20.715 0.8000000119
37613  24.255  -37.980  -19.889 0.8999999762
37478  30.959  -38.606  -8.775 0.8999999762
37480  29.339  -38.191  -9.886 0.6999999881
122105  29.965  -38.589  -9.218 0.8999999762
37513  28.078  -38.466  -11.434 0.6000000238
130655  33.812  -38.651  -10.685 1.0000000000
37491  33.562  -38.329  -10.019 1.0000000000
37492  32.883  -38.686  -9.389 1.0000000000
37496  27.846  -38.086  -10.712 0.6000000238
36551  26.230  -39.619  -10.092 0.5000000000
118496  34.485  -37.903  -12.184 1.0000000000
37511  34.204  -38.555  -11.490 1.0000000000
127059  34.354  -37.754  -11.408 1.0000000000
114498  34.488  -37.906  -13.128 1.0000000000
118112  34.470  -37.819  -13.952 1.0000000000
38439  34.339  -37.249  -14.442 1.0000000000
39330  33.956  -36.530  -14.835 1.0000000000
40265  33.313  -35.854  -15.225 1.0000000000
39343  31.710  -36.138  -16.012 1.0000000000
39354  30.793  -36.274  -16.467 1.0000000000
116465  30.133  -36.492  -16.775 1.0000000000
40282  29.031  -35.613  -16.445 1.0000000000
39356  28.542  -36.201  -16.945 0.8999999762
38461  29.855  -37.115  -17.260 0.8999999762
38470  27.415  -37.419  -17.892 0.8999999762
119089  24.485  -37.174  -18.694 0.8999999762
38493  23.737  -37.086  -19.992 0.8999999762
39377  31.855  -36.047  -18.651 0.6000000238
39385  31.106  -36.880  -19.125 0.6000000238
39386  29.327  -36.533  -19.311 0.6000000238
38492  28.725  -37.267  -19.977 0.6000000238
39397  26.494  -37.160  -20.609 0.8000000119
38503  24.937  -37.657  -20.563 0.8000000119
37477  32.059  -38.177  -8.745 0.8999999762
38366  30.064  -37.157  -9.131 0.6999999881
37494  28.769  -37.969  -10.496 0.6000000238
38382  28.662  -37.246  -10.232 0.6000000238
38380  33.821  -37.549  -9.938 0.8999999762
38384  27.356  -37.719  -9.993 0.6000000238
37497  26.719  -38.873  -10.220 0.5000000000
37490  34.044  -38.007  -10.729 1.0000000000
38379  34.354  -37.123  -10.808 0.8999999762
38413  34.581  -37.174  -12.701 1.0000000000
38426  34.517  -37.159  -13.612 1.0000000000
39329  34.379  -36.408  -14.066 1.0000000000
40250  33.972  -35.589  -14.468 1.0000000000
116266  33.418  -35.141  -14.856 1.0000000000
40266  32.851  -35.059  -15.187 1.0000000000
119747  32.409  -35.602  -15.548 1.0000000000
40268  30.835  -35.437  -15.963 1.0000000000
40281  29.963  -35.711  -16.355 1.0000000000
40283  28.199  -35.469  -16.544 1.0000000000
40285  26.515  -35.173  -16.841 0.8999999762
39358  26.850  -35.874  -17.220 0.8999999762
39367  25.508  -36.292  -17.799 0.8999999762
40308  22.827  -35.663  -19.525 0.8999999762
39378  30.935  -35.813  -18.744 0.6000000238
39387  28.414  -36.350  -19.466 0.6000000238
39388  27.511  -36.288  -19.734 0.6999999881
39389  26.522  -36.462  -20.193 0.6999999881
39390  25.433  -36.457  -20.491 0.6999999881
39400  23.373  -36.639  -20.595 0.8000000119
39392  22.703  -36.182  -20.511 0.8999999762
40306  32.450  -35.075  -18.502 0.6000000238
40321  25.097  -35.606  -20.381 0.6999999881
117954  24.448  -36.217  -20.726 0.8000000119
40333  22.939  -35.909  -20.650 0.8999999762
38367  29.337  -37.320  -9.834 0.6999999881
38383  28.036  -37.423  -10.320 0.6000000238
39265  33.315  -37.031  -9.175 0.8999999762
38364  32.298  -37.246  -8.698 0.8000000119
114359  30.507  -36.618  -8.803 0.6999999881
38395  34.593  -37.152  -11.801 1.0000000000
39263  34.372  -36.154  -10.617 0.8000000119
109678  34.696  -35.881  -11.976 0.8999999762
39282  34.579  -36.399  -11.476 0.8000000119
39317  34.572  -36.417  -13.170 1.0000000000
40249  34.471  -35.532  -13.580 1.0000000000
128864  34.222  -34.949  -14.058 1.0000000000
41177  33.826  -34.723  -14.503 1.0000000000
41193  33.239  -34.455  -14.936 1.0000000000
113091  32.231  -34.931  -15.377 1.0000000000
112259  30.874  -34.541  -15.561 1.0000000000
40269  30.065  -34.888  -15.793 1.0000000000
40270  28.700  -34.874  -16.100 1.0000000000
40284  27.361  -35.319  -16.668 0.8999999762
39359  26.007  -35.738  -17.394 0.8999999762
40294  23.907  -35.644  -18.306 0.8999999762
40317  29.025  -35.419  -18.883 0.6000000238
40319  26.921  -35.395  -19.567 0.6999999881
41230  32.156  -34.333  -18.778 0.6000000238
124779  31.453  -34.260  -18.802 0.6000000238
40320  25.987  -35.738  -20.024 0.6999999881
120281  23.832  -35.541  -20.763 0.6999999881
110476  29.700  -36.602  -9.304 0.6999999881
126654  29.066  -36.556  -9.779 0.6000000238
39250  32.703  -36.444  -8.750 0.8000000119
39251  31.559  -36.420  -8.581 0.8000000119
129358  30.792  -36.181  -8.655 0.6999999881
39248  34.072  -35.827  -9.804 0.6999999881
39249  33.486  -36.217  -9.242 0.8000000119
40208  34.590  -35.572  -11.331 0.6999999881
128984  34.794  -35.177  -12.087 0.6999999881
41164  34.934  -34.085  -13.126 0.8000000119
42100  34.757  -33.759  -13.776 0.8000000119
41176  34.553  -34.581  -13.600 0.8000000119
112085  34.336  -34.241  -14.202 0.8999999762
42114  33.817  -33.918  -14.699 0.8999999762
41194  32.540  -34.355  -15.237 1.0000000000
42132  31.333  -33.834  -15.532 1.0000000000
41196  29.342  -34.364  -15.764 1.0000000000
41206  28.425  -34.119  -15.996 1.0000000000
42143  31.030  -33.349  -15.924 1.0000000000
118354  30.102  -34.263  -15.609 1.0000000000
40271  27.899  -34.747  -16.309 1.0000000000
117111  27.649  -34.200  -16.319 1.0000000000
41207  27.095  -34.626  -16.515 0.8999999762
41208  26.242  -34.499  -16.815 0.8999999762
40286  25.631  -35.082  -17.138 0.8999999762
41210  24.395  -34.377  -17.753 0.8999999762
118482  30.898  -33.891  -19.059 0.6000000238
40316  30.017  -35.553  -18.767 0.6000000238
40318  28.005  -35.417  -19.148 0.6000000238
40295  23.179  -34.872  -18.816 0.8999999762
40322  22.269  -35.501  -20.285 0.8999999762
41243  25.898  -34.932  -19.861 0.6999999881
41244  24.831  -34.971  -20.365 0.6999999881
41252  22.658  -34.748  -20.540 0.8999999762
42194  22.168  -33.540  -20.353 0.8999999762
39243  32.303  -35.882  -8.642 0.6999999881
39244  31.742  -35.742  -8.576 0.6000000238
40183  30.148  -35.901  -8.835 0.6000000238
39252  28.597  -36.247  -9.501 0.6000000238
40180  34.100  -35.036  -9.730 0.6999999881
40172  32.349  -34.908  -8.617 0.6000000238
41120  34.385  -34.614  -10.295 0.6999999881
41135  34.712  -34.510  -11.229 0.6999999881
42076  35.136  -33.620  -11.835 0.6999999881
42112  35.020  -32.938  -13.979 0.8000000119
42113  34.461  -33.423  -14.404 0.8000000119
42129  33.930  -33.074  -15.031 0.8000000119
42130  33.061  -33.612  -15.222 0.8000000119
42131  32.149  -33.749  -15.423 1.0000000000
110390  32.512  -33.134  -15.607 0.8000000119
42144  30.300  -33.359  -16.048 1.0000000000
42145  29.511  -33.337  -16.268 1.0000000000
42147  27.892  -33.805  -16.435 1.0000000000
43038  29.596  -32.830  -16.824 1.0000000000
42156  28.972  -33.051  -16.780 1.0000000000
42158  27.468  -33.524  -16.951 1.0000000000
42159  26.624  -33.432  -17.418 1.0000000000
42160  25.511  -33.416  -17.842 1.0000000000
42150  24.943  -33.860  -17.736 0.8999999762
41218  23.544  -34.231  -18.379 0.8999999762
42173  31.741  -33.838  -19.275 0.6000000238
110304  29.859  -34.302  -18.853 0.6000000238
41240  28.697  -34.431  -19.051 0.6999999881
41219  22.707  -34.158  -19.143 0.8999999762
41241  27.679  -34.493  -19.294 0.6999999881
42180  25.224  -34.235  -20.316 0.6999999881
42193  23.185  -33.718  -20.536 0.8999999762
109938  29.469  -35.486  -9.012 0.5000000000
40171  33.054  -35.095  -8.801 0.6000000238
128839  31.800  -34.587  -8.549 0.5000000000
41102  34.128  -34.253  -9.696 0.6999999881
41103  33.632  -34.657  -9.172 0.6999999881
42064  34.488  -33.924  -10.376 0.6999999881
42077  34.869  -33.468  -10.989 0.6999999881
127425  35.422  -32.963  -12.932 0.6999999881
43002  35.402  -32.574  -13.456 0.6999999881
43011  34.664  -32.565  -14.676 0.8000000119
43023  34.165  -32.225  -15.357 0.8000000119
43024  33.268  -32.598  -15.644 0.8000000119
43933  33.735  -31.833  -15.851 0.8000000119
43937  33.099  -31.812  -16.277 0.8000000119
43939  31.784  -32.078  -16.811 0.8999999762
112414  30.780  -32.948  -16.367 1.0000000000
43938  32.450  -31.748  -16.666 0.8000000119
43946  31.362  -31.651  -17.402 0.8999999762
43037  30.187  -32.854  -16.606 1.0000000000
43047  29.295  -32.613  -17.254 1.0000000000
42157  28.204  -33.285  -16.872 1.0000000000
127927  26.074  -33.069  -18.070 1.0000000000
43050  25.195  -32.804  -18.411 0.8999999762
123377  24.028  -33.793  -18.165 0.8999999762
42162  23.046  -33.404  -18.961 0.8999999762
43051  24.237  -32.527  -18.848 0.8999999762
42181  22.253  -32.857  -19.840 0.8999999762
42175  30.290  -33.514  -19.592 0.6000000238
42176  29.338  -33.623  -19.504 0.6000000238
42178  27.383  -33.711  -19.913 0.6999999881
42192  24.498  -33.567  -20.552 0.8000000119
114363  22.847  -33.076  -20.348 0.8999999762
42174  31.147  -33.527  -19.893 0.6000000238
42179  26.318  -34.016  -20.042 0.6999999881
114838  23.908  -32.962  -20.506 0.8000000119
43068  23.259  -32.518  -19.816 0.8999999762
42191  25.696  -33.378  -20.559 0.6999999881
43083  23.585  -32.501  -20.285 0.8999999762
41093  32.247  -34.252  -8.556 0.5000000000
127645  30.896  -33.915  -8.506 0.5000000000
42048  33.697  -33.783  -9.120 0.6999999881
42035  32.407  -33.553  -8.536 0.5000000000
42047  34.202  -33.435  -9.732 0.6999999881
42978  35.200  -32.812  -11.496 0.6999999881
42963  34.800  -32.653  -10.728 0.6999999881
42977  35.398  -32.143  -12.023 0.6999999881
42993  35.534  -32.354  -12.804 0.6999999881
43010  35.364  -31.998  -14.194 0.6999999881
43932  34.318  -31.423  -15.619 0.8000000119
43936  33.768  -31.069  -16.241 0.8000000119
44838  32.896  -31.012  -16.829 0.8000000119
117837  32.107  -31.343  -17.181 0.8000000119
115444  30.680  -31.864  -17.559 0.8999999762
43046  30.022  -32.348  -17.329 1.0000000000
43056  28.233  -32.286  -18.161 1.0000000000
121526  27.603  -32.936  -17.567 1.0000000000
44844  32.375  -30.588  -17.454 0.8000000119
43953  30.947  -31.291  -18.043 0.8000000119
43055  29.247  -32.102  -17.929 0.8999999762
43955  27.799  -31.742  -18.822 1.0000000000
43057  27.253  -32.402  -18.370 1.0000000000
43954  28.753  -31.557  -18.652 0.8999999762
43956  26.797  -31.832  -18.974 1.0000000000
43958  24.768  -31.686  -19.506 1.0000000000
43974  24.194  -31.803  -19.867 0.8999999762
42177  28.368  -33.715  -19.631 0.6999999881
131761  24.781  -31.330  -19.914 0.8999999762
42187  29.852  -33.253  -20.445 0.6000000238
42188  29.022  -33.155  -20.340 0.6000000238
111304  24.179  -31.901  -20.203 0.8999999762
42189  28.189  -33.111  -20.392 0.6999999881
42190  26.753  -33.239  -20.529 0.6999999881
43081  26.258  -32.633  -20.978 0.6999999881
43082  25.081  -32.658  -20.857 0.6999999881
128381  24.420  -32.334  -20.691 0.8000000119
43098  25.862  -32.024  -21.294 0.6999999881
43099  24.615  -31.755  -20.736 0.8000000119
44880  25.215  -30.324  -21.020 0.8999999762
129020  25.697  -31.460  -21.427 0.6999999881
42034  33.199  -33.251  -8.672 0.5000000000
109317  34.572  -31.886  -10.497 0.6999999881
108370  34.293  -32.560  -9.951 0.5000000000
43910  35.541  -31.576  -12.625 0.6999999881
43892  35.263  -31.206  -11.784 0.6999999881
125280  35.620  -31.152  -13.180 0.6999999881
44793  35.249  -30.438  -11.993 0.6999999881
110951  35.630  -31.158  -13.890 0.6999999881
44829  35.578  -30.346  -14.253 0.6999999881
43931  35.337  -31.061  -14.623 0.6999999881
44833  35.346  -30.248  -15.009 0.6999999881
128948  34.898  -30.900  -15.315 0.6999999881
130649  34.415  -30.761  -15.825 0.8000000119
44837  33.530  -30.286  -16.750 0.8000000119
44836  34.211  -30.221  -16.219 0.8000000119
44843  32.961  -30.272  -17.208 0.8000000119
44855  31.961  -30.155  -18.030 0.8000000119
45730  32.952  -29.049  -17.800 0.8000000119
45742  32.249  -29.372  -18.219 0.8000000119
129468  29.316  -30.743  -19.156 0.8999999762
43971  28.279  -31.031  -19.275 0.8999999762
43972  27.333  -31.194  -19.356 1.0000000000
45743  31.533  -29.675  -18.580 0.8000000119
45744  30.783  -29.968  -18.930 0.8000000119
43957  25.746  -31.769  -19.176 1.0000000000
44869  26.841  -30.655  -19.758 1.0000000000
112198  29.599  -33.054  -21.239 0.6000000238
44858  25.449  -31.223  -19.665 1.0000000000
128391  28.141  -32.649  -21.080 0.6999999881
43080  27.270  -32.589  -21.008 0.6999999881
127312  24.760  -31.341  -20.219 0.8999999762
44871  25.287  -30.825  -20.211 1.0000000000
128174  26.953  -31.967  -21.419 0.6999999881
43999  26.385  -31.485  -21.646 0.8000000119
44015  25.582  -30.806  -21.528 0.8000000119
44812  35.481  -30.790  -12.569 0.6999999881
111555  35.394  -30.024  -12.533 0.6999999881
44822  35.615  -30.395  -13.341 0.6999999881
45719  35.514  -29.458  -14.577 0.6999999881
45720  35.217  -29.478  -15.370 0.6999999881
45724  34.645  -29.473  -16.022 0.6999999881
46583  35.066  -28.746  -15.755 0.6999999881
45725  34.009  -29.516  -16.683 0.8000000119
45729  33.330  -29.624  -17.258 0.8000000119
46610  32.512  -28.595  -18.368 0.8000000119
46609  33.225  -28.151  -17.986 0.8000000119
46611  31.825  -28.876  -18.735 0.8000000119
45753  29.432  -29.708  -19.633 0.8999999762
45752  30.340  -29.414  -19.419 0.8000000119
44868  27.701  -30.478  -19.682 0.8999999762
42200  28.958  -32.817  -21.215 0.6000000238
45767  28.255  -29.073  -20.344 0.8999999762
45754  27.952  -29.780  -20.080 0.8999999762
119237  26.413  -30.273  -20.114 1.0000000000
42199  29.815  -33.002  -22.057 0.6000000238
111531  25.772  -30.223  -20.365 0.8999999762
43997  27.800  -31.611  -21.857 0.6999999881
45769  25.447  -29.445  -20.826 0.8999999762
44898  25.857  -30.322  -22.111 0.8000000119
44889  25.276  -30.018  -21.386 0.8999999762
45780  25.138  -29.371  -21.442 0.8000000119
45704  35.504  -29.657  -13.109 0.6999999881
119856  35.561  -29.018  -13.970 0.6999999881
46582  35.452  -28.733  -15.038 0.6999999881
46587  34.514  -28.733  -16.477 0.6999999881
47453  35.077  -27.921  -16.158 0.6999999881
120014  33.879  -27.912  -17.480 0.6999999881
45751  31.118  -29.154  -19.121 0.8000000119
46622  29.857  -28.823  -19.821 0.8000000119
46621  30.659  -28.573  -19.568 0.8000000119
46633  30.168  -28.045  -20.000 0.8000000119
45755  27.099  -30.031  -20.123 0.8999999762
43097  28.930  -32.543  -21.798 0.6000000238
45766  29.066  -28.963  -20.075 0.8000000119
46635  28.665  -28.385  -20.523 0.8999999762
45768  27.190  -29.188  -20.506 0.8999999762
45756  26.292  -29.681  -20.439 0.8999999762
43118  29.755  -32.616  -22.307 0.6000000238
43079  28.007  -32.167  -21.511 0.6999999881
46623  26.009  -28.865  -20.822 0.8999999762
119461  26.740  -31.080  -21.956 0.6999999881
46638  25.004  -28.769  -21.394 0.8000000119
45790  26.194  -29.784  -22.559 0.6999999881
45792  25.038  -29.212  -21.858 0.8000000119
47429  35.516  -27.909  -14.617 0.6999999881
47452  35.446  -27.392  -15.419 0.6999999881
47467  35.304  -26.978  -16.187 0.6999999881
46620  31.445  -28.344  -19.265 0.8000000119
47497  30.998  -27.681  -19.787 0.8000000119
47506  30.352  -27.344  -20.339 0.8000000119
47507  29.080  -27.708  -20.712 0.8000000119
46636  27.783  -28.447  -20.728 0.8999999762
115810  27.408  -27.867  -21.088 0.8999999762
43119  28.727  -32.027  -22.112 0.6000000238
109828  26.770  -28.321  -20.950 0.8999999762
44012  28.413  -31.175  -22.318 0.6999999881
44896  27.720  -30.459  -22.513 0.6999999881
47510  25.666  -27.952  -21.311 0.8999999762
45799  26.557  -29.174  -22.947 0.6999999881
127582  25.283  -28.489  -22.720 0.8000000119
47520  24.680  -27.350  -21.850 0.8000000119
46663  26.003  -28.521  -23.095 0.6999999881
46664  24.750  -28.070  -22.346 0.8000000119
46646  24.645  -28.075  -21.816 0.8000000119
123839  25.348  -27.784  -22.935 0.8000000119
110328  35.453  -26.895  -14.624 0.6999999881
48364  35.479  -26.486  -15.422 0.6000000238
44011  29.355  -31.805  -22.391 0.6000000238
47518  28.632  -27.096  -21.225 0.8000000119
47519  27.512  -27.147  -21.402 0.8999999762
47509  26.597  -27.535  -21.320 0.8999999762
44895  29.281  -30.851  -22.483 0.6000000238
48449  25.878  -26.339  -21.864 0.8999999762
45789  27.102  -29.832  -22.743 0.8000000119
48436  24.994  -27.308  -21.621 0.8999999762
47528  24.795  -26.878  -22.144 0.8000000119
46662  26.929  -28.506  -23.306 0.6999999881
47540  25.114  -27.021  -22.732 0.8000000119
48458  25.309  -26.332  -22.589 0.8000000119
123716  28.603  -30.290  -22.584 0.6999999881
48447  28.053  -26.433  -21.728 0.8000000119
132518  28.698  -29.573  -22.735 0.5000000000
45788  27.998  -29.739  -22.786 0.6000000238
45797  28.314  -29.027  -22.986 0.6000000238
45798  27.464  -29.134  -23.039 0.6999999881
49374  25.684  -25.947  -22.302 0.8000000119
46661  27.840  -28.452  -23.382 0.6000000238
47544  27.695  -27.083  -23.891 0.6000000238
47539  25.770  -27.161  -23.324 0.6999999881
48470  25.795  -26.346  -23.307 0.8000000119
113988  25.243  -26.361  -22.259 0.8000000119
48476  27.313  -26.330  -24.168 0.6000000238
49372  27.449  -25.748  -22.182 0.8000000119
49373  26.380  -25.757  -22.287 0.8999999762
46659  29.539  -28.160  -23.145 0.6000000238
49401  25.681  -25.799  -22.986 0.8000000119
49387  25.654  -25.893  -22.632 0.8000000119
49386  26.117  -25.271  -22.756 0.8000000119
127499  26.574  -26.106  -23.857 0.6000000238
49385  27.918  -25.054  -22.397 0.8000000119
50324  26.872  -25.069  -22.599 0.8000000119
47537  28.978  -27.578  -23.574 0.6000000238
47543  28.467  -27.134  -23.812 0.6000000238
50350  26.487  -24.610  -23.319 0.8000000119
48475  28.268  -26.533  -24.200 0.6000000238
49412  26.467  -24.588  -23.752 0.6999999881
51268  26.821  -24.051  -23.500 0.8000000119
49416  28.568  -25.189  -25.095 0.6000000238
50357  26.714  -24.472  -24.460 0.6000000238
50365  26.698  -23.724  -24.651 0.6999999881
49409  29.076  -26.024  -24.567 0.6000000238
117993  29.527  -23.683  -22.911 0.8000000119
50338  27.424  -24.370  -22.982 0.8000000119
48468  29.726  -27.258  -23.597 0.6000000238
51266  28.432  -23.848  -23.184 0.8000000119
48467  30.459  -26.916  -23.644 0.5000000000
51276  26.826  -23.293  -23.935 0.8000000119
51267  27.360  -23.578  -23.599 0.8000000119
48474  29.935  -26.457  -24.187 0.6000000238
47542  29.096  -26.807  -23.948 0.6000000238
52164  26.901  -22.696  -24.845 0.6000000238
48473  30.666  -26.354  -24.127 0.5000000000
129932  29.847  -25.935  -24.673 0.6000000238
49415  29.753  -25.379  -25.184 0.6000000238
112661  28.065  -24.323  -25.360 0.6000000238
49414  30.794  -25.219  -25.396 0.6000000238
50363  29.141  -24.525  -25.585 0.6000000238
51291  28.607  -23.748  -25.800 0.6000000238
51297  28.188  -23.063  -26.026 0.6000000238
51265  29.034  -23.085  -23.491 0.8000000119
52140  28.015  -23.037  -23.794 0.8000000119
52139  29.968  -23.013  -23.189 0.8000000119
52150  29.549  -22.406  -23.748 0.6999999881
52151  28.598  -22.401  -24.045 0.6999999881
49408  30.522  -25.876  -24.728 0.6000000238
52169  27.022  -22.518  -25.164 0.6000000238
52163  27.259  -22.056  -25.009 0.6000000238
112680  27.063  -22.591  -24.447 0.6999999881
52174  27.993  -22.363  -26.031 0.6000000238
50361  31.118  -24.471  -25.851 0.5000000000
51290  29.551  -23.793  -26.066 0.6000000238
51296  28.954  -23.251  -26.243 0.6000000238
50360  31.972  -24.296  -25.780 0.5000000000
52989  30.011  -21.739  -23.949 0.6999999881
52990  29.132  -21.743  -24.243 0.6000000238
52992  27.630  -21.733  -24.779 0.6000000238
111792  27.680  -22.372  -24.303 0.6000000238
53843  28.011  -20.984  -25.584 0.6000000238
53821  28.148  -21.189  -24.796 0.6000000238
119899  31.382  -23.845  -26.128 0.5000000000
121917  29.709  -22.932  -26.498 0.6000000238
52173  28.752  -22.602  -26.398 0.6000000238
53009  27.898  -21.753  -25.940 0.6000000238
53842  28.287  -20.461  -25.555 0.6000000238
51295  30.591  -22.850  -26.545 0.6000000238
52172  30.189  -22.151  -26.713 0.6000000238
51288  31.901  -23.511  -26.088 0.5000000000
52167  31.804  -22.757  -26.329 0.5000000000
114900  32.329  -22.337  -26.158 0.4000000060
129481  31.748  -22.053  -26.518 0.5000000000
53819  29.585  -21.044  -24.336 0.6000000238
53835  29.070  -20.315  -24.634 0.6000000238
127034  29.273  -22.023  -26.717 0.6000000238
53849  28.120  -21.098  -26.179 0.6000000238
54687  28.724  -19.797  -25.386 0.6000000238
53008  29.732  -21.369  -27.028 0.6000000238
53847  29.272  -20.543  -27.167 0.6000000238
52171  31.093  -22.269  -26.647 0.5000000000
53007  30.553  -21.554  -26.920 0.6000000238
52170  31.314  -21.332  -26.879 0.5000000000
53004  32.871  -21.816  -25.922 0.4000000060
53006  32.182  -21.568  -26.479 0.4000000060
53848  28.515  -20.335  -26.672 0.6000000238
117297  29.563  -19.613  -24.785 0.5000000000
53834  29.997  -20.314  -24.421 0.5000000000
128433  28.831  -21.194  -26.807 0.6000000238
54697  28.677  -19.657  -26.763 0.5000000000
115141  30.301  -20.694  -27.262 0.6000000238
53846  31.177  -20.356  -27.191 0.5000000000
53845  32.017  -20.760  -26.807 0.4000000060
54686  30.424  -19.595  -24.505 0.4000000060
53850  29.606  -19.827  -27.386 0.6000000238
126913  29.138  -19.189  -27.223 0.5000000000
126069  31.094  -19.614  -27.407 0.4000000060
54696  30.412  -19.753  -27.451 0.6000000238
54699  29.828  -19.057  -27.595 0.6000000238
55611  29.316  -18.563  -26.963 0.4000000060
54695  31.852  -19.894  -27.073 0.4000000060
55610  31.461  -18.961  -27.446 0.4000000060
56462  29.527  -18.020  -26.406 0.4000000060
54698  30.535  -19.011  -27.636 0.4000000060
55615  29.657  -18.466  -27.610 0.4000000060
119968  32.659  -19.302  -26.837 0.4000000060
55614  30.052  -18.358  -27.930 0.4000000060
131359  31.355  -18.304  -24.609 0.4000000060
125818  29.901  -17.686  -25.659 0.4000000060
56470  29.595  -17.898  -27.422 0.4000000060
55612  31.260  -18.011  -27.761 0.4000000060
55613  30.631  -18.374  -27.822 0.4000000060
56473  30.403  -17.629  -28.147 0.4000000060
56474  29.910  -17.794  -28.002 0.4000000060
56449  30.515  -17.231  -25.476 0.4000000060
56461  29.850  -17.240  -26.582 0.4000000060
56472  31.227  -17.164  -28.192 0.3000000119
56469  29.864  -17.273  -27.859 0.4000000060
57252  31.118  -16.790  -25.294 0.4000000060
57276  30.111  -16.691  -27.243 0.4000000060
36679  25.213  -39.946  -20.492 0.8000000119
36659  25.164  -39.697  -19.398 0.8999999762
36658  25.974  -39.527  -18.842 0.8999999762
125784  25.589  -40.214  -19.182 0.8999999762
35757  26.290  -40.373  -18.907 0.8999999762
38459  31.895  -37.694  -16.653 1.0000000000
39352  32.254  -37.040  -16.250 1.0000000000
126255  29.140  -39.232  -18.457 0.8999999762
37582  30.352  -38.642  -17.852 0.8999999762
38467  30.075  -37.915  -17.641 0.8999999762
39353  31.423  -36.958  -16.575 1.0000000000
36643  27.986  -39.208  -18.502 0.8999999762
37583  29.578  -38.453  -18.081 0.8999999762
38469  28.334  -37.558  -17.823 0.8999999762
131110  30.522  -37.547  -17.277 1.0000000000
36644  26.928  -38.917  -18.445 0.8999999762
39364  28.011  -36.793  -17.444 0.8999999762
119068  29.343  -19.051  -25.488 0.4000000060
55606  29.265  -18.587  -26.181 0.4000000060
121809  30.028  -18.871  -24.843 0.4000000060
54685  30.881  -18.884  -24.546 0.4000000060
32547  32.292  -44.229  -10.608 0.8999999762
32592  33.229  -43.855  -13.624 1.0000000000
31898  31.010  -45.181  -16.485 0.8000000119
33201  28.598  -43.480  -9.354 0.8999999762
32629  31.062  -44.417  -16.730 0.8000000119
112957  32.654  -41.301  -10.030 0.8999999762
34884  32.463  -41.087  -16.440 0.8999999762
126556  31.685  -43.319  -16.694 0.8000000119
34078  30.365  -42.460  -17.815 0.8000000119
110234  28.675  -41.898  -18.351 0.8000000119
35713  33.665  -40.492  -14.574 1.0000000000
125798  28.893  -41.012  -18.456 0.8000000119
129899  27.743  -39.910  -18.663 0.8999999762
35743  27.306  -40.556  -18.674 0.8000000119
36629  32.581  -39.458  -16.523 0.8999999762
35641  30.615  -40.257  -8.930 0.8999999762
36571  27.242  -39.162  -11.791 0.6000000238
131049  25.348  -41.037  -9.966 0.4000000060
37562  33.041  -38.166  -16.098 1.0000000000
128772  31.158  -37.604  -17.019 0.8999999762
132528  26.125  -39.894  -20.903 0.6999999881
38504  24.190  -37.358  -20.323 0.8000000119
37493  32.086  -39.108  -8.914 0.8999999762
130505  26.100  -38.660  -18.608 0.8999999762
122128  29.095  -38.826  -21.085 0.6000000238
37602  24.569  -38.264  -19.413 0.8999999762
36552  25.482  -39.683  -9.610 0.4000000060
37585  27.711  -38.223  -18.249 0.8999999762
39379  23.717  -36.626  -19.197 0.8999999762
39391  22.941  -36.330  -20.121 0.8999999762
116155  27.972  -36.998  -20.025 0.6999999881
38365  31.037  -37.445  -8.672 0.8000000119
38381  33.040  -37.866  -9.255 0.8999999762
40267  31.618  -35.186  -15.606 1.0000000000
38462  28.900  -36.948  -17.350 0.8999999762
39357  27.696  -36.033  -17.082 0.8999999762
39365  27.118  -36.663  -17.514 0.8999999762
39368  24.657  -36.449  -18.237 0.8999999762
39264  34.022  -36.679  -9.853 0.8000000119
38368  27.553  -36.983  -9.662 0.5000000000
39304  34.653  -36.468  -12.295 1.0000000000
40293  25.059  -35.703  -17.636 0.8999999762
40194  34.388  -35.293  -10.497 0.6999999881
41134  34.958  -34.327  -12.327 0.8000000119
40223  34.673  -35.745  -12.667 0.8999999762
41242  26.847  -34.507  -19.590 0.6999999881
40309  22.107  -34.729  -19.739 0.8999999762
41251  23.962  -34.496  -20.604 0.8000000119
127495  29.432  -36.077  -9.286 0.6000000238
39242  32.991  -35.774  -8.812 0.8000000119
40174  30.687  -35.196  -8.606 0.6000000238
42090  35.224  -33.554  -12.659 0.6999999881
42099  35.173  -33.315  -13.334 0.6999999881
43025  31.794  -33.227  -15.771 1.0000000000
42148  26.977  -33.970  -16.690 1.0000000000
42182  21.903  -33.297  -20.093 0.8999999762
41095  30.306  -34.486  -8.655 0.6000000238
109724  29.002  -35.064  -8.988 0.5000000000
118649  35.391  -32.928  -12.301 0.6999999881
43035  32.352  -32.500  -16.183 0.8999999762
42037  30.308  -33.757  -8.600 0.5000000000
43919  35.597  -31.817  -13.390 0.6999999881
43925  34.852  -31.707  -14.998 0.8000000119
43060  24.030  -32.225  -19.422 0.8999999762
42948  33.802  -32.907  -9.186 0.6000000238
108367  32.585  -32.019  -8.985 0.5000000000
43893  35.045  -31.973  -11.219 0.6999999881
43947  30.151  -31.671  -18.045 0.8999999762
112189  32.631  -29.836  -17.659 0.8000000119
44856  31.235  -30.517  -18.390 0.8000000119
45770  25.217  -29.777  -21.013 0.8999999762
109276  33.235  -32.442  -8.941 0.5000000000
108373  34.751  -31.186  -10.949 0.6999999881
44834  34.821  -30.181  -15.643 0.6999999881
46588  33.776  -28.723  -17.258 0.8000000119
44857  30.315  -30.842  -18.658 0.8999999762
116636  28.578  -30.219  -19.635 0.8999999762
44897  26.712  -30.524  -22.321 0.8000000119
44899  25.410  -30.065  -21.758 0.8000000119
46568  35.542  -28.676  -14.385 0.6999999881
46619  32.145  -28.151  -18.890 0.8000000119
46637  25.282  -28.590  -21.183 0.8999999762
47508  28.216  -27.797  -20.974 0.8999999762
47417  35.475  -28.289  -13.714 0.6000000238
123203  26.323  -27.805  -23.422 0.6999999881
48448  26.939  -26.359  -21.828 0.8999999762
132022  26.480  -24.951  -24.067 0.6999999881
49410  27.922  -25.748  -24.585 0.6000000238
49417  27.474  -24.884  -24.892 0.6000000238
113366  26.649  -23.899  -23.856 0.8000000119
51292  27.615  -23.501  -25.532 0.6000000238
52152  27.209  -22.898  -23.982 0.6999999881
50362  30.181  -24.533  -25.758 0.6000000238
122186  28.466  -21.827  -26.365 0.6000000238
51289  30.567  -23.685  -26.263 0.6000000238
118399  28.165  -20.482  -26.039 0.6000000238
55597  30.532  -18.086  -24.983 0.4000000060
55598  29.716  -18.336  -25.513 0.4000000060
56448  31.416  -17.499  -24.839 0.4000000060
57280  30.629  -16.800  -28.366 0.4000000060
35744  27.048  -39.753  -18.652 0.8999999762
121940  29.281  -52.832  -9.747 0.4000000060
121598  28.098  -52.098  -8.929 0.4000000060
121597  27.240  -52.106  -8.910 0.4000000060
26244  30.221  -51.896  -10.612 0.4000000060
132072  28.107  -50.884  -8.878 0.4000000060
27091  26.617  -51.429  -9.081 0.4000000060
28025  30.576  -50.655  -11.337 0.3000000119
27088  29.296  -51.339  -9.412 0.4000000060
28034  30.427  -50.707  -12.412 0.4000000060
28042  30.307  -50.310  -13.344 0.4000000060
28900  30.340  -49.241  -14.460 0.4000000060
28910  30.073  -48.954  -15.243 0.4000000060
27997  27.698  -50.376  -8.888 0.5000000000
27998  26.795  -50.544  -8.999 0.4000000060
28015  30.226  -50.630  -9.957 0.4000000060
27996  28.687  -50.557  -9.056 0.4000000060
111192  30.770  -50.096  -11.908 0.5000000000
28885  30.774  -49.885  -12.689 0.4000000060
29717  30.842  -48.835  -14.092 0.4000000060
29735  30.364  -48.254  -15.545 0.5000000000
30459  30.048  -47.977  -16.219 0.5000000000
30471  29.887  -47.209  -16.675 0.6000000238
29744  29.279  -48.136  -16.685 0.5000000000
30472  28.312  -48.064  -17.172 0.6000000238
118467  27.826  -47.311  -17.395 0.4000000060
28847  28.179  -49.596  -9.019 0.5000000000
28848  26.970  -49.526  -9.120 0.5000000000
28862  25.988  -49.228  -9.758 0.5000000000
28877  25.162  -49.283  -11.103 0.5000000000
28861  30.128  -49.856  -9.722 0.6000000238
28846  29.233  -49.764  -9.213 0.6000000238
29701  31.162  -49.053  -10.945 0.5000000000
130266  30.775  -48.762  -10.279 0.6000000238
28875  31.175  -49.351  -11.951 0.5000000000
124605  31.177  -49.272  -12.876 0.5000000000
29725  31.303  -48.158  -14.214 0.4000000060
30450  30.891  -47.840  -15.050 0.6000000238
30458  30.579  -47.453  -15.870 0.6000000238
116431  30.122  -46.320  -16.744 0.6000000238
127966  29.467  -46.517  -17.122 0.6000000238
31901  29.023  -45.313  -17.453 0.6000000238
32630  28.212  -45.156  -17.636 0.6000000238
118738  28.841  -47.150  -17.249 0.6000000238
31190  28.058  -46.587  -17.470 0.6000000238
31902  27.678  -45.824  -17.597 0.6000000238
32631  27.190  -44.977  -17.810 0.6000000238
29674  27.680  -48.662  -9.236 0.5000000000
29675  26.650  -48.495  -9.567 0.5000000000
29690  25.594  -48.804  -10.563 0.5000000000
29702  25.298  -48.442  -11.347 0.5000000000
29688  30.260  -48.983  -9.772 0.6000000238
29673  28.832  -48.790  -9.162 0.6000000238
29700  31.541  -48.470  -11.577 0.6000000238
29686  31.234  -48.127  -10.558 0.6000000238
28884  31.515  -48.627  -12.571 0.5000000000
30425  31.821  -47.615  -11.277 0.6000000238
115296  31.757  -47.497  -13.993 0.6000000238
30449  31.437  -47.382  -14.660 0.6000000238
31899  30.288  -45.539  -16.831 0.6000000238
32640  27.712  -44.300  -17.955 0.6000000238
33305  27.034  -43.404  -18.467 0.6999999881
30400  27.232  -47.733  -9.513 0.6000000238
30414  25.762  -47.990  -10.748 0.5000000000
29703  24.972  -47.983  -12.057 0.5000000000
29687  30.434  -48.140  -9.785 0.6000000238
122059  29.043  -47.999  -9.261 0.6000000238
118873  28.242  -47.910  -9.297 0.6000000238
30434  25.335  -47.180  -12.323 0.5000000000
30435  24.633  -47.448  -12.668 0.5000000000
30411  30.277  -47.390  -9.588 0.6000000238
30441  32.098  -47.183  -13.519 0.6000000238
30399  27.792  -47.070  -9.426 0.6000000238
30413  26.371  -47.608  -10.099 0.6000000238
30426  25.984  -47.179  -10.980 0.6000000238
30398  28.795  -47.171  -9.263 0.6000000238
31131  26.447  -46.826  -10.504 0.6000000238
31142  25.859  -46.811  -11.846 0.6000000238
30442  24.176  -46.812  -13.234 0.6000000238
31118  28.936  -46.168  -9.244 0.6000000238
31172  23.473  -46.488  -13.853 0.5000000000
30409  31.432  -47.110  -10.430 0.6000000238
31881  23.557  -45.671  -14.374 0.6000000238
130274  28.204  -46.517  -9.359 0.6000000238
31152  26.122  -45.994  -12.070 0.6000000238
123224  27.986  -45.829  -9.417 0.6000000238
31834  26.707  -46.104  -10.540 0.6000000238
31153  25.601  -46.380  -12.527 0.6000000238
31165  24.731  -46.182  -13.333 0.6000000238
31117  29.723  -46.866  -9.319 0.6000000238
31870  24.788  -45.376  -13.631 0.6000000238
109783  31.311  -46.394  -10.078 0.6000000238
31139  32.391  -46.323  -11.688 0.6000000238
34897  27.506  -41.906  -18.580 0.6999999881
34910  26.484  -41.911  -19.146 0.6999999881
31832  29.967  -46.041  -9.301 0.6000000238
32551  26.893  -45.206  -10.608 0.6999999881
31846  26.533  -45.600  -11.442 0.6999999881
115480  31.642  -45.852  -10.276 0.6000000238
113700  25.765  -40.810  -19.354 0.6999999881
128998  27.742  -45.004  -9.604 0.6999999881
31817  30.068  -45.190  -9.323 0.6999999881
31818  28.559  -45.253  -9.319 0.6999999881
32571  26.796  -44.659  -11.572 0.6999999881
31857  26.380  -44.991  -12.354 0.6999999881
31858  25.811  -45.551  -12.714 0.6000000238
31868  25.949  -44.815  -12.955 0.6999999881
32595  25.773  -44.220  -13.562 0.6000000238
32607  24.613  -44.565  -14.340 0.5000000000
36670  24.921  -39.861  -19.999 0.8000000119
32529  28.262  -44.292  -9.348 0.6999999881
120751  27.270  -44.869  -10.034 0.6999999881
32570  27.099  -43.826  -11.650 0.6999999881
32584  26.822  -43.880  -12.514 0.6999999881
32620  23.744  -43.691  -15.910 0.5000000000
130486  26.631  -43.486  -13.273 0.6999999881
33259  25.940  -43.392  -14.102 0.6000000238
33273  25.004  -42.494  -15.519 0.6000000238
47481  33.706  -27.358  -17.919 0.6999999881
130263  32.681  -27.962  -18.527 0.6999999881
47496  31.839  -27.577  -19.358 0.6999999881
46596  34.405  -27.996  -16.902 0.6000000238
47480  34.340  -27.320  -17.297 0.6000000238
48419  31.572  -26.905  -19.813 0.6999999881
47505  30.937  -26.974  -20.183 0.6999999881
48433  29.654  -27.006  -20.884 0.6999999881
48446  29.076  -26.343  -21.473 0.6999999881
48381  34.977  -26.605  -16.993 0.6000000238
48412  32.875  -26.923  -18.885 0.6999999881
48430  32.126  -26.056  -19.907 0.6999999881
48432  30.515  -26.620  -20.670 0.6999999881
48445  30.016  -26.176  -21.278 0.6999999881
49384  28.887  -25.010  -22.188 0.6999999881
48400  34.762  -25.939  -17.536 0.6000000238
48401  34.242  -26.649  -17.743 0.6000000238
49351  33.463  -25.373  -19.092 0.6000000238
49352  32.845  -25.359  -19.665 0.6999999881
48431  31.278  -26.343  -20.380 0.6999999881
49369  30.308  -25.367  -21.499 0.6999999881
50322  30.609  -24.599  -21.783 0.6999999881
50335  30.100  -24.178  -22.397 0.6999999881
48399  35.233  -25.809  -16.971 0.6000000238
49344  34.069  -25.340  -18.564 0.5000000000
50314  32.539  -24.452  -20.575 0.5000000000
50321  31.406  -24.315  -21.493 0.6999999881
51256  31.460  -23.118  -22.270 0.6999999881
51264  30.292  -23.518  -22.684 0.6999999881
55607  34.331  -18.544  -26.319 0.3000000119
55608  33.314  -18.466  -26.741 0.3000000119
55609  32.267  -18.372  -27.295 0.3000000119
26227  28.547  -52.854  -9.251 0.4000000060
26228  26.911  -52.826  -9.071 0.3000000119
26229  26.123  -52.699  -9.429 0.4000000060
115581  29.792  -52.772  -10.411 0.3000000119
27092  25.799  -51.784  -9.556 0.4000000060
27999  25.998  -50.785  -9.425 0.4000000060
28043  29.923  -51.020  -13.212 0.4000000060
115598  29.745  -50.658  -13.871 0.4000000060
28911  29.457  -49.312  -15.698 0.4000000060
29736  29.791  -48.630  -15.992 0.5000000000
28864  25.034  -50.169  -10.744 0.4000000060
31191  27.108  -46.566  -17.513 0.5000000000
28879  24.055  -49.785  -12.021 0.5000000000
119120  26.256  -44.853  -18.037 0.6000000238
28886  24.041  -49.033  -12.402 0.5000000000
29708  24.300  -48.289  -12.477 0.5000000000
132247  23.259  -47.967  -13.262 0.5000000000
32641  26.535  -44.207  -18.290 0.6000000238
30443  23.373  -47.285  -13.478 0.5000000000
31173  22.862  -46.252  -14.540 0.4000000060
34095  26.808  -42.522  -18.826 0.6999999881
32608  23.807  -44.686  -14.950 0.5000000000
34924  25.794  -41.544  -19.672 0.6999999881
127592  23.249  -44.464  -15.720 0.5000000000
35768  25.551  -40.985  -19.907 0.8000000119
34936  25.672  -40.915  -20.430 0.6999999881
33283  23.257  -42.663  -16.868 0.5000000000
33282  24.167  -42.521  -16.136 0.6000000238
111902  34.959  -29.806  -11.861 0.6000000238
49330  35.175  -25.258  -17.349 0.5000000000
50294  34.590  -24.583  -18.389 0.5000000000
51239  33.846  -23.808  -19.732 0.5000000000
50313  33.204  -24.163  -20.218 0.5000000000
51255  32.506  -23.290  -21.464 0.5000000000
52134  32.102  -22.850  -22.055 0.5000000000
52148  31.108  -22.060  -23.122 0.5000000000
122980  34.972  -17.170  -26.557 0.3000000119
56466  34.033  -17.633  -26.711 0.3000000119
56467  32.868  -17.695  -27.202 0.3000000119
31140  32.037  -46.802  -11.105 0.6000000238
30433  31.937  -47.863  -12.225 0.6000000238
33232  27.394  -43.286  -11.054 0.8000000119
34081  27.889  -42.697  -18.374 0.6999999881
47489  33.087  -27.430  -18.469 0.6999999881
49371  28.502  -25.715  -21.978 0.6999999881
52149  30.381  -22.318  -23.405 0.6000000238
35769  25.375  -40.333  -19.601 0.8000000119
34942  26.087  -41.071  -20.853 0.6999999881
119088  32.314  -26.857  -19.354 0.6999999881
122703  28.913  -52.093  -9.365 0.4000000060
27108  30.044  -51.288  -9.903 0.4000000060
27117  30.430  -51.359  -11.148 0.3000000119
28876  30.857  -49.834  -11.141 0.5000000000
28849  25.618  -50.094  -9.909 0.5000000000
28924  29.195  -48.921  -16.291 0.3000000119
120449  27.045  -47.386  -17.419 0.4000000060
28026  24.405  -50.481  -11.458 0.5000000000
112394  25.293  -43.704  -14.503 0.6000000238
49360  30.811  -25.860  -20.943 0.6999999881
49370  29.450  -25.584  -21.741 0.6999999881
48411  33.528  -26.645  -18.466 0.6999999881
48410  34.153  -25.979  -18.189 0.6000000238
48418  32.966  -26.166  -19.166 0.6999999881
49358  32.289  -25.156  -20.272 0.6999999881
49343  34.650  -25.310  -17.966 0.6000000238
50295  33.921  -24.817  -18.915 0.5000000000
50308  32.857  -24.762  -20.048 0.6000000238
50315  31.831  -24.758  -20.861 0.6999999881
51257  30.943  -23.766  -22.183 0.6999999881
50279  35.059  -24.724  -17.733 0.5000000000
50306  34.202  -24.179  -19.080 0.5000000000
50307  33.464  -24.646  -19.534 0.5000000000
50320  32.167  -24.044  -21.182 0.5000000000
119318  31.761  -23.567  -21.764 0.5000000000
52138  31.615  -22.453  -22.577 0.5000000000
51263  30.826  -22.888  -22.750 0.6999999881
50278  35.360  -24.513  -17.148 0.5000000000
51250  33.550  -23.391  -20.408 0.5000000000
51254  33.232  -22.946  -21.089 0.5000000000
52137  32.355  -22.083  -22.395 0.5000000000
34923  25.933  -42.235  -20.159 0.6000000238
34935  25.726  -41.546  -20.370 0.6000000238
36677  28.867  -39.521  -21.321 0.5000000000
34941  27.090  -41.098  -21.213 0.6000000238
35784  26.724  -40.210  -21.073 0.6000000238
36675  30.388  -39.406  -21.281 0.5000000000
36678  27.720  -39.402  -21.105 0.6000000238
34865  23.561  -40.404  -15.664 0.5000000000
132114  26.614  -39.260  -20.928 0.6000000238
37617  31.001  -39.110  -20.756 0.5000000000
37619  29.789  -38.840  -21.049 0.5000000000
38489  31.348  -37.730  -19.570 0.5000000000
34864  24.172  -40.143  -14.829 0.4000000060
34039  23.421  -40.851  -14.877 0.4000000060
112227  23.689  -41.816  -13.921 0.4000000060
38498  30.038  -38.212  -20.513 0.5000000000
38488  32.160  -37.662  -19.237 0.5000000000
38490  30.515  -37.637  -19.745 0.5000000000
33260  24.318  -42.683  -13.084 0.4000000060
39384  31.777  -37.052  -19.021 0.5000000000
33233  25.083  -42.718  -11.854 0.4000000060
38385  26.469  -38.195  -9.628 0.4000000060
37498  25.911  -39.028  -9.614 0.4000000060
126525  24.920  -39.100  -9.389 0.3000000119
113999  30.747  -33.185  -8.448 0.4000000060
118211  29.932  -33.172  -8.585 0.4000000060
125048  28.256  -35.877  -9.100 0.4000000060
39253  27.832  -36.254  -9.152 0.4000000060
42938  29.578  -32.401  -8.708 0.4000000060
40185  27.813  -35.400  -8.854 0.4000000060
38369  26.681  -37.278  -9.362 0.4000000060
41108  26.957  -34.522  -8.853 0.4000000060
40186  27.004  -35.606  -8.709 0.4000000060
38370  25.721  -37.500  -9.197 0.4000000060
37481  25.350  -38.310  -9.340 0.4000000060
41105  29.532  -34.737  -8.845 0.4000000060
109383  28.921  -34.096  -8.906 0.4000000060
41106  28.512  -34.621  -8.928 0.4000000060
110742  30.632  -31.855  -8.691 0.4000000060
42038  29.244  -33.228  -8.959 0.4000000060
42950  28.465  -33.110  -9.211 0.4000000060
41107  27.921  -34.585  -8.888 0.4000000060
42050  27.364  -33.759  -9.147 0.4000000060
39255  25.959  -36.680  -8.965 0.4000000060
42051  26.456  -33.582  -9.261 0.4000000060
41109  25.165  -34.658  -9.123 0.4000000060
120859  25.021  -36.820  -9.071 0.4000000060
109178  33.751  -32.121  -9.492 0.4000000060
108374  30.187  -31.282  -9.211 0.4000000060
43868  29.261  -31.626  -9.051 0.4000000060
125729  28.456  -32.142  -9.174 0.4000000060
118620  34.208  -31.237  -10.362 0.5000000000
109294  33.111  -31.723  -9.407 0.4000000060
109009  32.456  -31.479  -9.459 0.4000000060
108371  31.149  -31.397  -9.220 0.4000000060
43869  28.465  -31.328  -9.452 0.4000000060
112438  27.814  -31.823  -9.361 0.4000000060
111038  27.708  -33.153  -9.353 0.4000000060
109815  26.886  -33.010  -9.406 0.4000000060
42952  26.563  -32.248  -9.685 0.4000000060
42052  25.862  -34.115  -9.113 0.4000000060
108375  34.842  -30.465  -11.384 0.5000000000
124404  34.274  -30.546  -10.775 0.5000000000
124273  32.955  -30.182  -10.603 0.5000000000
109143  32.844  -30.956  -9.918 0.4000000060
110879  31.301  -30.280  -10.414 0.4000000060
108376  30.817  -30.800  -9.807 0.4000000060
131405  29.641  -31.079  -9.457 0.4000000060
42951  27.310  -32.412  -9.384 0.4000000060
108956  33.754  -30.120  -10.726 0.5000000000
127959  32.195  -30.452  -10.304 0.4000000060
129392  29.961  -30.219  -10.394 0.4000000060
44769  29.179  -30.891  -9.677 0.4000000060
124438  33.428  -29.643  -11.095 0.4000000060
124439  32.092  -29.881  -10.814 0.4000000060
126929  30.489  -30.364  -10.280 0.4000000060
45653  29.567  -29.834  -10.731 0.4000000060
109056  32.594  -28.587  -11.880 0.4000000060
124375  32.184  -27.947  -12.333 0.4000000060
108393  30.898  -28.583  -11.818 0.4000000060
46521  30.096  -28.756  -11.807 0.4000000060
108377  35.103  -29.224  -12.541 0.5000000000
108947  34.005  -28.090  -12.108 0.5000000000
108920  33.133  -27.981  -12.256 0.4000000060
108404  31.257  -27.961  -12.289 0.4000000060
46535  30.402  -28.096  -12.255 0.4000000060
46536  29.591  -28.315  -12.314 0.3000000119
124479  33.005  -29.179  -11.526 0.5000000000
129965  32.714  -29.627  -11.121 0.4000000060
126720  31.331  -29.062  -11.535 0.4000000060
108380  30.646  -29.234  -11.411 0.4000000060
45670  29.843  -29.361  -11.312 0.4000000060
124258  32.106  -29.250  -11.449 0.4000000060
124417  34.637  -27.860  -12.618 0.5000000000
124294  33.853  -27.313  -12.579 0.5000000000
109137  31.683  -27.350  -12.943 0.4000000060
47408  29.923  -27.663  -12.772 0.3000000119
47430  35.315  -27.302  -13.774 0.5000000000
124389  32.742  -27.324  -12.745 0.4000000060
108417  32.337  -26.677  -13.242 0.4000000060
108413  31.461  -26.690  -13.520 0.4000000060
47407  30.745  -27.523  -12.783 0.3000000119
47419  29.492  -27.336  -13.406 0.3000000119
47409  29.134  -27.909  -12.891 0.3000000119
122226  34.876  -26.725  -13.460 0.5000000000
109202  32.888  -25.937  -13.419 0.3000000119
48344  30.672  -26.677  -13.730 0.3000000119
47418  30.280  -27.168  -13.315 0.3000000119
48346  29.067  -26.965  -14.024 0.3000000119
47420  28.681  -27.519  -13.491 0.3000000119
109260  34.669  -26.088  -13.538 0.3000000119
48343  35.230  -26.426  -13.967 0.4000000060
49290  35.423  -25.934  -14.650 0.4000000060
129641  35.478  -25.734  -15.423 0.4000000060
48380  35.399  -25.995  -16.222 0.4000000060
118787  32.462  -25.356  -13.904 0.3000000119
109325  31.956  -26.012  -13.660 0.3000000119
48351  31.127  -26.116  -14.000 0.3000000119
48352  30.310  -26.214  -14.292 0.3000000119
48345  29.880  -26.768  -13.873 0.3000000119
47431  28.234  -27.172  -14.152 0.3000000119
47432  27.495  -27.312  -14.213 0.3000000119
109412  33.843  -25.902  -13.308 0.3000000119
48353  29.472  -26.377  -14.506 0.3000000119
48354  28.618  -26.575  -14.646 0.3000000119
48355  27.686  -26.784  -14.834 0.3000000119
124989  35.069  -25.780  -14.018 0.3000000119
114338  35.049  -25.257  -14.392 0.3000000119
50257  35.308  -24.447  -15.447 0.3000000119
49329  35.405  -25.173  -16.649 0.4000000060
50293  35.245  -23.930  -17.812 0.4000000060
51227  34.855  -23.716  -18.592 0.4000000060
51238  34.512  -23.416  -19.248 0.4000000060
51251  32.904  -23.760  -20.871 0.4000000060
47433  26.877  -27.205  -14.633 0.3000000119
109432  33.893  -24.833  -14.066 0.3000000119
108420  33.418  -25.317  -13.776 0.3000000119
111281  34.395  -25.377  -13.839 0.3000000119
125197  34.494  -24.853  -14.305 0.3000000119
115290  35.275  -23.651  -15.716 0.3000000119
51209  35.438  -23.670  -17.040 0.3000000119
132277  35.458  -23.168  -17.580 0.4000000060
52105  35.510  -22.333  -17.834 0.3000000119
51226  35.347  -23.100  -18.212 0.4000000060
52116  35.328  -22.419  -18.668 0.4000000060
51249  34.232  -23.016  -19.903 0.4000000060
52128  33.918  -22.584  -20.588 0.4000000060
52132  33.643  -22.062  -21.345 0.4000000060
52133  32.836  -22.485  -21.761 0.4000000060
49301  34.937  -24.591  -14.729 0.3000000119
52127  34.668  -22.139  -20.027 0.4000000060
52974  34.220  -21.368  -21.175 0.4000000060
52975  33.789  -21.366  -21.729 0.4000000060
52978  33.162  -20.787  -22.623 0.4000000060
52979  32.497  -21.279  -22.764 0.4000000060
52988  31.273  -21.273  -23.531 0.4000000060
118492  30.672  -21.689  -23.598 0.5000000000
129249  35.393  -21.237  -19.319 0.3000000119
127032  35.172  -21.496  -19.801 0.3000000119
52967  34.817  -21.303  -20.466 0.4000000060
113447  34.634  -20.785  -21.016 0.4000000060
53810  34.521  -20.032  -21.991 0.4000000060
127467  33.658  -20.971  -22.157 0.4000000060
53811  33.886  -20.275  -22.457 0.3000000119
53815  33.293  -20.151  -22.991 0.4000000060
54672  32.206  -19.707  -23.948 0.3000000119
130124  31.086  -20.795  -23.916 0.3000000119
53818  30.523  -21.047  -24.040 0.4000000060
54673  31.337  -19.693  -24.322 0.3000000119
54674  30.870  -20.347  -24.253 0.3000000119
53770  35.421  -20.674  -18.273 0.3000000119
53789  35.423  -20.053  -19.930 0.3000000119
53790  35.141  -20.488  -20.529 0.3000000119
53802  34.916  -20.092  -21.266 0.3000000119
54656  34.837  -19.373  -21.771 0.3000000119
54665  34.337  -19.500  -22.432 0.3000000119
55579  34.179  -18.924  -22.864 0.3000000119
55586  33.569  -18.719  -23.464 0.3000000119
54671  33.032  -19.599  -23.487 0.3000000119
55587  32.663  -18.883  -24.025 0.3000000119
54626  35.371  -19.877  -18.543 0.3000000119
54647  35.367  -19.263  -20.214 0.3000000119
55573  35.110  -18.581  -21.502 0.3000000119
55578  34.651  -18.712  -22.273 0.3000000119
55585  34.336  -18.064  -22.930 0.3000000119
127158  33.720  -17.855  -23.571 0.3000000119
55596  32.150  -18.162  -24.436 0.3000000119
55588  31.799  -18.958  -24.377 0.3000000119
56434  33.034  -18.030  -24.055 0.3000000119
110073  31.738  -16.769  -24.891 0.3000000119
108987  34.277  -29.781  -11.224 0.5000000000
111495  34.462  -29.182  -11.864 0.5000000000
34934  26.374  -41.821  -20.798 0.5000000000
34940  28.303  -41.031  -21.356 0.5000000000
34933  27.536  -41.878  -21.210 0.5000000000
36669  31.684  -39.543  -20.587 0.5000000000
35775  30.505  -40.138  -21.696 0.5000000000
35783  28.879  -40.294  -21.474 0.5000000000
33272  25.800  -42.539  -14.897 0.6000000238
34048  25.364  -41.290  -15.547 0.6000000238
34879  23.649  -40.447  -16.019 0.5000000000
34873  22.794  -40.700  -16.500 0.5000000000
34049  22.624  -41.028  -15.624 0.5000000000
125488  22.109  -42.181  -14.964 0.5000000000
33274  22.885  -42.274  -14.294 0.4000000060
33261  23.580  -43.102  -13.339 0.4000000060
33249  24.128  -43.753  -12.528 0.4000000060
33234  24.635  -43.412  -11.373 0.4000000060
36529  24.598  -40.003  -9.435 0.3000000119
121046  24.339  -38.337  -9.303 0.4000000060
40188  24.629  -35.368  -9.103 0.4000000060
38371  24.738  -37.577  -9.218 0.4000000060
44770  28.426  -30.574  -10.072 0.4000000060
42953  25.980  -32.881  -9.737 0.4000000060
42965  25.251  -32.631  -10.327 0.4000000060
43870  27.694  -31.072  -9.643 0.4000000060
43871  27.096  -31.583  -9.543 0.4000000060
45654  28.762  -29.936  -10.654 0.4000000060
43880  26.423  -31.478  -10.003 0.4000000060
46522  29.284  -28.882  -11.774 0.4000000060
46537  28.791  -28.461  -12.336 0.4000000060
45671  29.024  -29.416  -11.199 0.4000000060
47410  28.335  -28.014  -12.875 0.3000000119
47421  27.759  -27.661  -13.482 0.3000000119
131458  27.112  -28.019  -13.150 0.3000000119
37610  31.712  -38.583  -19.949 0.5000000000
33992  24.607  -42.182  -10.339 0.4000000060
125668  24.255  -34.655  -9.775 0.4000000060
42053  25.026  -33.876  -9.719 0.4000000060
43879  27.586  -30.576  -10.141 0.4000000060
44771  26.981  -30.885  -9.863 0.4000000060
34013  24.895  -42.736  -10.985 0.4000000060
116848  28.375  -38.862  -21.050 0.5000000000
42937  31.644  -32.960  -8.482 0.4000000060
108385  35.424  -29.043  -13.346 0.5000000000
109308  31.925  -31.690  -9.162 0.4000000060
108403  35.159  -27.797  -13.187 0.5000000000
52980  31.803  -21.696  -22.924 0.4000000060
52976  33.156  -21.604  -22.146 0.4000000060
35776  27.960  -40.241  -21.245 0.6000000238
36676  29.781  -39.436  -21.461 0.5000000000
111791  31.045  -39.909  -21.272 0.5000000000
111921  26.083  -34.972  -8.777 0.4000000060
130598  25.425  -35.345  -8.836 0.4000000060
115520  25.220  -36.032  -8.845 0.4000000060
124424  33.625  -30.727  -10.352 0.5000000000
109141  31.817  -30.989  -9.750 0.4000000060
42065  25.334  -33.231  -9.973 0.4000000060
108412  33.812  -29.143  -11.504 0.5000000000
45652  30.442  -29.838  -10.782 0.4000000060
109122  35.152  -28.440  -12.908 0.5000000000
108977  34.566  -28.564  -12.296 0.5000000000
124390  33.463  -28.600  -11.825 0.5000000000
132550  34.091  -28.659  -11.829 0.5000000000
108416  34.236  -26.584  -13.059 0.5000000000
109201  33.326  -26.579  -12.986 0.4000000060
49300  35.364  -25.171  -15.060 0.3000000119
49313  35.466  -25.135  -15.850 0.4000000060
50264  35.448  -24.274  -16.314 0.3000000119
52117  34.868  -22.666  -19.330 0.4000000060
50248  34.768  -23.881  -15.094 0.3000000119
53803  34.251  -20.723  -21.712 0.4000000060
123918  35.446  -21.486  -18.595 0.3000000119
119539  35.263  -21.911  -19.292 0.3000000119
54666  33.752  -19.549  -22.989 0.3000000119
53816  32.562  -20.458  -23.296 0.4000000060
53781  35.465  -20.508  -19.117 0.3000000119
52966  35.365  -20.846  -19.861 0.3000000119
121085  35.386  -19.436  -19.350 0.3000000119
54655  35.242  -19.261  -21.012 0.3000000119
123271  35.221  -17.935  -21.248 0.3000000119
56447  32.474  -17.216  -24.484 0.3000000119
42964  25.897  -32.105  -10.250 0.4000000060
31882  22.892  -45.336  -15.256 0.4000000060
31904  21.908  -44.727  -17.198 0.4000000060
32633  22.402  -43.635  -17.308 0.3000000119
32632  23.161  -43.866  -16.483 0.4000000060
32643  21.566  -43.064  -18.141 0.3000000119
32642  25.427  -44.632  -18.411 0.5000000000
34069  22.694  -41.307  -17.142 0.5000000000
34082  21.134  -41.889  -17.833 0.3000000119
32653  25.502  -43.999  -18.778 0.5000000000
33321  25.782  -43.705  -19.024 0.5000000000
32654  24.893  -44.388  -18.934 0.5000000000
34058  23.513  -41.418  -16.487 0.5000000000
34886  22.452  -40.902  -16.990 0.4000000060
33320  26.270  -43.099  -19.008 0.5000000000
33327  25.640  -43.884  -19.147 0.5000000000
33337  26.724  -43.852  -19.769 0.3000000119
34104  26.343  -42.543  -19.474 0.5000000000
33326  26.317  -43.147  -19.290 0.4000000060
34112  26.871  -42.575  -20.703 0.4000000060
33336  27.899  -43.933  -20.446 0.3000000119
118735  26.996  -43.203  -20.120 0.3000000119
33335  28.832  -43.492  -21.096 0.3000000119
120358  27.678  -43.193  -20.832 0.3000000119
34932  30.194  -41.567  -21.564 0.3000000119
34110  29.490  -42.563  -21.309 0.3000000119
117930  28.861  -41.758  -21.385 0.4000000060
33262  22.913  -43.507  -13.542 0.3000000119
35774  31.199  -40.653  -21.593 0.4000000060
114036  30.916  -40.961  -21.807 0.4000000060
128158  29.401  -40.865  -21.570 0.4000000060
32597  23.417  -44.130  -12.843 0.3000000119
128321  24.369  -43.351  -10.792 0.3000000119
38372  23.819  -37.540  -9.360 0.3000000119
113067  24.236  -36.940  -9.221 0.3000000119
39257  23.478  -36.618  -9.533 0.3000000119
40189  23.772  -35.615  -9.579 0.3000000119
42066  24.710  -33.258  -10.391 0.3000000119
43881  25.804  -31.322  -10.434 0.3000000119
110018  25.181  -31.835  -10.638 0.3000000119
127460  24.395  -32.449  -10.835 0.3000000119
42068  23.242  -33.963  -11.213 0.3000000119
45655  27.832  -30.051  -10.713 0.3000000119
44779  26.359  -30.768  -10.319 0.3000000119
44780  25.794  -30.682  -10.618 0.3000000119
44781  25.231  -31.024  -10.774 0.3000000119
46523  28.344  -28.973  -11.690 0.3000000119
45672  27.540  -29.406  -11.356 0.3000000119
44794  26.276  -30.100  -10.805 0.3000000119
44795  25.439  -30.314  -10.991 0.3000000119
45673  26.649  -29.459  -11.398 0.3000000119
45674  25.770  -29.660  -11.362 0.3000000119
46524  27.452  -28.834  -11.971 0.3000000119
131302  27.092  -29.166  -11.671 0.3000000119
46538  25.995  -28.662  -12.390 0.3000000119
31903  26.669  -45.613  -17.697 0.5000000000
35782  30.244  -40.625  -21.789 0.4000000060
32585  23.880  -44.610  -12.044 0.3000000119
113297  27.012  -30.366  -10.463 0.3000000119
42067  23.868  -33.399  -10.934 0.3000000119
45656  27.066  -29.851  -10.934 0.3000000119
34060  21.501  -41.405  -16.760 0.3000000119
34050  21.747  -41.624  -15.910 0.3000000119
33263  22.098  -43.400  -14.170 0.3000000119
27118  24.069  -51.327  -11.497 0.4000000060
28027  23.747  -50.700  -12.003 0.4000000060
113230  23.409  -50.170  -12.390 0.4000000060
28045  21.566  -50.581  -13.795 0.4000000060
28903  21.347  -49.869  -14.390 0.3000000119
28887  23.453  -49.469  -12.605 0.4000000060
28895  22.065  -49.745  -13.491 0.4000000060
116943  22.295  -48.960  -13.569 0.4000000060
29745  28.566  -48.815  -16.710 0.3000000119
29709  23.516  -48.595  -12.872 0.4000000060
30452  22.085  -47.598  -14.470 0.3000000119
30460  21.646  -47.032  -15.318 0.3000000119
30444  22.727  -47.772  -13.724 0.4000000060
31193  20.962  -46.407  -16.911 0.3000000119
117137  21.127  -46.947  -16.148 0.3000000119
31892  21.407  -45.563  -17.029 0.3000000119
30451  22.789  -47.024  -14.079 0.4000000060
31180  22.185  -46.182  -15.258 0.3000000119
31891  22.052  -45.438  -16.098 0.3000000119
27136  22.222  -51.471  -12.863 0.4000000060
28044  22.200  -50.643  -13.097 0.4000000060
31905  21.224  -44.806  -18.099 0.3000000119
28017  24.689  -51.153  -10.844 0.3000000119
31207  20.310  -45.490  -17.690 0.3000000119
26226  29.691  -52.059  -9.857 0.4000000060
27089  28.457  -51.371  -9.030 0.4000000060
27090  27.568  -51.254  -8.840 0.4000000060
27107  30.387  -51.026  -10.535 0.4000000060
27124  30.401  -51.260  -11.790 0.3000000119
27995  29.663  -50.586  -9.507 0.4000000060
28014  30.528  -50.258  -10.473 0.5000000000
28016  25.306  -50.964  -10.076 0.3000000119
28035  22.964  -50.909  -12.512 0.4000000060
28050  30.053  -49.957  -14.138 0.4000000060
28053  21.078  -50.699  -14.670 0.4000000060
28860  30.676  -49.476  -10.358 0.5000000000
28863  25.459  -49.511  -10.401 0.5000000000
28878  24.675  -48.946  -11.867 0.5000000000
28888  22.805  -50.010  -12.825 0.4000000060
28893  30.691  -49.475  -13.587 0.4000000060
28894  22.841  -49.212  -13.121 0.4000000060
28901  29.732  -49.637  -14.913 0.4000000060
28902  21.720  -49.066  -14.141 0.3000000119
29672  29.649  -48.455  -9.425 0.6000000238
29689  26.028  -48.404  -10.097 0.5000000000
29716  31.268  -48.747  -13.453 0.5000000000
29718  22.808  -48.479  -13.398 0.4000000060
29726  30.620  -48.542  -14.756 0.5000000000
29727  22.180  -48.365  -13.952 0.4000000060
29728  21.612  -48.402  -14.698 0.3000000119
30397  29.653  -47.671  -9.376 0.6000000238
30410  30.845  -47.511  -9.970 0.6000000238
30412  26.967  -46.760  -9.837 0.6000000238
30427  25.530  -47.594  -11.564 0.5000000000
30432  32.222  -47.207  -12.767 0.6000000238
30436  23.863  -47.714  -12.952 0.5000000000
30453  21.496  -47.821  -15.148 0.3000000119
30457  31.120  -47.261  -15.320 0.6999999881
30461  21.117  -47.658  -15.886 0.3000000119
31119  27.586  -46.367  -9.576 0.6000000238
31129  31.735  -46.449  -10.558 0.6000000238
31130  30.670  -46.735  -9.684 0.6000000238
31141  26.285  -46.434  -11.266 0.6000000238
31151  32.443  -46.584  -12.409 0.6999999881
31154  25.014  -46.683  -12.911 0.6000000238
31164  25.276  -45.923  -13.104 0.6000000238
31171  24.145  -45.962  -13.717 0.6000000238
31178  31.509  -46.763  -15.122 0.6000000238
31181  21.535  -46.261  -16.070 0.3000000119
31188  30.514  -46.766  -16.281 0.6000000238
31189  28.705  -46.048  -17.404 0.6000000238
31194  20.324  -46.386  -17.198 0.3000000119
31206  20.862  -45.598  -17.649 0.3000000119
31831  30.881  -45.758  -9.672 0.6000000238
31833  27.254  -45.720  -9.877 0.6999999881
31856  32.676  -45.769  -12.399 0.6000000238
31869  25.466  -45.098  -13.276 0.6000000238
31880  24.172  -45.256  -14.155 0.6000000238
31887  32.267  -45.322  -15.048 0.8000000119
31888  31.596  -45.486  -15.727 0.8000000119
31890  22.632  -44.617  -16.304 0.4000000060
31900  29.568  -45.801  -17.170 0.6000000238
31911  25.666  -45.361  -17.968 0.5000000000
32528  29.217  -44.755  -9.270 0.6999999881
32530  27.525  -44.219  -9.804 0.6999999881
32548  31.597  -44.511  -10.034 0.8999999762
32550  27.142  -44.242  -10.642 0.8999999762
32572  24.300  -44.030  -11.715 0.4000000060
32594  26.361  -44.203  -13.028 0.6999999881
32596  25.168  -44.597  -13.807 0.5000000000
32606  32.898  -44.363  -14.283 0.8999999762
32619  24.483  -43.669  -15.246 0.6000000238
32661  25.233  -44.034  -19.011 0.5000000000
33200  29.377  -43.503  -9.290 0.8999999762
33213  32.498  -43.369  -10.583 0.8999999762
33246  32.993  -44.358  -12.005 1.0000000000
33248  24.666  -43.261  -12.191 0.4000000060
33281  32.249  -44.109  -15.726 0.8000000119
33294  22.243  -42.255  -17.622 0.3000000119
33301  31.409  -42.877  -17.138 0.8000000119
33306  26.089  -43.627  -18.778 0.5000000000
33307  21.492  -42.099  -18.031 0.3000000119
33971  30.127  -42.438  -9.234 0.8999999762
33989  28.143  -41.900  -10.097 0.8999999762
34012  25.328  -42.136  -11.570 0.5000000000
34026  27.395  -41.795  -13.300 0.6999999881
34028  24.939  -42.257  -12.738 0.4000000060
34037  26.767  -41.302  -14.603 0.6999999881
34045  33.365  -42.714  -14.306 1.0000000000
34056  24.685  -40.243  -15.535 0.6999999881
34057  24.422  -41.172  -16.035 0.5000000000
34059  22.156  -40.969  -16.448 0.5000000000
34070  21.915  -41.337  -17.542 0.3000000119
34071  21.500  -41.456  -17.325 0.3000000119
34079  29.692  -42.239  -18.130 0.8000000119
34111  28.156  -42.616  -21.174 0.3000000119
34818  28.951  -40.700  -9.585 0.8999999762
34851  27.636  -40.662  -13.530 0.6999999881
34869  26.742  -39.797  -14.696 0.6000000238
34871  25.657  -40.252  -15.293 0.6999999881
34872  24.427  -40.066  -15.312 0.5000000000
34880  22.106  -41.019  -16.999 0.3000000119
34885  31.957  -41.367  -17.068 0.8999999762
34893  31.311  -41.546  -17.546 0.8999999762
34911  26.375  -41.146  -18.994 0.6999999881
35661  32.951  -40.620  -10.242 0.8999999762
35665  26.400  -39.899  -11.026 0.6000000238
35666  25.629  -40.424  -9.901 0.4000000060
35678  28.346  -39.253  -12.104 0.6999999881
35679  28.153  -39.799  -12.664 0.8000000119
35703  27.136  -39.882  -14.292 0.6000000238
35705  25.811  -39.628  -14.148 0.6000000238
35777  25.317  -40.440  -20.220 0.8000000119
35781  29.701  -40.053  -21.701 0.5000000000
35785  25.730  -40.345  -20.723 0.6999999881
36547  32.233  -39.941  -9.174 0.8999999762
36549  28.312  -38.518  -11.165 0.6999999881
36617  33.211  -38.984  -15.932 1.0000000000
36641  31.403  -39.985  -17.624 0.8999999762
36682  25.634  -39.647  -20.723 0.8000000119
37479  30.055  -37.860  -9.184 0.6999999881
37495  28.289  -38.027  -10.713 0.6000000238
37572  31.568  -38.326  -17.099 0.8999999762
37586  26.766  -38.050  -18.323 0.8999999762
37587  25.777  -37.944  -18.515 0.8999999762
37611  30.824  -38.370  -20.247 0.5000000000
37618  30.385  -38.809  -20.837 0.5000000000
37624  24.628  -38.304  -20.279 0.8000000119
38460  30.648  -37.005  -16.896 1.0000000000
38468  29.236  -37.717  -17.722 0.8999999762
39233  32.571  -35.431  -8.683 0.6999999881
39234  32.125  -35.438  -8.607 0.6000000238
39254  26.906  -36.489  -8.966 0.4000000060
39256  24.329  -36.203  -9.132 0.3000000119
39266  28.286  -36.812  -9.900 0.6000000238
39355  29.402  -36.354  -16.847 0.8999999762
39398  25.572  -37.121  -20.632 0.6999999881
39399  24.446  -36.847  -20.699 0.8000000119
40173  31.570  -35.187  -8.562 0.6000000238
40181  33.579  -35.452  -9.250 0.6999999881
40182  31.066  -35.779  -8.576 0.6000000238
40184  28.512  -35.408  -9.042 0.4000000060
40187  26.114  -35.857  -8.748 0.4000000060
40287  24.649  -35.024  -17.510 0.8999999762
40307  31.606  -34.964  -18.576 0.6000000238
41092  33.001  -34.220  -8.657 0.6000000238
41094  31.149  -34.562  -8.533 0.5000000000
41096  29.690  -33.935  -8.782 0.4000000060
41104  29.982  -35.179  -8.778 0.5000000000
41195  31.775  -34.422  -15.411 1.0000000000
41209  25.331  -34.444  -17.290 0.8999999762
41231  30.796  -34.699  -18.679 0.6000000238
41232  21.972  -33.649  -19.816 0.8999999762
41239  32.588  -34.001  -19.343 0.6000000238
41245  22.043  -34.148  -20.129 0.8999999762
42036  31.631  -33.919  -8.505 0.5000000000
42049  28.141  -33.882  -9.037 0.4000000060
42133  30.541  -33.830  -15.620 1.0000000000
42134  29.791  -33.801  -15.757 1.0000000000
42146  28.672  -33.596  -16.295 1.0000000000
42149  25.939  -33.902  -17.167 0.8999999762
42161  24.254  -33.136  -18.373 0.8999999762
42167  23.308  -32.650  -19.263 0.8999999762
42949  28.962  -32.503  -9.001 0.4000000060
43036  31.449  -32.759  -16.338 1.0000000000
43045  30.913  -32.387  -16.951 0.8999999762
43048  28.597  -32.711  -17.412 1.0000000000
43049  26.759  -32.896  -17.998 1.0000000000
43058  26.139  -32.458  -18.565 1.0000000000
43059  24.964  -32.180  -18.938 1.0000000000
43069  22.314  -32.924  -20.104 0.8999999762
43862  29.954  -31.841  -8.677 0.4000000060
43945  31.677  -30.924  -17.765 0.8000000119
43973  26.373  -31.226  -19.451 1.0000000000
43985  24.977  -31.246  -20.650 0.8999999762
43998  27.080  -31.422  -21.784 0.6999999881
44000  25.100  -31.958  -21.069 0.6999999881
44001  25.194  -30.863  -21.082 0.8000000119
44013  27.420  -31.062  -22.162 0.6999999881
44014  26.121  -30.968  -21.879 0.8000000119
44016  25.377  -30.441  -21.408 0.8000000119
44768  29.947  -30.661  -9.866 0.4000000060
44778  29.326  -30.356  -10.256 0.4000000060
44867  30.067  -30.170  -19.230 0.8999999762
44870  25.997  -30.709  -19.878 1.0000000000
44872  25.211  -30.692  -20.675 0.8999999762
45690  26.090  -29.152  -11.767 0.3000000119
45716  35.599  -29.657  -13.795 0.6999999881
45757  25.358  -30.231  -20.649 1.0000000000
45791  25.465  -29.560  -22.232 0.8000000119
45796  29.085  -28.960  -22.846 0.5000000000
45800  25.687  -29.095  -22.693 0.8000000119
45801  25.005  -28.810  -22.302 0.8000000119
46634  29.442  -28.266  -20.253 0.8000000119
46653  24.616  -28.386  -22.011 0.8000000119
46660  28.686  -28.334  -23.301 0.6000000238
47468  34.845  -27.366  -16.710 0.6000000238
47490  32.491  -27.488  -18.924 0.8000000119
47511  24.888  -27.963  -21.518 0.8999999762
47529  24.508  -27.630  -22.036 0.8000000119
47538  28.191  -27.744  -23.627 0.6000000238
47541  24.721  -27.384  -22.338 0.8000000119
48434  26.498  -26.849  -21.570 0.8999999762
48435  25.663  -27.037  -21.572 0.8999999762
48450  25.041  -26.631  -21.899 0.8999999762
48469  26.634  -26.960  -23.776 0.6999999881
48477  26.213  -25.448  -23.611 0.8000000119
49359  31.575  -25.544  -20.593 0.6999999881
49368  31.090  -25.071  -21.181 0.6999999881
49400  26.057  -25.254  -23.105 0.8000000119
49411  26.897  -25.432  -24.313 0.6000000238
50323  29.780  -24.865  -22.026 0.6999999881
50336  29.193  -24.346  -22.513 0.6999999881
50337  28.376  -24.527  -22.624 0.8000000119
50339  26.598  -24.601  -23.009 0.8000000119
50358  26.605  -23.919  -24.203 0.6999999881
50364  27.085  -23.992  -25.058 0.6000000238
51237  35.032  -23.064  -18.810 0.4000000060
51285  26.762  -23.272  -24.410 0.6000000238
51293  26.806  -23.131  -25.075 0.6999999881
51294  31.248  -23.169  -26.390 0.5000000000
51298  27.426  -22.768  -25.583 0.6000000238
52131  34.261  -21.911  -20.739 0.4000000060
52168  27.486  -22.124  -25.513 0.6000000238
52987  31.968  -21.050  -23.269 0.4000000060
52991  28.238  -21.713  -24.499 0.6000000238
53002  27.737  -21.465  -25.180 0.6000000238
53005  27.743  -21.533  -25.508 0.6000000238
53801  35.287  -19.828  -20.592 0.3000000119
53817  31.635  -20.489  -23.812 0.3000000119
53820  28.690  -21.033  -24.558 0.6000000238
53836  28.420  -20.580  -24.956 0.6000000238
53837  28.029  -21.057  -25.126 0.6000000238
53851  28.970  -19.866  -27.112 0.6000000238
54691  28.888  -19.234  -26.380 0.4000000060
54692  28.407  -19.923  -26.157 0.6000000238
56468  31.955  -17.657  -27.620 0.4000000060
57251  32.291  -16.310  -24.753 0.3000000119
108368  32.573  -32.736  -8.598 0.5000000000
108369  33.638  -31.414  -9.891 0.4000000060
108985  31.312  -29.608  -11.086 0.4000000060
109544  34.712  -27.236  -13.081 0.5000000000
110032  29.034  -35.828  -9.332 0.5000000000
110694  30.243  -40.934  -18.215 0.8999999762
110952  31.424  -32.049  -8.701 0.4000000060
111567  32.049  -32.268  -8.740 0.5000000000
111650  32.032  -42.724  -16.609 0.8999999762
112444  24.667  -49.729  -11.444 0.5000000000
113879  27.632  -42.378  -11.411 0.8999999762
115740  34.763  -34.928  -12.914 0.8999999762
117002  31.790  -47.931  -13.264 0.5000000000
117048  26.502  -42.623  -14.098 0.6000000238
117657  26.256  -43.622  -13.576 0.6000000238
117905  26.230  -50.016  -9.381 0.5000000000
119456  23.893  -34.835  -17.989 0.8999999762
119617  29.652  -49.169  -9.392 0.6000000238
119668  27.746  -52.869  -8.940 0.4000000060
120604  22.302  -46.817  -14.688 0.3000000119
120920  29.074  -44.055  -9.272 0.6999999881
120932  33.626  -25.907  -18.705 0.6000000238
121700  22.864  -40.748  -16.644 0.4000000060
121803  30.165  -17.213  -28.163 0.4000000060
121982  27.285  -27.783  -23.623 0.6000000238
122681  23.729  -36.295  -20.795 0.8999999762
123099  28.672  -29.547  -19.947 0.8999999762
123457  27.233  -38.310  -10.326 0.6000000238
124480  31.722  -28.562  -11.882 0.4000000060
125918  21.582  -44.061  -18.075 0.3000000119
126503  28.307  -29.548  -11.109 0.3000000119
126511  29.577  -31.406  -18.524 0.8999999762
127196  25.706  -33.500  -9.520 0.4000000060
127331  29.117  -33.818  -15.896 1.0000000000
127474  27.954  -32.590  -9.366 0.4000000060
127827  26.494  -42.615  -19.895 0.4000000060
127833  26.042  -36.832  -20.538 0.6999999881
127929  27.136  -39.995  -14.623 0.6000000238
128011  24.216  -42.857  -10.509 0.3000000119
128540  32.594  -45.020  -14.523 0.8999999762
128782  29.753  -27.675  -20.433 0.8000000119
128915  34.559  -33.210  -10.338 0.6999999881
128926  34.140  -31.815  -9.980 0.5000000000
128941  26.519  -52.164  -9.179 0.4000000060
129167  30.283  -32.455  -8.516 0.4000000060
129378  30.271  -33.086  -22.464 0.6000000238
129455  30.952  -32.489  -8.509 0.4000000060
129911  30.988  -27.135  -13.336 0.3000000119
130166  31.236  -33.505  -8.469 0.5000000000
130507  35.378  -28.144  -15.423 0.6999999881
130672  27.534  -33.036  -20.566 0.6999999881
130698  29.402  -35.079  -16.012 1.0000000000
130714  29.284  -39.872  -18.504 0.8999999762
130908  24.823  -28.685  -21.777 0.8000000119
131307  32.759  -45.057  -11.968 0.8000000119
131334  25.950  -44.413  -18.363 0.5000000000
131501  29.362  -45.486  -9.265 0.6000000238
131543  23.847  -40.893  -14.385 0.5000000000
131564  25.237  -31.397  -21.123 0.8000000119
131864  28.696  -36.734  -9.940 0.6000000238
