#!ascii label  , from subject sub-v1s1x0050669_ses-1 vox2ras=TkReg
873
43153  -40.130  -52.336  57.359 0.0000000000
43117  -22.030  -52.084  59.174 0.0000000000
42230  -32.501  -53.673  59.328 0.0000000000
65738  -43.195  -27.242  44.817 0.0000000000
68478  -49.515  -24.415  42.074 0.0000000000
41249  -14.789  -52.977  65.480 0.0000000000
62977  -39.801  -29.629  46.755 0.0000000000
45795  -40.909  -49.043  55.961 0.0000000000
41378  -36.404  -53.965  58.352 0.0000000000
43080  -17.054  -52.989  60.996 0.0000000000
39679  -16.936  -56.737  63.534 0.0000000000
43178  -37.870  -52.100  55.848 0.0000000000
45811  -37.075  -49.001  53.903 0.0000000000
43130  -27.606  -52.127  57.926 0.0000000000
44041  -35.354  -52.125  57.737 0.0000000000
57390  -36.298  -36.924  46.198 0.0000000000
60224  -39.330  -33.771  44.976 0.0000000000
62997  -42.965  -30.703  44.277 0.0000000000
37679  -10.692  -58.535  69.113 0.0000000000
35738  -9.666  -60.416  73.481 0.0000000000
48411  -36.080  -46.250  52.731 0.0000000000
51142  -34.980  -43.439  49.852 0.0000000000
55531  -34.338  -38.763  48.229 0.0000000000
37720  -12.969  -58.718  64.572 0.0000000000
42176  -21.726  -53.770  62.194 0.0000000000
135766  -23.601  -53.013  61.281 0.0000000000
114815  -38.614  -53.707  57.857 0.0000000000
44869  -21.320  -50.275  59.729 0.0000000000
43099  -19.396  -52.465  59.734 0.0000000000
41310  -18.783  -54.561  62.004 0.0000000000
44940  -38.333  -50.574  57.044 0.0000000000
44063  -36.905  -52.644  56.613 0.0000000000
59242  -35.141  -34.124  46.227 0.0000000000
59255  -37.597  -34.802  45.247 0.0000000000
61182  -37.109  -32.688  45.442 0.0000000000
62995  -40.779  -29.979  44.434 0.0000000000
64883  -42.658  -28.638  43.846 0.0000000000
63911  -44.744  -29.619  44.139 0.0000000000
65762  -44.398  -27.399  43.313 0.0000000000
65776  -45.878  -26.977  42.786 0.0000000000
49293  -35.857  -46.060  54.735 0.0000000000
47487  -36.589  -47.096  53.848 0.0000000000
49313  -34.519  -45.418  53.183 0.0000000000
52034  -32.399  -42.257  50.425 0.0000000000
54641  -31.787  -39.847  49.417 0.0000000000
52940  -34.200  -41.101  48.904 0.0000000000
134903  -31.818  -38.100  48.448 0.0000000000
57375  -33.308  -36.896  47.438 0.0000000000
42241  -30.369  -53.156  58.478 0.0000000000
39619  -12.421  -55.612  67.458 0.0000000000
120044  -13.223  -55.147  63.741 0.0000000000
118014  -9.895  -62.975  74.201 0.0000000000
32925  -8.672  -62.944  75.454 0.0000000000
61164  -38.440  -32.210  46.971 0.0000000000
47466  -41.106  -47.003  55.391 0.0000000000
42233  -34.744  -53.625  58.684 0.0000000000
130362  -16.106  -52.674  63.086 0.0000000000
40477  -13.971  -54.801  62.932 0.0000000000
40529  -16.755  -55.285  62.137 0.0000000000
134974  -50.658  -23.969  41.577 0.0000000000
134846  -38.641  -52.285  55.940 0.0000000000
44102  -38.741  -50.933  54.713 0.0000000000
115856  -37.458  -50.156  54.834 0.0000000000
45765  -23.932  -49.952  57.757 0.0000000000
44018  -25.153  -51.495  58.577 0.0000000000
44932  -26.506  -50.322  57.156 0.0000000000
43161  -29.208  -51.376  56.628 0.0000000000
43150  -32.129  -51.048  57.353 0.0000000000
44039  -33.574  -51.073  57.856 0.0000000000
116450  -33.520  -52.198  57.985 0.0000000000
42257  -35.334  -53.064  56.779 0.0000000000
42259  -36.986  -53.374  56.781 0.0000000000
56400  -37.324  -37.859  48.266 0.0000000000
62094  -38.298  -30.968  44.889 0.0000000000
61198  -41.406  -32.196  44.702 0.0000000000
129281  -48.000  -27.084  41.944 0.0000000000
35747  -9.947  -59.715  71.136 0.0000000000
129073  -9.960  -62.001  71.488 0.0000000000
116809  -38.578  -49.003  53.894 0.0000000000
47490  -39.003  -47.465  53.912 0.0000000000
48413  -38.423  -45.942  53.340 0.0000000000
120043  -33.489  -44.108  51.622 0.0000000000
49351  -35.086  -45.049  51.112 0.0000000000
50176  -38.086  -43.875  51.851 0.0000000000
52036  -38.075  -42.907  51.172 0.0000000000
53786  -37.304  -40.522  50.226 0.0000000000
55518  -37.104  -38.910  49.586 0.0000000000
56422  -35.088  -37.606  46.873 0.0000000000
58330  -34.207  -35.467  47.217 0.0000000000
42213  -26.816  -52.954  60.721 0.0000000000
38668  -12.208  -56.107  68.979 0.0000000000
37711  -11.613  -58.707  66.174 0.0000000000
38708  -14.445  -57.511  63.504 0.0000000000
118963  -6.644  -62.218  74.741 0.0000000000
42210  -21.234  -52.838  60.243 0.0000000000
42195  -22.411  -53.441  61.692 0.0000000000
43102  -22.658  -52.436  59.970 0.0000000000
42262  -39.757  -52.974  57.781 0.0000000000
44033  -21.246  -50.996  58.766 0.0000000000
44891  -20.594  -51.055  59.098 0.0000000000
43116  -21.065  -52.237  59.288 0.0000000000
42209  -20.426  -53.325  60.637 0.0000000000
59230  -35.760  -33.949  47.404 0.0000000000
61171  -36.099  -33.250  46.000 0.0000000000
61163  -37.193  -32.727  46.461 0.0000000000
65737  -42.571  -27.678  45.234 0.0000000000
64867  -41.638  -28.626  44.577 0.0000000000
65760  -42.900  -27.944  43.866 0.0000000000
64884  -43.330  -28.359  43.642 0.0000000000
65761  -43.609  -27.666  43.639 0.0000000000
66675  -44.558  -26.493  43.435 0.0000000000
49303  -35.409  -45.788  54.215 0.0000000000
54622  -31.631  -39.652  50.795 0.0000000000
54653  -31.726  -39.077  49.090 0.0000000000
56368  -31.613  -37.526  50.177 0.0000000000
117279  -32.082  -37.164  49.750 0.0000000000
42242  -31.169  -53.085  58.630 0.0000000000
42229  -30.808  -53.735  59.249 0.0000000000
42217  -32.115  -54.220  59.738 0.0000000000
41247  -13.763  -53.814  66.344 0.0000000000
41259  -13.934  -53.545  65.575 0.0000000000
66687  -49.407  -26.361  41.376 0.0000000000
32930  -9.731  -62.863  74.766 0.0000000000
45782  -41.345  -49.535  56.637 0.0000000000
46625  -41.124  -48.239  55.824 0.0000000000
42234  -35.557  -53.797  58.414 0.0000000000
132279  -36.207  -54.428  59.176 0.0000000000
43955  -18.463  -51.643  61.188 0.0000000000
43064  -17.887  -52.020  61.648 0.0000000000
134240  -17.732  -52.052  63.340 0.0000000000
43039  -16.193  -52.896  62.119 0.0000000000
42173  -15.760  -54.004  61.811 0.0000000000
41331  -16.411  -54.195  61.541 0.0000000000
114529  -20.531  -54.726  63.059 0.0000000000
40516  -19.074  -55.490  63.257 0.0000000000
43179  -38.099  -51.958  55.496 0.0000000000
44094  -38.203  -51.409  54.998 0.0000000000
44093  -37.933  -51.501  55.370 0.0000000000
45756  -25.171  -49.533  57.911 0.0000000000
45767  -25.253  -49.867  57.474 0.0000000000
45769  -26.717  -49.956  57.440 0.0000000000
44935  -29.731  -50.669  56.835 0.0000000000
44078  -30.890  -50.475  56.662 0.0000000000
44057  -30.756  -51.003  56.546 0.0000000000
44058  -31.447  -50.571  56.904 0.0000000000
127355  -36.218  -51.724  58.600 0.0000000000
44040  -34.511  -51.812  57.923 0.0000000000
137899  -33.358  -51.518  57.890 0.0000000000
43136  -34.284  -52.110  57.857 0.0000000000
42256  -34.834  -52.805  57.316 0.0000000000
43137  -35.023  -52.664  57.176 0.0000000000
43165  -37.209  -52.759  56.447 0.0000000000
42269  -36.503  -53.097  56.483 0.0000000000
43166  -37.943  -52.457  56.059 0.0000000000
56446  -36.922  -37.262  46.780 0.0000000000
56425  -38.275  -37.066  47.280 0.0000000000
122937  -37.903  -36.478  46.314 0.0000000000
59266  -38.876  -34.336  45.144 0.0000000000
116745  -39.513  -35.492  46.328 0.0000000000
62964  -39.246  -30.413  47.032 0.0000000000
62076  -37.892  -31.034  46.140 0.0000000000
63900  -38.690  -29.890  45.307 0.0000000000
119007  -42.250  -30.756  44.266 0.0000000000
120531  -41.025  -30.772  44.371 0.0000000000
62097  -42.585  -31.409  44.510 0.0000000000
61183  -42.698  -32.717  45.104 0.0000000000
65777  -46.574  -27.021  42.511 0.0000000000
66681  -46.820  -26.168  42.230 0.0000000000
66682  -47.607  -26.117  41.855 0.0000000000
37680  -10.978  -57.447  69.586 0.0000000000
37655  -10.471  -57.929  70.858 0.0000000000
36719  -10.416  -59.498  69.566 0.0000000000
34788  -9.975  -61.560  70.696 0.0000000000
32937  -9.962  -63.460  72.287 0.0000000000
44976  -38.473  -50.350  54.336 0.0000000000
44977  -39.324  -50.361  54.616 0.0000000000
133087  -37.669  -49.152  53.735 0.0000000000
48395  -35.971  -46.589  53.445 0.0000000000
47489  -38.140  -47.491  53.617 0.0000000000
48397  -37.856  -46.677  53.462 0.0000000000
117016  -38.727  -46.695  53.684 0.0000000000
49326  -37.011  -45.782  52.699 0.0000000000
52904  -32.972  -41.738  51.697 0.0000000000
52044  -32.882  -42.599  49.690 0.0000000000
50196  -33.457  -44.010  50.540 0.0000000000
131311  -35.158  -43.997  50.283 0.0000000000
50188  -36.304  -44.349  51.060 0.0000000000
124197  -36.862  -43.607  50.934 0.0000000000
51132  -37.684  -43.446  51.323 0.0000000000
51131  -36.578  -42.961  50.429 0.0000000000
54656  -33.954  -39.547  48.632 0.0000000000
52929  -35.561  -40.989  49.302 0.0000000000
53784  -35.997  -40.228  49.279 0.0000000000
126930  -37.146  -39.634  49.933 0.0000000000
117633  -35.381  -38.644  48.422 0.0000000000
131095  -36.023  -38.366  48.387 0.0000000000
55551  -34.691  -38.147  47.531 0.0000000000
58297  -33.870  -36.160  48.617 0.0000000000
58329  -33.782  -36.198  47.703 0.0000000000
58316  -34.297  -35.575  48.032 0.0000000000
43129  -26.816  -51.924  58.456 0.0000000000
43105  -25.561  -52.315  60.046 0.0000000000
43106  -27.076  -52.622  59.803 0.0000000000
39641  -12.124  -57.079  65.478 0.0000000000
38694  -11.661  -57.605  66.284 0.0000000000
128616  -12.218  -58.276  65.274 0.0000000000
39678  -15.240  -56.228  62.622 0.0000000000
125088  -14.273  -56.075  62.718 0.0000000000
39664  -15.730  -57.003  63.411 0.0000000000
41312  -21.502  -54.359  62.954 0.0000000000
41313  -22.188  -54.112  62.900 0.0000000000
42178  -23.506  -53.648  62.227 0.0000000000
41315  -24.363  -53.650  62.254 0.0000000000
42249  -37.751  -53.847  57.880 0.0000000000
41371  -37.517  -54.754  59.274 0.0000000000
44852  -20.668  -50.497  60.478 0.0000000000
43995  -19.204  -51.401  59.892 0.0000000000
43098  -18.457  -52.643  60.289 0.0000000000
42191  -17.693  -53.643  60.853 0.0000000000
118572  -19.377  -53.513  60.607 0.0000000000
42193  -20.074  -53.784  61.468 0.0000000000
44939  -37.900  -51.279  56.360 0.0000000000
44953  -37.788  -50.869  55.421 0.0000000000
136252  -36.018  -52.195  57.599 0.0000000000
44061  -35.653  -52.617  56.971 0.0000000000
128990  -37.584  -51.957  56.833 0.0000000000
58349  -35.320  -35.417  45.781 0.0000000000
58351  -36.832  -35.710  45.484 0.0000000000
126262  -36.637  -34.869  45.371 0.0000000000
120203  -37.016  -34.038  45.048 0.0000000000
60223  -38.145  -33.183  44.751 0.0000000000
63901  -39.392  -29.443  45.354 0.0000000000
64866  -40.873  -28.784  44.921 0.0000000000
63009  -41.737  -29.610  44.217 0.0000000000
63011  -43.256  -29.865  43.990 0.0000000000
62999  -44.574  -30.429  44.440 0.0000000000
124060  -43.685  -29.305  43.730 0.0000000000
63924  -44.878  -28.945  43.785 0.0000000000
64869  -45.408  -28.446  43.614 0.0000000000
65763  -45.343  -27.607  43.158 0.0000000000
66676  -45.184  -26.031  43.217 0.0000000000
35791  -10.853  -60.594  67.834 0.0000000000
35775  -10.525  -60.505  68.815 0.0000000000
34813  -10.845  -61.618  68.180 0.0000000000
47463  -36.674  -47.711  54.712 0.0000000000
46647  -36.967  -47.978  53.954 0.0000000000
48384  -35.609  -46.318  54.206 0.0000000000
48394  -35.330  -46.351  53.554 0.0000000000
48409  -34.786  -46.182  53.078 0.0000000000
53757  -32.377  -41.145  51.270 0.0000000000
53756  -31.980  -40.377  51.019 0.0000000000
52916  -32.128  -41.577  50.075 0.0000000000
52057  -33.144  -42.012  49.266 0.0000000000
52058  -33.889  -41.916  49.032 0.0000000000
53796  -32.882  -40.616  48.975 0.0000000000
54655  -33.014  -39.686  48.647 0.0000000000
55530  -33.432  -38.804  48.225 0.0000000000
55550  -33.808  -38.165  47.581 0.0000000000
56398  -32.150  -37.600  48.186 0.0000000000
42239  -29.023  -53.065  58.653 0.0000000000
42226  -28.691  -53.217  59.357 0.0000000000
42227  -29.367  -53.464  59.249 0.0000000000
40457  -12.663  -55.081  64.991 0.0000000000
39661  -12.594  -56.526  64.515 0.0000000000
34779  -9.896  -61.368  73.080 0.0000000000
35736  -9.528  -60.343  74.398 0.0000000000
124973  -9.715  -61.869  74.826 0.0000000000
117747  -9.277  -61.577  75.431 0.0000000000
129000  -8.682  -61.467  76.135 0.0000000000
48387  -40.984  -46.252  54.944 0.0000000000
42231  -33.250  -53.645  59.294 0.0000000000
42218  -32.953  -54.308  59.987 0.0000000000
42143  -17.615  -51.988  64.762 0.0000000000
42118  -15.458  -52.673  64.744 0.0000000000
41271  -14.382  -53.620  63.592 0.0000000000
41270  -14.802  -54.039  62.657 0.0000000000
41287  -15.189  -54.846  62.190 0.0000000000
40514  -16.779  -55.795  62.594 0.0000000000
41309  -17.671  -54.814  61.926 0.0000000000
40515  -17.879  -55.566  62.784 0.0000000000
39680  -18.274  -56.469  64.176 0.0000000000
68484  -49.770  -24.840  41.432 0.0000000000
43152  -39.233  -52.653  56.890 0.0000000000
44081  -39.322  -51.751  55.694 0.0000000000
43180  -38.600  -51.808  55.370 0.0000000000
134161  -38.043  -50.792  54.626 0.0000000000
45803  -37.267  -49.686  54.276 0.0000000000
45780  -37.610  -49.885  55.488 0.0000000000
45793  -37.244  -49.292  54.927 0.0000000000
46622  -36.964  -48.484  54.772 0.0000000000
117869  -36.616  -47.106  55.300 0.0000000000
44035  -22.886  -50.949  58.152 0.0000000000
43119  -23.912  -51.886  59.323 0.0000000000
44052  -24.367  -50.654  57.696 0.0000000000
44037  -25.559  -51.164  57.835 0.0000000000
44038  -27.067  -51.445  57.496 0.0000000000
132642  -28.178  -50.599  57.041 0.0000000000
44075  -28.233  -50.813  56.882 0.0000000000
43146  -28.688  -51.962  56.956 0.0000000000
121337  -29.964  -52.635  57.611 0.0000000000
43132  -30.787  -52.521  57.753 0.0000000000
42243  -32.115  -52.867  58.704 0.0000000000
44060  -32.656  -50.413  57.763 0.0000000000
43151  -32.743  -50.933  57.534 0.0000000000
43135  -32.740  -51.581  57.824 0.0000000000
42244  -32.801  -52.400  58.266 0.0000000000
42245  -34.249  -52.841  58.106 0.0000000000
42246  -34.971  -53.246  57.530 0.0000000000
42247  -35.713  -53.458  57.352 0.0000000000
43163  -35.666  -52.992  56.671 0.0000000000
42258  -36.098  -53.220  56.714 0.0000000000
42248  -36.689  -53.679  57.528 0.0000000000
42260  -37.948  -53.334  57.058 0.0000000000
42261  -38.907  -53.261  57.366 0.0000000000
45753  -22.864  -49.905  58.576 0.0000000000
57401  -38.215  -36.092  45.997 0.0000000000
62065  -37.694  -31.917  46.377 0.0000000000
62093  -37.958  -31.715  44.952 0.0000000000
61196  -39.253  -32.446  44.659 0.0000000000
62994  -39.708  -30.066  44.670 0.0000000000
117210  -39.757  -31.634  44.578 0.0000000000
60225  -40.389  -33.077  44.936 0.0000000000
60213  -42.332  -33.347  45.515 0.0000000000
65779  -48.708  -27.465  42.025 0.0000000000
66686  -48.531  -26.428  41.615 0.0000000000
67609  -48.973  -24.811  41.788 0.0000000000
36703  -10.175  -58.734  71.456 0.0000000000
35743  -9.906  -59.537  72.017 0.0000000000
34799  -10.010  -60.949  70.050 0.0000000000
124128  -9.875  -61.168  71.379 0.0000000000
34781  -9.847  -61.273  72.122 0.0000000000
33804  -9.961  -62.340  72.502 0.0000000000
44096  -39.785  -51.113  55.495 0.0000000000
44967  -40.058  -50.325  55.236 0.0000000000
120507  -40.090  -48.967  54.922 0.0000000000
46648  -37.535  -48.352  53.683 0.0000000000
119181  -39.249  -48.218  54.166 0.0000000000
46638  -40.084  -48.160  54.736 0.0000000000
47476  -40.406  -47.079  54.757 0.0000000000
48386  -40.407  -46.221  54.463 0.0000000000
131123  -39.617  -45.242  53.674 0.0000000000
49312  -34.202  -44.892  52.797 0.0000000000
48408  -34.232  -45.635  52.161 0.0000000000
135624  -32.849  -43.333  50.814 0.0000000000
49349  -33.913  -44.882  51.370 0.0000000000
119468  -35.367  -45.404  51.532 0.0000000000
49341  -37.135  -45.033  52.152 0.0000000000
137156  -38.843  -44.625  52.944 0.0000000000
114898  -35.590  -41.883  49.533 0.0000000000
52931  -36.830  -41.355  50.152 0.0000000000
55533  -37.175  -38.373  48.968 0.0000000000
56423  -36.681  -37.684  47.578 0.0000000000
56445  -35.431  -37.039  46.328 0.0000000000
56421  -34.169  -37.597  46.964 0.0000000000
56444  -34.599  -37.023  46.539 0.0000000000
58341  -34.864  -35.807  46.132 0.0000000000
59228  -34.729  -34.696  46.819 0.0000000000
125196  -34.981  -34.344  47.333 0.0000000000
43104  -24.546  -52.347  60.114 0.0000000000
43083  -25.129  -52.747  60.890 0.0000000000
42214  -27.597  -53.162  60.401 0.0000000000
37691  -11.060  -57.646  68.777 0.0000000000
38680  -11.966  -56.237  67.991 0.0000000000
38679  -11.475  -57.138  67.373 0.0000000000
37690  -10.845  -58.663  68.171 0.0000000000
35803  -11.320  -60.642  66.817 0.0000000000
40476  -13.481  -54.613  63.755 0.0000000000
39662  -13.267  -56.322  63.498 0.0000000000
134345  -14.280  -58.292  64.121 0.0000000000
32031  -7.962  -63.994  74.984 0.0000000000
33796  -7.510  -62.603  75.665 0.0000000000
33791  -7.513  -61.730  76.088 0.0000000000
44065  -40.483  -51.627  57.042 0.0000000000
43101  -21.846  -52.522  59.832 0.0000000000
122505  -22.296  -52.895  60.787 0.0000000000
44015  -21.540  -51.540  58.808 0.0000000000
60184  -36.677  -33.601  47.453 0.0000000000
60193  -36.500  -33.303  46.807 0.0000000000
60194  -37.276  -33.204  47.078 0.0000000000
65750  -42.691  -27.752  44.454 0.0000000000
65751  -43.306  -27.337  44.071 0.0000000000
66667  -43.784  -26.800  44.382 0.0000000000
56378  -31.220  -38.213  49.884 0.0000000000
115655  -31.654  -53.712  59.286 0.0000000000
67615  -49.358  -25.294  41.385 0.0000000000
46613  -41.523  -48.600  56.415 0.0000000000
43081  -17.755  -52.376  60.808 0.0000000000
43063  -17.031  -52.498  61.643 0.0000000000
43062  -16.507  -53.217  61.488 0.0000000000
42190  -16.916  -53.607  61.159 0.0000000000
45757  -26.129  -49.514  57.970 0.0000000000
44918  -31.216  -50.330  57.402 0.0000000000
44936  -30.781  -50.422  56.797 0.0000000000
44937  -31.556  -50.111  57.053 0.0000000000
44080  -37.736  -51.978  56.032 0.0000000000
56447  -37.689  -36.943  46.791 0.0000000000
57391  -37.156  -36.702  46.214 0.0000000000
59257  -39.629  -34.342  45.454 0.0000000000
60211  -40.047  -33.704  45.202 0.0000000000
62976  -38.903  -29.745  46.054 0.0000000000
61200  -42.902  -32.054  44.826 0.0000000000
67606  -46.379  -25.352  42.616 0.0000000000
37667  -10.559  -58.320  69.990 0.0000000000
45812  -37.376  -49.648  53.918 0.0000000000
45804  -38.044  -49.775  53.917 0.0000000000
48410  -35.309  -46.344  52.898 0.0000000000
48396  -36.903  -46.552  53.304 0.0000000000
48412  -37.650  -46.010  53.123 0.0000000000
51141  -34.248  -43.146  49.540 0.0000000000
50197  -34.239  -43.912  50.181 0.0000000000
51130  -35.970  -43.752  50.456 0.0000000000
136470  -35.463  -43.567  50.141 0.0000000000
51143  -35.723  -43.029  49.995 0.0000000000
54657  -34.862  -39.422  48.767 0.0000000000
53799  -35.292  -40.200  49.030 0.0000000000
54658  -35.701  -39.366  49.063 0.0000000000
137696  -26.927  -52.304  59.160 0.0000000000
43122  -27.445  -52.440  58.909 0.0000000000
38706  -12.709  -57.749  64.458 0.0000000000
37719  -12.542  -58.997  65.010 0.0000000000
36817  -12.918  -59.245  64.896 0.0000000000
38709  -16.714  -57.688  64.838 0.0000000000
35739  -9.826  -59.445  72.906 0.0000000000
36692  -9.647  -59.399  73.783 0.0000000000
132507  -40.956  -50.273  56.518 0.0000000000
42196  -23.138  -53.256  61.511 0.0000000000
121302  -22.955  -53.534  61.977 0.0000000000
121651  -23.931  -53.302  61.647 0.0000000000
133090  -37.953  -54.511  58.726 0.0000000000
44870  -22.276  -50.015  60.052 0.0000000000
119700  -20.183  -51.512  59.285 0.0000000000
44890  -19.913  -51.145  59.529 0.0000000000
44013  -19.579  -51.758  59.568 0.0000000000
43994  -18.910  -52.065  59.851 0.0000000000
137378  -18.859  -52.577  59.931 0.0000000000
42208  -18.834  -53.090  60.064 0.0000000000
128129  -19.595  -53.059  60.080 0.0000000000
116317  -20.921  -53.654  61.558 0.0000000000
42175  -20.770  -54.058  62.294 0.0000000000
44954  -38.021  -50.310  56.152 0.0000000000
44042  -36.786  -52.025  57.962 0.0000000000
44064  -37.957  -51.466  57.415 0.0000000000
59253  -35.573  -34.569  45.702 0.0000000000
61181  -36.594  -32.956  45.826 0.0000000000
60210  -36.718  -33.358  45.369 0.0000000000
60222  -37.385  -33.287  44.978 0.0000000000
63902  -40.175  -28.990  45.438 0.0000000000
64857  -41.461  -28.387  45.061 0.0000000000
64882  -42.001  -28.949  44.188 0.0000000000
63922  -42.442  -29.279  43.961 0.0000000000
63010  -42.412  -30.000  44.069 0.0000000000
137839  -42.785  -29.524  43.918 0.0000000000
117732  -43.104  -29.085  43.672 0.0000000000
131957  -43.920  -28.098  43.438 0.0000000000
116925  -43.793  -28.719  43.529 0.0000000000
64885  -44.539  -28.323  43.416 0.0000000000
66668  -44.290  -26.308  44.075 0.0000000000
48385  -36.252  -46.861  54.585 0.0000000000
136323  -35.972  -46.396  54.659 0.0000000000
50138  -34.976  -45.363  53.713 0.0000000000
48383  -34.911  -45.949  53.614 0.0000000000
49325  -34.539  -45.804  53.037 0.0000000000
54635  -31.375  -39.805  50.051 0.0000000000
53771  -31.703  -40.315  50.401 0.0000000000
53782  -31.870  -40.684  49.891 0.0000000000
52927  -32.307  -41.452  49.740 0.0000000000
52938  -32.737  -41.375  49.308 0.0000000000
53783  -32.293  -40.689  49.409 0.0000000000
55528  -32.049  -38.649  48.581 0.0000000000
54654  -32.275  -39.354  48.816 0.0000000000
55529  -32.691  -38.776  48.329 0.0000000000
55548  -32.333  -38.185  48.006 0.0000000000
57337  -32.483  -36.992  48.888 0.0000000000
42240  -29.636  -53.135  58.463 0.0000000000
41369  -30.429  -54.164  59.864 0.0000000000
40475  -13.275  -54.226  65.074 0.0000000000
40458  -13.328  -54.264  66.443 0.0000000000
33802  -9.892  -62.265  73.624 0.0000000000
134580  -9.667  -61.407  74.132 0.0000000000
33800  -9.819  -62.322  74.484 0.0000000000
32927  -9.409  -62.983  75.047 0.0000000000
33795  -9.497  -62.295  75.066 0.0000000000
33794  -9.208  -62.242  75.368 0.0000000000
34769  -8.949  -61.541  75.925 0.0000000000
33793  -8.897  -62.217  75.691 0.0000000000
131370  -41.285  -47.589  55.714 0.0000000000
123621  -41.705  -47.100  55.867 0.0000000000
48375  -41.640  -46.335  55.507 0.0000000000
42232  -33.994  -53.561  59.040 0.0000000000
42219  -33.891  -54.066  59.905 0.0000000000
42220  -34.632  -54.101  59.656 0.0000000000
43040  -16.958  -52.382  62.760 0.0000000000
43015  -17.129  -52.062  63.751 0.0000000000
123213  -16.321  -52.341  64.229 0.0000000000
42142  -15.169  -53.041  63.370 0.0000000000
40528  -15.916  -54.762  61.906 0.0000000000
40513  -15.847  -55.504  62.222 0.0000000000
39688  -16.121  -56.055  62.723 0.0000000000
41333  -18.090  -54.225  61.207 0.0000000000
40497  -18.601  -55.979  63.753 0.0000000000
40496  -17.444  -56.101  63.343 0.0000000000
44965  -37.700  -50.777  54.830 0.0000000000
135646  -37.513  -50.212  54.551 0.0000000000
44975  -37.645  -50.212  54.320 0.0000000000
45781  -38.040  -49.503  56.140 0.0000000000
47456  -37.730  -48.010  55.947 0.0000000000
46623  -37.275  -48.539  55.379 0.0000000000
47464  -37.034  -47.862  55.367 0.0000000000
44913  -23.577  -50.430  57.876 0.0000000000
125802  -23.778  -51.031  57.995 0.0000000000
44929  -24.236  -50.196  57.638 0.0000000000
44931  -25.659  -50.274  57.283 0.0000000000
44053  -25.200  -50.718  57.541 0.0000000000
44054  -26.197  -50.889  57.291 0.0000000000
123388  -26.327  -51.382  57.839 0.0000000000
44055  -27.382  -50.948  57.025 0.0000000000
44076  -29.697  -50.878  56.558 0.0000000000
44934  -28.905  -50.772  56.803 0.0000000000
44951  -28.881  -50.959  56.640 0.0000000000
44056  -28.408  -51.282  56.829 0.0000000000
43147  -29.546  -52.030  56.853 0.0000000000
43149  -31.336  -51.583  57.204 0.0000000000
43148  -30.411  -51.873  56.883 0.0000000000
43133  -31.530  -52.416  58.050 0.0000000000
43134  -32.147  -51.923  57.921 0.0000000000
131778  -34.275  -50.747  58.433 0.0000000000
44920  -33.400  -50.157  58.392 0.0000000000
123772  -33.429  -52.921  58.588 0.0000000000
44079  -36.089  -52.817  56.677 0.0000000000
42271  -38.265  -52.809  56.560 0.0000000000
45755  -24.178  -49.632  58.037 0.0000000000
45740  -23.671  -49.511  58.809 0.0000000000
45754  -23.388  -49.902  58.049 0.0000000000
44912  -22.670  -50.463  58.358 0.0000000000
55534  -37.821  -38.022  48.861 0.0000000000
56426  -38.987  -37.048  47.660 0.0000000000
56402  -39.229  -37.533  48.447 0.0000000000
123491  -37.369  -35.444  45.427 0.0000000000
58352  -38.179  -35.512  45.611 0.0000000000
118102  -37.767  -32.676  46.762 0.0000000000
62986  -38.220  -30.510  45.301 0.0000000000
62974  -37.851  -31.200  45.389 0.0000000000
114741  -38.728  -31.674  44.701 0.0000000000
63909  -40.124  -29.406  44.824 0.0000000000
63908  -39.244  -29.710  44.909 0.0000000000
62095  -40.797  -31.521  44.495 0.0000000000
61197  -40.601  -32.360  44.679 0.0000000000
60226  -41.124  -32.941  44.992 0.0000000000
60227  -41.894  -32.803  45.071 0.0000000000
61174  -43.248  -33.312  45.628 0.0000000000
65764  -46.262  -27.516  43.036 0.0000000000
65778  -47.308  -27.073  42.210 0.0000000000
65766  -48.011  -27.757  42.618 0.0000000000
67607  -47.182  -24.856  42.257 0.0000000000
67608  -48.200  -24.965  41.763 0.0000000000
126025  -10.218  -59.029  70.549 0.0000000000
131215  -10.325  -61.275  69.190 0.0000000000
124346  -10.254  -60.424  69.586 0.0000000000
32935  -9.957  -63.146  73.302 0.0000000000
44095  -39.006  -51.442  55.062 0.0000000000
44966  -39.430  -50.877  54.961 0.0000000000
45805  -39.011  -49.729  54.232 0.0000000000
45806  -39.788  -49.663  54.744 0.0000000000
45794  -40.384  -49.431  55.347 0.0000000000
46637  -39.514  -48.967  54.427 0.0000000000
132338  -38.430  -48.226  53.739 0.0000000000
47475  -39.706  -47.507  54.346 0.0000000000
48398  -39.649  -46.644  54.154 0.0000000000
49314  -39.236  -45.906  53.715 0.0000000000
48399  -40.001  -45.703  54.089 0.0000000000
49327  -38.947  -45.212  53.334 0.0000000000
51108  -33.537  -43.331  51.770 0.0000000000
50160  -34.148  -44.157  52.485 0.0000000000
50159  -33.832  -44.814  52.166 0.0000000000
49324  -34.237  -45.410  52.541 0.0000000000
49337  -33.901  -45.215  51.930 0.0000000000
52917  -32.234  -41.614  50.624 0.0000000000
52903  -32.540  -42.049  51.102 0.0000000000
52023  -32.664  -42.828  50.882 0.0000000000
50186  -34.696  -44.565  50.674 0.0000000000
125018  -33.937  -44.551  50.804 0.0000000000
49350  -34.430  -45.016  51.220 0.0000000000
49339  -34.812  -45.511  51.611 0.0000000000
49340  -35.855  -45.422  51.677 0.0000000000
50174  -36.451  -44.960  51.593 0.0000000000
50175  -37.171  -44.225  51.602 0.0000000000
49342  -37.769  -44.491  52.180 0.0000000000
50161  -38.475  -44.288  52.427 0.0000000000
52928  -34.784  -41.709  49.175 0.0000000000
135033  -36.093  -40.751  49.479 0.0000000000
52918  -37.600  -41.362  50.574 0.0000000000
135100  -37.733  -39.853  50.282 0.0000000000
54643  -37.749  -39.183  50.090 0.0000000000
55519  -37.944  -38.565  49.551 0.0000000000
131340  -35.752  -37.969  47.745 0.0000000000
56399  -36.534  -38.134  48.366 0.0000000000
127837  -36.032  -37.451  46.854 0.0000000000
56420  -33.511  -37.575  47.367 0.0000000000
57387  -33.904  -36.216  46.961 0.0000000000
57388  -34.398  -36.311  46.540 0.0000000000
127252  -34.983  -36.519  46.239 0.0000000000
58340  -34.428  -35.503  46.629 0.0000000000
59214  -35.099  -34.535  48.065 0.0000000000
129075  -24.241  -51.454  58.579 0.0000000000
128127  -24.844  -51.852  59.378 0.0000000000
123455  -26.363  -52.573  60.217 0.0000000000
42212  -26.005  -52.822  60.872 0.0000000000
42198  -25.588  -53.297  61.610 0.0000000000
42199  -26.504  -53.377  61.480 0.0000000000
42215  -28.367  -53.413  60.139 0.0000000000
38653  -11.566  -56.655  69.295 0.0000000000
38667  -11.493  -56.860  68.425 0.0000000000
135223  -11.242  -57.975  66.924 0.0000000000
37703  -11.106  -57.817  67.833 0.0000000000
37702  -11.080  -58.740  67.172 0.0000000000
36753  -10.936  -59.659  67.498 0.0000000000
36782  -11.365  -59.630  66.567 0.0000000000
41260  -13.872  -53.717  64.226 0.0000000000
39663  -14.215  -56.432  62.944 0.0000000000
120982  -13.442  -57.524  63.715 0.0000000000
68485  -50.269  -24.649  40.969 0.0000000000
32931  -6.866  -63.087  74.485 0.0000000000
32928  -7.512  -63.205  75.155 0.0000000000
137848  -7.074  -62.663  75.162 0.0000000000
137521  -7.463  -62.216  75.937 0.0000000000
132155  -7.078  -62.053  75.568 0.0000000000
42194  -21.525  -53.340  61.191 0.0000000000
42211  -23.222  -52.792  60.821 0.0000000000
44892  -21.172  -50.611  58.963 0.0000000000
44014  -20.753  -51.537  59.031 0.0000000000
43115  -20.139  -52.058  59.286 0.0000000000
43100  -20.265  -52.675  59.798 0.0000000000
60192  -35.789  -33.582  46.406 0.0000000000
60208  -35.724  -33.706  45.888 0.0000000000
61172  -36.624  -32.924  46.168 0.0000000000
65736  -42.051  -28.107  44.820 0.0000000000
64868  -42.295  -28.328  44.213 0.0000000000
66674  -43.908  -26.904  43.710 0.0000000000
50139  -35.577  -45.178  54.167 0.0000000000
50150  -35.222  -44.763  53.660 0.0000000000
55517  -31.335  -39.067  49.653 0.0000000000
56397  -31.442  -38.432  49.064 0.0000000000
56379  -31.667  -37.620  49.146 0.0000000000
42228  -30.065  -53.630  59.191 0.0000000000
41370  -31.312  -54.420  59.879 0.0000000000
32932  -9.801  -63.429  74.583 0.0000000000
130159  -9.832  -62.820  74.698 0.0000000000
32028  -8.840  -63.599  75.179 0.0000000000
46626  -41.671  -47.814  56.167 0.0000000000
41360  -35.418  -54.255  59.396 0.0000000000
41361  -36.068  -54.825  59.976 0.0000000000
43976  -19.163  -51.239  60.673 0.0000000000
43956  -19.359  -51.241  61.750 0.0000000000
43065  -18.721  -51.727  62.379 0.0000000000
43041  -17.771  -52.042  62.524 0.0000000000
131614  -15.455  -53.481  62.392 0.0000000000
42174  -15.960  -53.489  61.842 0.0000000000
42189  -16.283  -53.751  61.560 0.0000000000
41308  -16.728  -54.711  61.707 0.0000000000
41311  -19.795  -54.331  62.176 0.0000000000
41289  -19.470  -54.935  62.836 0.0000000000
45766  -24.579  -49.867  57.648 0.0000000000
45768  -25.930  -49.767  57.402 0.0000000000
44916  -29.253  -50.741  57.467 0.0000000000
44952  -30.395  -50.662  56.622 0.0000000000
44077  -30.389  -50.801  56.518 0.0000000000
43162  -30.020  -51.280  56.485 0.0000000000
44023  -35.247  -51.271  58.693 0.0000000000
43164  -36.235  -53.021  56.506 0.0000000000
42270  -37.348  -53.009  56.377 0.0000000000
56424  -37.544  -37.421  47.443 0.0000000000
56401  -38.275  -37.614  48.117 0.0000000000
56448  -38.253  -36.675  46.773 0.0000000000
59256  -38.373  -34.786  45.312 0.0000000000
58353  -39.083  -35.071  45.677 0.0000000000
62066  -38.845  -31.301  47.102 0.0000000000
134844  -38.200  -31.359  46.618 0.0000000000
62963  -38.468  -30.625  46.466 0.0000000000
62975  -38.203  -30.335  45.805 0.0000000000
62996  -41.638  -30.384  44.253 0.0000000000
62096  -41.701  -31.310  44.428 0.0000000000
61199  -42.209  -32.096  44.753 0.0000000000
61184  -43.491  -32.520  45.081 0.0000000000
66680  -46.172  -26.311  42.595 0.0000000000
47488  -37.295  -47.375  53.689 0.0000000000
52043  -32.406  -42.206  49.939 0.0000000000
51129  -32.798  -43.039  50.352 0.0000000000
51140  -33.375  -43.376  49.903 0.0000000000
50187  -35.511  -44.481  50.755 0.0000000000
49352  -35.774  -44.967  51.252 0.0000000000
52035  -37.432  -42.909  50.822 0.0000000000
53798  -34.503  -40.261  48.886 0.0000000000
52941  -34.883  -40.849  49.051 0.0000000000
53785  -36.583  -40.466  49.733 0.0000000000
54642  -36.501  -39.487  49.436 0.0000000000
55532  -36.350  -38.707  48.932 0.0000000000
57357  -33.132  -36.578  48.242 0.0000000000
59213  -34.628  -34.887  47.626 0.0000000000
43128  -25.978  -51.619  58.586 0.0000000000
43120  -25.592  -51.835  59.269 0.0000000000
43121  -26.347  -52.146  59.408 0.0000000000
39642  -12.172  -55.825  65.980 0.0000000000
39618  -11.835  -56.542  66.747 0.0000000000
115139  -12.140  -59.075  65.433 0.0000000000
116786  -15.569  -57.607  63.858 0.0000000000
41290  -21.388  -54.846  63.659 0.0000000000
41291  -22.290  -54.571  63.492 0.0000000000
134869  -22.731  -54.194  63.109 0.0000000000
42177  -22.692  -53.790  62.470 0.0000000000
41379  -37.234  -54.232  58.470 0.0000000000
131056  -36.863  -54.528  59.000 0.0000000000
44868  -20.519  -50.681  59.581 0.0000000000
44851  -19.805  -50.827  60.157 0.0000000000
43977  -20.066  -50.901  61.152 0.0000000000
43975  -18.592  -51.869  60.345 0.0000000000
42206  -17.596  -53.064  60.690 0.0000000000
42207  -18.199  -53.176  60.467 0.0000000000
42192  -18.522  -53.626  60.712 0.0000000000
41334  -19.095  -54.025  61.322 0.0000000000
44062  -36.390  -52.443  57.065 0.0000000000
121033  -37.242  -52.141  57.320 0.0000000000
57389  -35.614  -36.282  45.860 0.0000000000
57399  -36.577  -36.280  45.736 0.0000000000
58350  -36.053  -35.544  45.563 0.0000000000
59254  -36.261  -33.972  45.475 0.0000000000
59265  -37.974  -34.028  44.933 0.0000000000
127715  -38.655  -33.710  44.842 0.0000000000
116824  -38.923  -33.139  44.713 0.0000000000
128157  -39.646  -29.226  45.957 0.0000000000
63910  -41.188  -29.223  44.537 0.0000000000
62998  -43.801  -30.630  44.298 0.0000000000
63012  -44.049  -29.831  44.001 0.0000000000
63923  -44.255  -29.115  43.683 0.0000000000
118135  -45.998  -28.006  43.484 0.0000000000
65775  -45.149  -26.831  43.028 0.0000000000
133449  -45.638  -26.399  42.856 0.0000000000
36736  -10.657  -59.589  68.514 0.0000000000
46636  -36.879  -48.328  54.209 0.0000000000
47474  -36.650  -47.429  54.229 0.0000000000
47473  -35.964  -46.788  54.008 0.0000000000
138075  -34.865  -46.117  52.538 0.0000000000
53772  -31.987  -40.972  50.508 0.0000000000
52045  -33.597  -42.640  49.352 0.0000000000
133621  -34.294  -42.447  49.242 0.0000000000
52939  -33.410  -41.277  48.969 0.0000000000
126253  -32.423  -40.052  49.024 0.0000000000
53797  -33.661  -40.428  48.833 0.0000000000
55549  -33.020  -38.193  47.752 0.0000000000
56419  -32.816  -37.638  47.734 0.0000000000
57356  -32.648  -37.087  47.960 0.0000000000
57338  -33.281  -36.452  49.231 0.0000000000
57339  -34.312  -36.219  49.646 0.0000000000
43123  -28.302  -52.681  58.517 0.0000000000
42216  -29.063  -53.662  59.943 0.0000000000
41368  -29.734  -53.888  59.861 0.0000000000
40442  -12.795  -54.842  66.875 0.0000000000
38710  -17.291  -57.321  64.705 0.0000000000
34776  -9.557  -61.080  74.795 0.0000000000
33797  -10.104  -62.213  74.918 0.0000000000
121450  -9.546  -61.748  75.112 0.0000000000
34773  -9.344  -60.996  75.482 0.0000000000
34770  -9.160  -60.896  75.847 0.0000000000
135629  -38.993  -32.853  47.523 0.0000000000
62067  -39.551  -31.179  47.766 0.0000000000
62965  -40.017  -30.202  47.690 0.0000000000
130318  -40.850  -45.420  54.401 0.0000000000
136258  -32.780  -53.045  58.922 0.0000000000
42119  -16.862  -52.254  65.372 0.0000000000
41307  -15.282  -54.239  62.177 0.0000000000
40495  -14.736  -55.163  62.314 0.0000000000
41332  -17.174  -54.251  61.258 0.0000000000
41288  -18.563  -55.013  62.650 0.0000000000
43167  -39.674  -52.031  56.506 0.0000000000
45792  -36.992  -49.017  54.279 0.0000000000
46611  -37.647  -48.990  55.763 0.0000000000
48374  -36.219  -46.431  55.114 0.0000000000
125031  -36.910  -46.343  55.738 0.0000000000
44016  -22.404  -51.438  58.658 0.0000000000
43118  -22.959  -51.935  59.245 0.0000000000
44017  -23.295  -51.412  58.553 0.0000000000
44036  -24.684  -51.101  57.944 0.0000000000
45758  -26.917  -49.860  58.082 0.0000000000
44933  -27.405  -50.487  57.144 0.0000000000
124802  -28.685  -50.637  57.181 0.0000000000
43145  -27.921  -51.688  57.194 0.0000000000
126782  -28.280  -52.272  57.528 0.0000000000
43131  -29.061  -52.618  57.713 0.0000000000
44938  -32.114  -49.987  57.534 0.0000000000
44059  -32.091  -50.351  57.274 0.0000000000
42268  -35.923  -53.069  56.595 0.0000000000
45731  -22.911  -49.774  59.367 0.0000000000
44893  -22.014  -50.130  58.894 0.0000000000
44911  -21.778  -50.666  58.687 0.0000000000
44034  -22.032  -50.961  58.467 0.0000000000
57392  -38.543  -36.305  46.456 0.0000000000
58342  -38.810  -35.815  46.086 0.0000000000
62074  -37.099  -32.377  45.868 0.0000000000
62075  -37.502  -31.571  45.894 0.0000000000
62082  -37.517  -31.968  45.476 0.0000000000
61194  -37.658  -32.489  44.958 0.0000000000
61195  -38.420  -32.433  44.722 0.0000000000
125538  -39.677  -33.151  44.816 0.0000000000
62993  -38.820  -30.276  44.837 0.0000000000
121384  -40.247  -30.746  44.508 0.0000000000
126470  -39.469  -30.711  44.600 0.0000000000
126136  -38.971  -31.013  44.668 0.0000000000
120920  -39.960  -32.563  44.699 0.0000000000
116326  -41.524  -33.428  45.454 0.0000000000
65787  -49.201  -27.117  41.665 0.0000000000
67614  -48.854  -25.614  41.486 0.0000000000
68477  -48.909  -24.211  42.733 0.0000000000
36695  -10.165  -58.480  72.354 0.0000000000
35742  -9.787  -60.409  72.560 0.0000000000
35760  -10.108  -60.026  70.293 0.0000000000
35759  -9.924  -60.623  70.874 0.0000000000
35746  -9.821  -60.442  71.686 0.0000000000
44082  -40.130  -51.376  56.230 0.0000000000
46624  -40.564  -48.597  55.359 0.0000000000
47465  -40.755  -47.769  55.317 0.0000000000
50149  -34.574  -44.847  53.221 0.0000000000
52014  -34.334  -42.961  52.192 0.0000000000
130384  -34.498  -45.887  52.576 0.0000000000
48422  -34.667  -45.873  52.056 0.0000000000
52024  -32.966  -42.642  51.455 0.0000000000
51118  -32.968  -43.429  51.228 0.0000000000
50172  -33.044  -43.918  50.915 0.0000000000
50173  -33.688  -44.561  51.450 0.0000000000
49338  -34.242  -45.410  51.758 0.0000000000
48423  -35.350  -45.916  52.120 0.0000000000
122359  -36.320  -45.615  52.119 0.0000000000
120415  -38.042  -45.172  52.768 0.0000000000
49315  -40.271  -44.908  53.826 0.0000000000
51120  -38.876  -43.641  52.088 0.0000000000
134997  -35.661  -42.456  49.754 0.0000000000
52047  -36.253  -42.189  49.997 0.0000000000
52048  -37.127  -42.188  50.484 0.0000000000
52930  -36.165  -41.281  49.669 0.0000000000
56443  -33.868  -36.939  46.829 0.0000000000
59241  -34.858  -34.923  46.146 0.0000000000
59229  -35.154  -34.050  46.792 0.0000000000
59215  -36.645  -33.988  48.158 0.0000000000
43103  -23.596  -52.387  60.063 0.0000000000
43082  -24.155  -52.766  60.935 0.0000000000
42197  -24.742  -53.255  61.632 0.0000000000
42225  -27.959  -52.862  59.568 0.0000000000
42201  -28.091  -53.627  60.920 0.0000000000
42200  -27.314  -53.495  61.231 0.0000000000
41357  -32.111  -54.775  60.256 0.0000000000
35814  -11.735  -60.308  66.164 0.0000000000
38707  -13.482  -58.288  64.160 0.0000000000
134892  -16.315  -58.098  65.113 0.0000000000
37721  -13.900  -58.936  64.574 0.0000000000
36818  -13.363  -59.213  64.799 0.0000000000
32032  -8.526  -63.716  75.169 0.0000000000
32030  -7.402  -63.759  74.694 0.0000000000
32929  -8.093  -63.015  75.598 0.0000000000
123209  -8.401  -62.226  75.947 0.0000000000
34768  -8.087  -61.449  76.352 0.0000000000
34775  -6.289  -61.702  74.267 0.0000000000
34772  -6.723  -61.284  75.061 0.0000000000
34766  -7.132  -61.333  75.798 0.0000000000
32926  -8.923  -63.055  75.393 0.0000000000
33792  -7.865  -62.254  76.056 0.0000000000
44930  -24.865  -50.256  57.463 0.0000000000
50185  -33.505  -44.459  50.997 0.0000000000
52046  -35.049  -42.639  49.518 0.0000000000
52056  -32.666  -41.961  49.608 0.0000000000
57400  -37.491  -36.111  45.735 0.0000000000
60209  -36.235  -33.394  45.737 0.0000000000
61173  -37.237  -32.285  46.117 0.0000000000
134567  -37.876  -30.868  45.732 0.0000000000
135507  -33.137  -43.597  50.435 0.0000000000
136208  -38.032  -48.725  53.644 0.0000000000
