#!ascii label  , from subject sub-v1s1x0050669_ses-1 vox2ras=TkReg
1620
91257  -45.891  4.200  21.531 0.0000000000
135257  -40.456  24.389  34.266 0.0000000000
95118  -40.953  9.787  37.246 0.0000000000
94535  -46.555  7.780  30.970 0.0000000000
103108  -41.327  23.447  31.136 0.0000000000
99279  -47.004  16.925  34.758 0.0000000000
98787  -47.675  14.895  27.918 0.0000000000
95826  -41.324  10.020  30.801 0.0000000000
85190  -51.006  -4.175  37.846 0.0000000000
88298  -46.491  -0.513  29.738 0.0000000000
105038  -32.520  29.081  34.066 0.0000000000
107061  -39.216  32.675  32.669 0.0000000000
106105  -41.954  29.921  27.057 0.0000000000
128287  -41.535  5.784  27.704 0.0000000000
100391  -44.624  19.145  39.049 0.0000000000
93216  -46.830  6.496  34.255 0.0000000000
94589  -45.969  9.655  22.855 0.0000000000
95909  -40.608  10.428  23.615 0.0000000000
93918  -36.058  7.952  25.837 0.0000000000
91975  -44.612  5.127  17.720 0.0000000000
102643  -45.097  22.814  27.887 0.0000000000
101070  -44.850  19.138  29.119 0.0000000000
100496  -46.294  18.153  25.466 0.0000000000
128242  -44.909  15.449  28.826 0.0000000000
118581  -49.058  -1.499  33.421 0.0000000000
87506  -46.473  -1.821  33.987 0.0000000000
104556  -28.490  26.493  33.771 0.0000000000
106087  -37.993  30.101  28.575 0.0000000000
91209  -40.094  3.580  30.019 0.0000000000
92553  -41.346  6.064  32.358 0.0000000000
102603  -37.374  22.779  34.455 0.0000000000
100410  -40.641  18.084  34.837 0.0000000000
96460  -48.786  11.200  32.976 0.0000000000
119981  -47.635  10.978  36.471 0.0000000000
93881  -49.581  5.998  32.261 0.0000000000
93277  -48.538  6.204  26.978 0.0000000000
94561  -47.893  8.583  25.861 0.0000000000
95920  -43.118  10.894  22.113 0.0000000000
95203  -44.562  9.604  26.920 0.0000000000
95860  -38.475  10.579  27.572 0.0000000000
134831  -43.355  25.727  33.968 0.0000000000
136281  -42.780  19.897  33.540 0.0000000000
101608  -45.517  21.213  32.869 0.0000000000
98757  -47.474  15.572  31.765 0.0000000000
96496  -48.164  11.528  31.239 0.0000000000
95174  -44.005  9.253  31.052 0.0000000000
97668  -45.529  12.830  31.810 0.0000000000
97665  -41.936  13.003  32.210 0.0000000000
131941  -51.323  -2.461  32.540 0.0000000000
126705  -48.338  -0.531  28.469 0.0000000000
89839  -45.533  1.212  25.062 0.0000000000
102595  -29.858  22.450  34.486 0.0000000000
103609  -33.538  24.453  33.381 0.0000000000
104569  -37.502  27.312  33.088 0.0000000000
106028  -40.728  30.078  34.374 0.0000000000
105056  -39.611  28.008  31.971 0.0000000000
105068  -40.824  26.922  29.202 0.0000000000
125261  -44.509  27.401  28.276 0.0000000000
106117  -44.282  29.725  26.924 0.0000000000
89043  -42.986  0.207  30.928 0.0000000000
89830  -42.703  1.745  26.803 0.0000000000
91241  -42.879  3.960  23.869 0.0000000000
98174  -42.945  15.057  39.470 0.0000000000
99264  -44.559  16.182  37.143 0.0000000000
97047  -45.810  12.821  38.549 0.0000000000
118338  -43.533  8.500  35.381 0.0000000000
132001  -45.210  5.576  30.268 0.0000000000
93932  -44.127  7.792  25.110 0.0000000000
93330  -42.902  6.873  20.408 0.0000000000
94625  -42.475  8.501  18.433 0.0000000000
93329  -40.634  6.917  21.179 0.0000000000
92650  -39.590  6.296  23.520 0.0000000000
117428  -41.165  10.512  26.592 0.0000000000
94574  -37.306  8.685  24.500 0.0000000000
92631  -38.622  5.826  25.288 0.0000000000
90565  -47.012  2.545  22.797 0.0000000000
91263  -47.771  4.312  20.315 0.0000000000
91960  -46.417  5.312  18.945 0.0000000000
102655  -46.454  22.939  27.008 0.0000000000
101654  -46.113  20.370  26.406 0.0000000000
101661  -46.443  20.471  25.832 0.0000000000
100495  -44.885  17.840  25.412 0.0000000000
93847  -41.261  7.444  35.536 0.0000000000
103076  -39.124  23.820  33.958 0.0000000000
95153  -48.029  9.089  32.622 0.0000000000
116219  -48.995  7.780  33.573 0.0000000000
93879  -47.786  7.162  31.294 0.0000000000
117161  -49.172  6.646  28.487 0.0000000000
130131  -47.009  7.685  28.755 0.0000000000
95214  -45.654  9.598  26.227 0.0000000000
94546  -45.242  8.762  28.435 0.0000000000
120783  -42.171  24.890  32.859 0.0000000000
102612  -44.041  23.201  33.216 0.0000000000
102113  -43.174  21.885  31.684 0.0000000000
136695  -46.573  17.371  28.734 0.0000000000
99881  -46.736  17.909  30.934 0.0000000000
128733  -48.102  14.823  29.255 0.0000000000
97680  -48.981  13.144  30.743 0.0000000000
97679  -48.326  12.916  30.225 0.0000000000
128755  -46.132  12.034  31.752 0.0000000000
97683  -46.854  13.638  30.184 0.0000000000
98236  -43.278  14.841  30.952 0.0000000000
88270  -47.546  -0.826  31.797 0.0000000000
117611  -48.555  -0.689  30.582 0.0000000000
122450  -46.992  -0.515  29.059 0.0000000000
89085  -47.023  0.116  26.559 0.0000000000
88317  -46.117  -0.105  27.646 0.0000000000
105037  -30.532  27.750  33.704 0.0000000000
104063  -30.736  25.415  33.361 0.0000000000
128969  -33.488  26.810  32.601 0.0000000000
104078  -35.161  26.186  32.631 0.0000000000
119549  -34.844  28.375  32.892 0.0000000000
107537  -37.942  33.271  33.350 0.0000000000
130053  -38.871  31.406  34.293 0.0000000000
106550  -40.268  31.557  33.865 0.0000000000
105537  -40.771  30.055  33.559 0.0000000000
106061  -38.996  30.740  31.861 0.0000000000
116845  -39.061  29.472  27.137 0.0000000000
105073  -38.644  27.879  28.906 0.0000000000
105580  -41.346  28.413  28.239 0.0000000000
125358  -42.768  27.380  28.684 0.0000000000
105581  -43.386  28.890  28.390 0.0000000000
105597  -44.521  28.642  27.990 0.0000000000
106607  -43.411  30.280  27.107 0.0000000000
89013  -38.468  0.597  34.767 0.0000000000
88238  -39.925  -0.942  35.160 0.0000000000
88252  -40.858  -0.499  33.721 0.0000000000
88254  -42.505  -0.795  33.251 0.0000000000
89040  -40.872  0.820  31.827 0.0000000000
91902  -40.672  4.366  28.687 0.0000000000
90525  -41.343  2.337  28.149 0.0000000000
137597  -41.498  3.814  26.655 0.0000000000
90546  -42.928  2.723  25.234 0.0000000000
91929  -41.935  4.865  24.925 0.0000000000
101531  -44.823  20.527  39.979 0.0000000000
100364  -44.528  18.988  40.650 0.0000000000
99806  -45.052  17.719  40.652 0.0000000000
99853  -45.093  18.107  33.893 0.0000000000
99837  -43.379  17.472  34.278 0.0000000000
117885  -46.026  16.050  35.900 0.0000000000
94495  -47.698  8.499  35.945 0.0000000000
125643  -46.967  11.886  38.066 0.0000000000
95135  -46.259  9.509  36.273 0.0000000000
95759  -44.435  11.021  37.335 0.0000000000
93858  -44.941  7.546  34.634 0.0000000000
92543  -44.530  5.611  33.128 0.0000000000
92557  -46.486  5.395  32.466 0.0000000000
93947  -47.449  7.810  24.777 0.0000000000
93922  -46.738  6.945  25.997 0.0000000000
93945  -45.266  8.365  24.364 0.0000000000
93954  -42.508  7.859  23.109 0.0000000000
132781  -42.999  8.947  21.345 0.0000000000
93965  -42.826  8.006  19.842 0.0000000000
95263  -43.720  10.256  21.213 0.0000000000
95918  -40.994  10.301  22.671 0.0000000000
95260  -41.422  9.683  20.926 0.0000000000
94596  -39.694  8.538  22.201 0.0000000000
93324  -40.261  6.692  22.089 0.0000000000
94586  -39.098  8.533  23.136 0.0000000000
95173  -43.119  9.545  30.762 0.0000000000
95192  -42.438  9.661  28.593 0.0000000000
95851  -41.142  10.230  28.352 0.0000000000
115073  -36.956  9.880  26.246 0.0000000000
135639  -37.947  10.321  26.169 0.0000000000
94570  -36.868  8.405  24.935 0.0000000000
93297  -37.995  6.816  25.031 0.0000000000
93296  -37.102  6.832  25.742 0.0000000000
91916  -38.416  4.377  26.241 0.0000000000
88337  -49.667  -0.238  25.734 0.0000000000
91973  -42.570  4.762  17.309 0.0000000000
103114  -42.657  23.199  29.152 0.0000000000
102134  -43.172  20.996  29.901 0.0000000000
124918  -44.422  20.760  28.132 0.0000000000
100476  -46.018  18.355  27.569 0.0000000000
99913  -46.649  16.851  26.835 0.0000000000
117108  -46.226  15.087  28.271 0.0000000000
99361  -45.925  16.046  26.272 0.0000000000
86773  -51.110  -2.679  35.709 0.0000000000
86761  -49.673  -2.578  35.861 0.0000000000
87533  -46.813  -1.156  32.725 0.0000000000
105529  -30.042  28.377  33.029 0.0000000000
107071  -38.647  32.057  30.631 0.0000000000
106614  -39.806  31.266  25.869 0.0000000000
106616  -41.916  30.608  26.127 0.0000000000
89795  -39.825  1.979  31.021 0.0000000000
92580  -40.485  5.184  30.830 0.0000000000
115415  -41.632  5.842  30.077 0.0000000000
99823  -42.107  17.710  37.189 0.0000000000
124898  -47.459  14.529  34.968 0.0000000000
123534  -47.465  14.032  35.918 0.0000000000
96454  -47.986  11.049  35.496 0.0000000000
94497  -48.672  7.853  35.276 0.0000000000
93231  -48.877  5.775  33.883 0.0000000000
131515  -48.119  5.398  31.064 0.0000000000
92598  -49.618  5.839  29.774 0.0000000000
93289  -49.045  6.790  26.895 0.0000000000
95233  -47.146  9.389  24.020 0.0000000000
95922  -45.165  11.035  21.756 0.0000000000
95222  -46.440  10.040  24.530 0.0000000000
134125  -44.252  10.757  24.274 0.0000000000
114766  -41.872  10.888  24.828 0.0000000000
115225  -39.756  10.388  28.782 0.0000000000
97621  -40.497  13.244  38.567 0.0000000000
103597  -42.742  25.443  35.001 0.0000000000
102105  -41.473  21.782  33.573 0.0000000000
125909  -43.834  22.788  34.055 0.0000000000
101593  -44.973  20.771  33.463 0.0000000000
100422  -46.481  19.046  33.524 0.0000000000
101047  -45.526  20.023  31.504 0.0000000000
100434  -47.021  19.047  32.684 0.0000000000
99289  -47.477  16.985  33.735 0.0000000000
97669  -48.155  13.681  32.622 0.0000000000
96482  -48.895  11.567  31.898 0.0000000000
95152  -46.860  9.181  32.432 0.0000000000
94533  -44.884  8.543  30.214 0.0000000000
134452  -45.164  9.371  32.214 0.0000000000
95796  -44.598  10.578  32.570 0.0000000000
115051  -42.770  11.077  32.402 0.0000000000
118144  -45.110  14.648  30.295 0.0000000000
128867  -43.549  12.667  32.275 0.0000000000
87510  -50.687  -1.884  33.900 0.0000000000
87548  -50.420  -1.052  30.138 0.0000000000
88312  -50.276  -0.854  28.451 0.0000000000
89086  -47.858  0.173  26.043 0.0000000000
89103  -47.127  0.854  24.831 0.0000000000
90564  -46.165  2.850  22.865 0.0000000000
102092  -32.640  21.693  35.189 0.0000000000
103085  -31.366  23.858  33.713 0.0000000000
102599  -33.801  22.733  34.698 0.0000000000
103592  -35.658  24.092  34.281 0.0000000000
103613  -36.995  24.793  34.294 0.0000000000
104548  -39.146  26.750  34.509 0.0000000000
114684  -34.462  29.898  34.131 0.0000000000
105535  -36.323  29.100  33.154 0.0000000000
105040  -39.021  28.515  33.997 0.0000000000
104550  -41.233  27.648  35.245 0.0000000000
125687  -41.998  27.783  34.285 0.0000000000
104570  -41.445  27.049  33.256 0.0000000000
104086  -40.424  25.344  31.758 0.0000000000
105559  -38.280  28.780  30.759 0.0000000000
104582  -39.499  26.668  30.146 0.0000000000
103635  -41.280  24.655  29.767 0.0000000000
103638  -43.716  24.930  28.680 0.0000000000
103639  -44.829  25.061  28.445 0.0000000000
104113  -45.352  25.765  27.471 0.0000000000
105096  -44.364  27.936  27.368 0.0000000000
117144  -43.318  30.954  25.761 0.0000000000
87531  -44.819  -0.956  32.696 0.0000000000
88288  -44.457  -0.323  30.676 0.0000000000
89797  -41.110  1.414  29.979 0.0000000000
114080  -42.812  0.688  28.985 0.0000000000
114949  -44.049  0.343  27.984 0.0000000000
89832  -44.283  0.933  26.194 0.0000000000
90556  -44.592  2.466  24.164 0.0000000000
91249  -44.694  3.665  22.752 0.0000000000
97044  -41.814  12.921  38.272 0.0000000000
100417  -41.223  19.281  33.742 0.0000000000
99262  -42.665  16.786  36.315 0.0000000000
99252  -44.956  17.184  38.489 0.0000000000
98189  -47.307  14.889  37.768 0.0000000000
98707  -46.853  15.421  39.553 0.0000000000
99242  -46.079  16.588  40.569 0.0000000000
98183  -44.309  14.522  39.435 0.0000000000
96438  -42.815  11.600  37.560 0.0000000000
94486  -42.072  8.842  36.215 0.0000000000
93213  -42.826  6.303  34.080 0.0000000000
116641  -43.336  5.771  32.187 0.0000000000
93262  -43.659  6.383  28.491 0.0000000000
114068  -46.988  5.576  28.877 0.0000000000
93274  -45.012  6.547  27.285 0.0000000000
134962  -42.955  6.890  26.473 0.0000000000
115525  -42.011  6.324  24.033 0.0000000000
92652  -42.737  5.775  22.012 0.0000000000
122919  -44.268  5.125  21.310 0.0000000000
92664  -44.373  6.229  19.109 0.0000000000
93346  -43.068  7.111  17.572 0.0000000000
132848  -41.474  5.367  17.826 0.0000000000
126141  -42.212  9.628  20.048 0.0000000000
93343  -41.323  7.613  19.108 0.0000000000
91956  -40.993  5.084  19.211 0.0000000000
91948  -40.812  4.938  20.738 0.0000000000
122987  -40.446  5.017  22.490 0.0000000000
95194  -44.389  9.157  28.663 0.0000000000
95865  -42.833  10.064  26.779 0.0000000000
95889  -40.980  10.950  25.174 0.0000000000
95861  -39.268  10.663  27.291 0.0000000000
95888  -39.360  10.671  25.410 0.0000000000
95231  -38.812  9.651  24.062 0.0000000000
93315  -38.500  7.419  24.124 0.0000000000
92636  -39.159  5.822  24.720 0.0000000000
90573  -46.440  3.586  22.078 0.0000000000
90574  -47.341  3.317  21.977 0.0000000000
113914  -47.153  4.037  21.269 0.0000000000
91961  -47.130  4.758  19.548 0.0000000000
91951  -46.369  4.939  20.057 0.0000000000
102656  -46.283  22.746  26.510 0.0000000000
102157  -46.410  21.341  26.257 0.0000000000
102167  -46.443  21.329  25.854 0.0000000000
93846  -40.614  7.419  35.793 0.0000000000
93844  -40.955  7.954  36.120 0.0000000000
135062  -39.281  24.685  34.319 0.0000000000
102606  -39.714  22.299  33.615 0.0000000000
127653  -40.080  23.272  33.727 0.0000000000
94527  -46.892  7.899  31.671 0.0000000000
93872  -48.153  7.386  32.013 0.0000000000
93888  -47.495  7.202  30.295 0.0000000000
93887  -46.617  7.725  29.552 0.0000000000
118810  -46.027  8.292  28.815 0.0000000000
94540  -45.670  8.217  29.817 0.0000000000
103103  -41.707  23.568  31.955 0.0000000000
102618  -42.971  22.570  32.148 0.0000000000
102623  -42.321  22.250  31.021 0.0000000000
99328  -47.541  15.430  27.933 0.0000000000
124241  -47.544  15.692  28.981 0.0000000000
98777  -47.925  14.930  28.371 0.0000000000
98240  -48.360  13.953  29.417 0.0000000000
97689  -48.188  13.910  29.203 0.0000000000
97684  -47.984  13.398  29.768 0.0000000000
98245  -47.754  14.423  28.584 0.0000000000
85200  -51.140  -3.559  36.387 0.0000000000
88289  -46.755  -0.598  30.586 0.0000000000
88281  -47.623  -0.683  31.027 0.0000000000
88309  -46.507  -0.358  28.242 0.0000000000
121372  -46.042  -0.430  28.946 0.0000000000
105046  -31.306  28.221  33.753 0.0000000000
104565  -31.935  27.319  33.162 0.0000000000
104566  -32.737  27.502  32.949 0.0000000000
104567  -34.241  26.999  32.512 0.0000000000
105048  -33.304  28.744  33.685 0.0000000000
107546  -38.672  33.512  32.214 0.0000000000
107545  -37.866  33.945  32.342 0.0000000000
107538  -38.458  33.371  33.035 0.0000000000
107038  -39.106  32.616  34.068 0.0000000000
115790  -39.570  32.303  33.730 0.0000000000
106562  -39.671  31.756  32.895 0.0000000000
106576  -39.025  31.910  31.748 0.0000000000
105595  -40.474  28.934  27.583 0.0000000000
105579  -40.070  28.270  28.189 0.0000000000
105596  -41.583  29.222  27.657 0.0000000000
116291  -42.537  28.255  28.503 0.0000000000
106089  -42.451  29.009  28.169 0.0000000000
106090  -43.232  29.485  28.063 0.0000000000
106106  -42.985  30.014  27.553 0.0000000000
90488  -37.854  2.296  34.315 0.0000000000
89022  -38.757  1.055  33.968 0.0000000000
89023  -39.719  0.341  33.726 0.0000000000
130694  -40.249  0.410  33.245 0.0000000000
89024  -40.974  0.074  33.123 0.0000000000
124428  -41.193  5.095  27.557 0.0000000000
91223  -41.238  3.529  27.394 0.0000000000
91917  -41.237  4.490  27.068 0.0000000000
91923  -41.915  4.219  25.426 0.0000000000
92632  -41.562  5.633  26.011 0.0000000000
100390  -43.680  19.340  38.419 0.0000000000
100973  -44.504  20.062  39.329 0.0000000000
121314  -44.960  19.134  40.545 0.0000000000
100380  -45.312  18.466  40.317 0.0000000000
99840  -46.718  17.614  34.387 0.0000000000
99839  -45.599  17.395  34.397 0.0000000000
99270  -46.872  16.285  35.623 0.0000000000
93860  -47.572  7.130  34.847 0.0000000000
95136  -47.144  9.410  36.282 0.0000000000
94494  -46.379  8.863  35.771 0.0000000000
94506  -45.667  8.182  35.150 0.0000000000
93859  -46.197  7.373  34.679 0.0000000000
93215  -45.419  6.673  34.175 0.0000000000
92545  -46.964  5.512  33.180 0.0000000000
94579  -46.492  8.661  23.928 0.0000000000
93946  -46.511  8.022  24.544 0.0000000000
94578  -45.710  9.089  23.532 0.0000000000
94577  -43.799  8.740  23.479 0.0000000000
94588  -43.765  9.265  22.544 0.0000000000
94598  -43.594  9.653  21.485 0.0000000000
95251  -44.588  10.178  21.804 0.0000000000
95249  -40.572  9.696  21.934 0.0000000000
95248  -39.665  9.170  22.406 0.0000000000
95172  -42.136  9.810  30.948 0.0000000000
95181  -42.510  9.545  30.043 0.0000000000
95180  -41.575  9.722  29.971 0.0000000000
94560  -36.031  8.864  26.031 0.0000000000
94569  -36.495  8.578  25.423 0.0000000000
93929  -36.692  7.931  25.210 0.0000000000
121848  -37.049  7.414  25.116 0.0000000000
93295  -36.652  7.459  25.573 0.0000000000
92625  -37.508  5.963  26.280 0.0000000000
122568  -36.398  7.124  26.244 0.0000000000
89095  -48.731  0.178  25.404 0.0000000000
91287  -44.477  4.589  17.877 0.0000000000
91286  -43.617  4.549  17.538 0.0000000000
103115  -43.646  23.418  28.620 0.0000000000
102146  -43.693  21.369  28.684 0.0000000000
102147  -44.797  21.875  27.934 0.0000000000
101088  -46.388  19.533  25.969 0.0000000000
101087  -45.823  19.263  27.019 0.0000000000
100485  -46.349  18.490  26.247 0.0000000000
100477  -46.460  17.629  27.017 0.0000000000
100497  -46.418  17.484  26.049 0.0000000000
125777  -46.534  16.220  26.280 0.0000000000
99925  -46.165  17.340  25.640 0.0000000000
123919  -44.493  16.903  25.821 0.0000000000
85982  -49.923  -3.002  36.874 0.0000000000
87521  -46.745  -1.445  33.363 0.0000000000
105528  -29.208  28.300  32.807 0.0000000000
106113  -39.253  30.339  26.558 0.0000000000
106625  -39.943  32.072  25.375 0.0000000000
107113  -39.395  32.685  25.673 0.0000000000
92540  -40.778  6.176  33.113 0.0000000000
114808  -40.291  5.613  32.324 0.0000000000
92567  -40.956  5.720  31.483 0.0000000000
92581  -41.115  5.626  30.684 0.0000000000
114762  -41.763  6.009  30.981 0.0000000000
102099  -36.780  22.206  34.793 0.0000000000
99831  -40.752  17.532  35.898 0.0000000000
97075  -48.081  12.519  34.034 0.0000000000
119596  -47.652  12.170  35.291 0.0000000000
96455  -48.508  10.702  34.251 0.0000000000
94521  -49.288  6.851  33.417 0.0000000000
95143  -48.809  8.385  34.717 0.0000000000
93868  -49.445  6.275  33.864 0.0000000000
129252  -49.005  6.668  34.873 0.0000000000
93238  -49.523  5.897  32.697 0.0000000000
92574  -49.213  5.584  31.866 0.0000000000
93245  -49.485  5.814  31.976 0.0000000000
94548  -48.251  7.756  27.174 0.0000000000
93906  -49.574  6.377  28.120 0.0000000000
93913  -48.738  7.366  26.704 0.0000000000
94571  -48.181  8.138  25.227 0.0000000000
138167  -47.992  8.484  25.328 0.0000000000
95232  -46.765  9.886  24.104 0.0000000000
118160  -46.630  9.657  25.303 0.0000000000
135775  -45.282  9.384  26.972 0.0000000000
95892  -44.722  10.464  24.913 0.0000000000
95881  -43.929  10.268  25.652 0.0000000000
116352  -42.767  10.828  24.533 0.0000000000
95880  -43.066  10.297  25.887 0.0000000000
104060  -43.334  25.572  34.643 0.0000000000
103077  -43.373  24.818  34.703 0.0000000000
103091  -43.997  24.343  34.249 0.0000000000
102111  -44.709  22.191  33.079 0.0000000000
102108  -44.616  22.066  33.361 0.0000000000
101598  -45.442  21.226  33.109 0.0000000000
101594  -45.780  20.498  33.219 0.0000000000
101023  -46.292  20.109  33.109 0.0000000000
101634  -44.214  19.806  29.840 0.0000000000
101633  -43.748  20.455  30.524 0.0000000000
101061  -44.965  19.391  30.419 0.0000000000
99308  -46.931  17.137  31.237 0.0000000000
100445  -46.763  18.824  31.751 0.0000000000
99298  -47.232  17.483  32.434 0.0000000000
99865  -47.423  17.570  33.319 0.0000000000
99299  -47.285  16.708  32.702 0.0000000000
128764  -47.650  14.680  32.736 0.0000000000
125219  -47.736  14.877  31.950 0.0000000000
96497  -48.868  12.004  31.044 0.0000000000
97097  -49.036  12.228  31.578 0.0000000000
96481  -48.544  11.212  31.681 0.0000000000
95799  -48.335  10.291  32.155 0.0000000000
95798  -47.468  9.965  32.177 0.0000000000
95151  -45.793  9.354  32.260 0.0000000000
96479  -46.595  10.659  32.026 0.0000000000
120905  -45.740  11.355  32.153 0.0000000000
96478  -44.740  11.242  32.547 0.0000000000
96477  -43.775  11.002  32.661 0.0000000000
98767  -45.607  14.893  29.350 0.0000000000
122503  -42.967  14.226  31.528 0.0000000000
98229  -43.897  14.251  31.343 0.0000000000
135597  -50.020  -1.944  34.741 0.0000000000
86784  -50.737  -2.116  34.669 0.0000000000
87509  -50.020  -1.733  34.100 0.0000000000
88290  -48.521  -0.609  29.766 0.0000000000
88282  -49.683  -0.914  30.949 0.0000000000
88291  -49.441  -0.713  29.989 0.0000000000
88301  -50.273  -0.892  29.333 0.0000000000
88311  -49.160  -0.598  28.074 0.0000000000
88319  -49.054  -0.473  27.184 0.0000000000
88328  -47.954  -0.175  26.888 0.0000000000
114986  -46.201  0.429  26.222 0.0000000000
114764  -47.008  0.465  25.727 0.0000000000
89840  -46.282  1.163  24.754 0.0000000000
89856  -46.422  2.119  23.549 0.0000000000
89848  -45.893  1.653  24.317 0.0000000000
131805  -28.794  21.905  35.066 0.0000000000
101567  -29.568  20.695  35.735 0.0000000000
102096  -30.343  21.850  34.747 0.0000000000
102091  -31.765  21.482  35.179 0.0000000000
102097  -31.205  21.975  34.741 0.0000000000
104547  -27.721  26.236  34.085 0.0000000000
104062  -29.155  25.849  33.654 0.0000000000
136911  -32.313  25.371  32.989 0.0000000000
103607  -31.323  24.670  33.406 0.0000000000
103608  -32.248  24.466  33.379 0.0000000000
103070  -33.002  23.140  34.277 0.0000000000
103088  -33.999  23.920  33.852 0.0000000000
103071  -34.387  23.389  34.390 0.0000000000
103610  -34.373  24.535  33.447 0.0000000000
104079  -36.240  26.103  32.889 0.0000000000
104069  -36.650  25.429  33.635 0.0000000000
104080  -37.232  26.295  33.328 0.0000000000
104056  -38.603  25.770  34.381 0.0000000000
104071  -38.143  26.334  33.921 0.0000000000
106039  -35.456  30.053  33.981 0.0000000000
106025  -35.969  30.797  34.208 0.0000000000
106027  -39.839  30.765  34.403 0.0000000000
105518  -38.686  29.404  33.881 0.0000000000
105519  -39.934  29.579  34.471 0.0000000000
105028  -39.541  27.833  34.509 0.0000000000
105520  -40.713  29.274  34.621 0.0000000000
105030  -41.340  28.448  34.850 0.0000000000
105510  -41.216  29.098  34.507 0.0000000000
105550  -39.873  29.260  32.441 0.0000000000
114535  -41.259  27.969  33.395 0.0000000000
122472  -40.245  27.668  32.440 0.0000000000
104082  -40.943  26.001  32.589 0.0000000000
104574  -39.550  26.968  31.664 0.0000000000
106575  -37.999  30.957  29.991 0.0000000000
138118  -37.901  30.034  30.250 0.0000000000
105565  -37.700  28.896  29.473 0.0000000000
105067  -39.899  27.067  29.310 0.0000000000
119962  -39.069  27.324  29.526 0.0000000000
128195  -40.177  26.510  29.669 0.0000000000
104583  -40.088  25.956  30.208 0.0000000000
104092  -41.283  25.469  29.588 0.0000000000
103636  -42.464  24.648  29.172 0.0000000000
104585  -41.797  26.046  29.291 0.0000000000
104590  -43.963  27.236  28.557 0.0000000000
104096  -44.370  25.729  28.505 0.0000000000
104097  -45.266  25.630  28.270 0.0000000000
103640  -45.736  25.017  28.270 0.0000000000
104098  -45.766  25.357  28.108 0.0000000000
104102  -45.331  26.285  27.922 0.0000000000
105604  -44.470  28.926  27.373 0.0000000000
105088  -44.606  27.944  27.891 0.0000000000
105095  -43.681  27.712  26.746 0.0000000000
106116  -44.212  29.656  26.478 0.0000000000
106628  -42.565  31.212  25.445 0.0000000000
87503  -43.155  -2.048  34.199 0.0000000000
88265  -42.699  -0.310  32.311 0.0000000000
88256  -44.120  -0.780  32.620 0.0000000000
88277  -43.866  -0.300  31.373 0.0000000000
88278  -44.879  -0.559  31.518 0.0000000000
88287  -43.696  -0.027  30.574 0.0000000000
90511  -39.756  2.756  30.600 0.0000000000
89796  -40.353  1.786  30.347 0.0000000000
89804  -40.726  1.876  29.485 0.0000000000
90534  -42.105  2.182  27.127 0.0000000000
89813  -42.193  1.486  28.152 0.0000000000
89063  -42.747  0.950  28.136 0.0000000000
89064  -43.434  0.491  28.526 0.0000000000
89082  -43.890  0.583  27.090 0.0000000000
89074  -44.594  0.314  27.487 0.0000000000
89831  -43.432  1.306  26.477 0.0000000000
90554  -42.918  3.335  24.601 0.0000000000
90555  -43.657  2.723  24.547 0.0000000000
91242  -43.464  3.345  24.026 0.0000000000
90562  -44.193  3.124  23.713 0.0000000000
91248  -43.730  3.718  23.362 0.0000000000
99248  -43.000  16.550  40.024 0.0000000000
98181  -41.676  14.177  38.882 0.0000000000
102106  -42.701  21.736  33.665 0.0000000000
135811  -41.567  21.090  33.537 0.0000000000
100418  -42.078  19.131  33.611 0.0000000000
115438  -44.267  16.250  36.156 0.0000000000
99267  -42.491  16.811  35.428 0.0000000000
99263  -43.576  16.590  36.700 0.0000000000
99256  -42.995  17.121  37.067 0.0000000000
99258  -45.129  16.451  38.058 0.0000000000
97635  -47.432  12.999  36.447 0.0000000000
135393  -47.391  14.662  37.402 0.0000000000
97632  -47.398  13.267  37.482 0.0000000000
97054  -46.527  12.399  38.352 0.0000000000
97629  -47.185  13.568  38.879 0.0000000000
97627  -46.848  13.874  39.298 0.0000000000
98705  -46.674  15.781  40.149 0.0000000000
98176  -46.231  15.256  40.287 0.0000000000
98175  -45.163  15.237  40.076 0.0000000000
132926  -45.006  13.196  38.565 0.0000000000
95133  -43.844  9.298  35.937 0.0000000000
96439  -43.914  11.674  37.592 0.0000000000
95123  -43.355  9.763  36.498 0.0000000000
95757  -42.337  10.820  37.312 0.0000000000
95132  -42.929  9.096  35.991 0.0000000000
94492  -42.510  8.322  35.581 0.0000000000
135458  -42.932  7.658  34.996 0.0000000000
92570  -44.907  5.469  31.675 0.0000000000
92555  -44.213  5.561  32.364 0.0000000000
114304  -44.521  5.600  30.904 0.0000000000
92593  -43.286  6.057  30.068 0.0000000000
114015  -44.162  5.829  30.143 0.0000000000
118500  -48.228  5.486  28.952 0.0000000000
92596  -47.618  5.389  29.998 0.0000000000
92608  -48.064  5.702  27.916 0.0000000000
93921  -45.592  7.151  25.934 0.0000000000
93286  -45.783  6.688  26.600 0.0000000000
93285  -44.710  6.865  26.576 0.0000000000
93273  -43.984  6.649  27.219 0.0000000000
93919  -43.175  7.233  25.817 0.0000000000
93299  -42.366  7.020  25.356 0.0000000000
93931  -43.037  7.660  24.829 0.0000000000
132390  -42.381  7.350  22.462 0.0000000000
93325  -42.419  6.546  22.294 0.0000000000
118418  -42.699  6.438  21.443 0.0000000000
91949  -43.373  5.390  21.688 0.0000000000
92657  -43.052  6.036  21.009 0.0000000000
91958  -44.862  5.597  20.094 0.0000000000
92663  -43.495  6.520  19.790 0.0000000000
121327  -42.813  8.351  18.658 0.0000000000
93345  -43.290  7.575  18.091 0.0000000000
93359  -42.660  7.535  17.611 0.0000000000
92677  -42.514  6.502  17.292 0.0000000000
93355  -42.105  7.424  17.716 0.0000000000
96527  -44.736  11.139  21.827 0.0000000000
95931  -44.238  10.658  21.489 0.0000000000
95930  -43.405  10.532  21.354 0.0000000000
93964  -40.607  7.902  20.800 0.0000000000
116801  -41.263  8.835  19.836 0.0000000000
93334  -40.929  7.223  20.019 0.0000000000
93335  -41.269  6.555  18.998 0.0000000000
92662  -40.887  6.089  20.276 0.0000000000
92656  -40.618  5.965  21.513 0.0000000000
93323  -39.724  6.942  22.856 0.0000000000
92651  -40.232  5.943  22.583 0.0000000000
92643  -40.062  5.270  23.261 0.0000000000
91934  -40.393  4.079  22.765 0.0000000000
133962  -44.298  8.906  30.487 0.0000000000
95183  -44.286  8.967  29.694 0.0000000000
95852  -41.835  9.970  28.013 0.0000000000
95201  -42.655  9.803  27.699 0.0000000000
95864  -41.952  10.192  27.118 0.0000000000
95879  -42.045  10.443  26.142 0.0000000000
95878  -41.232  10.735  25.851 0.0000000000
95849  -39.142  10.499  28.159 0.0000000000
117141  -37.735  9.612  24.964 0.0000000000
95887  -38.378  10.375  25.703 0.0000000000
95220  -38.582  10.072  24.767 0.0000000000
95898  -39.463  10.366  24.595 0.0000000000
95230  -37.997  9.288  24.234 0.0000000000
94585  -38.426  8.509  23.696 0.0000000000
94575  -37.844  8.539  24.062 0.0000000000
130171  -38.513  6.545  24.800 0.0000000000
91922  -39.238  5.060  25.085 0.0000000000
91928  -39.556  4.858  24.559 0.0000000000
89857  -47.344  1.930  23.263 0.0000000000
90566  -47.898  2.568  22.357 0.0000000000
91269  -48.217  3.933  19.942 0.0000000000
102654  -45.837  22.471  27.309 0.0000000000
102156  -45.648  21.296  27.117 0.0000000000
120785  -46.260  22.117  26.686 0.0000000000
118490  -46.342  18.889  25.573 0.0000000000
122203  -45.958  17.956  25.175 0.0000000000
100509  -45.646  18.670  25.039 0.0000000000
134217  -40.755  6.315  33.876 0.0000000000
93225  -41.444  6.329  33.754 0.0000000000
103075  -38.158  23.293  34.157 0.0000000000
137556  -38.834  22.025  33.732 0.0000000000
101017  -40.115  20.129  33.798 0.0000000000
116671  -48.505  9.544  33.014 0.0000000000
127188  -48.651  9.335  33.998 0.0000000000
95154  -48.507  8.526  33.164 0.0000000000
93873  -49.184  6.670  32.601 0.0000000000
93880  -49.075  6.446  31.745 0.0000000000
93244  -49.432  5.870  31.339 0.0000000000
93889  -48.956  6.367  30.753 0.0000000000
93904  -48.113  7.403  28.167 0.0000000000
94555  -47.246  8.536  26.880 0.0000000000
95215  -46.900  9.191  26.094 0.0000000000
94547  -47.066  8.073  27.940 0.0000000000
130526  -46.037  8.665  27.798 0.0000000000
95195  -45.059  9.177  27.664 0.0000000000
104083  -42.186  25.675  33.217 0.0000000000
103623  -43.863  24.641  33.852 0.0000000000
103622  -42.928  24.269  32.977 0.0000000000
102613  -44.166  22.532  32.766 0.0000000000
102114  -44.305  21.769  32.381 0.0000000000
118782  -46.241  18.029  29.409 0.0000000000
100456  -45.997  18.645  30.002 0.0000000000
99891  -46.591  17.526  29.721 0.0000000000
99317  -46.939  16.788  29.949 0.0000000000
98768  -47.749  15.217  30.539 0.0000000000
98231  -48.143  14.547  30.894 0.0000000000
132989  -48.347  14.322  29.921 0.0000000000
97686  -48.944  13.004  30.354 0.0000000000
97102  -48.175  12.266  30.671 0.0000000000
97096  -46.964  11.351  31.615 0.0000000000
137631  -47.231  11.943  31.287 0.0000000000
97101  -46.735  12.575  31.209 0.0000000000
97677  -46.160  13.365  31.121 0.0000000000
98766  -44.478  15.236  29.815 0.0000000000
86005  -51.381  -2.671  33.723 0.0000000000
87535  -48.551  -1.167  32.452 0.0000000000
117904  -49.565  -1.344  32.687 0.0000000000
88271  -48.505  -0.866  31.563 0.0000000000
88299  -47.987  -0.509  29.131 0.0000000000
115132  -48.123  -0.445  27.746 0.0000000000
88318  -47.026  -0.286  27.469 0.0000000000
89076  -46.203  0.112  26.999 0.0000000000
89092  -45.286  0.697  25.928 0.0000000000
103065  -28.536  23.282  34.670 0.0000000000
104557  -29.316  27.024  33.659 0.0000000000
126301  -30.039  26.219  33.501 0.0000000000
104559  -30.562  26.774  33.452 0.0000000000
104076  -31.827  26.186  32.928 0.0000000000
132653  -32.880  26.076  32.661 0.0000000000
104067  -34.742  25.257  33.008 0.0000000000
104077  -34.063  25.998  32.577 0.0000000000
133439  -35.027  27.387  32.541 0.0000000000
105049  -35.855  28.019  32.627 0.0000000000
107060  -36.127  32.508  32.594 0.0000000000
106026  -37.441  31.270  34.192 0.0000000000
106535  -38.571  32.107  34.338 0.0000000000
106536  -39.728  31.861  34.256 0.0000000000
106537  -40.470  30.936  34.105 0.0000000000
106042  -40.925  30.289  34.093 0.0000000000
106041  -40.671  30.827  33.876 0.0000000000
106049  -40.107  30.693  32.999 0.0000000000
105549  -38.972  29.549  31.732 0.0000000000
106088  -38.223  29.485  28.061 0.0000000000
105577  -38.358  28.611  28.436 0.0000000000
105578  -39.084  28.307  28.209 0.0000000000
105075  -40.544  27.601  28.702 0.0000000000
104588  -41.814  26.742  29.096 0.0000000000
105077  -43.577  28.115  28.483 0.0000000000
105078  -44.253  28.027  28.329 0.0000000000
105079  -44.513  27.959  28.118 0.0000000000
105582  -44.081  28.715  28.383 0.0000000000
134913  -44.300  29.349  27.733 0.0000000000
106608  -44.062  30.026  27.159 0.0000000000
91170  -37.221  2.901  34.940 0.0000000000
89767  -37.665  1.635  34.893 0.0000000000
89760  -37.881  0.969  35.240 0.0000000000
89014  -38.902  -0.098  35.091 0.0000000000
87517  -42.609  -1.490  33.845 0.0000000000
88253  -41.546  -0.605  33.462 0.0000000000
89035  -42.012  0.161  32.135 0.0000000000
89042  -42.417  0.208  31.603 0.0000000000
91214  -40.431  3.375  29.085 0.0000000000
90524  -40.803  2.755  28.489 0.0000000000
91222  -40.788  3.555  28.209 0.0000000000
90533  -41.558  2.636  27.499 0.0000000000
90542  -42.379  2.337  26.493 0.0000000000
116166  -42.969  2.053  25.943 0.0000000000
91230  -42.366  2.819  25.922 0.0000000000
117377  -42.345  4.036  24.694 0.0000000000
116324  -42.304  4.739  24.211 0.0000000000
100365  -44.702  19.473  40.605 0.0000000000
126417  -44.906  18.649  40.682 0.0000000000
99249  -44.080  16.446  40.326 0.0000000000
128412  -43.801  18.726  33.613 0.0000000000
99851  -43.108  18.095  33.844 0.0000000000
99852  -44.026  18.008  33.824 0.0000000000
99269  -45.096  16.213  35.574 0.0000000000
98717  -45.403  15.829  36.678 0.0000000000
95769  -47.497  10.579  36.694 0.0000000000
135709  -47.281  11.810  37.642 0.0000000000
95768  -47.136  10.902  37.107 0.0000000000
95761  -46.643  11.199  37.433 0.0000000000
95760  -45.567  11.113  37.379 0.0000000000
96440  -45.042  11.679  37.718 0.0000000000
95766  -44.963  10.502  36.913 0.0000000000
95134  -44.768  9.381  35.980 0.0000000000
94505  -44.546  8.315  35.120 0.0000000000
93857  -43.874  7.675  34.750 0.0000000000
93228  -44.602  6.111  33.709 0.0000000000
137226  -45.158  5.762  33.370 0.0000000000
114429  -45.616  5.426  31.006 0.0000000000
93300  -48.312  7.132  25.796 0.0000000000
93276  -47.359  6.166  27.108 0.0000000000
93934  -46.599  7.472  25.288 0.0000000000
93933  -45.413  7.680  25.195 0.0000000000
93944  -43.906  8.260  24.293 0.0000000000
93943  -42.972  8.088  23.919 0.0000000000
94576  -43.078  8.556  23.150 0.0000000000
93958  -42.581  8.127  21.937 0.0000000000
121092  -42.622  7.368  21.345 0.0000000000
128001  -42.817  8.576  20.703 0.0000000000
94605  -42.786  9.079  19.608 0.0000000000
94617  -42.607  8.840  18.947 0.0000000000
95919  -42.054  10.647  22.478 0.0000000000
95929  -42.534  10.506  21.674 0.0000000000
95250  -41.614  10.229  21.707 0.0000000000
94597  -40.442  9.115  21.301 0.0000000000
93963  -40.302  8.437  21.402 0.0000000000
93957  -40.025  7.661  21.990 0.0000000000
93953  -39.334  7.818  23.011 0.0000000000
93316  -39.091  7.199  23.675 0.0000000000
129972  -43.183  9.434  29.933 0.0000000000
128019  -42.222  9.614  29.356 0.0000000000
95863  -41.172  10.344  27.499 0.0000000000
95874  -37.548  10.294  26.564 0.0000000000
95875  -38.414  10.586  26.684 0.0000000000
95211  -37.439  9.884  25.763 0.0000000000
95219  -37.006  9.109  25.145 0.0000000000
93941  -37.537  7.917  24.397 0.0000000000
93930  -37.055  7.908  24.720 0.0000000000
133593  -37.467  7.007  25.166 0.0000000000
92630  -37.849  6.368  25.570 0.0000000000
92626  -38.235  5.399  25.977 0.0000000000
91915  -37.787  5.017  26.655 0.0000000000
88330  -50.299  -0.697  26.490 0.0000000000
103112  -41.877  23.055  29.737 0.0000000000
102121  -42.709  21.631  30.489 0.0000000000
102133  -42.922  21.800  29.228 0.0000000000
101642  -43.761  20.459  29.242 0.0000000000
101643  -44.376  19.880  28.605 0.0000000000
101653  -45.101  20.119  27.447 0.0000000000
122904  -44.942  19.370  28.030 0.0000000000
101078  -45.379  18.804  28.117 0.0000000000
100469  -46.331  17.804  28.230 0.0000000000
99902  -46.737  17.008  27.719 0.0000000000
98795  -47.257  15.370  27.254 0.0000000000
98786  -47.474  14.949  27.662 0.0000000000
98793  -46.138  15.707  26.793 0.0000000000
98785  -45.410  15.587  27.602 0.0000000000
99924  -45.603  17.141  25.527 0.0000000000
99360  -45.211  15.943  26.640 0.0000000000
85984  -51.202  -3.006  36.674 0.0000000000
123846  -51.066  -3.357  37.593 0.0000000000
86762  -50.757  -2.730  36.297 0.0000000000
128844  -49.401  -2.189  35.043 0.0000000000
85990  -48.508  -2.994  36.253 0.0000000000
86771  -48.678  -2.497  35.404 0.0000000000
87508  -48.295  -1.648  33.909 0.0000000000
87522  -47.746  -1.370  33.160 0.0000000000
88269  -46.775  -0.891  32.104 0.0000000000
131873  -46.153  -0.592  30.986 0.0000000000
105035  -28.203  27.758  33.540 0.0000000000
105036  -29.780  27.834  33.651 0.0000000000
105045  -30.555  28.219  33.626 0.0000000000
119901  -31.388  28.486  33.641 0.0000000000
124882  -39.006  33.000  31.419 0.0000000000
106101  -38.384  30.486  27.802 0.0000000000
106102  -38.645  29.881  27.281 0.0000000000
106103  -39.717  29.489  26.891 0.0000000000
106115  -40.977  30.123  26.241 0.0000000000
106615  -40.654  30.915  25.578 0.0000000000
106626  -40.694  31.767  25.024 0.0000000000
92566  -40.080  5.131  31.505 0.0000000000
91889  -40.206  4.509  30.357 0.0000000000
92590  -40.794  5.232  30.046 0.0000000000
136405  -41.197  5.519  29.628 0.0000000000
92605  -41.698  5.912  28.371 0.0000000000
100399  -41.795  18.588  37.640 0.0000000000
100400  -43.876  18.476  38.090 0.0000000000
98200  -47.436  15.522  34.595 0.0000000000
98720  -47.333  15.755  35.838 0.0000000000
97643  -47.563  13.296  35.094 0.0000000000
97063  -47.519  11.766  36.467 0.0000000000
95782  -48.588  9.953  34.347 0.0000000000
128801  -48.586  9.320  35.031 0.0000000000
127453  -48.236  9.479  35.997 0.0000000000
94496  -48.312  8.086  35.647 0.0000000000
93861  -48.734  6.873  34.985 0.0000000000
93217  -48.243  6.330  34.428 0.0000000000
92558  -47.779  5.400  32.481 0.0000000000
92559  -48.779  5.423  32.499 0.0000000000
92584  -48.997  5.486  30.451 0.0000000000
92609  -49.176  5.668  28.472 0.0000000000
93898  -49.914  6.065  28.902 0.0000000000
93265  -49.866  6.049  28.545 0.0000000000
134449  -49.100  6.403  27.118 0.0000000000
93936  -48.119  7.688  25.223 0.0000000000
94581  -47.751  8.269  24.644 0.0000000000
95244  -46.828  9.348  23.585 0.0000000000
95242  -45.480  10.220  22.309 0.0000000000
95904  -46.538  9.871  23.459 0.0000000000
95914  -45.868  10.560  22.796 0.0000000000
118853  -45.250  10.737  23.678 0.0000000000
95221  -45.663  10.075  25.229 0.0000000000
95893  -45.719  10.402  24.420 0.0000000000
115439  -44.232  11.029  23.484 0.0000000000
114765  -43.190  11.044  23.686 0.0000000000
95901  -42.215  10.953  24.044 0.0000000000
95900  -41.290  10.812  24.334 0.0000000000
113985  -40.799  10.071  30.204 0.0000000000
95837  -40.293  10.260  29.452 0.0000000000
130854  -39.016  10.423  28.994 0.0000000000
95848  -38.350  10.488  28.419 0.0000000000
131204  -37.358  10.400  27.195 0.0000000000
95873  -36.818  10.165  26.821 0.0000000000
95210  -36.334  9.623  26.395 0.0000000000
103596  -41.431  25.405  34.884 0.0000000000
120095  -41.503  23.645  34.129 0.0000000000
103614  -42.129  24.591  34.652 0.0000000000
124524  -42.625  22.615  33.868 0.0000000000
101591  -43.121  20.909  33.598 0.0000000000
102609  -44.271  23.485  33.995 0.0000000000
102107  -44.017  22.058  33.799 0.0000000000
124778  -43.766  20.306  33.549 0.0000000000
101022  -45.339  19.836  33.496 0.0000000000
100421  -45.694  19.010  33.592 0.0000000000
99841  -47.156  17.571  34.296 0.0000000000
102122  -43.400  21.145  31.157 0.0000000000
101620  -44.228  20.893  31.688 0.0000000000
120615  -45.171  20.762  32.097 0.0000000000
101062  -45.929  19.268  30.875 0.0000000000
101048  -46.182  19.849  31.938 0.0000000000
101033  -46.328  20.127  32.737 0.0000000000
101034  -46.695  19.653  32.986 0.0000000000
99856  -47.357  17.741  33.959 0.0000000000
99280  -47.303  16.957  34.516 0.0000000000
130563  -47.402  15.405  33.705 0.0000000000
97649  -47.777  13.504  33.828 0.0000000000
97076  -48.597  11.932  33.183 0.0000000000
97670  -48.879  12.977  31.535 0.0000000000
120956  -48.920  11.863  32.341 0.0000000000
95800  -48.630  10.730  32.423 0.0000000000
94519  -47.419  8.256  32.309 0.0000000000
94534  -45.635  8.280  30.654 0.0000000000
94526  -45.889  8.429  31.375 0.0000000000
95164  -45.351  8.932  31.858 0.0000000000
95163  -44.544  9.359  31.927 0.0000000000
116885  -45.438  10.630  32.414 0.0000000000
122212  -45.093  9.893  32.535 0.0000000000
95162  -43.594  9.724  31.670 0.0000000000
95795  -43.214  10.384  32.131 0.0000000000
95161  -42.391  10.448  31.779 0.0000000000
98244  -46.864  14.478  28.794 0.0000000000
98238  -46.264  14.313  29.847 0.0000000000
97676  -44.848  13.663  31.546 0.0000000000
98237  -44.149  14.819  30.662 0.0000000000
97667  -44.395  12.856  32.114 0.0000000000
85991  -51.361  -3.030  35.721 0.0000000000
86790  -51.165  -2.290  34.029 0.0000000000
87524  -50.997  -1.865  33.240 0.0000000000
87542  -49.567  -1.123  31.928 0.0000000000
87536  -50.548  -1.547  32.408 0.0000000000
116729  -51.083  -1.743  31.822 0.0000000000
88320  -50.320  -0.849  27.526 0.0000000000
88329  -48.853  -0.236  26.288 0.0000000000
89104  -48.310  0.691  24.625 0.0000000000
89094  -47.768  0.458  25.315 0.0000000000
89850  -47.821  1.322  23.928 0.0000000000
91250  -45.636  3.459  22.574 0.0000000000
103590  -29.162  23.853  34.139 0.0000000000
125625  -29.878  25.134  33.557 0.0000000000
103084  -30.459  23.706  33.856 0.0000000000
103068  -30.972  23.160  34.091 0.0000000000
126880  -32.226  22.854  34.369 0.0000000000
102598  -32.881  22.406  34.724 0.0000000000
102589  -34.325  22.069  35.236 0.0000000000
102600  -34.759  22.772  34.863 0.0000000000
102601  -35.583  22.826  34.887 0.0000000000
129244  -36.807  23.448  34.618 0.0000000000
103611  -35.264  24.623  33.659 0.0000000000
103593  -36.468  24.158  34.469 0.0000000000
103594  -37.269  24.212  34.496 0.0000000000
103595  -38.204  24.297  34.363 0.0000000000
116883  -38.919  25.263  34.477 0.0000000000
126912  -40.096  25.416  34.684 0.0000000000
105532  -33.264  29.334  34.013 0.0000000000
105533  -34.027  29.166  33.835 0.0000000000
105050  -37.036  28.131  32.718 0.0000000000
119415  -38.230  30.321  33.910 0.0000000000
105536  -37.490  29.107  33.388 0.0000000000
105039  -37.940  28.253  33.343 0.0000000000
104549  -40.264  27.290  35.102 0.0000000000
104057  -41.024  26.288  35.235 0.0000000000
121299  -41.730  26.987  35.316 0.0000000000
121433  -42.515  26.623  34.986 0.0000000000
104562  -42.647  26.814  34.465 0.0000000000
105052  -41.463  28.893  33.826 0.0000000000
104561  -42.151  27.604  33.933 0.0000000000
104571  -42.265  26.645  33.674 0.0000000000
103621  -41.100  25.037  32.384 0.0000000000
103102  -40.984  23.968  31.341 0.0000000000
131409  -38.337  30.836  30.859 0.0000000000
106060  -38.234  29.780  30.924 0.0000000000
105055  -38.838  28.355  31.442 0.0000000000
105566  -37.979  28.341  29.186 0.0000000000
105061  -38.410  27.900  30.578 0.0000000000
104573  -38.919  27.415  31.148 0.0000000000
104578  -39.724  26.104  30.777 0.0000000000
104089  -40.178  25.345  30.898 0.0000000000
103632  -41.082  23.866  30.445 0.0000000000
127521  -41.600  23.797  29.737 0.0000000000
126655  -43.150  24.077  28.830 0.0000000000
124752  -44.232  24.290  28.505 0.0000000000
104095  -43.247  25.606  28.767 0.0000000000
103116  -44.875  23.647  28.200 0.0000000000
103117  -45.855  24.362  28.058 0.0000000000
103126  -46.153  23.937  27.515 0.0000000000
104609  -44.870  27.114  27.756 0.0000000000
124464  -45.012  26.475  27.516 0.0000000000
106606  -42.742  30.371  26.913 0.0000000000
106618  -43.684  30.427  26.529 0.0000000000
106619  -44.165  30.130  26.580 0.0000000000
87505  -45.614  -1.835  33.929 0.0000000000
123893  -43.911  -1.752  33.791 0.0000000000
87504  -44.715  -1.799  33.826 0.0000000000
120151  -45.295  -1.320  33.255 0.0000000000
136471  -45.508  -1.022  32.725 0.0000000000
88279  -45.909  -0.700  31.700 0.0000000000
118175  -45.002  -0.352  29.930 0.0000000000
89788  -40.453  1.351  31.248 0.0000000000
89041  -41.204  0.841  31.258 0.0000000000
89050  -42.521  0.549  30.202 0.0000000000
89805  -41.571  1.439  29.301 0.0000000000
89057  -42.296  0.882  29.506 0.0000000000
89051  -43.264  0.284  30.100 0.0000000000
89052  -44.074  0.059  29.848 0.0000000000
136376  -44.559  -0.100  29.378 0.0000000000
88296  -45.093  -0.209  28.967 0.0000000000
89075  -45.385  0.157  27.421 0.0000000000
89083  -44.813  0.465  26.781 0.0000000000
89838  -44.665  1.356  25.387 0.0000000000
90547  -43.493  2.202  25.255 0.0000000000
90548  -44.158  1.970  24.897 0.0000000000
89847  -45.024  1.793  24.593 0.0000000000
90563  -45.102  2.948  23.333 0.0000000000
98172  -41.132  14.674  39.166 0.0000000000
123062  -41.102  12.872  38.350 0.0000000000
96436  -40.833  11.354  37.796 0.0000000000
102607  -41.118  22.657  33.664 0.0000000000
120563  -40.658  18.714  34.315 0.0000000000
100412  -42.257  18.259  33.911 0.0000000000
135555  -41.798  17.835  34.368 0.0000000000
99832  -41.274  17.289  35.621 0.0000000000
99829  -42.148  17.156  36.593 0.0000000000
132306  -43.103  17.856  37.504 0.0000000000
99819  -44.851  18.178  38.789 0.0000000000
98719  -47.135  15.787  36.189 0.0000000000
98714  -47.091  15.371  37.229 0.0000000000
98713  -46.469  15.564  37.590 0.0000000000
97056  -47.331  12.894  38.201 0.0000000000
98711  -47.073  15.132  38.478 0.0000000000
98710  -46.571  15.765  38.638 0.0000000000
99259  -46.036  16.274  38.606 0.0000000000
99820  -46.212  16.880  40.124 0.0000000000
132953  -45.627  17.756  39.758 0.0000000000
99241  -45.606  17.010  40.605 0.0000000000
98702  -44.793  15.965  40.357 0.0000000000
128664  -43.977  15.166  39.803 0.0000000000
97053  -44.639  12.429  38.088 0.0000000000
97046  -43.937  13.123  38.398 0.0000000000
97045  -42.801  13.034  38.301 0.0000000000
97051  -42.274  12.304  37.878 0.0000000000
96437  -41.792  11.498  37.636 0.0000000000
95121  -41.589  9.338  36.742 0.0000000000
94491  -41.687  8.123  35.855 0.0000000000
121622  -41.958  6.500  34.316 0.0000000000
93226  -42.173  6.236  33.741 0.0000000000
93227  -43.598  5.952  33.554 0.0000000000
128900  -42.718  5.985  33.369 0.0000000000
92554  -42.454  5.985  32.471 0.0000000000
92582  -42.556  6.058  30.486 0.0000000000
92592  -42.554  6.161  29.547 0.0000000000
93260  -42.152  6.270  27.885 0.0000000000
92572  -47.322  5.360  31.758 0.0000000000
114428  -46.832  5.338  31.007 0.0000000000
92595  -46.060  5.581  29.646 0.0000000000
93264  -46.555  5.940  27.984 0.0000000000
92607  -45.688  5.880  28.793 0.0000000000
92594  -44.867  5.849  29.491 0.0000000000
121713  -44.332  6.460  27.939 0.0000000000
134193  -43.520  6.517  27.799 0.0000000000
93271  -41.916  6.314  27.086 0.0000000000
93298  -41.862  6.381  25.741 0.0000000000
92638  -41.951  5.613  24.546 0.0000000000
134694  -42.218  5.426  23.875 0.0000000000
93317  -42.161  6.911  23.263 0.0000000000
92644  -42.358  5.779  23.080 0.0000000000
91935  -42.638  4.806  23.439 0.0000000000
91942  -43.736  4.703  22.267 0.0000000000
91943  -44.609  4.415  21.946 0.0000000000
91950  -45.281  4.941  20.807 0.0000000000
91959  -45.403  5.705  18.968 0.0000000000
92665  -44.667  5.871  18.398 0.0000000000
92669  -43.648  6.816  18.628 0.0000000000
92670  -43.892  6.549  17.993 0.0000000000
92671  -44.349  5.780  17.797 0.0000000000
92678  -43.229  6.010  17.364 0.0000000000
124588  -42.066  5.617  17.303 0.0000000000
133867  -44.593  10.660  21.557 0.0000000000
118702  -43.006  9.660  20.365 0.0000000000
94616  -42.280  9.000  18.873 0.0000000000
95272  -41.406  9.188  20.080 0.0000000000
94615  -41.714  8.947  19.186 0.0000000000
93979  -41.684  8.333  18.726 0.0000000000
122182  -41.599  6.739  18.068 0.0000000000
92668  -41.334  5.765  18.264 0.0000000000
91957  -41.007  4.679  18.291 0.0000000000
91965  -40.773  3.892  18.725 0.0000000000
114853  -40.804  3.917  19.718 0.0000000000
122885  -40.592  5.261  21.871 0.0000000000
94539  -45.019  8.613  29.272 0.0000000000
130845  -44.177  9.442  27.811 0.0000000000
95193  -43.393  9.518  28.396 0.0000000000
95202  -43.544  9.703  27.342 0.0000000000
95212  -43.749  9.954  26.422 0.0000000000
116353  -41.691  10.754  25.454 0.0000000000
95899  -40.343  10.644  24.453 0.0000000000
122707  -40.473  10.316  28.597 0.0000000000
95876  -39.340  10.795  26.354 0.0000000000
95877  -40.350  10.843  25.941 0.0000000000
128659  -40.118  10.806  25.154 0.0000000000
95908  -39.642  10.067  23.795 0.0000000000
95240  -39.051  9.225  23.364 0.0000000000
93952  -38.663  7.886  23.644 0.0000000000
93306  -38.106  7.296  24.571 0.0000000000
93307  -38.949  6.688  24.307 0.0000000000
92642  -39.604  5.632  24.084 0.0000000000
85195  -51.136  -3.638  37.345 0.0000000000
85995  -51.403  -2.780  34.321 0.0000000000
86772  -50.489  -2.343  35.367 0.0000000000
86774  -51.266  -2.595  34.968 0.0000000000
86778  -44.061  -2.381  34.424 0.0000000000
86783  -49.167  -1.819  34.315 0.0000000000
86797  -51.357  -2.298  33.201 0.0000000000
87518  -43.320  -1.326  33.497 0.0000000000
87519  -44.245  -1.202  33.219 0.0000000000
87520  -46.036  -1.492  33.485 0.0000000000
87523  -50.192  -1.590  33.304 0.0000000000
87532  -46.074  -1.160  33.000 0.0000000000
87534  -47.559  -1.052  32.386 0.0000000000
87537  -51.278  -1.937  32.492 0.0000000000
87543  -50.492  -1.351  31.489 0.0000000000
88242  -39.642  -0.287  34.486 0.0000000000
88251  -40.302  -0.124  33.740 0.0000000000
88255  -43.433  -0.769  32.872 0.0000000000
88264  -41.856  -0.175  32.736 0.0000000000
88266  -43.604  -0.482  32.156 0.0000000000
88267  -44.427  -0.636  32.126 0.0000000000
88268  -46.053  -0.936  32.439 0.0000000000
88276  -43.096  -0.180  31.631 0.0000000000
88280  -46.799  -0.724  31.406 0.0000000000
88297  -45.686  -0.425  29.558 0.0000000000
88300  -49.114  -0.654  29.032 0.0000000000
88308  -45.627  -0.153  28.198 0.0000000000
88310  -47.473  -0.476  28.344 0.0000000000
89032  -39.757  0.874  33.146 0.0000000000
89034  -41.320  0.377  32.335 0.0000000000
89049  -41.764  0.959  30.087 0.0000000000
89058  -43.447  0.365  29.345 0.0000000000
89065  -44.823  0.111  28.154 0.0000000000
89073  -43.415  0.632  27.789 0.0000000000
89084  -45.568  0.369  26.673 0.0000000000
89093  -46.208  0.764  25.411 0.0000000000
89759  -37.281  1.504  35.548 0.0000000000
89768  -38.173  1.397  34.452 0.0000000000
89782  -40.267  1.274  31.985 0.0000000000
89787  -39.775  1.811  31.707 0.0000000000
89789  -41.136  1.124  30.643 0.0000000000
89806  -42.236  1.228  28.776 0.0000000000
89811  -41.033  2.028  28.770 0.0000000000
89812  -41.700  1.732  28.482 0.0000000000
89820  -41.856  1.956  27.802 0.0000000000
89821  -42.436  1.570  27.549 0.0000000000
89822  -43.066  1.078  27.283 0.0000000000
89837  -43.800  1.602  25.664 0.0000000000
89849  -46.787  1.489  24.124 0.0000000000
90479  -37.315  2.092  35.017 0.0000000000
90506  -39.508  2.645  31.454 0.0000000000
90512  -40.228  2.575  29.750 0.0000000000
90518  -40.589  2.471  29.079 0.0000000000
90532  -41.106  2.959  27.925 0.0000000000
90541  -41.815  2.954  26.701 0.0000000000
90557  -45.508  2.293  23.820 0.0000000000
91235  -41.895  3.614  26.015 0.0000000000
91236  -42.377  3.425  25.297 0.0000000000
91256  -43.993  4.132  22.708 0.0000000000
91264  -48.259  3.877  20.623 0.0000000000
91881  -39.958  4.645  30.978 0.0000000000
91896  -40.858  5.150  29.218 0.0000000000
91903  -41.124  5.247  28.351 0.0000000000
91910  -40.929  4.384  27.840 0.0000000000
91936  -43.303  4.362  23.066 0.0000000000
91940  -40.659  4.400  21.745 0.0000000000
91941  -42.945  5.041  22.584 0.0000000000
91952  -47.002  4.534  20.501 0.0000000000
91974  -43.760  5.283  17.394 0.0000000000
92541  -41.827  6.164  33.124 0.0000000000
92542  -43.462  5.700  32.943 0.0000000000
92544  -45.688  5.535  33.086 0.0000000000
92546  -48.318  5.531  33.186 0.0000000000
92547  -49.228  5.666  33.051 0.0000000000
92556  -45.291  5.453  32.438 0.0000000000
92560  -49.342  5.670  32.409 0.0000000000
92568  -42.732  5.947  31.458 0.0000000000
92569  -43.854  5.685  31.564 0.0000000000
92571  -46.058  5.373  31.726 0.0000000000
92573  -48.977  5.520  31.267 0.0000000000
92583  -43.506  5.849  30.771 0.0000000000
92585  -49.327  5.850  31.011 0.0000000000
92591  -41.566  5.793  29.138 0.0000000000
92597  -49.099  5.511  29.434 0.0000000000
92606  -42.278  6.192  28.682 0.0000000000
92610  -49.777  5.851  28.893 0.0000000000
92616  -41.428  5.508  26.867 0.0000000000
92617  -49.245  5.945  27.619 0.0000000000
92618  -49.719  5.934  28.228 0.0000000000
92637  -41.744  5.706  25.283 0.0000000000
92658  -43.882  5.829  20.572 0.0000000000
92676  -41.850  6.389  17.547 0.0000000000
92684  -42.414  7.068  17.388 0.0000000000
93204  -40.683  6.851  35.207 0.0000000000
93205  -41.601  6.899  34.949 0.0000000000
93212  -41.130  6.562  34.437 0.0000000000
93214  -44.243  6.851  34.272 0.0000000000
93218  -49.153  6.364  34.434 0.0000000000
93219  -49.366  6.267  34.116 0.0000000000
93229  -45.997  5.904  33.679 0.0000000000
93230  -47.593  5.825  33.821 0.0000000000
93232  -49.498  6.036  33.631 0.0000000000
93249  -49.610  5.856  29.969 0.0000000000
93254  -42.994  6.311  28.866 0.0000000000
93255  -43.712  6.175  29.350 0.0000000000
93261  -42.884  6.385  28.163 0.0000000000
93263  -44.581  6.224  28.705 0.0000000000
93272  -42.869  6.603  27.190 0.0000000000
93275  -46.108  6.358  27.274 0.0000000000
93278  -49.451  6.266  27.760 0.0000000000
93282  -41.737  6.202  26.412 0.0000000000
93283  -42.381  6.661  26.312 0.0000000000
93284  -43.635  6.914  26.533 0.0000000000
93287  -47.861  6.637  26.237 0.0000000000
93288  -48.677  6.772  26.487 0.0000000000
93305  -37.485  7.413  24.815 0.0000000000
93308  -41.961  6.479  24.916 0.0000000000
93309  -42.304  7.274  24.265 0.0000000000
93336  -43.200  7.418  19.062 0.0000000000
93344  -41.649  7.544  18.330 0.0000000000
93848  -46.991  7.990  35.315 0.0000000000
93849  -48.194  7.622  35.448 0.0000000000
93850  -48.727  7.182  35.112 0.0000000000
93856  -42.436  6.903  34.700 0.0000000000
93862  -49.105  6.590  34.534 0.0000000000
93874  -49.566  6.074  33.109 0.0000000000
93896  -47.850  7.170  29.176 0.0000000000
93897  -49.041  6.465  29.606 0.0000000000
93905  -49.087  7.036  27.576 0.0000000000
93914  -49.205  6.738  27.450 0.0000000000
93920  -44.397  7.289  25.884 0.0000000000
93923  -48.519  7.438  26.016 0.0000000000
93935  -47.667  7.291  25.478 0.0000000000
93942  -38.062  7.903  24.064 0.0000000000
93971  -41.158  8.298  19.702 0.0000000000
93980  -42.086  8.225  18.144 0.0000000000
93981  -42.887  8.114  18.104 0.0000000000
93987  -42.584  8.009  17.896 0.0000000000
94485  -41.298  8.633  36.409 0.0000000000
94493  -45.176  8.837  35.582 0.0000000000
94507  -49.031  7.419  34.763 0.0000000000
94512  -49.231  7.063  34.104 0.0000000000
94518  -46.310  8.682  32.012 0.0000000000
94520  -48.558  7.760  32.775 0.0000000000
94525  -44.858  8.704  31.144 0.0000000000
94554  -46.003  9.143  26.977 0.0000000000
94562  -48.431  8.054  25.838 0.0000000000
94580  -47.193  8.409  24.252 0.0000000000
94587  -43.012  8.703  22.288 0.0000000000
94590  -46.383  9.261  23.429 0.0000000000
94591  -47.359  8.826  24.087 0.0000000000
94604  -40.802  8.709  20.479 0.0000000000
94606  -43.160  9.607  20.595 0.0000000000
94624  -42.047  8.747  18.537 0.0000000000
95120  -40.910  9.086  36.836 0.0000000000
95122  -42.436  9.567  36.603 0.0000000000
95124  -44.356  9.890  36.459 0.0000000000
95125  -45.514  9.881  36.497 0.0000000000
95126  -46.602  9.978  36.738 0.0000000000
95127  -47.337  10.096  36.661 0.0000000000
95137  -47.963  9.096  36.279 0.0000000000
95138  -48.441  8.625  35.617 0.0000000000
95147  -48.742  8.550  33.768 0.0000000000
95182  -43.647  9.335  29.359 0.0000000000
95191  -41.686  9.822  28.900 0.0000000000
95213  -44.687  9.984  25.908 0.0000000000
95218  -36.669  9.339  25.784 0.0000000000
95223  -47.140  9.517  24.573 0.0000000000
95224  -47.521  9.101  25.251 0.0000000000
95234  -47.622  8.773  24.690 0.0000000000
95239  -38.318  9.036  23.786 0.0000000000
95241  -39.976  9.807  22.913 0.0000000000
95243  -46.253  9.955  22.798 0.0000000000
95252  -45.095  10.725  21.744 0.0000000000
95253  -45.487  10.642  22.243 0.0000000000
95261  -42.545  10.142  20.824 0.0000000000
95262  -43.359  10.139  20.850 0.0000000000
95273  -42.064  9.304  19.382 0.0000000000
95274  -42.586  9.238  19.563 0.0000000000
95755  -40.464  10.535  37.617 0.0000000000
95756  -41.380  10.663  37.450 0.0000000000
95758  -43.354  10.931  37.287 0.0000000000
95763  -41.924  10.054  37.096 0.0000000000
95764  -42.861  10.240  36.990 0.0000000000
95765  -43.859  10.405  36.913 0.0000000000
95767  -46.080  10.540  37.023 0.0000000000
95775  -47.974  10.306  36.181 0.0000000000
95776  -48.362  10.116  35.281 0.0000000000
95787  -48.668  10.244  33.394 0.0000000000
95797  -46.159  9.942  32.308 0.0000000000
95838  -40.980  10.088  29.231 0.0000000000
95859  -37.716  10.512  27.785 0.0000000000
95890  -42.460  10.638  25.304 0.0000000000
95891  -43.515  10.603  24.991 0.0000000000
95902  -43.564  10.851  24.215 0.0000000000
95903  -46.237  10.341  23.766 0.0000000000
95910  -41.620  10.733  23.435 0.0000000000
95911  -42.657  11.054  23.102 0.0000000000
95912  -43.907  11.177  22.585 0.0000000000
95913  -45.125  11.142  22.468 0.0000000000
95921  -44.128  11.039  21.645 0.0000000000
95932  -44.846  10.947  21.541 0.0000000000
96441  -46.110  11.750  37.831 0.0000000000
96442  -47.144  11.558  37.611 0.0000000000
96444  -47.343  11.388  37.132 0.0000000000
96480  -47.889  10.789  31.657 0.0000000000
96531  -44.756  11.012  21.541 0.0000000000
97043  -40.641  12.560  38.327 0.0000000000
97048  -46.778  13.110  38.946 0.0000000000
97050  -41.242  12.209  38.054 0.0000000000
97052  -43.364  12.374  37.902 0.0000000000
97055  -47.102  12.640  38.458 0.0000000000
97058  -47.390  12.270  37.470 0.0000000000
97070  -48.307  11.589  34.192 0.0000000000
97095  -44.941  12.080  32.307 0.0000000000
97103  -48.788  12.744  30.466 0.0000000000
97104  -49.035  12.654  30.801 0.0000000000
97622  -41.349  13.479  38.560 0.0000000000
97624  -43.377  13.891  38.799 0.0000000000
97625  -44.685  13.821  38.957 0.0000000000
97626  -46.082  13.660  39.207 0.0000000000
97630  -47.333  13.998  37.944 0.0000000000
97650  -48.597  12.626  32.668 0.0000000000
97674  -42.494  13.608  31.934 0.0000000000
97675  -43.544  13.455  31.891 0.0000000000
97678  -47.429  12.985  30.492 0.0000000000
97685  -48.444  13.384  30.078 0.0000000000
98177  -46.780  15.233  40.141 0.0000000000
98180  -40.837  14.014  38.847 0.0000000000
98184  -45.566  14.506  39.648 0.0000000000
98185  -46.602  14.558  39.743 0.0000000000
98186  -47.042  14.575  39.409 0.0000000000
98188  -47.231  14.433  38.581 0.0000000000
98190  -47.422  14.218  36.919 0.0000000000
98192  -47.455  14.991  36.042 0.0000000000
98219  -48.447  13.908  31.469 0.0000000000
98230  -45.656  14.078  30.789 0.0000000000
98232  -48.632  13.601  30.265 0.0000000000
98239  -47.520  13.931  29.268 0.0000000000
98246  -47.952  14.491  28.609 0.0000000000
98250  -47.693  14.777  28.113 0.0000000000
98695  -45.655  16.423  40.672 0.0000000000
98696  -45.975  16.357  40.715 0.0000000000
98703  -45.857  15.894  40.648 0.0000000000
98704  -46.347  15.900  40.499 0.0000000000
98709  -45.610  15.902  37.759 0.0000000000
98715  -47.345  15.211  36.818 0.0000000000
98718  -46.648  15.764  36.554 0.0000000000
98726  -47.406  16.183  35.053 0.0000000000
98734  -47.447  16.271  34.211 0.0000000000
98746  -47.356  15.801  33.005 0.0000000000
98776  -47.329  14.751  27.988 0.0000000000
98794  -46.793  15.786  26.624 0.0000000000
99240  -44.988  16.819  40.524 0.0000000000
99250  -46.442  16.259  40.295 0.0000000000
99253  -45.898  16.836  39.183 0.0000000000
99254  -46.546  16.211  39.594 0.0000000000
99257  -44.137  16.773  37.454 0.0000000000
99261  -41.884  16.960  35.990 0.0000000000
99266  -41.823  17.116  35.253 0.0000000000
99268  -43.337  16.546  35.752 0.0000000000
99271  -47.178  16.314  35.279 0.0000000000
99276  -43.275  16.835  34.824 0.0000000000
99277  -44.160  16.537  35.178 0.0000000000
99278  -46.128  16.625  34.984 0.0000000000
99309  -47.213  16.351  31.504 0.0000000000
99318  -47.381  15.985  30.220 0.0000000000
99327  -47.067  16.527  28.552 0.0000000000
99344  -47.206  16.089  27.263 0.0000000000
99362  -46.963  16.031  26.520 0.0000000000
99372  -45.311  16.465  26.031 0.0000000000
99373  -46.124  16.612  25.900 0.0000000000
99374  -46.441  16.666  26.130 0.0000000000
99805  -44.337  18.175  40.589 0.0000000000
99816  -44.148  17.213  40.486 0.0000000000
99817  -45.582  17.384  40.376 0.0000000000
99824  -43.987  17.578  37.758 0.0000000000
99828  -41.352  17.400  36.456 0.0000000000
99834  -40.804  17.668  35.340 0.0000000000
99835  -41.371  17.577  34.834 0.0000000000
99836  -42.375  17.393  34.542 0.0000000000
99838  -44.314  17.227  34.432 0.0000000000
99854  -46.237  18.310  33.948 0.0000000000
99855  -47.035  18.339  33.905 0.0000000000
99864  -47.273  18.338  33.226 0.0000000000
99874  -47.042  18.240  32.115 0.0000000000
100366  -45.169  18.055  40.561 0.0000000000
100392  -45.257  18.849  39.788 0.0000000000
100411  -41.377  18.361  34.208 0.0000000000
100419  -43.110  19.134  33.557 0.0000000000
100420  -44.682  18.864  33.609 0.0000000000
100423  -46.897  19.074  33.305 0.0000000000
100457  -46.383  18.529  30.648 0.0000000000
100468  -45.691  18.428  28.938 0.0000000000
100510  -46.147  18.754  25.201 0.0000000000
100945  -44.702  19.892  40.522 0.0000000000
100953  -45.029  19.916  40.253 0.0000000000
100974  -45.063  19.735  39.860 0.0000000000
101018  -40.370  19.375  34.030 0.0000000000
101020  -42.012  20.022  33.508 0.0000000000
101021  -44.272  19.617  33.540 0.0000000000
101049  -46.607  19.507  32.331 0.0000000000
101063  -46.416  19.249  31.536 0.0000000000
101071  -45.505  18.920  29.913 0.0000000000
101096  -46.233  19.566  25.490 0.0000000000
101102  -46.018  19.470  25.058 0.0000000000
101522  -44.571  20.592  40.318 0.0000000000
101542  -44.303  20.933  39.581 0.0000000000
101569  -31.420  20.797  35.644 0.0000000000
101590  -42.063  20.795  33.534 0.0000000000
101592  -44.374  21.389  33.549 0.0000000000
101599  -45.945  20.705  32.981 0.0000000000
101607  -44.972  21.525  32.627 0.0000000000
101609  -45.849  20.493  32.483 0.0000000000
101621  -44.515  20.135  30.996 0.0000000000
101668  -46.195  20.434  25.441 0.0000000000
102089  -29.982  21.264  35.219 0.0000000000
102090  -30.877  21.335  35.178 0.0000000000
102095  -29.497  21.838  34.848 0.0000000000
102098  -32.048  22.138  34.712 0.0000000000
102109  -44.967  21.573  33.281 0.0000000000
102112  -45.070  21.774  33.066 0.0000000000
102174  -46.123  21.419  25.560 0.0000000000
102590  -35.197  22.067  35.296 0.0000000000
102594  -29.034  22.458  34.677 0.0000000000
102596  -30.679  22.522  34.434 0.0000000000
102597  -31.470  22.642  34.409 0.0000000000
102602  -36.316  22.863  34.795 0.0000000000
102604  -38.164  22.334  34.038 0.0000000000
102608  -43.651  23.439  34.270 0.0000000000
102610  -44.316  22.744  33.578 0.0000000000
102617  -41.900  22.893  31.417 0.0000000000
102630  -41.829  22.662  30.474 0.0000000000
102631  -42.262  22.317  29.806 0.0000000000
102642  -42.993  22.620  28.934 0.0000000000
103066  -29.425  23.110  34.347 0.0000000000
103067  -30.206  23.080  34.191 0.0000000000
103069  -31.656  23.220  34.109 0.0000000000
103072  -35.212  23.441  34.538 0.0000000000
103073  -36.002  23.508  34.647 0.0000000000
103074  -37.521  23.614  34.446 0.0000000000
103078  -43.737  24.932  34.483 0.0000000000
103083  -29.810  23.581  34.025 0.0000000000
103086  -32.270  23.553  33.905 0.0000000000
103087  -33.110  23.884  33.741 0.0000000000
103089  -38.952  22.838  33.735 0.0000000000
103090  -43.051  24.010  34.481 0.0000000000
103096  -43.979  23.930  33.577 0.0000000000
103104  -42.956  23.329  32.578 0.0000000000
103111  -41.477  23.222  30.448 0.0000000000
103125  -45.814  23.427  27.616 0.0000000000
103127  -46.341  23.523  26.968 0.0000000000
103591  -34.828  23.996  34.045 0.0000000000
103598  -43.330  25.219  34.824 0.0000000000
103599  -43.640  25.200  34.490 0.0000000000
103605  -29.803  24.226  33.762 0.0000000000
103606  -30.597  24.473  33.571 0.0000000000
103612  -36.135  24.720  33.971 0.0000000000
103615  -43.334  25.274  33.732 0.0000000000
103616  -43.846  24.991  34.257 0.0000000000
103627  -40.654  24.677  31.504 0.0000000000
103628  -41.404  24.294  32.175 0.0000000000
103631  -40.658  24.547  30.614 0.0000000000
103641  -46.125  24.820  28.006 0.0000000000
104055  -37.867  24.938  34.445 0.0000000000
104058  -42.205  26.235  35.183 0.0000000000
104059  -42.997  25.913  34.986 0.0000000000
104064  -31.598  25.331  33.165 0.0000000000
104065  -32.956  24.955  33.049 0.0000000000
104066  -33.761  25.150  32.875 0.0000000000
104068  -35.710  25.352  33.282 0.0000000000
104070  -37.568  25.528  34.064 0.0000000000
104072  -43.024  26.044  33.983 0.0000000000
104073  -43.211  25.885  34.377 0.0000000000
104081  -40.369  26.823  32.430 0.0000000000
104085  -39.863  26.052  31.550 0.0000000000
104091  -40.628  25.279  30.072 0.0000000000
104093  -42.152  25.478  29.244 0.0000000000
104546  -27.091  26.810  34.233 0.0000000000
104551  -41.918  27.590  34.879 0.0000000000
104552  -43.002  26.120  34.753 0.0000000000
104555  -27.868  27.058  33.820 0.0000000000
104558  -30.030  27.235  33.619 0.0000000000
104560  -38.399  27.369  33.737 0.0000000000
104564  -31.167  27.094  33.348 0.0000000000
104568  -36.642  27.066  32.716 0.0000000000
104577  -39.294  26.692  30.956 0.0000000000
104581  -38.875  27.291  30.375 0.0000000000
104584  -40.873  26.094  29.557 0.0000000000
104589  -42.829  26.411  28.826 0.0000000000
104591  -44.750  26.524  28.324 0.0000000000
104592  -45.383  25.980  28.062 0.0000000000
104598  -44.906  27.029  28.065 0.0000000000
104608  -44.349  27.010  27.052 0.0000000000
105029  -40.711  28.364  34.919 0.0000000000
105031  -41.560  28.480  34.427 0.0000000000
105041  -39.999  28.753  34.588 0.0000000000
105042  -41.774  28.415  34.055 0.0000000000
105044  -29.747  28.138  33.446 0.0000000000
105047  -32.103  28.426  33.738 0.0000000000
105051  -40.759  28.850  33.107 0.0000000000
105060  -37.898  28.384  29.981 0.0000000000
105066  -38.373  27.759  29.741 0.0000000000
105074  -39.512  27.665  28.761 0.0000000000
105076  -41.645  27.556  28.753 0.0000000000
105509  -41.069  29.005  34.705 0.0000000000
105517  -28.975  28.016  33.362 0.0000000000
105521  -41.427  29.086  34.158 0.0000000000
105527  -28.329  28.411  32.656 0.0000000000
105531  -31.965  28.968  33.926 0.0000000000
105534  -35.091  29.212  33.408 0.0000000000
105538  -41.266  29.603  33.919 0.0000000000
105558  -37.789  29.199  30.131 0.0000000000
105576  -37.768  29.122  28.785 0.0000000000
105583  -44.356  28.496  28.200 0.0000000000
105593  -38.740  29.056  27.721 0.0000000000
105594  -39.467  28.879  27.598 0.0000000000
105603  -44.002  28.763  26.532 0.0000000000
106020  -41.022  29.486  34.527 0.0000000000
106029  -41.101  29.660  34.271 0.0000000000
106037  -34.264  30.119  34.114 0.0000000000
106040  -36.759  30.180  33.817 0.0000000000
106075  -37.762  29.831  29.462 0.0000000000
106091  -43.962  29.287  28.245 0.0000000000
106092  -44.323  28.947  28.195 0.0000000000
106104  -40.752  29.573  26.910 0.0000000000
106107  -43.712  29.750  27.698 0.0000000000
106114  -40.079  30.139  26.175 0.0000000000
106617  -42.941  30.808  26.329 0.0000000000
107036  -37.517  32.016  34.316 0.0000000000
107037  -38.200  32.633  34.040 0.0000000000
107050  -39.059  33.034  33.366 0.0000000000
107536  -37.134  33.186  32.793 0.0000000000
113973  -41.968  0.622  30.925 0.0000000000
114334  -44.205  0.178  28.890 0.0000000000
114840  -45.346  6.246  28.011 0.0000000000
115511  -41.823  6.055  31.745 0.0000000000
115629  -50.415  -3.246  37.705 0.0000000000
115666  -42.966  7.768  17.808 0.0000000000
116187  -40.460  4.392  29.566 0.0000000000
116727  -45.368  -0.497  30.865 0.0000000000
117681  -29.093  21.324  35.366 0.0000000000
118063  -42.908  9.527  29.282 0.0000000000
118116  -33.438  27.787  32.907 0.0000000000
119744  -39.110  0.382  34.251 0.0000000000
119763  -43.732  9.253  30.212 0.0000000000
119826  -45.902  -0.502  30.279 0.0000000000
120137  -41.645  0.506  31.686 0.0000000000
120311  -28.618  27.251  33.669 0.0000000000
120383  -46.768  6.533  26.617 0.0000000000
120388  -45.623  12.198  38.107 0.0000000000
120508  -43.521  15.788  39.934 0.0000000000
121049  -44.337  8.895  35.569 0.0000000000
121139  -45.788  5.392  19.639 0.0000000000
121457  -45.268  -0.806  32.227 0.0000000000
121534  -50.990  -2.387  35.204 0.0000000000
121827  -48.513  5.407  31.815 0.0000000000
122215  -32.769  28.427  33.541 0.0000000000
122720  -37.911  10.510  27.154 0.0000000000
122734  -41.520  4.610  26.210 0.0000000000
123030  -39.297  0.812  33.655 0.0000000000
123112  -43.293  6.917  34.461 0.0000000000
123753  -45.192  24.524  28.304 0.0000000000
123762  -44.012  22.504  28.474 0.0000000000
124744  -44.680  8.831  23.760 0.0000000000
124801  -44.851  9.488  22.884 0.0000000000
124881  -46.360  22.105  26.360 0.0000000000
125739  -43.918  26.347  28.582 0.0000000000
126055  -39.834  26.277  34.924 0.0000000000
126455  -46.867  15.186  27.277 0.0000000000
126517  -47.516  14.546  33.744 0.0000000000
126549  -44.088  10.115  32.443 0.0000000000
126761  -35.805  26.877  32.601 0.0000000000
126982  -47.755  9.885  36.387 0.0000000000
127010  -49.058  7.819  34.195 0.0000000000
127027  -31.092  26.119  33.197 0.0000000000
127184  -29.052  27.630  33.550 0.0000000000
127479  -45.141  19.271  40.243 0.0000000000
127623  -42.856  0.512  29.631 0.0000000000
127647  -34.128  28.115  32.858 0.0000000000
127787  -33.671  23.412  34.201 0.0000000000
128182  -46.122  19.760  33.386 0.0000000000
128356  -42.321  23.771  29.314 0.0000000000
128883  -45.598  9.315  35.985 0.0000000000
129115  -42.445  23.247  34.105 0.0000000000
130219  -49.940  6.002  29.155 0.0000000000
130377  -47.428  15.522  35.381 0.0000000000
130484  -37.796  26.787  33.470 0.0000000000
130704  -47.258  12.119  38.018 0.0000000000
130833  -46.997  8.844  23.744 0.0000000000
131158  -46.842  10.546  37.033 0.0000000000
131345  -46.301  7.820  30.285 0.0000000000
131459  -43.383  14.589  39.301 0.0000000000
131639  -45.011  16.613  34.829 0.0000000000
131804  -48.326  8.087  26.370 0.0000000000
132093  -43.579  25.438  34.285 0.0000000000
132189  -46.253  5.439  30.404 0.0000000000
132397  -42.815  18.551  37.779 0.0000000000
132590  -50.625  -1.287  30.770 0.0000000000
133119  -42.484  29.549  27.749 0.0000000000
133229  -40.847  26.947  35.357 0.0000000000
133531  -46.532  19.563  33.263 0.0000000000
133673  -47.560  -0.569  30.004 0.0000000000
133966  -42.827  9.778  20.234 0.0000000000
134074  -42.825  9.939  31.486 0.0000000000
134169  -42.312  30.987  25.774 0.0000000000
134632  -43.658  6.360  34.006 0.0000000000
135022  -30.613  26.107  33.350 0.0000000000
135066  -42.064  7.517  35.282 0.0000000000
135583  -32.971  24.419  33.382 0.0000000000
135792  -48.027  -0.917  32.074 0.0000000000
135897  -49.524  0.057  25.226 0.0000000000
136053  -33.833  29.680  34.080 0.0000000000
136150  -41.665  5.006  25.555 0.0000000000
137105  -38.634  33.051  33.666 0.0000000000
137173  -43.357  -2.553  34.672 0.0000000000
137536  -44.732  14.359  31.027 0.0000000000
137787  -44.917  21.914  32.891 0.0000000000
137825  -45.437  10.917  22.205 0.0000000000
138258  -36.810  22.837  34.667 0.0000000000
