#!ascii label  , from subject sub-v1s1x0050669_ses-1 vox2ras=TkReg
1152
55510  -39.228  -38.787  50.603 0.0000000000
65720  -50.273  -26.801  48.114 0.0000000000
132225  -44.914  -33.921  48.561 0.0000000000
32963  -12.873  -63.674  68.211 0.0000000000
130318  -40.850  -45.420  54.401 0.0000000000
40448  -28.579  -56.006  67.264 0.0000000000
41252  -38.702  -56.066  65.923 0.0000000000
43111  -43.165  -52.593  60.437 0.0000000000
45762  -43.922  -48.631  58.742 0.0000000000
40518  -20.660  -55.120  63.795 0.0000000000
39627  -24.091  -56.516  67.534 0.0000000000
42160  -25.703  -53.975  63.201 0.0000000000
40534  -35.113  -56.015  62.064 0.0000000000
41346  -40.160  -55.380  61.465 0.0000000000
52876  -44.111  -41.306  55.755 0.0000000000
57264  -42.982  -37.109  55.252 0.0000000000
62071  -48.693  -31.442  47.676 0.0000000000
57341  -41.566  -36.572  49.318 0.0000000000
131495  -50.320  -28.409  43.643 0.0000000000
32045  -10.112  -65.123  71.277 0.0000000000
134000  -45.017  -44.928  57.221 0.0000000000
132363  -40.246  -42.303  52.408 0.0000000000
40530  -30.345  -55.383  61.902 0.0000000000
38699  -33.529  -58.056  66.694 0.0000000000
59141  -45.674  -34.852  53.246 0.0000000000
69329  -56.333  -23.627  40.470 0.0000000000
43125  -41.940  -52.728  59.407 0.0000000000
44924  -42.514  -50.508  58.531 0.0000000000
41292  -23.154  -54.476  63.539 0.0000000000
41372  -38.344  -54.880  59.406 0.0000000000
41374  -40.485  -54.518  59.735 0.0000000000
42221  -41.882  -54.041  60.521 0.0000000000
54617  -40.782  -39.505  53.237 0.0000000000
55460  -42.841  -38.607  56.130 0.0000000000
55490  -41.536  -38.143  53.175 0.0000000000
64830  -49.509  -28.676  48.289 0.0000000000
62949  -50.450  -30.224  49.742 0.0000000000
120597  -52.221  -25.561  47.276 0.0000000000
124035  -11.210  -61.410  67.298 0.0000000000
32067  -10.967  -64.114  68.764 0.0000000000
48366  -42.731  -46.837  56.636 0.0000000000
48350  -45.144  -46.664  58.092 0.0000000000
49297  -43.001  -45.110  56.137 0.0000000000
51095  -42.318  -43.420  54.561 0.0000000000
130790  -40.724  -43.598  53.299 0.0000000000
39629  -26.322  -55.970  67.736 0.0000000000
39582  -25.378  -56.806  69.601 0.0000000000
131963  -28.329  -56.852  70.036 0.0000000000
39587  -30.600  -57.251  69.651 0.0000000000
41353  -28.828  -53.853  60.654 0.0000000000
41356  -31.424  -54.947  60.552 0.0000000000
39694  -36.527  -56.856  63.241 0.0000000000
38732  -33.916  -57.890  63.683 0.0000000000
39672  -36.144  -57.795  66.004 0.0000000000
39612  -35.328  -57.822  68.422 0.0000000000
37705  -17.051  -58.920  66.746 0.0000000000
37693  -17.943  -59.356  67.955 0.0000000000
35762  -17.885  -60.867  70.741 0.0000000000
58319  -43.034  -35.002  48.565 0.0000000000
115867  -43.912  -35.812  51.247 0.0000000000
60140  -45.373  -34.197  50.892 0.0000000000
69339  -57.876  -23.716  39.300 0.0000000000
31180  -13.216  -65.726  70.915 0.0000000000
43989  -44.421  -51.481  62.054 0.0000000000
45727  -45.148  -50.007  61.703 0.0000000000
44905  -43.858  -50.181  59.701 0.0000000000
46605  -42.561  -48.492  57.395 0.0000000000
39646  -20.414  -56.889  66.107 0.0000000000
39599  -21.735  -57.428  67.810 0.0000000000
40459  -22.236  -55.993  65.830 0.0000000000
40504  -24.881  -54.960  65.022 0.0000000000
41263  -27.586  -54.931  65.125 0.0000000000
41358  -33.714  -54.816  60.477 0.0000000000
41343  -35.861  -55.196  60.675 0.0000000000
41321  -37.817  -56.307  62.070 0.0000000000
41299  -39.463  -55.901  63.927 0.0000000000
42165  -41.371  -54.678  63.785 0.0000000000
43075  -43.078  -53.222  62.785 0.0000000000
40478  -19.177  -56.249  64.597 0.0000000000
131929  -46.830  -42.266  58.354 0.0000000000
52813  -47.942  -41.504  60.794 0.0000000000
53677  -45.897  -40.499  58.063 0.0000000000
55422  -44.741  -37.471  58.255 0.0000000000
61168  -46.445  -32.506  47.559 0.0000000000
61128  -46.616  -32.540  50.380 0.0000000000
62038  -48.384  -31.174  50.255 0.0000000000
30287  -7.105  -66.189  72.120 0.0000000000
56382  -40.347  -37.735  49.513 0.0000000000
58343  -40.251  -35.211  46.619 0.0000000000
116164  -44.200  -33.070  45.597 0.0000000000
62077  -46.109  -32.007  45.897 0.0000000000
62989  -46.902  -29.892  46.070 0.0000000000
64861  -48.855  -27.967  45.776 0.0000000000
65741  -50.509  -27.978  45.820 0.0000000000
64888  -48.528  -28.314  43.608 0.0000000000
30297  -11.780  -67.186  71.899 0.0000000000
134656  -10.384  -67.458  73.345 0.0000000000
29426  -8.757  -67.609  73.715 0.0000000000
118097  -48.252  -46.390  61.558 0.0000000000
47430  -46.353  -48.311  60.939 0.0000000000
48341  -46.695  -46.593  59.413 0.0000000000
50099  -46.855  -44.551  58.522 0.0000000000
126749  -44.851  -42.720  56.184 0.0000000000
137844  -41.893  -41.587  53.610 0.0000000000
53745  -39.550  -40.090  52.010 0.0000000000
38660  -23.123  -57.530  69.993 0.0000000000
41317  -27.527  -54.189  62.797 0.0000000000
40505  -29.117  -55.548  64.571 0.0000000000
117966  -32.349  -56.458  61.919 0.0000000000
39689  -31.657  -56.895  63.806 0.0000000000
137395  -31.116  -56.960  66.325 0.0000000000
116877  -32.623  -57.774  69.036 0.0000000000
35816  -13.091  -60.914  65.650 0.0000000000
36767  -15.083  -60.222  66.069 0.0000000000
34814  -14.765  -61.992  67.558 0.0000000000
56358  -42.425  -37.499  51.811 0.0000000000
57289  -45.162  -36.482  54.002 0.0000000000
58228  -46.858  -35.657  55.708 0.0000000000
115928  -46.694  -32.748  52.898 0.0000000000
66669  -53.018  -27.183  44.649 0.0000000000
68466  -53.963  -24.317  44.920 0.0000000000
135510  -55.035  -23.519  43.495 0.0000000000
69320  -55.134  -23.695  41.382 0.0000000000
67618  -56.443  -24.863  42.002 0.0000000000
43154  -40.852  -51.917  57.841 0.0000000000
44066  -41.193  -51.206  57.514 0.0000000000
44065  -40.483  -51.627  57.042 0.0000000000
42250  -39.506  -53.711  58.332 0.0000000000
42251  -40.234  -53.263  58.455 0.0000000000
42252  -40.917  -53.017  59.001 0.0000000000
54627  -39.910  -39.318  52.177 0.0000000000
54607  -40.884  -38.835  53.328 0.0000000000
55500  -40.189  -38.762  51.764 0.0000000000
64840  -49.708  -27.722  48.038 0.0000000000
64831  -50.021  -28.529  48.972 0.0000000000
65713  -50.810  -26.694  48.895 0.0000000000
136011  -51.607  -25.805  48.577 0.0000000000
123188  -51.521  -25.984  47.255 0.0000000000
33831  -12.011  -63.215  67.685 0.0000000000
33830  -11.066  -62.796  68.045 0.0000000000
32962  -12.119  -63.815  68.257 0.0000000000
48375  -41.640  -46.335  55.507 0.0000000000
48377  -42.851  -46.009  56.348 0.0000000000
49305  -41.944  -44.922  55.220 0.0000000000
50143  -42.074  -44.205  54.967 0.0000000000
49316  -40.991  -44.497  53.994 0.0000000000
37683  -19.752  -59.149  69.367 0.0000000000
40447  -27.666  -55.896  67.270 0.0000000000
128400  -27.702  -56.393  68.603 0.0000000000
39606  -28.385  -56.531  68.683 0.0000000000
39586  -29.332  -57.020  69.511 0.0000000000
40438  -29.477  -56.717  68.130 0.0000000000
39674  -37.555  -56.963  65.146 0.0000000000
39683  -36.723  -57.399  64.704 0.0000000000
40469  -37.537  -56.813  66.150 0.0000000000
120440  -36.546  -57.227  67.263 0.0000000000
38683  -19.433  -58.436  67.089 0.0000000000
37694  -18.675  -59.216  68.205 0.0000000000
36739  -18.563  -59.730  69.690 0.0000000000
49235  -48.772  -45.324  61.571 0.0000000000
59219  -43.661  -34.444  48.122 0.0000000000
59180  -44.512  -34.687  49.717 0.0000000000
60171  -45.038  -34.063  49.243 0.0000000000
43988  -44.034  -52.095  61.650 0.0000000000
44010  -44.183  -51.265  61.150 0.0000000000
44009  -43.776  -51.419  60.320 0.0000000000
45772  -42.416  -49.248  57.661 0.0000000000
46613  -41.523  -48.600  56.415 0.0000000000
46626  -41.671  -47.814  56.167 0.0000000000
39667  -20.618  -56.341  65.446 0.0000000000
136574  -21.689  -56.301  65.932 0.0000000000
40481  -21.928  -55.584  64.939 0.0000000000
41293  -24.015  -54.333  63.453 0.0000000000
40503  -24.169  -54.973  64.752 0.0000000000
114129  -24.890  -54.706  64.388 0.0000000000
41261  -26.001  -54.870  65.198 0.0000000000
41276  -26.211  -54.725  64.537 0.0000000000
124867  -35.262  -54.707  60.145 0.0000000000
126551  -39.554  -55.453  60.723 0.0000000000
41344  -37.537  -55.854  61.142 0.0000000000
121395  -39.265  -56.276  61.900 0.0000000000
41322  -38.705  -56.432  62.487 0.0000000000
114110  -39.514  -56.219  62.938 0.0000000000
41300  -40.009  -55.576  63.369 0.0000000000
41324  -40.634  -55.250  62.221 0.0000000000
43093  -42.933  -53.274  60.875 0.0000000000
42184  -42.607  -53.957  62.354 0.0000000000
43094  -43.544  -52.754  61.242 0.0000000000
43058  -43.651  -52.557  63.330 0.0000000000
40498  -19.576  -55.792  64.058 0.0000000000
119910  -45.784  -41.798  57.069 0.0000000000
52848  -46.311  -41.165  58.064 0.0000000000
53703  -44.728  -40.485  56.801 0.0000000000
126902  -42.744  -37.660  55.984 0.0000000000
55449  -43.561  -38.548  56.894 0.0000000000
55436  -43.576  -37.432  57.037 0.0000000000
56282  -44.824  -36.849  58.104 0.0000000000
57250  -44.039  -36.758  56.351 0.0000000000
62060  -48.072  -31.836  48.267 0.0000000000
62051  -48.068  -31.628  49.378 0.0000000000
62939  -49.154  -31.216  49.435 0.0000000000
63859  -51.596  -29.278  50.847 0.0000000000
61185  -44.953  -32.577  45.549 0.0000000000
62084  -45.034  -31.821  45.143 0.0000000000
63001  -45.900  -29.842  45.053 0.0000000000
63904  -47.044  -29.123  45.758 0.0000000000
63905  -47.675  -28.751  45.986 0.0000000000
64859  -47.486  -28.555  45.179 0.0000000000
64873  -49.026  -28.466  44.676 0.0000000000
33806  -10.016  -62.744  70.584 0.0000000000
124495  -10.007  -64.474  72.130 0.0000000000
30291  -13.688  -67.068  72.244 0.0000000000
30303  -11.962  -66.571  71.087 0.0000000000
29430  -12.756  -67.593  72.169 0.0000000000
27551  -10.646  -68.319  72.635 0.0000000000
27544  -9.439  -68.595  73.071 0.0000000000
28504  -9.516  -67.861  73.788 0.0000000000
28510  -8.284  -68.479  72.597 0.0000000000
29433  -7.364  -67.831  71.587 0.0000000000
137863  -45.010  -49.146  60.542 0.0000000000
45728  -45.401  -49.369  61.284 0.0000000000
46585  -44.947  -48.627  59.826 0.0000000000
49278  -44.805  -45.613  57.397 0.0000000000
48351  -46.029  -46.713  58.946 0.0000000000
49267  -45.987  -45.712  58.158 0.0000000000
49256  -47.050  -45.685  59.304 0.0000000000
50098  -46.215  -44.957  57.940 0.0000000000
51072  -46.080  -43.522  57.396 0.0000000000
51078  -44.747  -43.494  56.353 0.0000000000
52011  -41.424  -42.544  53.326 0.0000000000
52003  -42.506  -42.616  54.256 0.0000000000
52888  -41.459  -41.886  53.227 0.0000000000
133854  -40.444  -40.976  52.494 0.0000000000
52908  -39.865  -41.025  52.062 0.0000000000
39626  -23.135  -56.767  67.338 0.0000000000
39579  -22.893  -57.405  68.952 0.0000000000
39580  -23.699  -57.112  69.198 0.0000000000
41336  -29.346  -54.485  61.098 0.0000000000
41335  -28.637  -54.060  61.424 0.0000000000
41319  -28.993  -54.813  62.556 0.0000000000
41279  -28.775  -55.070  64.082 0.0000000000
114876  -29.558  -55.655  63.803 0.0000000000
40543  -34.656  -55.668  61.307 0.0000000000
40541  -32.625  -55.892  61.259 0.0000000000
40533  -34.213  -56.184  61.875 0.0000000000
38712  -33.677  -58.264  65.154 0.0000000000
38731  -33.015  -57.818  63.839 0.0000000000
39671  -32.116  -57.331  65.235 0.0000000000
39670  -31.262  -56.828  65.153 0.0000000000
39654  -32.161  -57.495  66.247 0.0000000000
39632  -31.507  -57.270  67.513 0.0000000000
38685  -33.180  -57.828  67.616 0.0000000000
42111  -41.460  -54.541  65.784 0.0000000000
36768  -15.807  -59.680  66.501 0.0000000000
35804  -15.540  -60.447  66.953 0.0000000000
118666  -14.809  -60.923  66.384 0.0000000000
34791  -17.613  -61.670  71.112 0.0000000000
57340  -40.824  -36.976  49.027 0.0000000000
56371  -41.437  -37.743  50.671 0.0000000000
57324  -41.913  -36.864  50.162 0.0000000000
59156  -45.008  -35.039  52.074 0.0000000000
58261  -44.672  -35.858  52.409 0.0000000000
58247  -45.469  -35.706  53.586 0.0000000000
125111  -45.994  -36.035  54.797 0.0000000000
58237  -46.526  -35.342  54.982 0.0000000000
62020  -47.506  -31.548  52.078 0.0000000000
123890  -46.641  -32.658  52.038 0.0000000000
119695  -47.514  -31.659  52.892 0.0000000000
65752  -50.835  -28.426  44.990 0.0000000000
65743  -52.294  -27.537  45.058 0.0000000000
65753  -51.671  -28.084  44.576 0.0000000000
66677  -53.365  -26.406  43.585 0.0000000000
67602  -53.657  -25.386  43.300 0.0000000000
68467  -54.646  -23.873  44.506 0.0000000000
123851  -54.187  -24.372  42.791 0.0000000000
69327  -55.215  -23.845  40.271 0.0000000000
68487  -54.658  -24.140  40.649 0.0000000000
69328  -55.663  -23.718  40.913 0.0000000000
117413  -55.369  -23.934  41.963 0.0000000000
68488  -56.077  -24.142  41.364 0.0000000000
68489  -56.790  -23.940  40.624 0.0000000000
67635  -58.117  -25.086  38.577 0.0000000000
136144  -42.717  -52.418  59.829 0.0000000000
137000  -43.005  -51.437  59.521 0.0000000000
44047  -42.206  -51.282  58.683 0.0000000000
44941  -41.446  -50.339  57.241 0.0000000000
41291  -22.290  -54.571  63.492 0.0000000000
41380  -38.758  -54.308  58.671 0.0000000000
127527  -39.085  -54.870  59.444 0.0000000000
126161  -40.333  -55.073  60.610 0.0000000000
41347  -40.929  -55.092  61.368 0.0000000000
123530  -41.173  -54.630  60.480 0.0000000000
42236  -42.035  -53.437  60.038 0.0000000000
53723  -42.421  -40.643  54.464 0.0000000000
54587  -43.137  -39.793  55.692 0.0000000000
54598  -42.259  -39.649  54.828 0.0000000000
55470  -42.029  -38.240  54.475 0.0000000000
121340  -42.377  -37.789  54.115 0.0000000000
62970  -49.175  -30.338  47.876 0.0000000000
62948  -49.873  -30.728  49.170 0.0000000000
63873  -49.844  -29.542  48.702 0.0000000000
64824  -51.192  -28.679  50.131 0.0000000000
67560  -53.681  -24.653  47.407 0.0000000000
33819  -10.180  -63.026  69.444 0.0000000000
32052  -10.206  -64.870  70.322 0.0000000000
47451  -43.758  -47.623  57.830 0.0000000000
137687  -44.779  -47.713  58.673 0.0000000000
47450  -43.919  -46.814  57.491 0.0000000000
48368  -44.079  -45.968  57.179 0.0000000000
50119  -43.641  -44.808  56.434 0.0000000000
50120  -44.141  -44.222  56.431 0.0000000000
50144  -42.812  -43.762  55.255 0.0000000000
51101  -41.740  -43.095  53.805 0.0000000000
52017  -40.346  -42.895  52.623 0.0000000000
39628  -25.505  -56.147  67.759 0.0000000000
39603  -25.222  -56.652  68.638 0.0000000000
39604  -26.175  -56.401  68.518 0.0000000000
121745  -27.087  -56.693  69.744 0.0000000000
128041  -30.122  -57.432  70.677 0.0000000000
41354  -29.960  -54.433  60.429 0.0000000000
41338  -31.019  -55.399  61.156 0.0000000000
39703  -35.706  -56.676  62.625 0.0000000000
39692  -34.295  -57.335  63.009 0.0000000000
39693  -35.740  -57.307  63.418 0.0000000000
38714  -35.472  -58.112  65.322 0.0000000000
38713  -34.544  -58.302  65.638 0.0000000000
38686  -34.161  -58.014  67.448 0.0000000000
39634  -35.858  -57.542  67.759 0.0000000000
39643  -18.409  -57.399  65.495 0.0000000000
38681  -17.870  -58.508  66.618 0.0000000000
36756  -17.484  -59.742  68.488 0.0000000000
35777  -16.773  -60.779  69.502 0.0000000000
36738  -17.829  -60.013  69.366 0.0000000000
58318  -42.446  -35.479  48.784 0.0000000000
119200  -43.094  -35.786  49.990 0.0000000000
59179  -43.701  -35.279  49.903 0.0000000000
59166  -44.946  -34.808  51.249 0.0000000000
59167  -45.501  -34.283  51.807 0.0000000000
65780  -49.539  -27.671  42.144 0.0000000000
65769  -51.735  -28.019  43.607 0.0000000000
65789  -50.812  -27.215  41.672 0.0000000000
69336  -56.083  -23.613  39.726 0.0000000000
69330  -56.828  -23.568  40.221 0.0000000000
69345  -57.337  -23.041  38.712 0.0000000000
69346  -57.868  -23.217  38.729 0.0000000000
32955  -13.592  -64.023  69.050 0.0000000000
32062  -13.200  -64.701  69.507 0.0000000000
45711  -45.609  -50.618  63.286 0.0000000000
44863  -44.799  -50.803  61.924 0.0000000000
44906  -44.359  -50.123  60.305 0.0000000000
45761  -43.699  -49.425  59.075 0.0000000000
44925  -43.206  -50.300  59.073 0.0000000000
44943  -42.904  -49.604  58.374 0.0000000000
46598  -43.571  -48.346  58.157 0.0000000000
46615  -42.726  -47.881  57.184 0.0000000000
123621  -41.705  -47.100  55.867 0.0000000000
39623  -20.506  -57.769  67.128 0.0000000000
38672  -21.314  -57.947  68.425 0.0000000000
39624  -21.083  -56.991  66.973 0.0000000000
39625  -22.188  -56.922  67.192 0.0000000000
39649  -23.635  -56.286  66.697 0.0000000000
40502  -23.313  -55.129  64.715 0.0000000000
40483  -23.702  -55.494  65.330 0.0000000000
39650  -24.449  -56.005  66.813 0.0000000000
40463  -25.720  -55.530  66.291 0.0000000000
40464  -26.549  -55.520  66.434 0.0000000000
114191  -28.034  -55.391  65.887 0.0000000000
41342  -35.027  -55.155  60.783 0.0000000000
40544  -35.541  -55.684  61.299 0.0000000000
115444  -36.753  -55.254  60.499 0.0000000000
40545  -36.446  -55.744  61.199 0.0000000000
40535  -36.051  -56.089  61.963 0.0000000000
40522  -37.317  -56.380  62.509 0.0000000000
40508  -38.083  -56.497  63.802 0.0000000000
40491  -38.823  -56.116  65.271 0.0000000000
41264  -39.101  -55.767  65.770 0.0000000000
41280  -39.476  -55.714  64.953 0.0000000000
41282  -40.903  -54.948  64.468 0.0000000000
42151  -41.590  -54.344  64.576 0.0000000000
41325  -41.449  -54.970  62.147 0.0000000000
119875  -42.057  -54.108  63.925 0.0000000000
134615  -42.564  -53.578  64.087 0.0000000000
130429  -43.418  -52.754  64.159 0.0000000000
39665  -18.872  -56.925  64.956 0.0000000000
116236  -47.364  -43.032  59.522 0.0000000000
51956  -47.564  -41.743  60.049 0.0000000000
52828  -47.211  -41.151  59.342 0.0000000000
132160  -46.097  -39.655  58.787 0.0000000000
54573  -44.137  -39.634  56.818 0.0000000000
54562  -44.697  -38.968  57.918 0.0000000000
61167  -45.730  -32.973  48.135 0.0000000000
61145  -46.147  -33.073  49.986 0.0000000000
61146  -46.592  -32.528  49.494 0.0000000000
62037  -47.680  -31.568  50.437 0.0000000000
62924  -48.112  -30.937  51.709 0.0000000000
62940  -49.823  -30.692  49.975 0.0000000000
133670  -50.012  -30.299  51.481 0.0000000000
55520  -38.886  -38.439  49.831 0.0000000000
56369  -39.756  -38.318  50.090 0.0000000000
56381  -39.482  -37.914  49.280 0.0000000000
56403  -40.065  -37.281  48.719 0.0000000000
57359  -40.487  -36.588  48.317 0.0000000000
119027  -41.366  -35.688  48.323 0.0000000000
58332  -42.104  -34.930  47.753 0.0000000000
59232  -42.465  -34.508  47.213 0.0000000000
60196  -43.976  -33.935  47.309 0.0000000000
60197  -44.733  -33.546  47.378 0.0000000000
122631  -45.744  -32.847  47.148 0.0000000000
61177  -46.347  -32.381  46.648 0.0000000000
62079  -47.525  -31.395  46.670 0.0000000000
62987  -45.840  -30.716  45.172 0.0000000000
62978  -46.998  -30.886  46.087 0.0000000000
62968  -48.282  -31.104  47.010 0.0000000000
63883  -48.676  -29.550  47.420 0.0000000000
64851  -48.473  -28.552  46.948 0.0000000000
65730  -49.439  -27.634  47.101 0.0000000000
65732  -50.898  -27.273  46.340 0.0000000000
65740  -49.578  -27.860  46.251 0.0000000000
64862  -49.884  -28.373  45.348 0.0000000000
64889  -49.526  -28.450  43.662 0.0000000000
65767  -49.060  -28.011  42.813 0.0000000000
32061  -12.215  -64.838  69.152 0.0000000000
31178  -11.347  -65.918  70.423 0.0000000000
31177  -10.572  -65.755  70.677 0.0000000000
28511  -11.426  -68.191  72.298 0.0000000000
30290  -11.011  -67.314  72.492 0.0000000000
31165  -10.330  -65.885  72.793 0.0000000000
30285  -10.149  -66.522  73.622 0.0000000000
30281  -9.552  -66.338  73.960 0.0000000000
117091  -8.837  -66.460  74.082 0.0000000000
135588  -7.682  -67.260  72.494 0.0000000000
49234  -48.385  -45.482  61.335 0.0000000000
47417  -46.922  -48.487  61.735 0.0000000000
47437  -45.227  -47.872  59.285 0.0000000000
130385  -46.425  -47.720  60.371 0.0000000000
127137  -47.404  -46.845  60.667 0.0000000000
49246  -47.475  -45.368  60.149 0.0000000000
50088  -47.647  -44.503  60.329 0.0000000000
51066  -46.730  -43.642  58.178 0.0000000000
51986  -45.904  -42.600  57.093 0.0000000000
119542  -44.454  -42.108  55.794 0.0000000000
51086  -43.560  -43.338  55.515 0.0000000000
121162  -43.195  -42.158  54.687 0.0000000000
52883  -43.063  -41.270  54.832 0.0000000000
52889  -41.933  -40.864  53.835 0.0000000000
53746  -40.098  -40.216  52.455 0.0000000000
54626  -39.101  -39.648  51.471 0.0000000000
50152  -39.593  -44.550  53.304 0.0000000000
50163  -39.869  -43.911  52.961 0.0000000000
114758  -39.168  -43.026  51.799 0.0000000000
52027  -39.258  -42.298  51.704 0.0000000000
52919  -38.294  -41.288  50.989 0.0000000000
53773  -37.991  -40.523  50.635 0.0000000000
54636  -38.368  -39.615  50.694 0.0000000000
55509  -38.490  -38.935  50.308 0.0000000000
39565  -23.914  -57.226  70.237 0.0000000000
116039  -26.141  -53.710  62.286 0.0000000000
42180  -27.095  -53.872  62.202 0.0000000000
41316  -26.748  -54.007  63.026 0.0000000000
41296  -27.315  -54.513  63.566 0.0000000000
40488  -28.489  -55.184  65.013 0.0000000000
40467  -29.315  -55.998  66.027 0.0000000000
41357  -32.111  -54.775  60.256 0.0000000000
41339  -31.963  -55.344  60.906 0.0000000000
120463  -31.043  -55.859  61.990 0.0000000000
39691  -33.359  -57.388  63.073 0.0000000000
39699  -31.604  -56.719  62.987 0.0000000000
40521  -31.054  -56.325  63.568 0.0000000000
40506  -30.432  -56.077  64.121 0.0000000000
114003  -29.919  -56.175  65.556 0.0000000000
40468  -29.992  -56.368  66.444 0.0000000000
39631  -30.756  -57.129  67.844 0.0000000000
39610  -31.768  -57.481  69.008 0.0000000000
34827  -11.887  -61.690  66.628 0.0000000000
34828  -12.785  -62.032  66.490 0.0000000000
37722  -14.825  -58.920  64.926 0.0000000000
36800  -13.833  -59.581  65.035 0.0000000000
35826  -13.673  -60.322  65.398 0.0000000000
34829  -13.526  -62.060  66.623 0.0000000000
33833  -14.085  -62.612  67.877 0.0000000000
33822  -14.623  -62.882  68.814 0.0000000000
34790  -16.811  -61.908  70.731 0.0000000000
56356  -40.820  -38.396  51.228 0.0000000000
56348  -42.003  -37.963  52.463 0.0000000000
134205  -42.924  -37.666  53.619 0.0000000000
57311  -43.370  -36.389  51.290 0.0000000000
125436  -43.663  -37.003  52.634 0.0000000000
57277  -43.661  -37.124  54.580 0.0000000000
57266  -44.673  -36.753  55.550 0.0000000000
61127  -46.185  -33.082  50.833 0.0000000000
61099  -46.229  -33.235  52.426 0.0000000000
60124  -46.318  -33.404  53.326 0.0000000000
66650  -51.475  -26.652  46.582 0.0000000000
66651  -52.230  -26.189  46.408 0.0000000000
67569  -53.510  -24.741  46.388 0.0000000000
65755  -53.145  -27.234  43.812 0.0000000000
66659  -53.192  -26.280  45.015 0.0000000000
68459  -53.983  -24.114  45.856 0.0000000000
117241  -55.023  -23.762  45.098 0.0000000000
68468  -55.353  -24.028  44.757 0.0000000000
121333  -54.045  -24.900  41.817 0.0000000000
69313  -55.041  -23.603  42.277 0.0000000000
69315  -55.302  -23.893  42.795 0.0000000000
68501  -57.781  -24.407  39.675 0.0000000000
43138  -40.543  -52.630  58.165 0.0000000000
42262  -39.757  -52.974  57.781 0.0000000000
55499  -39.479  -39.012  51.397 0.0000000000
119612  -40.490  -38.797  52.331 0.0000000000
65712  -50.319  -27.482  48.831 0.0000000000
124132  -51.106  -26.134  48.201 0.0000000000
116196  -50.791  -26.568  47.281 0.0000000000
49304  -41.526  -45.545  55.064 0.0000000000
50142  -41.476  -44.756  54.655 0.0000000000
49315  -40.271  -44.908  53.826 0.0000000000
38656  -20.143  -58.701  68.754 0.0000000000
40436  -28.079  -56.125  67.999 0.0000000000
40437  -28.834  -56.297  68.065 0.0000000000
137493  -29.229  -56.295  67.552 0.0000000000
125326  -38.212  -56.445  65.619 0.0000000000
40470  -38.253  -56.374  66.441 0.0000000000
37682  -18.985  -59.347  69.077 0.0000000000
60187  -44.468  -33.960  48.033 0.0000000000
59220  -44.353  -34.295  48.801 0.0000000000
115304  -43.766  -52.063  60.740 0.0000000000
44008  -43.212  -51.833  59.966 0.0000000000
45782  -41.345  -49.535  56.637 0.0000000000
44956  -41.841  -49.605  57.324 0.0000000000
40480  -20.944  -55.818  64.878 0.0000000000
40500  -21.247  -55.355  64.277 0.0000000000
124581  -24.888  -54.395  63.680 0.0000000000
41294  -25.606  -54.514  64.060 0.0000000000
41295  -26.453  -54.431  63.773 0.0000000000
41345  -38.721  -55.869  60.928 0.0000000000
115518  -39.572  -55.862  61.435 0.0000000000
41323  -39.965  -55.714  62.344 0.0000000000
40499  -20.428  -55.610  64.220 0.0000000000
40479  -20.050  -56.050  64.805 0.0000000000
52871  -44.674  -41.301  56.281 0.0000000000
53704  -45.339  -41.224  56.858 0.0000000000
53716  -43.989  -40.413  56.163 0.0000000000
56317  -42.779  -37.428  55.546 0.0000000000
56305  -43.191  -37.045  56.192 0.0000000000
56295  -43.918  -36.834  57.029 0.0000000000
62070  -47.885  -31.718  47.380 0.0000000000
62061  -48.921  -31.494  48.512 0.0000000000
63850  -51.919  -29.118  51.940 0.0000000000
62083  -44.284  -32.169  45.072 0.0000000000
64872  -48.024  -28.300  44.492 0.0000000000
32939  -9.978  -63.923  71.137 0.0000000000
30298  -12.813  -66.973  71.918 0.0000000000
29431  -13.478  -67.734  72.160 0.0000000000
27543  -8.899  -68.634  72.988 0.0000000000
27547  -8.251  -68.982  71.869 0.0000000000
115005  -44.289  -48.879  59.301 0.0000000000
46590  -44.552  -48.290  59.016 0.0000000000
48360  -45.313  -46.028  57.855 0.0000000000
49279  -45.526  -45.303  57.596 0.0000000000
50108  -45.669  -44.438  57.319 0.0000000000
49289  -44.897  -44.292  56.831 0.0000000000
52018  -40.864  -42.282  52.815 0.0000000000
52897  -40.385  -41.665  52.423 0.0000000000
52028  -39.811  -41.921  52.060 0.0000000000
39601  -23.447  -56.925  68.249 0.0000000000
39602  -24.305  -56.776  68.469 0.0000000000
41320  -29.601  -54.869  61.910 0.0000000000
120032  -28.972  -54.516  61.862 0.0000000000
40519  -29.739  -55.383  62.729 0.0000000000
41298  -29.087  -55.065  63.319 0.0000000000
122289  -33.799  -58.235  65.969 0.0000000000
38721  -32.909  -57.911  64.728 0.0000000000
38711  -32.961  -57.944  65.814 0.0000000000
38698  -32.791  -57.794  66.713 0.0000000000
116255  -32.234  -57.495  67.177 0.0000000000
42134  -42.252  -54.169  65.510 0.0000000000
35776  -16.188  -61.128  68.926 0.0000000000
58262  -45.228  -35.377  52.818 0.0000000000
59127  -45.944  -35.182  54.160 0.0000000000
62913  -47.907  -31.122  52.503 0.0000000000
64890  -50.980  -28.431  44.077 0.0000000000
67610  -53.658  -25.544  42.321 0.0000000000
69322  -55.746  -23.799  41.135 0.0000000000
69323  -56.311  -23.768  40.703 0.0000000000
44029  -42.556  -51.818  59.329 0.0000000000
43140  -41.891  -51.911  58.881 0.0000000000
132507  -40.956  -50.273  56.518 0.0000000000
41373  -39.694  -54.401  59.167 0.0000000000
41364  -39.673  -55.001  59.941 0.0000000000
43139  -41.305  -52.300  58.572 0.0000000000
42235  -41.312  -53.796  59.673 0.0000000000
43110  -42.554  -53.016  60.170 0.0000000000
53735  -41.790  -39.934  54.154 0.0000000000
54608  -41.215  -39.250  53.782 0.0000000000
55489  -40.927  -38.508  52.903 0.0000000000
55479  -41.365  -38.475  53.721 0.0000000000
56335  -41.826  -38.034  53.799 0.0000000000
63884  -49.254  -29.474  48.089 0.0000000000
62958  -49.675  -30.464  48.456 0.0000000000
117775  -51.345  -27.699  50.000 0.0000000000
64817  -51.938  -28.168  50.732 0.0000000000
67559  -52.737  -25.039  47.780 0.0000000000
67568  -52.855  -25.271  46.864 0.0000000000
32960  -10.681  -63.329  68.673 0.0000000000
32953  -10.408  -63.835  69.157 0.0000000000
32060  -10.641  -64.705  69.391 0.0000000000
47458  -43.169  -47.300  57.231 0.0000000000
48367  -43.367  -46.409  56.932 0.0000000000
49287  -43.530  -45.560  56.650 0.0000000000
50132  -43.361  -44.183  55.940 0.0000000000
50131  -42.560  -44.615  55.555 0.0000000000
51100  -41.084  -43.713  53.657 0.0000000000
51094  -41.561  -43.910  54.334 0.0000000000
51112  -40.968  -43.107  53.176 0.0000000000
51111  -40.360  -43.501  52.964 0.0000000000
39584  -27.844  -56.657  69.394 0.0000000000
39605  -27.033  -56.502  68.951 0.0000000000
39608  -29.911  -57.141  69.030 0.0000000000
39571  -29.922  -57.208  70.088 0.0000000000
41355  -30.692  -54.771  60.474 0.0000000000
41337  -30.172  -54.911  61.181 0.0000000000
38734  -36.413  -57.232  63.934 0.0000000000
38715  -36.244  -57.803  65.180 0.0000000000
38724  -35.773  -57.801  64.337 0.0000000000
38701  -35.295  -58.049  66.305 0.0000000000
38687  -35.082  -57.827  67.243 0.0000000000
39655  -35.930  -57.514  66.919 0.0000000000
39635  -36.807  -57.246  67.660 0.0000000000
38696  -17.706  -57.866  65.701 0.0000000000
38697  -18.498  -58.036  66.188 0.0000000000
37707  -18.322  -58.924  67.425 0.0000000000
36737  -17.100  -60.226  69.034 0.0000000000
36721  -18.974  -59.948  70.528 0.0000000000
58303  -43.082  -35.423  49.302 0.0000000000
134429  -44.906  -34.630  50.504 0.0000000000
65781  -50.439  -27.731  42.271 0.0000000000
69335  -55.101  -23.834  38.978 0.0000000000
69344  -55.734  -23.335  38.456 0.0000000000
118841  -56.601  -23.270  38.794 0.0000000000
32947  -14.193  -64.340  70.198 0.0000000000
30292  -14.373  -66.750  72.166 0.0000000000
43969  -44.764  -51.304  62.895 0.0000000000
44845  -45.225  -51.018  63.309 0.0000000000
44884  -44.043  -50.737  60.331 0.0000000000
44885  -44.650  -50.468  60.998 0.0000000000
45749  -44.458  -49.464  59.891 0.0000000000
44048  -42.815  -51.058  59.140 0.0000000000
45773  -43.003  -48.791  57.944 0.0000000000
126556  -43.423  -48.968  58.443 0.0000000000
46606  -43.150  -48.087  57.610 0.0000000000
121073  -21.870  -56.637  66.382 0.0000000000
39648  -22.728  -56.487  66.538 0.0000000000
40460  -23.210  -55.895  65.975 0.0000000000
41273  -22.856  -54.810  64.154 0.0000000000
40484  -24.523  -55.384  65.454 0.0000000000
40461  -24.073  -55.786  66.072 0.0000000000
40462  -24.901  -55.639  66.158 0.0000000000
39651  -25.232  -55.846  66.921 0.0000000000
40485  -25.394  -55.211  65.523 0.0000000000
41262  -26.708  -54.900  65.138 0.0000000000
40486  -26.252  -55.188  65.750 0.0000000000
40487  -27.111  -55.195  65.834 0.0000000000
40465  -27.379  -55.626  66.533 0.0000000000
41371  -37.517  -54.754  59.274 0.0000000000
124298  -36.869  -54.864  59.732 0.0000000000
41362  -37.763  -55.172  60.213 0.0000000000
40536  -36.951  -56.160  61.874 0.0000000000
39704  -36.626  -56.436  62.538 0.0000000000
40524  -38.818  -56.387  63.423 0.0000000000
40523  -38.039  -56.464  62.926 0.0000000000
40509  -38.860  -56.219  64.386 0.0000000000
41301  -40.649  -55.221  63.641 0.0000000000
41281  -40.130  -55.437  64.264 0.0000000000
41348  -41.733  -54.641  61.283 0.0000000000
42167  -42.574  -53.779  63.321 0.0000000000
43057  -43.027  -53.156  63.738 0.0000000000
43032  -42.938  -53.247  64.595 0.0000000000
43968  -44.143  -51.982  62.641 0.0000000000
43949  -44.234  -51.934  63.430 0.0000000000
39645  -19.705  -57.130  66.167 0.0000000000
137225  -47.536  -42.463  59.946 0.0000000000
51970  -47.234  -42.158  59.184 0.0000000000
116684  -46.626  -40.653  58.675 0.0000000000
53656  -47.024  -40.076  59.656 0.0000000000
54572  -43.498  -39.426  56.372 0.0000000000
55437  -44.089  -38.036  57.732 0.0000000000
55438  -44.797  -38.220  58.311 0.0000000000
54551  -45.353  -38.878  58.512 0.0000000000
55423  -45.419  -37.929  58.918 0.0000000000
57224  -45.533  -36.664  58.439 0.0000000000
61160  -46.504  -32.525  48.545 0.0000000000
61159  -45.992  -33.023  49.099 0.0000000000
62027  -48.019  -31.059  50.922 0.0000000000
62925  -48.678  -30.823  50.971 0.0000000000
30283  -7.251  -65.942  72.933 0.0000000000
57358  -39.750  -36.844  48.003 0.0000000000
57377  -39.467  -36.459  47.305 0.0000000000
57378  -40.531  -35.521  47.335 0.0000000000
58331  -41.297  -35.215  47.725 0.0000000000
59245  -42.127  -34.185  46.625 0.0000000000
59233  -43.176  -34.251  47.302 0.0000000000
59246  -42.743  -34.098  46.776 0.0000000000
60203  -44.344  -33.515  46.523 0.0000000000
61166  -45.046  -33.103  46.856 0.0000000000
61175  -44.876  -33.101  46.071 0.0000000000
61186  -45.510  -32.162  45.578 0.0000000000
62069  -47.099  -32.063  47.022 0.0000000000
62078  -46.799  -31.721  46.283 0.0000000000
62988  -46.425  -30.361  45.579 0.0000000000
62979  -47.614  -30.344  46.587 0.0000000000
62980  -48.255  -30.224  47.087 0.0000000000
63893  -47.967  -29.253  46.735 0.0000000000
115359  -48.289  -28.309  46.222 0.0000000000
64852  -48.805  -27.875  46.674 0.0000000000
64874  -50.141  -28.569  44.412 0.0000000000
114919  -9.974  -64.091  73.119 0.0000000000
32053  -12.676  -65.321  69.954 0.0000000000
31171  -11.199  -66.422  71.184 0.0000000000
27556  -11.948  -68.504  71.995 0.0000000000
27546  -10.290  -68.046  73.298 0.0000000000
117061  -10.707  -67.886  72.848 0.0000000000
29427  -10.612  -67.598  73.013 0.0000000000
30289  -10.638  -66.608  72.593 0.0000000000
30286  -10.456  -67.084  73.188 0.0000000000
130401  -10.394  -66.390  73.265 0.0000000000
29425  -10.155  -67.229  73.500 0.0000000000
28503  -9.095  -67.924  73.828 0.0000000000
29424  -9.617  -67.114  73.661 0.0000000000
29423  -9.070  -67.249  73.777 0.0000000000
29421  -9.145  -66.483  74.000 0.0000000000
29422  -8.556  -66.767  73.855 0.0000000000
123782  -8.123  -67.494  73.182 0.0000000000
28513  -7.157  -68.343  70.974 0.0000000000
120028  -48.499  -46.057  61.589 0.0000000000
49240  -48.194  -45.296  61.067 0.0000000000
45718  -45.318  -50.438  62.691 0.0000000000
45712  -45.945  -50.144  62.891 0.0000000000
45719  -45.815  -49.660  62.151 0.0000000000
45737  -45.616  -48.794  60.696 0.0000000000
46579  -46.157  -49.033  61.492 0.0000000000
46571  -46.550  -49.217  62.043 0.0000000000
131718  -44.551  -47.207  58.092 0.0000000000
47443  -45.378  -47.160  58.669 0.0000000000
132329  -46.014  -47.310  59.570 0.0000000000
48327  -46.888  -47.122  60.153 0.0000000000
47424  -47.050  -47.638  61.035 0.0000000000
118167  -47.254  -46.285  60.084 0.0000000000
138115  -47.055  -45.096  58.924 0.0000000000
50094  -47.292  -44.677  59.485 0.0000000000
51061  -47.172  -43.775  59.039 0.0000000000
130968  -45.737  -43.194  56.925 0.0000000000
51079  -45.400  -42.962  56.562 0.0000000000
51991  -45.293  -42.100  56.453 0.0000000000
133331  -43.999  -43.619  56.032 0.0000000000
118811  -43.053  -42.974  54.900 0.0000000000
52012  -41.982  -42.268  53.669 0.0000000000
52875  -43.728  -41.736  55.263 0.0000000000
52882  -42.495  -41.665  54.133 0.0000000000
53747  -40.772  -40.438  52.932 0.0000000000
50162  -39.235  -44.062  52.684 0.0000000000
52036  -38.075  -42.907  51.172 0.0000000000
52026  -38.636  -42.624  51.402 0.0000000000
52918  -37.600  -41.362  50.574 0.0000000000
133879  -38.807  -41.176  51.366 0.0000000000
53786  -37.304  -40.522  50.226 0.0000000000
54643  -37.749  -39.183  50.090 0.0000000000
38673  -22.076  -57.645  68.713 0.0000000000
39581  -24.543  -56.918  69.413 0.0000000000
39566  -24.749  -56.969  70.465 0.0000000000
41318  -28.275  -54.346  62.224 0.0000000000
42181  -27.862  -53.854  61.704 0.0000000000
135168  -27.645  -54.057  62.317 0.0000000000
133684  -28.699  -55.688  65.693 0.0000000000
114515  -29.181  -55.819  65.238 0.0000000000
41340  -32.846  -55.059  60.714 0.0000000000
40540  -31.751  -55.945  61.540 0.0000000000
40531  -31.631  -56.382  62.254 0.0000000000
39682  -32.262  -57.414  64.216 0.0000000000
39690  -32.375  -57.185  63.264 0.0000000000
40507  -31.087  -56.587  64.366 0.0000000000
39669  -30.704  -56.690  65.885 0.0000000000
39652  -30.745  -56.965  66.854 0.0000000000
40450  -29.919  -56.638  67.405 0.0000000000
122295  -32.298  -57.550  68.221 0.0000000000
127023  -31.457  -57.326  68.303 0.0000000000
39633  -34.815  -57.827  68.073 0.0000000000
130220  -33.960  -57.905  68.164 0.0000000000
38674  -34.281  -57.925  68.602 0.0000000000
41265  -39.779  -55.494  65.688 0.0000000000
38695  -17.099  -58.315  65.878 0.0000000000
134892  -16.315  -58.098  65.113 0.0000000000
37713  -16.384  -58.615  65.860 0.0000000000
36785  -15.096  -59.533  65.600 0.0000000000
37712  -15.709  -59.029  65.703 0.0000000000
36801  -14.440  -59.400  65.052 0.0000000000
36784  -14.454  -59.984  65.405 0.0000000000
128441  -14.425  -60.557  65.773 0.0000000000
34830  -14.273  -61.645  66.647 0.0000000000
33845  -13.996  -62.209  67.119 0.0000000000
35778  -17.439  -60.489  69.929 0.0000000000
35761  -17.110  -61.146  70.363 0.0000000000
52785  -48.360  -42.020  61.207 0.0000000000
56370  -40.607  -38.070  50.364 0.0000000000
56357  -41.625  -38.036  51.654 0.0000000000
137641  -42.646  -37.634  52.466 0.0000000000
120932  -42.337  -37.867  53.236 0.0000000000
57287  -43.129  -37.530  52.888 0.0000000000
58286  -43.525  -35.807  50.611 0.0000000000
58246  -44.946  -36.197  53.199 0.0000000000
57297  -44.311  -36.684  52.868 0.0000000000
121158  -44.472  -36.888  53.756 0.0000000000
57288  -43.660  -37.318  53.514 0.0000000000
57278  -44.545  -36.863  54.685 0.0000000000
58227  -46.311  -36.035  55.398 0.0000000000
58214  -46.242  -36.269  56.117 0.0000000000
58215  -46.968  -35.917  56.511 0.0000000000
65742  -51.400  -27.829  45.451 0.0000000000
66657  -51.879  -27.100  45.852 0.0000000000
66658  -52.711  -26.818  45.490 0.0000000000
66652  -52.971  -25.750  45.911 0.0000000000
65770  -52.528  -27.562  43.205 0.0000000000
67593  -53.572  -25.528  44.369 0.0000000000
66670  -53.314  -26.669  44.288 0.0000000000
67582  -53.526  -25.137  45.415 0.0000000000
130643  -54.515  -23.957  45.326 0.0000000000
69305  -55.080  -23.661  44.118 0.0000000000
69306  -55.340  -23.907  44.041 0.0000000000
68469  -55.874  -24.320  44.398 0.0000000000
130561  -55.700  -24.197  43.442 0.0000000000
68486  -54.121  -24.902  40.939 0.0000000000
68480  -54.689  -24.046  41.819 0.0000000000
68481  -55.830  -24.287  42.436 0.0000000000
67611  -56.400  -24.926  42.962 0.0000000000
68494  -57.323  -23.855  39.961 0.0000000000
44046  -41.546  -51.559  58.258 0.0000000000
124088  -40.385  -53.839  59.041 0.0000000000
54616  -40.549  -39.020  52.787 0.0000000000
56346  -40.880  -38.522  52.081 0.0000000000
66635  -51.456  -26.102  49.006 0.0000000000
66636  -52.156  -25.674  48.987 0.0000000000
67539  -53.198  -25.495  49.124 0.0000000000
66644  -51.947  -25.560  48.093 0.0000000000
33842  -11.469  -62.296  67.340 0.0000000000
32961  -11.396  -63.617  68.280 0.0000000000
32068  -11.765  -64.245  68.641 0.0000000000
48376  -42.235  -46.530  56.070 0.0000000000
49296  -42.254  -45.587  55.695 0.0000000000
50153  -40.413  -44.077  53.452 0.0000000000
37669  -19.305  -59.474  69.973 0.0000000000
40446  -26.827  -55.786  67.183 0.0000000000
39630  -27.112  -56.113  68.050 0.0000000000
39585  -28.673  -56.833  69.421 0.0000000000
39607  -29.097  -56.798  68.771 0.0000000000
39684  -37.260  -56.810  64.091 0.0000000000
39673  -36.856  -57.380  65.623 0.0000000000
39656  -36.753  -57.248  66.579 0.0000000000
134686  -37.347  -56.813  67.027 0.0000000000
37681  -18.227  -59.556  68.799 0.0000000000
59200  -43.764  -34.894  49.037 0.0000000000
60154  -45.210  -34.149  50.074 0.0000000000
44030  -43.470  -51.024  59.677 0.0000000000
44942  -42.182  -50.032  57.846 0.0000000000
45783  -41.927  -48.897  57.090 0.0000000000
46614  -42.175  -48.065  56.781 0.0000000000
39647  -21.178  -56.593  66.035 0.0000000000
39668  -21.423  -56.037  65.544 0.0000000000
41274  -23.635  -54.702  64.133 0.0000000000
133230  -24.318  -54.620  64.083 0.0000000000
41275  -25.498  -54.807  64.782 0.0000000000
41277  -27.026  -54.747  64.376 0.0000000000
41363  -38.834  -55.192  60.129 0.0000000000
130947  -38.435  -56.250  61.639 0.0000000000
130797  -40.413  -55.303  62.925 0.0000000000
41302  -41.089  -55.079  62.968 0.0000000000
42222  -42.439  -53.617  60.537 0.0000000000
42202  -42.453  -53.971  61.317 0.0000000000
122908  -43.093  -53.360  61.770 0.0000000000
43076  -43.689  -52.730  62.215 0.0000000000
52862  -46.346  -41.902  57.719 0.0000000000
52847  -45.857  -41.183  57.491 0.0000000000
53689  -45.355  -40.485  57.386 0.0000000000
55459  -42.422  -38.135  55.379 0.0000000000
55448  -43.076  -37.766  56.491 0.0000000000
56296  -44.138  -37.120  57.688 0.0000000000
132808  -44.690  -36.569  57.029 0.0000000000
62059  -47.180  -32.097  47.932 0.0000000000
62050  -47.168  -32.000  48.934 0.0000000000
63858  -51.014  -29.991  50.435 0.0000000000
63849  -51.098  -29.919  51.319 0.0000000000
68461  -55.334  -24.160  45.649 0.0000000000
58344  -40.951  -34.886  46.942 0.0000000000
62085  -45.718  -31.519  45.332 0.0000000000
63903  -46.507  -29.522  45.409 0.0000000000
63892  -47.398  -29.458  46.302 0.0000000000
64860  -48.225  -28.316  45.353 0.0000000000
32937  -9.962  -63.460  72.287 0.0000000000
32043  -9.980  -65.054  72.980 0.0000000000
132197  -13.528  -66.623  71.962 0.0000000000
27554  -10.633  -68.683  72.105 0.0000000000
27545  -10.024  -68.477  72.978 0.0000000000
28509  -9.815  -68.205  73.556 0.0000000000
28505  -10.026  -67.784  73.656 0.0000000000
28508  -9.263  -68.263  73.587 0.0000000000
28507  -8.739  -68.130  73.444 0.0000000000
29434  -7.717  -67.801  72.255 0.0000000000
28514  -7.736  -68.536  71.651 0.0000000000
137386  -7.530  -68.827  71.086 0.0000000000
45736  -44.886  -49.737  60.786 0.0000000000
116174  -45.773  -48.113  60.107 0.0000000000
48359  -44.640  -46.393  57.664 0.0000000000
117023  -45.735  -46.415  58.378 0.0000000000
48352  -46.423  -46.127  58.728 0.0000000000
49268  -46.680  -45.392  58.533 0.0000000000
50109  -46.324  -44.225  57.838 0.0000000000
51071  -45.450  -43.659  56.850 0.0000000000
128644  -41.413  -41.082  53.307 0.0000000000
52898  -40.931  -41.407  52.826 0.0000000000
53761  -39.178  -40.652  51.634 0.0000000000
39600  -22.576  -57.164  68.041 0.0000000000
39567  -25.695  -56.892  70.634 0.0000000000
41297  -28.235  -54.732  63.225 0.0000000000
41341  -34.336  -55.098  60.886 0.0000000000
40542  -33.659  -55.641  61.141 0.0000000000
40532  -33.229  -56.399  61.783 0.0000000000
38722  -33.599  -58.087  64.362 0.0000000000
39681  -31.709  -56.947  64.562 0.0000000000
127997  -31.499  -57.039  65.915 0.0000000000
39653  -31.544  -57.184  66.666 0.0000000000
39611  -33.321  -57.822  68.530 0.0000000000
36769  -16.562  -59.495  67.171 0.0000000000
37704  -16.343  -59.118  66.455 0.0000000000
127481  -15.195  -61.203  67.303 0.0000000000
35792  -15.493  -61.492  68.280 0.0000000000
34800  -15.038  -62.246  68.561 0.0000000000
56383  -41.129  -37.301  49.841 0.0000000000
57309  -42.183  -37.258  51.018 0.0000000000
57310  -42.797  -36.923  51.335 0.0000000000
58277  -44.476  -35.498  51.600 0.0000000000
57279  -45.329  -36.537  54.793 0.0000000000
116961  -45.632  -36.025  54.233 0.0000000000
62025  -46.992  -32.020  51.640 0.0000000000
61111  -46.615  -32.585  51.220 0.0000000000
62019  -46.989  -32.079  52.474 0.0000000000
62010  -47.026  -32.145  53.360 0.0000000000
68474  -54.008  -24.353  43.913 0.0000000000
68475  -54.804  -23.678  43.513 0.0000000000
68500  -54.502  -24.244  39.567 0.0000000000
69321  -55.207  -23.651  41.734 0.0000000000
67619  -56.695  -24.648  41.087 0.0000000000
68502  -58.214  -24.316  39.009 0.0000000000
44067  -41.827  -50.806  58.033 0.0000000000
41290  -21.388  -54.846  63.659 0.0000000000
41314  -23.352  -53.996  62.983 0.0000000000
42159  -24.714  -53.924  62.983 0.0000000000
42179  -25.208  -53.664  62.322 0.0000000000
133090  -37.953  -54.511  58.726 0.0000000000
53715  -43.504  -40.835  55.457 0.0000000000
53724  -42.864  -40.349  55.083 0.0000000000
54599  -42.681  -39.754  55.262 0.0000000000
54586  -42.452  -39.095  55.452 0.0000000000
54597  -41.647  -38.972  54.400 0.0000000000
126865  -41.988  -38.773  55.019 0.0000000000
56327  -42.551  -37.613  54.888 0.0000000000
62957  -49.330  -31.088  47.973 0.0000000000
62959  -50.112  -30.185  49.048 0.0000000000
63874  -50.411  -29.612  49.326 0.0000000000
63865  -50.950  -29.591  49.993 0.0000000000
64810  -52.393  -28.396  51.544 0.0000000000
68443  -54.426  -24.335  47.318 0.0000000000
68448  -54.181  -24.088  46.719 0.0000000000
32946  -10.094  -63.866  69.946 0.0000000000
46599  -44.175  -47.964  58.417 0.0000000000
49288  -44.273  -45.036  56.912 0.0000000000
120562  -24.788  -56.463  67.946 0.0000000000
135065  -25.763  -56.647  69.047 0.0000000000
39583  -26.258  -56.690  69.545 0.0000000000
39568  -26.652  -56.839  70.478 0.0000000000
120357  -29.012  -57.042  70.221 0.0000000000
137265  -29.405  -54.040  60.391 0.0000000000
39702  -34.699  -56.762  62.452 0.0000000000
119554  -35.075  -57.197  63.002 0.0000000000
38733  -34.908  -57.741  63.597 0.0000000000
38723  -34.571  -58.162  64.541 0.0000000000
38700  -34.403  -58.134  66.561 0.0000000000
39613  -36.311  -57.588  68.215 0.0000000000
36755  -16.714  -59.981  68.084 0.0000000000
137407  -16.552  -60.516  68.723 0.0000000000
36720  -18.178  -60.203  70.305 0.0000000000
58317  -41.791  -35.880  48.828 0.0000000000
58302  -42.378  -36.051  49.565 0.0000000000
58287  -44.268  -35.194  50.699 0.0000000000
59157  -45.454  -34.688  52.522 0.0000000000
65768  -49.966  -28.083  42.937 0.0000000000
116124  -50.849  -28.088  43.164 0.0000000000
65782  -51.559  -27.663  42.510 0.0000000000
69337  -56.900  -23.370  39.696 0.0000000000
69338  -57.345  -23.459  39.455 0.0000000000
33821  -13.833  -63.327  68.483 0.0000000000
31166  -14.168  -66.440  72.143 0.0000000000
47457  -42.591  -47.473  56.852 0.0000000000
47467  -42.195  -47.306  56.386 0.0000000000
38671  -20.543  -58.245  68.008 0.0000000000
39598  -21.051  -57.724  67.637 0.0000000000
41272  -22.064  -55.041  64.217 0.0000000000
40501  -22.623  -55.241  64.645 0.0000000000
40482  -22.851  -55.573  65.219 0.0000000000
127504  -24.813  -56.196  67.396 0.0000000000
40445  -26.016  -55.746  67.065 0.0000000000
134651  -28.063  -55.816  66.645 0.0000000000
42220  -34.632  -54.101  59.656 0.0000000000
41359  -34.490  -54.690  60.288 0.0000000000
39695  -37.290  -56.555  63.178 0.0000000000
40490  -38.180  -56.510  64.724 0.0000000000
41266  -40.374  -55.262  65.114 0.0000000000
42133  -41.131  -54.642  65.219 0.0000000000
114692  -41.903  -54.212  65.180 0.0000000000
42183  -42.116  -54.517  62.012 0.0000000000
42166  -41.899  -54.445  62.963 0.0000000000
42152  -42.293  -53.829  64.667 0.0000000000
121298  -43.954  -52.316  64.078 0.0000000000
133562  -18.019  -57.012  64.620 0.0000000000
39644  -19.119  -57.572  66.096 0.0000000000
114727  -19.147  -57.111  65.691 0.0000000000
38684  -20.064  -58.290  67.286 0.0000000000
51056  -47.685  -43.054  60.297 0.0000000000
118764  -46.820  -41.538  58.511 0.0000000000
52812  -47.605  -40.844  60.212 0.0000000000
54561  -44.742  -39.757  57.377 0.0000000000
127012  -44.198  -39.016  57.374 0.0000000000
117274  -45.344  -39.736  57.999 0.0000000000
54540  -46.564  -39.038  59.684 0.0000000000
56283  -45.317  -37.119  58.767 0.0000000000
60198  -45.113  -33.508  48.051 0.0000000000
60188  -45.440  -33.531  48.759 0.0000000000
117305  -47.107  -31.968  49.914 0.0000000000
62036  -46.994  -31.958  50.824 0.0000000000
62026  -47.566  -31.538  51.266 0.0000000000
62914  -48.605  -30.708  52.671 0.0000000000
62052  -49.509  -31.115  48.637 0.0000000000
129975  -49.103  -30.878  50.308 0.0000000000
62926  -50.415  -30.332  50.579 0.0000000000
121153  -49.559  -30.609  50.818 0.0000000000
117360  -49.063  -30.578  51.679 0.0000000000
31158  -8.421  -65.586  74.556 0.0000000000
56402  -39.229  -37.533  48.447 0.0000000000
57360  -41.140  -36.250  48.642 0.0000000000
130049  -40.142  -36.180  47.664 0.0000000000
57379  -40.780  -35.837  48.050 0.0000000000
114122  -41.901  -35.367  48.284 0.0000000000
134140  -42.452  -35.102  48.251 0.0000000000
59231  -41.725  -34.676  47.119 0.0000000000
59218  -42.828  -34.737  47.850 0.0000000000
60202  -43.433  -33.875  46.502 0.0000000000
131852  -45.236  -33.161  47.544 0.0000000000
61176  -45.569  -32.690  46.198 0.0000000000
62100  -45.156  -30.998  44.899 0.0000000000
62086  -46.393  -31.252  45.640 0.0000000000
62969  -48.848  -30.751  47.433 0.0000000000
64839  -48.982  -28.371  47.570 0.0000000000
127756  -49.988  -27.064  47.247 0.0000000000
65731  -50.121  -27.569  46.523 0.0000000000
32954  -12.635  -64.243  68.741 0.0000000000
133782  -11.406  -64.687  69.049 0.0000000000
31179  -12.183  -65.936  70.456 0.0000000000
31184  -11.571  -65.378  69.640 0.0000000000
125286  -10.810  -65.413  69.990 0.0000000000
28512  -12.576  -68.175  72.140 0.0000000000
29429  -11.547  -67.837  72.357 0.0000000000
30296  -10.980  -66.808  71.899 0.0000000000
31170  -10.509  -66.038  71.723 0.0000000000
130864  -10.106  -65.318  72.149 0.0000000000
124698  -10.025  -66.009  74.068 0.0000000000
30280  -8.590  -66.088  74.305 0.0000000000
30284  -7.917  -66.410  73.437 0.0000000000
30288  -7.554  -66.725  72.678 0.0000000000
29428  -7.264  -67.104  71.951 0.0000000000
48305  -48.904  -46.221  61.834 0.0000000000
48315  -47.734  -47.035  61.261 0.0000000000
48316  -48.024  -46.243  61.328 0.0000000000
49239  -47.757  -46.016  60.794 0.0000000000
50089  -48.046  -44.452  60.890 0.0000000000
51055  -47.476  -43.792  59.931 0.0000000000
125036  -47.018  -42.943  58.659 0.0000000000
51981  -46.585  -42.816  57.815 0.0000000000
51087  -44.276  -42.970  55.805 0.0000000000
51997  -43.738  -42.550  55.303 0.0000000000
53734  -41.289  -40.181  53.570 0.0000000000
126411  -40.400  -39.627  52.726 0.0000000000
54637  -38.859  -39.132  50.996 0.0000000000
51110  -39.675  -43.393  52.447 0.0000000000
116060  -39.753  -42.651  52.171 0.0000000000
117412  -38.003  -42.196  50.953 0.0000000000
52906  -38.729  -41.874  51.338 0.0000000000
52907  -39.295  -41.512  51.676 0.0000000000
53760  -38.600  -40.468  51.135 0.0000000000
135100  -37.733  -39.853  50.282 0.0000000000
38657  -20.861  -58.376  69.088 0.0000000000
41278  -27.918  -54.867  64.225 0.0000000000
40466  -28.660  -55.894  66.377 0.0000000000
135536  -30.468  -55.804  62.515 0.0000000000
39701  -33.764  -56.890  62.398 0.0000000000
39700  -32.851  -56.922  62.447 0.0000000000
138094  -32.129  -56.790  62.544 0.0000000000
114348  -31.057  -56.121  62.776 0.0000000000
40520  -30.346  -55.939  63.234 0.0000000000
115430  -29.761  -55.977  64.695 0.0000000000
40489  -30.506  -56.408  64.959 0.0000000000
40449  -29.311  -56.156  66.860 0.0000000000
134735  -30.156  -57.057  68.226 0.0000000000
39609  -30.865  -57.266  68.841 0.0000000000
33843  -12.391  -62.516  67.067 0.0000000000
33832  -13.053  -63.053  67.617 0.0000000000
35817  -13.929  -61.012  65.969 0.0000000000
34844  -13.327  -61.585  66.126 0.0000000000
33844  -13.278  -62.503  67.027 0.0000000000
34782  -17.187  -62.301  71.197 0.0000000000
55511  -39.997  -38.595  50.933 0.0000000000
56347  -41.352  -38.303  52.512 0.0000000000
57276  -42.993  -37.480  54.395 0.0000000000
57325  -42.771  -36.441  50.556 0.0000000000
57296  -43.136  -37.015  52.064 0.0000000000
58276  -43.921  -36.281  52.020 0.0000000000
57265  -43.731  -36.916  55.503 0.0000000000
57251  -44.833  -36.652  56.259 0.0000000000
57267  -45.589  -36.489  55.619 0.0000000000
57252  -45.420  -36.478  56.469 0.0000000000
60172  -45.682  -33.650  49.585 0.0000000000
60155  -45.826  -33.697  50.429 0.0000000000
60141  -45.886  -33.693  51.254 0.0000000000
61110  -46.195  -33.109  51.628 0.0000000000
60133  -45.941  -33.646  51.966 0.0000000000
60123  -45.845  -34.004  52.726 0.0000000000
60108  -45.979  -34.144  53.771 0.0000000000
60109  -46.493  -33.476  54.278 0.0000000000
59128  -46.447  -34.377  54.665 0.0000000000
65754  -52.502  -27.707  44.160 0.0000000000
68460  -54.721  -23.960  46.048 0.0000000000
68462  -55.897  -24.463  45.274 0.0000000000
133280  -54.880  -23.665  42.702 0.0000000000
69309  -54.994  -23.428  43.022 0.0000000000
69314  -55.040  -23.590  42.563 0.0000000000
69310  -55.096  -23.635  43.393 0.0000000000
128643  -57.205  -24.510  40.346 0.0000000000
67632  -58.039  -24.989  39.311 0.0000000000
28506  -10.338  -67.673  73.354 0.0000000000
30278  -9.691  -65.904  74.173 0.0000000000
30279  -8.245  -65.972  74.201 0.0000000000
30282  -9.880  -66.503  73.807 0.0000000000
30295  -6.918  -66.456  71.300 0.0000000000
51923  -48.659  -42.658  61.288 0.0000000000
54539  -45.905  -38.716  59.112 0.0000000000
66626  -51.970  -26.066  49.547 0.0000000000
133951  -9.095  -68.932  72.567 0.0000000000
137332  -47.839  -45.110  60.659 0.0000000000
