#!ascii label  , from subject sub-v1s1x0050669_ses-1 vox2ras=TkReg
1414
36444  9.755  -62.531  72.705 0.0000000000
62186  43.382  -34.297  54.394 0.0000000000
44943  27.748  -53.666  68.812 0.0000000000
128686  35.801  -49.153  71.882 0.0000000000
45927  20.045  -51.560  66.742 0.0000000000
132683  15.779  -56.531  74.453 0.0000000000
67724  53.337  -28.586  50.247 0.0000000000
67664  50.695  -28.330  57.791 0.0000000000
51006  40.683  -45.764  62.445 0.0000000000
70566  58.239  -25.315  43.263 0.0000000000
45827  24.423  -52.425  72.680 0.0000000000
38236  12.639  -59.795  74.423 0.0000000000
68603  51.607  -27.275  54.232 0.0000000000
67705  46.672  -29.008  51.944 0.0000000000
59348  44.407  -37.691  58.372 0.0000000000
62121  47.006  -34.119  60.172 0.0000000000
58470  41.326  -39.343  57.353 0.0000000000
45916  35.464  -52.126  66.517 0.0000000000
124549  31.733  -51.301  70.128 0.0000000000
128467  20.996  -52.038  72.330 0.0000000000
44852  17.994  -53.089  76.684 0.0000000000
44006  18.300  -54.051  70.712 0.0000000000
41130  14.891  -56.978  69.979 0.0000000000
46914  24.033  -50.961  67.871 0.0000000000
70496  58.258  -25.869  50.079 0.0000000000
70448  57.903  -24.904  54.381 0.0000000000
65033  46.500  -31.255  56.337 0.0000000000
139625  43.739  -42.491  62.722 0.0000000000
47892  40.324  -49.369  67.881 0.0000000000
67798  56.077  -28.851  46.016 0.0000000000
68709  60.798  -27.023  45.363 0.0000000000
70573  63.134  -25.645  41.957 0.0000000000
45791  23.489  -52.239  75.388 0.0000000000
37336  10.955  -61.459  73.318 0.0000000000
36411  11.934  -61.540  76.269 0.0000000000
35522  11.127  -62.599  75.858 0.0000000000
67726  48.084  -28.794  50.644 0.0000000000
59320  43.677  -37.953  60.811 0.0000000000
60223  45.785  -37.206  61.100 0.0000000000
36404  4.888  -61.483  77.426 0.0000000000
124345  40.571  -38.667  54.746 0.0000000000
45922  29.943  -52.506  65.919 0.0000000000
45880  31.695  -52.119  67.750 0.0000000000
44931  30.527  -53.242  69.132 0.0000000000
45866  20.384  -51.882  69.418 0.0000000000
45841  19.553  -52.610  71.222 0.0000000000
131421  19.216  -52.663  68.760 0.0000000000
46929  22.490  -50.829  67.403 0.0000000000
46900  22.585  -51.391  69.680 0.0000000000
43007  17.074  -55.067  75.111 0.0000000000
68643  56.395  -27.638  50.504 0.0000000000
121806  58.573  -25.158  52.116 0.0000000000
69570  55.606  -26.399  52.544 0.0000000000
69543  51.185  -27.238  55.771 0.0000000000
70434  53.599  -25.004  57.141 0.0000000000
64043  42.701  -33.022  52.462 0.0000000000
119498  44.359  -31.158  53.013 0.0000000000
64017  44.679  -32.707  55.460 0.0000000000
52843  40.161  -44.395  60.255 0.0000000000
127401  41.633  -42.686  60.488 0.0000000000
52825  42.389  -44.322  62.885 0.0000000000
45859  35.926  -51.399  69.301 0.0000000000
46925  37.773  -51.396  67.882 0.0000000000
119390  38.164  -49.981  70.631 0.0000000000
131933  52.128  -28.666  47.915 0.0000000000
67800  53.550  -28.466  46.146 0.0000000000
67758  54.723  -29.072  48.516 0.0000000000
67755  57.271  -28.912  48.281 0.0000000000
70585  62.127  -25.028  40.526 0.0000000000
69676  60.533  -26.163  41.648 0.0000000000
69666  61.966  -26.080  43.519 0.0000000000
68720  59.601  -27.663  43.855 0.0000000000
117780  26.643  -53.217  70.687 0.0000000000
43976  28.871  -53.810  71.901 0.0000000000
44887  26.691  -54.038  73.210 0.0000000000
40110  14.214  -58.253  74.331 0.0000000000
40068  14.797  -58.174  77.727 0.0000000000
38206  13.338  -60.193  77.716 0.0000000000
68663  50.586  -28.606  49.600 0.0000000000
68619  52.706  -27.730  52.246 0.0000000000
138593  49.907  -28.618  51.258 0.0000000000
68613  49.021  -28.264  53.074 0.0000000000
67680  48.954  -28.771  55.129 0.0000000000
61260  43.623  -36.078  56.329 0.0000000000
62169  44.884  -33.811  57.275 0.0000000000
61233  45.614  -35.785  58.911 0.0000000000
50013  38.981  -47.863  62.360 0.0000000000
49851  37.839  -47.650  73.841 0.0000000000
35535  6.880  -62.284  73.524 0.0000000000
135532  9.005  -62.858  76.372 0.0000000000
36402  7.472  -61.745  77.503 0.0000000000
60369  42.194  -36.187  53.190 0.0000000000
119997  42.297  -37.469  54.928 0.0000000000
59359  42.659  -38.732  57.258 0.0000000000
58435  42.722  -38.431  60.733 0.0000000000
45941  33.175  -52.380  65.643 0.0000000000
45878  33.622  -51.814  68.481 0.0000000000
46856  33.678  -49.965  71.110 0.0000000000
45825  30.689  -52.089  72.469 0.0000000000
47830  31.984  -49.974  73.479 0.0000000000
46825  21.713  -51.911  74.418 0.0000000000
45761  19.591  -52.099  77.388 0.0000000000
45807  19.439  -52.575  73.884 0.0000000000
122265  18.248  -54.082  73.191 0.0000000000
43024  16.917  -55.519  72.839 0.0000000000
44038  17.219  -54.168  68.089 0.0000000000
43073  16.437  -55.563  69.577 0.0000000000
41097  15.360  -57.123  71.932 0.0000000000
123441  13.759  -58.576  71.662 0.0000000000
38276  12.377  -59.694  71.527 0.0000000000
128121  10.144  -60.911  70.263 0.0000000000
44977  27.494  -52.968  65.426 0.0000000000
45949  25.627  -51.845  65.448 0.0000000000
45902  25.986  -52.159  67.752 0.0000000000
45848  24.430  -51.873  70.317 0.0000000000
139782  22.925  -51.855  72.446 0.0000000000
68609  59.190  -27.563  53.232 0.0000000000
69549  54.316  -25.703  54.420 0.0000000000
66037  44.966  -30.245  51.874 0.0000000000
66009  46.276  -29.963  53.898 0.0000000000
65958  48.376  -29.977  56.699 0.0000000000
63998  46.377  -32.412  57.888 0.0000000000
65010  48.503  -31.306  58.868 0.0000000000
129852  40.032  -40.844  57.267 0.0000000000
55646  42.089  -41.010  60.352 0.0000000000
139211  43.792  -40.824  63.719 0.0000000000
47930  39.291  -49.499  65.196 0.0000000000
49979  40.763  -47.742  64.853 0.0000000000
49892  39.894  -47.841  70.798 0.0000000000
49918  41.719  -47.791  68.092 0.0000000000
50981  42.365  -46.374  65.295 0.0000000000
52801  43.823  -44.546  65.316 0.0000000000
54705  44.321  -42.218  66.236 0.0000000000
116726  57.162  -27.103  44.329 0.0000000000
67808  58.693  -28.598  45.476 0.0000000000
69622  59.732  -26.174  47.572 0.0000000000
44850  23.745  -52.682  76.864 0.0000000000
36443  10.435  -62.021  73.044 0.0000000000
36423  10.922  -62.386  74.936 0.0000000000
35531  10.288  -62.767  74.439 0.0000000000
59266  44.049  -38.513  62.558 0.0000000000
125221  44.894  -38.302  62.783 0.0000000000
36406  3.626  -61.861  76.637 0.0000000000
44955  28.731  -53.663  67.589 0.0000000000
44953  30.385  -52.866  67.615 0.0000000000
44018  29.599  -53.758  68.953 0.0000000000
45885  20.301  -51.894  68.376 0.0000000000
124164  19.749  -52.231  69.067 0.0000000000
45886  19.441  -52.170  68.196 0.0000000000
46952  21.774  -50.514  65.495 0.0000000000
132320  21.208  -51.302  67.377 0.0000000000
46930  21.127  -51.577  68.057 0.0000000000
122687  16.104  -56.192  75.307 0.0000000000
42046  15.590  -56.603  76.770 0.0000000000
67723  54.248  -28.584  50.225 0.0000000000
68630  55.324  -27.563  51.410 0.0000000000
68631  54.468  -27.767  51.578 0.0000000000
68582  51.063  -27.672  57.350 0.0000000000
70423  52.108  -26.314  57.227 0.0000000000
63108  43.148  -33.200  53.181 0.0000000000
64032  43.648  -32.636  53.536 0.0000000000
62185  43.844  -33.703  54.899 0.0000000000
51914  39.721  -45.736  61.315 0.0000000000
51913  40.367  -45.394  61.732 0.0000000000
120644  41.376  -44.305  61.839 0.0000000000
51904  41.338  -45.425  62.852 0.0000000000
135716  35.856  -50.128  70.937 0.0000000000
125376  36.993  -50.896  70.072 0.0000000000
122121  37.113  -49.287  71.399 0.0000000000
119056  52.866  -28.748  49.466 0.0000000000
117641  53.832  -29.018  47.910 0.0000000000
67739  53.745  -28.827  49.504 0.0000000000
67737  55.515  -28.825  49.697 0.0000000000
70577  59.960  -25.750  41.311 0.0000000000
69673  59.533  -26.500  42.525 0.0000000000
68738  60.343  -26.797  42.374 0.0000000000
69667  59.093  -26.644  43.101 0.0000000000
45837  25.372  -52.663  71.147 0.0000000000
120593  26.770  -53.501  71.876 0.0000000000
44902  25.640  -53.405  72.792 0.0000000000
39196  13.222  -59.279  74.017 0.0000000000
39168  13.604  -58.860  75.367 0.0000000000
38223  12.727  -59.747  75.287 0.0000000000
35508  12.488  -62.806  77.476 0.0000000000
36400  12.864  -61.916  77.556 0.0000000000
67742  49.048  -28.584  49.088 0.0000000000
68649  50.448  -28.561  50.633 0.0000000000
68665  49.070  -28.801  50.015 0.0000000000
67715  47.384  -28.831  51.563 0.0000000000
67714  48.062  -28.580  51.912 0.0000000000
67703  48.326  -28.522  52.706 0.0000000000
68606  49.316  -28.223  53.924 0.0000000000
67696  47.814  -28.796  53.281 0.0000000000
60309  43.895  -36.558  57.027 0.0000000000
61248  44.400  -36.195  57.516 0.0000000000
60277  44.777  -36.862  58.224 0.0000000000
67762  50.126  -28.380  48.199 0.0000000000
36424  7.409  -61.908  75.430 0.0000000000
36425  6.329  -61.584  75.534 0.0000000000
60370  41.723  -36.374  52.596 0.0000000000
60354  42.382  -36.358  53.870 0.0000000000
59414  41.566  -37.597  53.729 0.0000000000
58477  40.815  -39.413  55.980 0.0000000000
59372  42.018  -38.846  56.548 0.0000000000
59360  41.923  -39.183  57.306 0.0000000000
59336  42.445  -38.789  58.837 0.0000000000
120369  41.913  -38.901  59.267 0.0000000000
137614  32.381  -52.312  65.543 0.0000000000
46913  31.977  -51.499  68.677 0.0000000000
45879  32.708  -51.854  68.244 0.0000000000
139705  32.659  -51.055  69.420 0.0000000000
46895  33.382  -50.868  69.761 0.0000000000
132791  32.581  -50.632  70.737 0.0000000000
44885  28.803  -53.433  73.516 0.0000000000
43975  29.809  -53.451  71.685 0.0000000000
44884  29.259  -52.718  73.865 0.0000000000
136374  30.941  -50.752  74.805 0.0000000000
47829  32.697  -49.679  73.362 0.0000000000
45818  21.204  -52.076  73.169 0.0000000000
45805  20.572  -51.930  74.593 0.0000000000
45828  20.497  -52.191  72.821 0.0000000000
121819  18.826  -53.490  70.768 0.0000000000
44903  19.019  -53.258  72.636 0.0000000000
43990  18.229  -54.148  71.608 0.0000000000
127391  17.749  -54.610  72.807 0.0000000000
122741  17.664  -54.577  71.973 0.0000000000
44959  17.679  -53.033  67.271 0.0000000000
122196  14.898  -56.165  68.579 0.0000000000
121086  16.121  -55.275  68.586 0.0000000000
42134  16.015  -56.180  70.139 0.0000000000
42115  16.254  -56.115  71.105 0.0000000000
41114  15.261  -57.022  70.922 0.0000000000
40131  14.871  -57.626  72.383 0.0000000000
41115  14.509  -57.502  70.468 0.0000000000
37357  10.978  -60.604  70.883 0.0000000000
128827  28.056  -52.495  64.628 0.0000000000
45947  27.079  -52.417  64.713 0.0000000000
45926  24.016  -50.728  66.393 0.0000000000
45925  25.130  -51.526  66.487 0.0000000000
45924  25.893  -52.084  66.703 0.0000000000
45903  25.255  -51.680  67.324 0.0000000000
121663  25.222  -51.900  68.894 0.0000000000
45884  24.529  -51.559  68.609 0.0000000000
138118  21.919  -51.608  71.026 0.0000000000
117612  22.562  -51.590  71.098 0.0000000000
46863  22.080  -51.750  71.685 0.0000000000
118552  22.205  -52.046  73.851 0.0000000000
44851  18.539  -52.780  77.139 0.0000000000
35510  8.556  -62.579  77.904 0.0000000000
35509  9.398  -63.234  77.346 0.0000000000
70473  59.374  -25.746  51.113 0.0000000000
70465  58.160  -24.933  52.912 0.0000000000
69557  58.904  -25.699  53.363 0.0000000000
69547  58.408  -25.832  54.199 0.0000000000
69538  57.862  -26.624  54.933 0.0000000000
68620  51.879  -27.736  52.714 0.0000000000
69560  53.575  -26.886  53.296 0.0000000000
69561  52.986  -26.817  53.954 0.0000000000
70432  55.277  -24.536  56.958 0.0000000000
65052  45.495  -31.204  54.741 0.0000000000
66010  45.625  -30.376  53.493 0.0000000000
65973  46.582  -30.716  55.493 0.0000000000
65972  47.187  -30.103  55.396 0.0000000000
65959  47.869  -30.460  56.728 0.0000000000
62138  45.846  -34.071  58.815 0.0000000000
63073  45.380  -33.320  57.548 0.0000000000
63042  46.421  -33.429  59.086 0.0000000000
55666  39.610  -41.652  57.221 0.0000000000
139352  42.748  -42.699  61.694 0.0000000000
55637  41.824  -41.637  60.180 0.0000000000
55626  42.882  -41.401  61.487 0.0000000000
56580  43.067  -40.621  61.969 0.0000000000
55618  43.860  -41.956  62.795 0.0000000000
45939  35.493  -51.889  65.083 0.0000000000
120119  36.752  -51.607  65.780 0.0000000000
118359  39.105  -50.573  68.122 0.0000000000
134796  38.917  -50.144  66.205 0.0000000000
48898  39.851  -49.394  66.490 0.0000000000
48945  39.752  -48.855  64.912 0.0000000000
48897  40.462  -48.741  66.339 0.0000000000
49878  38.888  -47.906  71.868 0.0000000000
50955  41.991  -47.061  68.613 0.0000000000
50973  42.203  -47.117  66.694 0.0000000000
50963  42.848  -46.634  67.007 0.0000000000
51885  42.968  -45.811  65.680 0.0000000000
51877  43.752  -45.447  67.023 0.0000000000
67799  54.582  -28.809  46.403 0.0000000000
67819  57.070  -28.366  45.078 0.0000000000
67818  58.027  -28.319  44.804 0.0000000000
67796  57.544  -28.998  46.412 0.0000000000
69609  58.064  -26.950  49.023 0.0000000000
68671  58.401  -27.375  48.325 0.0000000000
69608  58.745  -26.468  48.653 0.0000000000
70527  60.330  -25.825  48.117 0.0000000000
70584  62.925  -25.194  41.063 0.0000000000
68718  61.640  -26.500  44.113 0.0000000000
69643  62.501  -26.265  45.338 0.0000000000
69645  61.215  -25.990  45.930 0.0000000000
45817  23.847  -52.327  73.922 0.0000000000
45802  24.812  -52.993  74.089 0.0000000000
44864  24.578  -52.786  75.636 0.0000000000
38250  12.043  -60.409  73.885 0.0000000000
38237  12.208  -60.238  74.890 0.0000000000
37329  11.775  -60.815  74.543 0.0000000000
116230  11.656  -62.270  76.242 0.0000000000
35514  11.630  -62.923  76.821 0.0000000000
67729  46.074  -29.260  49.704 0.0000000000
66885  46.056  -29.259  51.371 0.0000000000
59333  44.393  -37.949  59.136 0.0000000000
59318  45.498  -37.483  59.858 0.0000000000
60224  45.070  -37.467  61.175 0.0000000000
60200  45.864  -37.467  62.351 0.0000000000
36415  5.367  -61.367  76.123 0.0000000000
37310  4.167  -61.567  76.578 0.0000000000
35505  4.251  -62.111  77.458 0.0000000000
59415  40.802  -37.958  53.433 0.0000000000
58489  40.205  -39.505  55.424 0.0000000000
45920  30.936  -52.242  66.025 0.0000000000
45900  30.901  -52.407  67.170 0.0000000000
44941  30.842  -52.627  68.432 0.0000000000
45861  31.383  -51.996  70.087 0.0000000000
46882  20.924  -51.672  70.640 0.0000000000
45840  19.914  -52.279  71.602 0.0000000000
45867  19.833  -52.175  69.945 0.0000000000
120591  19.400  -52.635  69.613 0.0000000000
44925  18.533  -53.581  70.003 0.0000000000
41131  14.149  -57.300  69.567 0.0000000000
40187  12.934  -57.289  68.257 0.0000000000
46951  22.688  -50.299  65.765 0.0000000000
46928  23.289  -50.776  67.440 0.0000000000
45865  23.671  -51.300  68.857 0.0000000000
46916  22.353  -51.109  68.312 0.0000000000
133658  21.568  -51.577  69.231 0.0000000000
43942  17.417  -54.365  75.637 0.0000000000
69601  57.003  -27.041  50.097 0.0000000000
70485  58.297  -25.663  50.775 0.0000000000
69578  57.197  -25.972  51.207 0.0000000000
69569  56.443  -25.917  52.285 0.0000000000
70467  56.194  -25.507  53.015 0.0000000000
68604  51.214  -27.304  54.958 0.0000000000
69551  52.772  -26.495  54.823 0.0000000000
70435  52.246  -26.184  56.483 0.0000000000
70421  53.515  -25.313  57.742 0.0000000000
65114  43.936  -31.072  51.944 0.0000000000
64041  43.911  -31.769  53.169 0.0000000000
64031  44.199  -32.132  53.979 0.0000000000
64023  45.142  -31.908  55.321 0.0000000000
63024  47.497  -33.580  60.379 0.0000000000
53838  39.618  -43.355  58.471 0.0000000000
54767  39.901  -42.748  58.325 0.0000000000
53825  40.516  -43.328  59.563 0.0000000000
53805  41.723  -43.582  61.514 0.0000000000
53796  42.766  -43.596  62.502 0.0000000000
45876  35.656  -51.798  68.594 0.0000000000
45894  37.005  -51.690  67.286 0.0000000000
46908  37.408  -51.367  68.743 0.0000000000
46907  38.417  -50.935  68.641 0.0000000000
47881  39.438  -49.957  69.730 0.0000000000
67802  51.748  -28.040  46.666 0.0000000000
68702  52.064  -27.391  45.903 0.0000000000
129116  53.162  -28.770  47.043 0.0000000000
119091  53.983  -28.890  46.970 0.0000000000
67778  55.767  -29.320  47.780 0.0000000000
67777  56.558  -29.275  47.578 0.0000000000
67756  56.288  -29.214  48.573 0.0000000000
68660  56.718  -28.104  49.867 0.0000000000
71445  60.236  -25.168  40.626 0.0000000000
70576  60.742  -25.641  40.962 0.0000000000
120037  62.168  -25.850  42.379 0.0000000000
70565  62.796  -26.136  43.060 0.0000000000
118161  61.825  -26.151  42.839 0.0000000000
68731  61.196  -26.835  42.979 0.0000000000
139623  60.256  -27.777  44.313 0.0000000000
44932  27.021  -53.151  69.192 0.0000000000
129471  28.477  -53.851  70.047 0.0000000000
44911  26.999  -53.496  71.286 0.0000000000
44900  27.386  -53.952  72.584 0.0000000000
44874  27.721  -54.194  74.130 0.0000000000
121288  14.585  -57.817  74.847 0.0000000000
137409  14.706  -57.692  76.557 0.0000000000
121113  14.366  -58.085  76.395 0.0000000000
135154  13.788  -58.964  76.991 0.0000000000
121690  12.786  -60.603  77.159 0.0000000000
37306  13.646  -60.743  78.026 0.0000000000
67725  52.434  -28.536  50.230 0.0000000000
68647  52.961  -28.188  50.934 0.0000000000
68648  52.097  -28.136  50.955 0.0000000000
68634  51.168  -27.933  52.022 0.0000000000
138729  51.041  -27.921  52.760 0.0000000000
68651  48.733  -28.819  50.668 0.0000000000
68636  49.754  -28.431  51.928 0.0000000000
68612  50.418  -27.993  53.251 0.0000000000
118586  50.519  -27.851  54.665 0.0000000000
68597  50.123  -28.014  55.218 0.0000000000
67671  49.894  -28.502  56.409 0.0000000000
135300  43.214  -34.976  54.677 0.0000000000
62178  44.057  -34.078  55.703 0.0000000000
127085  44.061  -34.942  56.640 0.0000000000
62139  45.418  -34.837  58.461 0.0000000000
128004  46.468  -35.125  59.667 0.0000000000
60237  46.098  -37.114  60.254 0.0000000000
61196  46.996  -35.883  60.497 0.0000000000
61195  47.566  -35.292  60.910 0.0000000000
137404  40.018  -46.803  62.581 0.0000000000
119941  36.905  -48.424  72.466 0.0000000000
68704  50.456  -27.308  46.783 0.0000000000
67782  50.722  -28.255  47.774 0.0000000000
67761  51.525  -28.590  48.443 0.0000000000
72279  58.781  -22.826  42.993 0.0000000000
71432  58.036  -24.285  43.128 0.0000000000
35542  8.330  -62.804  72.803 0.0000000000
35533  8.714  -62.883  74.298 0.0000000000
35526  7.972  -62.472  74.890 0.0000000000
36412  8.237  -62.281  77.012 0.0000000000
36393  7.703  -62.049  78.305 0.0000000000
36403  6.107  -61.340  77.880 0.0000000000
62202  42.046  -34.130  52.478 0.0000000000
62203  41.540  -34.652  52.081 0.0000000000
61291  42.911  -34.875  53.964 0.0000000000
61284  42.816  -35.721  54.476 0.0000000000
60323  43.198  -36.514  55.828 0.0000000000
59370  42.962  -37.402  56.124 0.0000000000
59397  41.715  -37.828  54.548 0.0000000000
59371  42.545  -38.140  56.419 0.0000000000
59358  43.708  -37.962  57.755 0.0000000000
115923  43.148  -38.018  60.101 0.0000000000
59302  42.958  -38.114  60.658 0.0000000000
58406  43.266  -38.516  61.898 0.0000000000
45917  34.588  -52.361  66.498 0.0000000000
122559  32.469  -52.286  66.508 0.0000000000
45898  33.529  -52.103  67.647 0.0000000000
45897  34.406  -51.991  67.924 0.0000000000
45860  34.930  -51.511  69.155 0.0000000000
46874  34.867  -50.621  70.465 0.0000000000
47853  34.372  -49.660  71.752 0.0000000000
44003  29.844  -53.689  70.652 0.0000000000
123760  30.439  -53.151  71.053 0.0000000000
45835  31.083  -51.875  71.619 0.0000000000
45813  30.430  -51.321  74.242 0.0000000000
46832  30.904  -51.347  73.169 0.0000000000
131283  31.775  -50.785  71.924 0.0000000000
47855  32.809  -49.870  72.134 0.0000000000
139188  33.928  -49.423  72.397 0.0000000000
47827  34.809  -48.768  73.250 0.0000000000
45776  21.891  -51.742  76.803 0.0000000000
135743  20.440  -51.714  75.998 0.0000000000
45794  19.205  -52.275  75.729 0.0000000000
44877  18.779  -52.787  75.235 0.0000000000
45820  19.509  -52.701  72.980 0.0000000000
44889  19.027  -53.046  73.551 0.0000000000
43955  17.988  -53.819  75.152 0.0000000000
43956  17.603  -54.458  74.636 0.0000000000
117414  17.132  -55.060  74.130 0.0000000000
123895  16.254  -56.090  73.762 0.0000000000
44958  18.332  -52.455  67.158 0.0000000000
44945  18.311  -53.435  68.671 0.0000000000
44021  17.841  -54.046  68.909 0.0000000000
44052  16.447  -54.184  67.437 0.0000000000
43072  16.857  -55.035  69.114 0.0000000000
43065  17.320  -54.926  70.551 0.0000000000
43056  16.635  -55.652  71.496 0.0000000000
42097  16.340  -56.107  71.932 0.0000000000
41078  15.276  -57.153  73.785 0.0000000000
40120  14.850  -57.654  73.226 0.0000000000
40121  14.325  -58.153  73.454 0.0000000000
39207  13.239  -59.205  73.027 0.0000000000
40157  13.281  -58.221  70.177 0.0000000000
40133  13.199  -59.168  71.852 0.0000000000
38264  12.601  -59.699  72.473 0.0000000000
37346  11.398  -60.696  72.012 0.0000000000
37347  10.833  -61.382  72.502 0.0000000000
36460  9.747  -61.925  71.326 0.0000000000
35556  8.632  -62.608  71.541 0.0000000000
35551  7.077  -62.495  72.146 0.0000000000
45945  29.729  -52.394  65.098 0.0000000000
44966  28.402  -53.171  65.870 0.0000000000
44956  27.131  -53.225  67.025 0.0000000000
45948  26.607  -52.626  65.421 0.0000000000
44957  26.363  -52.722  67.122 0.0000000000
134547  26.619  -52.951  67.872 0.0000000000
45862  26.208  -52.805  69.360 0.0000000000
45847  25.097  -52.233  70.332 0.0000000000
45838  24.575  -52.121  71.151 0.0000000000
45849  23.867  -51.568  69.794 0.0000000000
46860  23.871  -51.942  71.592 0.0000000000
46846  23.869  -52.088  72.370 0.0000000000
46834  23.323  -52.152  73.580 0.0000000000
46813  22.704  -52.011  75.215 0.0000000000
35516  9.922  -63.222  76.339 0.0000000000
34675  10.391  -63.596  77.082 0.0000000000
69567  59.100  -25.583  51.991 0.0000000000
68617  54.224  -27.368  52.292 0.0000000000
69558  55.334  -25.916  53.253 0.0000000000
70449  56.020  -24.407  54.796 0.0000000000
70451  54.149  -25.224  55.364 0.0000000000
117087  55.717  -24.191  55.677 0.0000000000
70438  57.186  -24.950  55.451 0.0000000000
66891  45.642  -29.523  50.546 0.0000000000
115716  46.037  -29.465  52.246 0.0000000000
117890  44.570  -30.741  52.382 0.0000000000
66026  45.380  -30.144  52.576 0.0000000000
66868  46.750  -29.462  53.474 0.0000000000
66855  47.603  -29.362  54.442 0.0000000000
66841  48.478  -29.326  55.524 0.0000000000
66815  49.612  -29.353  57.551 0.0000000000
63084  44.529  -33.728  56.384 0.0000000000
64008  45.562  -32.398  56.699 0.0000000000
64007  46.163  -31.944  57.061 0.0000000000
63960  47.487  -32.921  59.857 0.0000000000
65011  47.711  -31.778  58.607 0.0000000000
65023  47.353  -31.380  57.513 0.0000000000
119392  48.550  -30.761  58.060 0.0000000000
65935  49.840  -29.835  58.840 0.0000000000
139200  39.971  -39.911  55.937 0.0000000000
137330  40.448  -40.065  57.358 0.0000000000
54765  41.053  -41.881  59.175 0.0000000000
56619  41.016  -40.465  58.661 0.0000000000
57566  41.407  -39.499  58.789 0.0000000000
57557  42.044  -39.576  60.218 0.0000000000
56581  42.807  -39.709  61.771 0.0000000000
57512  43.882  -39.373  63.767 0.0000000000
46946  37.563  -51.051  65.791 0.0000000000
48962  39.588  -48.542  63.924 0.0000000000
49995  40.078  -47.752  63.653 0.0000000000
50990  40.743  -47.273  64.019 0.0000000000
48811  37.514  -48.703  71.802 0.0000000000
48829  39.020  -48.958  70.757 0.0000000000
48841  40.106  -49.006  69.637 0.0000000000
134074  40.810  -47.747  69.781 0.0000000000
124831  40.847  -48.772  67.991 0.0000000000
49947  41.088  -48.171  66.753 0.0000000000
49960  41.410  -47.370  65.386 0.0000000000
50989  41.882  -46.228  64.437 0.0000000000
51895  42.334  -45.450  63.970 0.0000000000
52811  43.368  -44.295  63.961 0.0000000000
53776  43.917  -43.843  64.570 0.0000000000
52781  43.969  -44.645  68.378 0.0000000000
53762  44.271  -43.587  66.308 0.0000000000
54714  44.427  -42.397  64.342 0.0000000000
55604  44.222  -41.641  64.772 0.0000000000
71433  57.602  -24.686  43.613 0.0000000000
70567  57.732  -25.698  43.738 0.0000000000
68735  58.332  -27.372  44.044 0.0000000000
67816  59.589  -28.063  44.588 0.0000000000
68710  60.092  -27.750  45.704 0.0000000000
67775  58.382  -28.689  47.191 0.0000000000
67774  59.096  -28.173  46.837 0.0000000000
68699  60.496  -26.644  46.162 0.0000000000
70525  61.311  -25.853  47.420 0.0000000000
45758  22.226  -52.044  77.558 0.0000000000
45757  22.988  -52.344  77.275 0.0000000000
35540  10.078  -62.624  73.576 0.0000000000
59265  44.433  -38.550  62.966 0.0000000000
44035  29.529  -53.524  67.980 0.0000000000
44036  28.636  -53.768  68.395 0.0000000000
45905  20.576  -51.619  67.431 0.0000000000
45906  19.804  -51.890  67.508 0.0000000000
46939  20.819  -51.155  66.633 0.0000000000
42055  16.054  -56.164  76.227 0.0000000000
41068  15.477  -56.794  75.725 0.0000000000
68645  54.760  -28.042  50.814 0.0000000000
68646  53.856  -28.140  50.899 0.0000000000
68581  51.727  -27.123  58.066 0.0000000000
68569  51.311  -27.721  58.417 0.0000000000
62192  43.074  -33.977  53.643 0.0000000000
63096  43.524  -33.656  54.187 0.0000000000
51017  39.990  -46.199  62.070 0.0000000000
51912  41.021  -45.031  62.154 0.0000000000
47869  36.372  -49.674  71.315 0.0000000000
47851  36.616  -48.923  71.822 0.0000000000
71436  58.661  -24.995  42.672 0.0000000000
70572  58.903  -25.910  42.870 0.0000000000
69668  58.448  -26.275  43.433 0.0000000000
117272  24.881  -52.576  71.897 0.0000000000
44912  25.747  -53.124  71.957 0.0000000000
45826  25.019  -52.889  72.510 0.0000000000
39184  13.206  -59.312  74.901 0.0000000000
139158  48.293  -28.564  48.878 0.0000000000
67704  47.461  -28.824  52.449 0.0000000000
135098  47.177  -29.046  53.162 0.0000000000
60293  44.223  -37.177  57.642 0.0000000000
59332  45.190  -37.474  58.968 0.0000000000
118798  5.688  -61.604  74.257 0.0000000000
60383  40.544  -36.494  51.516 0.0000000000
60371  41.005  -36.900  52.150 0.0000000000
59431  41.369  -37.292  52.900 0.0000000000
118435  41.395  -39.281  56.623 0.0000000000
58463  41.907  -39.026  58.634 0.0000000000
57575  41.241  -39.265  58.059 0.0000000000
46897  32.099  -51.140  69.539 0.0000000000
46896  32.619  -50.814  70.068 0.0000000000
46876  32.111  -50.937  70.396 0.0000000000
120814  28.624  -53.325  74.136 0.0000000000
115735  29.386  -53.111  73.122 0.0000000000
44914  18.604  -53.720  71.372 0.0000000000
43991  17.731  -54.559  71.128 0.0000000000
42153  15.286  -56.474  69.517 0.0000000000
42135  15.442  -56.629  70.288 0.0000000000
46927  23.826  -50.765  67.057 0.0000000000
132476  24.653  -51.034  66.270 0.0000000000
45904  24.568  -51.056  67.051 0.0000000000
132479  24.723  -51.388  67.810 0.0000000000
46850  21.231  -51.787  71.441 0.0000000000
46849  21.641  -51.962  72.347 0.0000000000
34658  8.757  -63.660  78.727 0.0000000000
35499  9.086  -63.339  78.265 0.0000000000
70495  59.066  -25.804  49.871 0.0000000000
70483  59.615  -25.811  50.403 0.0000000000
70484  58.956  -25.656  50.623 0.0000000000
70457  57.586  -24.695  53.788 0.0000000000
70456  58.475  -24.995  53.613 0.0000000000
69548  57.734  -25.409  54.902 0.0000000000
119663  52.136  -27.313  53.624 0.0000000000
69562  52.289  -26.926  54.295 0.0000000000
65043  45.873  -31.255  55.523 0.0000000000
65051  46.049  -30.772  54.970 0.0000000000
119446  47.220  -30.575  56.133 0.0000000000
65032  47.244  -30.968  56.887 0.0000000000
62122  46.496  -34.282  59.560 0.0000000000
63041  46.918  -33.514  59.766 0.0000000000
54787  39.202  -42.382  57.263 0.0000000000
132816  42.989  -42.974  62.173 0.0000000000
54739  42.635  -42.184  61.277 0.0000000000
54730  43.332  -42.283  62.091 0.0000000000
121639  35.893  -51.915  65.830 0.0000000000
135596  36.351  -51.867  66.607 0.0000000000
124992  39.689  -50.068  68.065 0.0000000000
47919  39.329  -49.969  66.686 0.0000000000
47904  39.816  -49.740  67.257 0.0000000000
48877  40.230  -49.202  67.051 0.0000000000
50947  41.877  -46.877  69.528 0.0000000000
50954  42.599  -46.761  68.290 0.0000000000
51863  43.070  -46.037  68.370 0.0000000000
51871  43.291  -46.020  67.434 0.0000000000
67811  55.264  -28.600  45.811 0.0000000000
67810  56.070  -28.239  45.344 0.0000000000
116163  56.837  -28.828  45.782 0.0000000000
69600  57.803  -26.644  49.781 0.0000000000
69599  58.443  -26.158  49.353 0.0000000000
70510  59.265  -25.915  49.104 0.0000000000
116687  63.314  -25.561  41.004 0.0000000000
69675  63.468  -26.334  41.491 0.0000000000
68708  61.517  -26.265  45.122 0.0000000000
69655  62.065  -25.951  44.862 0.0000000000
69644  61.925  -25.927  45.685 0.0000000000
45804  23.897  -52.345  74.648 0.0000000000
45790  24.284  -52.498  75.130 0.0000000000
45773  24.032  -52.562  75.979 0.0000000000
37335  11.442  -60.875  73.104 0.0000000000
37330  11.351  -61.132  73.924 0.0000000000
36422  11.510  -61.941  75.496 0.0000000000
67728  46.451  -29.118  50.567 0.0000000000
59334  44.033  -37.952  59.988 0.0000000000
59319  44.733  -37.744  60.562 0.0000000000
59300  44.440  -37.829  61.131 0.0000000000
37322  4.241  -61.305  75.091 0.0000000000
36397  4.104  -61.936  77.191 0.0000000000
35511  3.616  -62.065  76.990 0.0000000000
45921  30.581  -52.375  66.374 0.0000000000
45901  30.162  -52.680  66.694 0.0000000000
44942  30.224  -53.281  68.391 0.0000000000
115881  31.170  -52.390  69.251 0.0000000000
46902  21.068  -51.571  69.845 0.0000000000
45850  20.406  -51.874  70.292 0.0000000000
44944  18.844  -53.223  69.286 0.0000000000
116119  22.217  -50.623  66.430 0.0000000000
46938  23.157  -50.561  66.611 0.0000000000
46915  23.110  -50.937  68.149 0.0000000000
46918  21.027  -51.676  68.919 0.0000000000
46917  21.689  -51.453  68.545 0.0000000000
42992  16.962  -54.966  76.125 0.0000000000
69591  56.772  -26.723  50.842 0.0000000000
69580  55.825  -26.776  51.821 0.0000000000
69542  51.791  -26.793  55.714 0.0000000000
69532  51.677  -26.845  56.487 0.0000000000
70407  52.466  -26.141  57.953 0.0000000000
64060  43.010  -32.163  52.045 0.0000000000
65090  43.565  -31.639  52.389 0.0000000000
64042  43.339  -32.420  52.791 0.0000000000
63102  43.903  -32.984  54.298 0.0000000000
64024  44.513  -32.412  54.731 0.0000000000
53826  39.931  -43.694  59.148 0.0000000000
53814  40.704  -43.734  60.329 0.0000000000
53797  42.035  -43.934  62.221 0.0000000000
53804  42.410  -43.272  61.874 0.0000000000
45875  36.532  -51.618  68.691 0.0000000000
46909  36.816  -51.230  69.419 0.0000000000
129195  37.530  -50.548  70.421 0.0000000000
46891  37.751  -50.948  69.619 0.0000000000
46871  38.235  -50.554  70.149 0.0000000000
46890  38.729  -50.611  69.577 0.0000000000
46870  38.743  -50.231  70.163 0.0000000000
67780  52.314  -28.561  47.200 0.0000000000
67779  54.847  -29.063  47.525 0.0000000000
67757  55.420  -29.248  48.309 0.0000000000
68661  55.986  -28.394  50.137 0.0000000000
67736  56.214  -28.826  49.467 0.0000000000
70575  61.595  -25.741  41.559 0.0000000000
69672  61.263  -26.347  42.217 0.0000000000
68733  59.774  -27.121  43.120 0.0000000000
138133  60.473  -27.155  42.982 0.0000000000
68732  60.614  -27.401  43.618 0.0000000000
44923  26.774  -53.184  69.994 0.0000000000
44922  27.231  -53.575  70.600 0.0000000000
44901  26.459  -53.605  72.404 0.0000000000
44886  28.009  -54.005  73.414 0.0000000000
40098  14.147  -58.316  75.363 0.0000000000
129935  13.320  -59.327  76.511 0.0000000000
39137  13.526  -59.484  77.345 0.0000000000
38205  13.901  -59.614  77.960 0.0000000000
38202  13.842  -60.162  78.136 0.0000000000
37321  11.900  -60.931  75.411 0.0000000000
37320  12.426  -60.135  75.778 0.0000000000
37312  12.336  -60.679  76.398 0.0000000000
138536  51.239  -28.584  49.276 0.0000000000
68662  51.431  -28.497  50.205 0.0000000000
119797  51.265  -28.120  51.170 0.0000000000
68635  50.521  -28.278  51.565 0.0000000000
67744  47.728  -28.852  50.005 0.0000000000
68622  48.876  -28.471  52.180 0.0000000000
68621  49.654  -28.254  52.712 0.0000000000
133142  49.660  -28.155  53.392 0.0000000000
128853  50.089  -28.027  53.979 0.0000000000
67686  48.783  -28.622  54.326 0.0000000000
67685  49.463  -28.349  54.742 0.0000000000
67679  49.636  -28.448  55.534 0.0000000000
68588  50.154  -28.092  55.881 0.0000000000
61274  43.348  -35.496  55.477 0.0000000000
61273  43.770  -34.759  55.952 0.0000000000
128247  43.721  -35.351  56.265 0.0000000000
61234  44.921  -35.718  58.166 0.0000000000
62123  45.948  -34.934  59.181 0.0000000000
61216  46.188  -35.786  59.507 0.0000000000
60238  45.424  -37.401  60.657 0.0000000000
60222  46.688  -36.729  60.877 0.0000000000
61174  47.427  -36.100  61.218 0.0000000000
61173  47.987  -35.477  61.812 0.0000000000
50033  39.387  -47.011  62.034 0.0000000000
50012  39.755  -47.459  62.804 0.0000000000
68686  50.339  -27.833  47.253 0.0000000000
68685  50.986  -27.896  47.011 0.0000000000
130732  50.689  -28.487  48.693 0.0000000000
67740  51.983  -28.649  49.391 0.0000000000
72280  58.229  -23.270  43.384 0.0000000000
35543  7.458  -62.638  73.010 0.0000000000
118431  8.274  -62.808  73.511 0.0000000000
35534  7.701  -62.574  73.974 0.0000000000
36413  7.385  -61.771  76.407 0.0000000000
137243  8.040  -62.081  77.769 0.0000000000
37309  5.528  -61.316  77.309 0.0000000000
121428  5.616  -61.411  77.907 0.0000000000
137451  42.347  -33.574  52.478 0.0000000000
62209  41.632  -33.977  51.920 0.0000000000
61302  41.592  -35.463  52.275 0.0000000000
61311  41.008  -35.160  51.633 0.0000000000
124926  41.938  -34.916  52.576 0.0000000000
61301  42.086  -35.562  52.869 0.0000000000
61292  42.494  -35.579  53.554 0.0000000000
59396  42.143  -37.138  54.143 0.0000000000
60339  42.586  -36.657  54.634 0.0000000000
60324  42.751  -37.023  55.382 0.0000000000
60310  43.496  -37.013  56.539 0.0000000000
121886  40.962  -38.122  54.292 0.0000000000
59398  41.160  -38.403  55.024 0.0000000000
118654  42.077  -38.362  55.948 0.0000000000
138037  43.199  -38.372  57.507 0.0000000000
59349  43.688  -38.152  58.699 0.0000000000
59350  43.059  -38.685  58.244 0.0000000000
58450  42.641  -38.312  60.053 0.0000000000
58423  43.146  -38.201  61.383 0.0000000000
57533  42.899  -38.799  61.512 0.0000000000
123887  34.142  -52.409  65.686 0.0000000000
116456  31.654  -52.246  66.796 0.0000000000
45899  32.196  -52.072  67.548 0.0000000000
138667  34.201  -52.253  67.195 0.0000000000
132094  34.346  -51.765  68.662 0.0000000000
46910  33.937  -51.318  69.142 0.0000000000
117421  33.980  -50.505  70.478 0.0000000000
47870  34.552  -50.050  70.992 0.0000000000
43988  28.413  -53.884  71.260 0.0000000000
44004  28.885  -53.869  70.638 0.0000000000
43987  29.187  -53.796  71.253 0.0000000000
44898  30.021  -52.873  72.497 0.0000000000
44897  30.559  -52.710  71.751 0.0000000000
45845  30.936  -52.397  70.916 0.0000000000
46831  31.344  -50.640  73.937 0.0000000000
46844  31.705  -50.626  72.778 0.0000000000
46843  32.269  -50.229  71.973 0.0000000000
47840  32.409  -49.912  72.716 0.0000000000
47839  33.230  -49.569  72.780 0.0000000000
127146  33.970  -49.046  73.081 0.0000000000
46804  21.657  -51.602  76.102 0.0000000000
45777  21.045  -51.655  76.716 0.0000000000
46805  21.133  -51.597  75.703 0.0000000000
45806  19.968  -52.243  74.271 0.0000000000
45793  19.948  -51.979  75.266 0.0000000000
118638  19.367  -52.426  74.794 0.0000000000
45830  19.502  -52.661  72.082 0.0000000000
138018  18.541  -53.685  72.729 0.0000000000
44890  18.586  -53.486  73.379 0.0000000000
138483  18.595  -53.266  74.034 0.0000000000
43965  18.200  -53.834  74.122 0.0000000000
43966  17.699  -54.524  73.695 0.0000000000
43023  17.298  -55.110  73.246 0.0000000000
42077  16.733  -55.576  73.578 0.0000000000
44037  17.763  -53.549  68.024 0.0000000000
135811  15.846  -54.255  66.771 0.0000000000
43079  15.739  -54.823  67.503 0.0000000000
139026  17.012  -55.195  69.920 0.0000000000
129958  16.701  -55.550  70.641 0.0000000000
41113  15.799  -56.565  71.534 0.0000000000
41096  15.861  -56.593  72.423 0.0000000000
41087  15.826  -56.585  73.363 0.0000000000
41088  15.379  -57.157  72.860 0.0000000000
40132  14.344  -58.150  71.965 0.0000000000
119464  14.477  -58.041  72.757 0.0000000000
39206  13.857  -58.542  72.651 0.0000000000
40172  13.360  -57.654  69.158 0.0000000000
40156  13.784  -57.833  70.007 0.0000000000
39217  12.620  -59.242  70.810 0.0000000000
120626  12.082  -60.126  72.030 0.0000000000
37358  10.445  -61.321  71.365 0.0000000000
36451  10.096  -61.889  72.157 0.0000000000
36461  9.068  -62.217  70.946 0.0000000000
36462  8.221  -62.310  70.820 0.0000000000
123922  7.742  -62.583  71.529 0.0000000000
131836  28.457  -52.944  65.133 0.0000000000
117092  28.316  -53.490  66.786 0.0000000000
44967  27.550  -53.214  66.268 0.0000000000
137189  26.023  -51.838  64.340 0.0000000000
45968  26.194  -52.121  64.942 0.0000000000
120467  26.046  -52.246  65.826 0.0000000000
137575  26.143  -52.533  68.218 0.0000000000
133765  26.456  -52.837  68.626 0.0000000000
45882  25.857  -52.249  68.639 0.0000000000
45864  24.705  -51.838  69.523 0.0000000000
45863  25.513  -52.284  69.499 0.0000000000
117153  22.853  -51.196  68.931 0.0000000000
46899  23.209  -51.350  69.526 0.0000000000
46862  22.764  -51.718  71.831 0.0000000000
46861  23.254  -51.680  71.282 0.0000000000
122814  23.345  -51.846  72.053 0.0000000000
46847  23.356  -52.019  72.783 0.0000000000
46833  23.865  -52.201  73.133 0.0000000000
46824  22.351  -52.012  74.583 0.0000000000
46815  21.860  -51.782  75.289 0.0000000000
46814  22.278  -51.757  76.012 0.0000000000
45760  20.465  -51.915  77.774 0.0000000000
40084  14.694  -57.845  77.125 0.0000000000
118036  15.115  -57.485  77.494 0.0000000000
35525  8.824  -62.867  75.310 0.0000000000
35532  9.568  -62.955  74.859 0.0000000000
35524  9.539  -62.998  75.649 0.0000000000
34668  9.920  -63.872  77.895 0.0000000000
34667  10.976  -64.198  77.479 0.0000000000
33738  11.102  -64.676  77.590 0.0000000000
70475  57.970  -25.558  51.321 0.0000000000
70474  58.821  -25.473  51.369 0.0000000000
69556  59.260  -26.507  53.021 0.0000000000
68633  52.639  -27.932  51.511 0.0000000000
68632  53.479  -27.825  51.732 0.0000000000
68618  53.480  -27.399  52.601 0.0000000000
127546  53.768  -26.423  53.955 0.0000000000
69559  54.420  -26.323  53.508 0.0000000000
70460  55.177  -25.362  54.129 0.0000000000
69540  53.285  -25.746  55.512 0.0000000000
70442  53.900  -24.959  56.330 0.0000000000
70440  55.903  -24.209  56.270 0.0000000000
71350  56.424  -24.133  55.559 0.0000000000
70430  56.771  -25.497  56.111 0.0000000000
69539  57.352  -26.068  55.545 0.0000000000
66043  44.165  -30.354  50.760 0.0000000000
66892  44.791  -30.013  49.991 0.0000000000
66887  45.026  -30.031  51.093 0.0000000000
125839  45.596  -29.623  51.175 0.0000000000
66886  45.522  -29.791  51.725 0.0000000000
65089  44.049  -31.261  52.597 0.0000000000
66869  46.092  -29.734  53.083 0.0000000000
66867  47.377  -29.180  53.772 0.0000000000
66856  46.957  -29.641  54.196 0.0000000000
66827  47.901  -29.890  56.013 0.0000000000
66826  48.737  -29.536  56.314 0.0000000000
115995  49.384  -29.122  56.764 0.0000000000
66816  48.957  -29.723  57.104 0.0000000000
121975  44.189  -34.376  56.321 0.0000000000
63056  45.909  -33.193  58.239 0.0000000000
127597  45.080  -33.033  56.803 0.0000000000
63999  45.712  -32.683  57.392 0.0000000000
64996  48.701  -31.701  59.757 0.0000000000
64997  48.038  -31.853  59.262 0.0000000000
118524  47.363  -31.675  58.045 0.0000000000
65937  47.886  -31.292  58.093 0.0000000000
65950  47.907  -30.882  57.421 0.0000000000
123842  39.543  -40.975  56.480 0.0000000000
56625  40.017  -40.119  56.558 0.0000000000
54756  40.801  -42.604  59.344 0.0000000000
54766  40.430  -42.218  58.555 0.0000000000
54755  41.443  -42.239  59.900 0.0000000000
55647  41.666  -41.034  59.765 0.0000000000
55657  41.272  -41.149  59.165 0.0000000000
56611  41.489  -40.325  59.315 0.0000000000
57558  41.780  -39.474  59.585 0.0000000000
56603  42.256  -40.302  60.597 0.0000000000
131492  43.463  -40.677  62.544 0.0000000000
125125  43.227  -39.902  62.474 0.0000000000
57520  43.620  -39.313  62.892 0.0000000000
56568  43.599  -40.167  63.239 0.0000000000
45915  37.145  -51.539  66.445 0.0000000000
46937  37.899  -51.123  66.839 0.0000000000
47931  38.782  -50.019  65.576 0.0000000000
46945  38.188  -50.484  65.221 0.0000000000
47944  38.636  -49.859  64.784 0.0000000000
119136  38.478  -49.682  63.909 0.0000000000
47943  39.176  -49.183  64.357 0.0000000000
48922  40.377  -48.477  65.348 0.0000000000
48944  40.108  -48.246  64.489 0.0000000000
136653  40.454  -47.776  64.281 0.0000000000
48773  37.266  -47.893  73.134 0.0000000000
133396  37.563  -48.176  72.472 0.0000000000
48810  38.446  -48.691  71.410 0.0000000000
48809  39.234  -48.276  71.146 0.0000000000
47866  39.506  -49.282  70.256 0.0000000000
48828  39.724  -48.602  70.478 0.0000000000
49904  41.330  -47.597  69.120 0.0000000000
49905  40.727  -48.279  69.294 0.0000000000
49919  41.049  -48.247  68.449 0.0000000000
49933  41.244  -48.276  67.619 0.0000000000
50982  41.956  -46.911  65.869 0.0000000000
118958  41.779  -46.767  65.093 0.0000000000
51896  41.634  -45.831  63.569 0.0000000000
51890  42.658  -45.708  64.784 0.0000000000
51884  43.689  -45.242  66.068 0.0000000000
52802  43.295  -45.180  65.136 0.0000000000
135640  43.556  -44.611  64.658 0.0000000000
52776  44.078  -44.556  69.358 0.0000000000
131005  44.367  -43.330  67.136 0.0000000000
53761  44.394  -42.900  66.531 0.0000000000
53775  44.431  -43.074  64.896 0.0000000000
54709  44.443  -42.330  65.249 0.0000000000
71428  57.088  -24.105  44.038 0.0000000000
68701  52.880  -27.855  45.775 0.0000000000
68712  53.558  -27.682  45.468 0.0000000000
69656  57.086  -26.121  44.113 0.0000000000
69669  57.927  -26.749  43.962 0.0000000000
68722  57.904  -27.584  44.303 0.0000000000
67817  58.911  -28.324  44.845 0.0000000000
67807  59.553  -28.288  45.305 0.0000000000
67794  59.386  -28.339  46.070 0.0000000000
67776  57.551  -29.078  47.304 0.0000000000
67754  58.079  -28.431  47.957 0.0000000000
69623  59.024  -26.751  47.904 0.0000000000
68684  58.759  -27.853  47.585 0.0000000000
68683  59.398  -27.059  47.190 0.0000000000
68700  59.822  -27.554  46.439 0.0000000000
69636  60.086  -26.354  46.872 0.0000000000
69635  60.891  -25.876  46.708 0.0000000000
69621  60.549  -25.856  47.412 0.0000000000
69606  60.975  -25.903  48.563 0.0000000000
71444  60.658  -24.468  39.933 0.0000000000
71459  61.241  -24.050  39.411 0.0000000000
70600  61.612  -24.696  39.763 0.0000000000
70570  62.409  -25.990  43.044 0.0000000000
45774  23.289  -52.251  76.364 0.0000000000
36434  10.785  -62.053  73.966 0.0000000000
35523  10.374  -62.965  75.439 0.0000000000
59301  43.938  -38.097  61.558 0.0000000000
60213  44.782  -37.871  61.622 0.0000000000
59281  44.361  -38.273  62.273 0.0000000000
44954  29.485  -53.339  67.081 0.0000000000
118489  21.472  -50.836  66.246 0.0000000000
116871  21.649  -50.944  67.002 0.0000000000
126486  21.760  -51.141  67.793 0.0000000000
42993  16.520  -55.592  75.663 0.0000000000
42983  16.480  -55.535  76.705 0.0000000000
42045  16.049  -56.131  77.170 0.0000000000
42036  15.582  -56.793  77.504 0.0000000000
68644  55.629  -27.921  50.721 0.0000000000
69581  55.033  -27.142  52.073 0.0000000000
69533  51.136  -27.378  56.474 0.0000000000
69525  51.629  -26.996  57.232 0.0000000000
130206  52.041  -26.559  57.823 0.0000000000
135059  44.261  -33.047  54.981 0.0000000000
51926  40.093  -44.981  60.911 0.0000000000
126107  40.541  -44.347  60.810 0.0000000000
52832  40.724  -44.660  61.440 0.0000000000
52826  41.692  -44.676  62.545 0.0000000000
46873  35.692  -50.635  70.516 0.0000000000
46892  36.235  -50.952  69.978 0.0000000000
46872  36.579  -50.457  70.653 0.0000000000
47868  37.262  -49.872  70.921 0.0000000000
67760  52.438  -28.750  48.637 0.0000000000
131526  52.847  -28.860  47.888 0.0000000000
67759  53.294  -28.880  48.703 0.0000000000
119864  54.056  -28.955  48.813 0.0000000000
129510  55.502  -29.112  49.044 0.0000000000
67738  54.702  -28.898  49.455 0.0000000000
67722  55.143  -28.523  50.227 0.0000000000
70571  59.343  -25.676  42.024 0.0000000000
69677  59.877  -26.350  41.850 0.0000000000
45836  26.221  -53.175  71.214 0.0000000000
39183  13.682  -58.767  74.608 0.0000000000
39169  13.240  -59.273  75.714 0.0000000000
127089  12.862  -59.667  75.995 0.0000000000
36401  12.140  -62.150  77.013 0.0000000000
36410  12.491  -61.311  77.069 0.0000000000
67741  49.941  -28.531  48.924 0.0000000000
68664  49.773  -28.737  49.830 0.0000000000
68650  49.518  -28.781  50.654 0.0000000000
67727  47.353  -28.901  50.705 0.0000000000
117183  47.885  -28.740  51.245 0.0000000000
67695  48.579  -28.527  53.523 0.0000000000
67687  48.009  -28.835  54.053 0.0000000000
61259  43.987  -35.685  56.876 0.0000000000
60276  45.325  -36.603  58.747 0.0000000000
120447  46.212  -37.116  61.736 0.0000000000
36435  6.919  -61.935  74.455 0.0000000000
36414  6.437  -61.387  77.094 0.0000000000
60382  41.089  -36.024  51.943 0.0000000000
59413  41.991  -36.886  53.337 0.0000000000
58488  40.659  -39.003  55.322 0.0000000000
58476  41.435  -38.829  55.811 0.0000000000
59351  42.307  -39.063  58.073 0.0000000000
58451  42.330  -38.626  59.412 0.0000000000
57547  42.206  -38.755  60.001 0.0000000000
46926  32.073  -51.455  68.173 0.0000000000
46912  32.363  -51.427  68.876 0.0000000000
46911  33.065  -51.367  69.004 0.0000000000
46875  33.139  -50.452  70.592 0.0000000000
44899  28.550  -53.844  72.737 0.0000000000
119874  29.370  -53.479  72.429 0.0000000000
45814  30.053  -52.187  73.389 0.0000000000
46822  31.517  -50.236  74.899 0.0000000000
46826  21.128  -51.903  74.094 0.0000000000
46816  21.164  -51.755  74.895 0.0000000000
133345  20.560  -52.132  73.723 0.0000000000
45819  19.955  -52.373  73.346 0.0000000000
118945  19.305  -53.043  70.819 0.0000000000
44913  19.111  -53.250  71.578 0.0000000000
44904  18.586  -53.659  72.066 0.0000000000
43978  18.214  -54.142  72.395 0.0000000000
43041  17.268  -55.106  72.405 0.0000000000
44051  17.074  -53.602  67.318 0.0000000000
42167  15.251  -55.506  68.081 0.0000000000
42152  15.728  -55.924  69.053 0.0000000000
42116  15.750  -56.499  70.816 0.0000000000
41098  14.759  -57.608  71.433 0.0000000000
40143  14.046  -58.197  70.909 0.0000000000
39218  11.928  -59.745  70.645 0.0000000000
38277  11.733  -60.201  71.266 0.0000000000
38289  10.703  -60.285  69.982 0.0000000000
45950  25.044  -51.333  65.632 0.0000000000
133337  25.530  -51.830  66.027 0.0000000000
45883  25.287  -51.789  68.175 0.0000000000
46880  22.252  -51.494  70.414 0.0000000000
46879  23.092  -51.473  70.368 0.0000000000
46848  22.366  -51.893  72.422 0.0000000000
46835  22.727  -52.039  73.166 0.0000000000
46836  21.634  -51.998  73.737 0.0000000000
139182  8.811  -62.769  77.166 0.0000000000
70464  58.866  -25.136  52.814 0.0000000000
68610  58.921  -26.724  53.727 0.0000000000
68602  58.389  -27.235  54.401 0.0000000000
68611  52.805  -27.359  53.089 0.0000000000
126504  54.029  -24.945  57.547 0.0000000000
70433  54.408  -24.668  57.007 0.0000000000
66038  44.376  -30.499  51.538 0.0000000000
65068  45.176  -30.971  53.981 0.0000000000
66027  44.919  -30.778  53.187 0.0000000000
65992  45.877  -30.601  54.286 0.0000000000
65991  46.591  -30.221  54.716 0.0000000000
65990  47.201  -29.767  54.790 0.0000000000
63057  45.347  -33.950  58.030 0.0000000000
63986  46.658  -32.727  58.672 0.0000000000
65926  49.253  -30.961  59.707 0.0000000000
55693  38.950  -41.042  55.749 0.0000000000
54740  42.114  -42.835  61.162 0.0000000000
54748  42.050  -42.202  60.599 0.0000000000
55636  42.348  -41.605  60.785 0.0000000000
137976  42.468  -40.990  60.884 0.0000000000
126274  43.486  -41.388  62.254 0.0000000000
55611  43.748  -41.152  63.058 0.0000000000
46924  38.582  -50.868  67.600 0.0000000000
46936  38.789  -50.564  66.771 0.0000000000
125930  39.361  -49.704  65.967 0.0000000000
48923  39.823  -49.065  65.705 0.0000000000
48792  38.016  -47.765  72.967 0.0000000000
49865  38.749  -47.630  72.756 0.0000000000
49864  39.518  -47.417  72.560 0.0000000000
49877  39.645  -47.612  71.630 0.0000000000
50964  42.321  -47.169  67.666 0.0000000000
50972  42.666  -46.524  66.158 0.0000000000
51878  43.210  -45.953  66.560 0.0000000000
133840  43.926  -44.819  66.709 0.0000000000
67812  54.357  -28.227  45.624 0.0000000000
68723  56.563  -27.632  44.716 0.0000000000
126880  57.318  -27.861  44.603 0.0000000000
67809  57.738  -28.762  45.585 0.0000000000
67795  58.464  -28.792  46.372 0.0000000000
68672  57.786  -28.058  48.774 0.0000000000
69607  59.448  -25.969  48.305 0.0000000000
71443  62.711  -24.940  39.910 0.0000000000
129259  63.173  -25.215  40.287 0.0000000000
124970  62.182  -26.004  44.203 0.0000000000
125784  62.827  -26.703  45.631 0.0000000000
45816  24.257  -52.450  73.475 0.0000000000
45815  24.787  -52.861  73.355 0.0000000000
45803  24.379  -52.579  74.252 0.0000000000
45789  24.669  -52.817  74.810 0.0000000000
44849  24.460  -52.919  76.521 0.0000000000
38249  12.630  -59.771  73.456 0.0000000000
36433  11.386  -61.544  74.674 0.0000000000
34674  11.933  -63.616  77.438 0.0000000000
117540  46.977  -28.922  49.670 0.0000000000
67716  46.759  -28.991  51.243 0.0000000000
128494  44.876  -37.822  59.649 0.0000000000
60212  45.444  -37.429  61.679 0.0000000000
36426  5.042  -61.384  74.813 0.0000000000
37313  4.625  -61.428  76.427 0.0000000000
36405  4.200  -61.739  77.010 0.0000000000
36396  4.632  -61.795  77.613 0.0000000000
57585  40.846  -39.506  56.739 0.0000000000
127000  31.173  -52.322  66.837 0.0000000000
124643  31.109  -52.328  67.867 0.0000000000
45881  31.606  -52.112  68.541 0.0000000000
46898  31.761  -51.679  69.370 0.0000000000
45839  20.460  -52.080  71.953 0.0000000000
120815  20.459  -51.968  71.113 0.0000000000
45851  19.911  -52.236  70.763 0.0000000000
45852  19.531  -52.571  70.413 0.0000000000
44924  19.124  -53.128  70.128 0.0000000000
42168  14.419  -55.849  67.600 0.0000000000
41148  14.571  -56.802  69.046 0.0000000000
41149  13.732  -57.033  68.649 0.0000000000
46950  23.514  -50.449  65.748 0.0000000000
124833  22.177  -51.433  69.066 0.0000000000
46901  21.857  -51.505  69.795 0.0000000000
46881  21.518  -51.568  70.523 0.0000000000
69590  57.536  -26.140  50.534 0.0000000000
68629  56.070  -27.169  51.130 0.0000000000
69579  56.607  -26.357  51.556 0.0000000000
70476  57.436  -25.463  52.021 0.0000000000
70466  57.128  -25.035  52.885 0.0000000000
128488  56.767  -24.794  53.509 0.0000000000
69552  52.006  -26.837  54.940 0.0000000000
69541  52.498  -26.271  55.639 0.0000000000
70443  53.046  -25.612  56.416 0.0000000000
70422  52.852  -25.724  57.335 0.0000000000
65115  43.239  -31.375  51.667 0.0000000000
65069  44.571  -31.418  53.615 0.0000000000
65053  44.837  -31.662  54.402 0.0000000000
65034  45.709  -31.850  56.179 0.0000000000
62109  47.518  -34.395  60.689 0.0000000000
123071  39.391  -42.916  57.852 0.0000000000
53837  40.241  -43.009  58.869 0.0000000000
53824  41.117  -42.986  60.033 0.0000000000
52842  41.057  -43.965  61.129 0.0000000000
53813  41.401  -43.288  60.766 0.0000000000
53795  43.493  -43.085  62.752 0.0000000000
133492  35.795  -51.985  67.215 0.0000000000
139587  36.358  -51.888  67.235 0.0000000000
45895  36.253  -51.864  67.870 0.0000000000
45874  37.028  -51.683  68.104 0.0000000000
46889  39.334  -50.422  68.861 0.0000000000
47893  40.013  -49.702  68.826 0.0000000000
67801  52.575  -28.277  46.367 0.0000000000
132040  55.660  -29.094  46.781 0.0000000000
67797  56.694  -29.120  46.624 0.0000000000
67735  56.989  -28.542  49.120 0.0000000000
68659  57.434  -27.592  49.495 0.0000000000
70586  61.061  -25.153  40.319 0.0000000000
71438  59.553  -25.017  41.240 0.0000000000
119801  62.337  -25.228  41.242 0.0000000000
70574  62.670  -25.489  41.853 0.0000000000
70564  63.000  -26.073  42.659 0.0000000000
70569  62.775  -25.823  42.528 0.0000000000
68719  60.890  -27.213  44.580 0.0000000000
44019  28.551  -53.848  69.301 0.0000000000
44020  27.653  -53.676  69.787 0.0000000000
44005  28.043  -53.853  70.594 0.0000000000
43989  27.655  -53.845  71.148 0.0000000000
43977  27.787  -53.891  71.861 0.0000000000
44888  25.472  -53.517  73.587 0.0000000000
44875  26.214  -54.224  73.978 0.0000000000
43954  26.863  -54.721  74.626 0.0000000000
119547  19.413  -51.864  66.862 0.0000000000
120694  15.112  -57.282  74.763 0.0000000000
40097  14.766  -57.595  75.773 0.0000000000
40085  14.216  -58.415  77.106 0.0000000000
39152  13.783  -58.722  76.233 0.0000000000
39136  14.120  -58.962  77.608 0.0000000000
38201  14.215  -59.834  78.197 0.0000000000
38213  12.872  -59.958  76.732 0.0000000000
37308  13.059  -60.991  77.669 0.0000000000
127558  51.956  -27.888  51.754 0.0000000000
115537  51.318  -27.688  53.456 0.0000000000
67743  48.365  -28.776  49.787 0.0000000000
122615  49.181  -28.681  51.375 0.0000000000
68637  48.432  -28.696  51.367 0.0000000000
117545  50.414  -28.105  52.355 0.0000000000
121411  50.849  -27.696  54.097 0.0000000000
124546  50.802  -27.688  55.272 0.0000000000
68596  50.712  -27.792  55.826 0.0000000000
68587  50.587  -27.982  56.475 0.0000000000
67670  50.445  -28.257  57.046 0.0000000000
62179  43.589  -34.536  55.176 0.0000000000
62170  44.475  -34.434  56.964 0.0000000000
62157  44.437  -35.245  57.330 0.0000000000
62156  44.861  -34.633  57.741 0.0000000000
62110  46.945  -34.950  60.231 0.0000000000
60254  45.839  -36.732  59.435 0.0000000000
60236  46.499  -36.415  60.028 0.0000000000
61215  46.644  -35.651  59.955 0.0000000000
62095  47.998  -34.614  61.434 0.0000000000
51018  39.430  -46.377  61.524 0.0000000000
51007  40.452  -46.389  62.683 0.0000000000
48775  35.666  -48.458  73.337 0.0000000000
48793  36.123  -48.654  72.523 0.0000000000
49852  36.979  -47.768  74.040 0.0000000000
67781  51.561  -28.360  47.476 0.0000000000
35541  9.134  -62.877  73.340 0.0000000000
35517  8.186  -62.316  75.887 0.0000000000
128996  6.809  -61.550  78.092 0.0000000000
35501  7.516  -62.467  78.811 0.0000000000
35496  7.910  -63.035  79.040 0.0000000000
62201  42.591  -33.756  52.930 0.0000000000
62193  42.414  -34.682  53.163 0.0000000000
60338  42.915  -36.240  55.165 0.0000000000
60294  43.745  -37.367  57.164 0.0000000000
59384  41.858  -38.090  55.330 0.0000000000
59383  42.445  -37.759  55.672 0.0000000000
117304  43.225  -37.899  56.941 0.0000000000
136106  43.574  -38.091  59.472 0.0000000000
59335  42.862  -38.332  59.345 0.0000000000
58422  43.646  -38.392  61.985 0.0000000000
58390  44.102  -38.866  63.185 0.0000000000
45940  34.631  -52.087  64.939 0.0000000000
123005  35.048  -52.199  65.755 0.0000000000
45919  31.686  -52.250  65.859 0.0000000000
118466  32.856  -52.144  67.331 0.0000000000
45918  33.546  -52.347  66.657 0.0000000000
118917  34.989  -52.228  67.218 0.0000000000
45896  35.332  -51.951  67.880 0.0000000000
46893  35.346  -50.976  69.845 0.0000000000
46894  34.406  -50.924  69.784 0.0000000000
137288  35.268  -50.239  70.886 0.0000000000
47852  35.346  -49.775  71.438 0.0000000000
116620  35.082  -49.288  71.988 0.0000000000
117209  29.260  -53.855  69.896 0.0000000000
44002  30.079  -53.659  69.754 0.0000000000
44921  30.725  -53.052  70.123 0.0000000000
46877  31.438  -51.605  70.824 0.0000000000
46845  31.254  -51.287  72.227 0.0000000000
46859  31.557  -51.195  71.427 0.0000000000
130968  31.800  -51.134  70.784 0.0000000000
46858  32.137  -50.697  71.218 0.0000000000
46857  32.813  -50.068  71.319 0.0000000000
47854  33.464  -49.741  71.906 0.0000000000
47838  34.568  -49.135  72.470 0.0000000000
48794  35.325  -48.858  72.555 0.0000000000
120921  20.240  -51.817  76.838 0.0000000000
137954  20.643  -51.737  75.280 0.0000000000
45778  19.712  -51.974  76.306 0.0000000000
44865  18.615  -52.722  76.176 0.0000000000
44866  18.132  -53.114  75.672 0.0000000000
45829  19.917  -52.344  72.452 0.0000000000
134363  18.918  -52.879  74.368 0.0000000000
44878  18.409  -53.246  74.762 0.0000000000
42063  16.507  -55.720  74.555 0.0000000000
45907  19.025  -52.077  67.409 0.0000000000
45887  18.831  -52.495  67.988 0.0000000000
120728  18.301  -53.004  67.935 0.0000000000
138554  18.733  -52.998  68.510 0.0000000000
137077  18.325  -53.658  69.364 0.0000000000
118693  18.075  -54.070  69.840 0.0000000000
43078  16.596  -54.677  68.245 0.0000000000
129496  17.230  -54.560  68.790 0.0000000000
44022  17.460  -54.608  69.668 0.0000000000
44007  17.767  -54.437  70.381 0.0000000000
43055  17.156  -55.162  71.490 0.0000000000
43042  16.743  -55.566  72.151 0.0000000000
42078  16.430  -56.047  72.862 0.0000000000
40109  14.693  -57.679  74.062 0.0000000000
39195  13.744  -58.673  73.684 0.0000000000
39229  12.717  -58.777  70.032 0.0000000000
40144  13.295  -58.687  70.897 0.0000000000
38265  12.070  -60.271  72.836 0.0000000000
36452  9.433  -62.422  71.807 0.0000000000
35549  8.972  -62.753  72.380 0.0000000000
35550  8.300  -62.745  72.123 0.0000000000
125284  7.773  -62.715  72.328 0.0000000000
35552  6.502  -62.138  72.021 0.0000000000
35544  6.397  -62.215  72.717 0.0000000000
36436  6.060  -61.901  73.506 0.0000000000
45946  28.987  -52.532  64.691 0.0000000000
45923  29.236  -52.862  65.432 0.0000000000
44965  29.345  -53.100  66.232 0.0000000000
122335  27.702  -53.571  67.835 0.0000000000
44968  26.623  -52.865  66.243 0.0000000000
136913  27.103  -53.226  68.478 0.0000000000
45846  25.906  -52.877  70.303 0.0000000000
137169  24.179  -51.579  69.190 0.0000000000
46878  23.848  -51.753  70.750 0.0000000000
123187  24.323  -52.221  71.944 0.0000000000
46823  23.267  -52.182  74.485 0.0000000000
116180  22.793  -52.100  74.043 0.0000000000
135068  22.792  -52.096  74.593 0.0000000000
45792  22.845  -52.009  75.935 0.0000000000
41058  15.117  -57.265  76.758 0.0000000000
139293  9.585  -62.875  74.100 0.0000000000
35515  10.805  -63.180  76.390 0.0000000000
135277  11.189  -63.551  77.096 0.0000000000
69571  54.773  -26.723  52.747 0.0000000000
70459  56.019  -25.021  53.781 0.0000000000
70458  56.804  -24.459  54.269 0.0000000000
69550  53.524  -26.085  54.638 0.0000000000
70441  54.944  -24.389  56.201 0.0000000000
70450  55.030  -24.748  55.101 0.0000000000
71356  56.792  -24.153  54.958 0.0000000000
131784  57.475  -24.693  54.961 0.0000000000
66899  45.401  -29.554  49.651 0.0000000000
66877  46.670  -29.217  52.735 0.0000000000
66854  48.235  -29.047  54.770 0.0000000000
66842  47.768  -29.606  55.142 0.0000000000
67672  49.161  -28.931  55.952 0.0000000000
67665  49.983  -28.712  57.279 0.0000000000
67652  50.174  -28.890  58.076 0.0000000000
63090  44.363  -33.394  55.565 0.0000000000
63083  44.745  -33.061  56.060 0.0000000000
64016  45.150  -32.492  56.082 0.0000000000
119998  46.811  -31.480  57.088 0.0000000000
63973  46.917  -32.938  59.343 0.0000000000
63959  48.063  -32.289  59.885 0.0000000000
63985  47.416  -32.369  59.125 0.0000000000
65012  47.009  -32.085  58.359 0.0000000000
65024  46.829  -31.821  57.661 0.0000000000
65949  48.499  -30.337  57.316 0.0000000000
65936  49.216  -30.546  58.829 0.0000000000
66801  49.173  -29.990  57.998 0.0000000000
135496  49.829  -29.458  58.240 0.0000000000
67651  50.885  -28.441  58.706 0.0000000000
57594  39.823  -39.764  55.481 0.0000000000
57586  40.326  -39.709  56.123 0.0000000000
57576  40.823  -39.525  57.424 0.0000000000
54775  39.796  -42.250  57.858 0.0000000000
55665  40.197  -41.531  57.909 0.0000000000
127093  41.456  -41.611  59.626 0.0000000000
55658  40.763  -41.356  58.567 0.0000000000
56620  40.529  -40.686  57.980 0.0000000000
57567  40.839  -39.806  58.068 0.0000000000
57546  42.471  -39.381  60.876 0.0000000000
56592  42.628  -40.429  61.281 0.0000000000
57521  43.183  -39.109  62.189 0.0000000000
123651  38.406  -50.610  66.039 0.0000000000
48980  39.358  -48.233  63.095 0.0000000000
137897  39.679  -48.714  64.424 0.0000000000
50998  40.475  -46.921  63.225 0.0000000000
50997  40.939  -46.131  63.138 0.0000000000
47850  37.818  -49.301  71.155 0.0000000000
48791  38.172  -48.141  72.174 0.0000000000
47849  38.459  -49.335  70.876 0.0000000000
47867  38.923  -49.672  70.457 0.0000000000
50936  41.074  -46.749  70.987 0.0000000000
49891  40.611  -47.472  70.508 0.0000000000
48827  40.246  -48.123  70.023 0.0000000000
48858  40.591  -48.948  68.685 0.0000000000
48876  40.723  -48.774  67.274 0.0000000000
49961  40.891  -47.975  65.843 0.0000000000
49932  41.760  -47.766  67.130 0.0000000000
49946  41.580  -47.608  66.252 0.0000000000
49978  41.278  -46.950  64.593 0.0000000000
118363  41.198  -46.573  63.805 0.0000000000
52819  41.998  -45.052  63.257 0.0000000000
52812  42.943  -44.967  64.362 0.0000000000
52818  42.702  -44.690  63.586 0.0000000000
53786  43.084  -43.908  63.218 0.0000000000
53785  43.761  -43.514  63.625 0.0000000000
51862  43.599  -45.285  68.874 0.0000000000
52787  43.941  -44.771  67.454 0.0000000000
53755  44.226  -43.954  67.787 0.0000000000
130936  44.120  -44.135  66.911 0.0000000000
52794  43.986  -44.358  66.124 0.0000000000
53769  44.180  -43.738  65.494 0.0000000000
54715  44.244  -43.090  64.156 0.0000000000
54721  44.020  -42.618  63.411 0.0000000000
54720  44.135  -41.653  63.747 0.0000000000
55599  43.833  -40.780  65.328 0.0000000000
55605  43.831  -40.864  64.473 0.0000000000
68734  58.833  -27.188  43.640 0.0000000000
68721  58.730  -27.868  44.265 0.0000000000
67806  60.274  -27.824  44.990 0.0000000000
137453  58.037  -28.992  46.865 0.0000000000
70526  60.992  -25.812  47.931 0.0000000000
70508  61.368  -25.956  48.007 0.0000000000
44873  29.066  -52.555  74.616 0.0000000000
45877  34.929  -51.878  68.464 0.0000000000
46923  39.260  -50.334  67.412 0.0000000000
51870  43.707  -45.440  67.910 0.0000000000
52855  40.219  -43.936  59.747 0.0000000000
53768  44.423  -42.988  65.758 0.0000000000
56610  41.832  -40.294  59.992 0.0000000000
57577  40.457  -39.693  56.876 0.0000000000
58405  43.669  -38.727  62.405 0.0000000000
63103  43.442  -33.295  53.768 0.0000000000
68605  49.876  -28.124  54.512 0.0000000000
69511  52.228  -26.619  58.444 0.0000000000
69572  54.059  -26.922  52.853 0.0000000000
70406  53.019  -25.802  57.972 0.0000000000
70439  56.586  -24.491  55.923 0.0000000000
71349  57.028  -24.311  55.295 0.0000000000
71355  57.334  -24.415  54.672 0.0000000000
115660  21.971  -52.048  73.113 0.0000000000
115910  61.535  -25.361  40.871 0.0000000000
118526  41.744  -39.204  57.907 0.0000000000
131117  42.884  -46.572  67.715 0.0000000000
