#!ascii label  , from subject sub-v1s1x0050669_ses-1 vox2ras=TkReg
1652
119129  28.266  -103.782  -3.038 0.5000000000
12237  21.352  -88.560  5.491 0.6000000238
13083  21.495  -87.435  5.619 0.6000000238
13070  20.194  -88.142  5.680 0.6000000238
121693  20.771  -87.616  5.695 0.6999999881
13927  19.688  -87.172  5.199 0.6000000238
13067  22.271  -86.690  6.191 0.6999999881
13906  20.700  -86.461  5.766 0.6000000238
7742  25.560  -94.753  0.287 0.5000000000
125702  27.780  -96.312  -0.104 0.6000000238
139832  27.500  -95.821  0.294 0.6000000238
7036  25.828  -95.736  0.539 0.5000000000
7062  29.218  -96.434  -1.633 0.5000000000
6410  28.116  -97.044  -0.450 0.4000000060
5743  26.773  -96.877  -0.021 0.5000000000
6393  26.036  -96.312  0.555 0.6000000238
7639  21.428  -94.007  5.941 0.5000000000
4006  30.528  -100.861  -2.931 0.4000000060
8382  21.369  -93.353  6.041 0.5000000000
126106  20.263  -93.909  5.486 0.5000000000
120874  21.764  -92.122  6.157 0.6000000238
10628  21.640  -90.405  5.752 0.6000000238
12256  21.797  -88.359  4.826 0.6000000238
13125  22.875  -88.023  3.999 0.6999999881
11443  21.025  -89.178  5.966 0.6000000238
13103  22.586  -87.725  4.851 0.6999999881
120629  24.956  -88.099  4.176 0.6000000238
13102  23.525  -87.784  4.738 0.6999999881
12252  25.867  -88.327  4.327 0.6000000238
128458  25.392  -88.302  5.052 0.6000000238
13081  23.252  -87.477  5.584 0.6999999881
12233  26.277  -88.453  5.150 0.6999999881
13948  19.531  -86.711  4.769 0.6000000238
8445  25.539  -93.702  1.158 0.5000000000
7017  26.709  -94.741  1.090 0.6000000238
7717  26.360  -93.873  1.390 0.5000000000
118187  28.379  -96.128  -0.532 0.6000000238
7741  28.261  -94.777  -0.559 0.6999999881
7035  26.485  -95.610  0.773 0.6000000238
5768  29.185  -97.381  -1.459 0.4000000060
9138  23.416  -92.879  5.743 0.5000000000
8380  22.690  -93.582  6.091 0.5000000000
2843  30.207  -102.273  -2.829 0.5000000000
9125  22.321  -92.408  6.237 0.5000000000
10649  22.085  -90.200  3.989 0.6999999881
9800  22.426  -91.705  5.854 0.6000000238
11478  22.295  -89.451  3.105 0.6999999881
11456  21.927  -89.959  5.101 0.6000000238
10627  22.096  -90.910  5.443 0.6000000238
11464  21.982  -88.949  4.190 0.6999999881
11457  21.433  -89.553  5.693 0.6000000238
12281  22.284  -88.279  3.418 0.6999999881
12278  25.462  -88.091  3.532 0.6000000238
12279  24.449  -87.872  3.331 0.6000000238
12277  26.342  -88.278  3.664 0.6000000238
12254  23.931  -87.917  3.999 0.6000000238
12276  27.164  -88.354  3.769 0.6000000238
12250  27.503  -88.432  4.548 0.6999999881
129610  22.471  -85.603  6.760 0.6999999881
126246  20.041  -85.812  3.874 0.5000000000
12223  24.511  -87.928  6.214 0.6999999881
13066  23.198  -87.063  6.589 0.6999999881
14815  20.687  -85.921  5.531 0.6000000238
8443  27.506  -93.304  1.644 0.5000000000
8444  27.100  -93.437  1.962 0.5000000000
7698  25.825  -93.708  2.299 0.5000000000
9200  27.951  -93.394  -0.190 0.6999999881
7716  26.979  -94.071  1.492 0.6000000238
7079  28.892  -95.036  -1.978 0.5000000000
7754  28.445  -94.748  -1.267 0.6999999881
8485  28.048  -93.975  -1.488 0.6999999881
130024  28.037  -94.494  -0.112 0.6000000238
7727  27.775  -94.429  0.526 0.6000000238
131445  29.932  -96.629  -2.764 0.4000000060
6434  29.581  -96.711  -2.043 0.4000000060
7063  28.868  -95.714  -1.333 0.5000000000
9814  24.147  -92.368  4.333 0.5000000000
9838  22.759  -91.130  2.943 0.5000000000
9825  23.426  -91.714  3.625 0.5000000000
9799  23.094  -92.193  5.437 0.5000000000
11495  22.498  -89.418  2.111 0.6000000238
9826  22.608  -91.157  3.979 0.5000000000
130852  23.005  -87.956  2.091 0.6999999881
12319  25.047  -87.886  1.472 0.6000000238
12320  23.860  -87.903  1.541 0.6999999881
12302  22.506  -88.404  2.568 0.6999999881
135256  26.497  -87.945  1.104 0.6000000238
137307  24.731  -87.926  2.080 0.6000000238
12301  24.041  -87.895  2.466 0.6999999881
13150  28.645  -87.751  0.894 0.6999999881
123096  26.858  -88.040  1.709 0.6000000238
128435  25.057  -87.901  2.762 0.6000000238
13140  29.311  -87.445  2.181 0.6000000238
13141  28.511  -87.935  1.778 0.6999999881
124326  26.805  -88.259  3.028 0.6999999881
13961  30.638  -86.850  3.116 0.6000000238
13139  29.981  -87.172  2.637 0.6000000238
13124  28.719  -87.966  2.757 0.6999999881
15718  21.370  -84.993  4.785 0.6000000238
12274  28.813  -88.131  3.758 0.6999999881
13903  22.924  -86.359  6.956 0.6999999881
14830  20.924  -85.344  5.161 0.6000000238
13960  31.334  -86.299  3.367 0.6999999881
13122  30.070  -87.390  3.351 0.6000000238
12249  28.337  -88.403  4.645 0.8000000119
12232  27.740  -88.470  5.529 0.6999999881
130469  26.802  -88.489  5.923 0.6999999881
13065  24.543  -87.683  6.850 0.6999999881
8433  27.218  -93.050  2.305 0.6000000238
8486  27.591  -93.348  -1.710 0.6999999881
124163  27.523  -92.833  -1.098 0.6999999881
8442  27.812  -93.621  0.974 0.6000000238
125798  28.144  -94.132  -2.864 0.5000000000
8500  27.813  -93.815  -2.274 0.6999999881
6445  29.834  -95.914  -3.387 0.4000000060
120529  29.394  -95.303  -3.285 0.5000000000
9171  25.088  -92.715  4.088 0.5000000000
9154  25.275  -93.396  4.349 0.5000000000
9824  24.458  -92.057  3.461 0.5000000000
10679  22.603  -90.383  1.600 0.6000000238
12336  22.735  -88.506  0.858 0.6000000238
11511  22.577  -89.378  1.279 0.6999999881
10662  22.520  -90.446  2.476 0.6999999881
12334  23.631  -87.563  0.096 0.6999999881
12321  22.913  -87.963  1.361 0.6999999881
12332  26.660  -87.929  0.444 0.6000000238
116791  24.334  -87.779  0.720 0.6000000238
14013  29.577  -86.478  0.008 0.6999999881
13161  28.589  -87.517  0.178 0.6999999881
12331  27.494  -87.949  0.413 0.6999999881
15716  23.136  -84.601  4.812 0.6000000238
13997  29.945  -86.468  0.873 0.6000000238
13160  29.284  -87.183  0.641 0.6999999881
12317  27.206  -88.006  1.076 0.6999999881
15745  33.217  -84.502  2.612 0.6000000238
15746  32.193  -85.121  2.431 0.6000000238
137050  31.108  -85.633  1.458 0.6000000238
13985  30.162  -86.405  1.604 0.6000000238
13986  29.659  -87.001  1.469 0.6999999881
15699  22.398  -84.692  5.681 0.6000000238
126180  31.715  -85.742  2.863 0.6000000238
13974  30.363  -86.534  2.223 0.6000000238
12208  26.125  -87.678  7.305 0.6999999881
13891  24.987  -86.714  7.481 0.6000000238
139408  23.156  -85.872  7.240 0.6999999881
15681  21.918  -85.052  6.215 0.6000000238
15729  33.364  -84.336  3.608 0.5000000000
14843  31.888  -85.772  3.753 0.6000000238
13945  31.516  -86.208  4.251 0.8000000119
13100  30.680  -87.229  4.743 0.8000000119
13079  29.759  -87.820  5.964 0.8000000119
12231  28.690  -88.377  5.496 0.8000000119
12221  26.500  -88.254  6.840 0.6999999881
13057  24.556  -87.186  7.323 0.6999999881
138212  30.226  -87.557  4.425 0.8000000119
12248  29.190  -88.206  4.727 0.8000000119
9191  27.731  -92.514  0.609 0.6999999881
9848  27.523  -92.441  1.307 0.6999999881
9834  27.229  -92.439  1.872 0.6999999881
8434  26.772  -93.188  2.722 0.6000000238
8501  27.236  -93.393  -2.476 0.6999999881
9170  26.519  -92.631  3.054 0.6000000238
129359  27.519  -93.773  -2.868 0.6000000238
128453  25.921  -93.011  3.802 0.5000000000
9823  25.575  -92.341  3.351 0.5000000000
17421  26.997  -82.637  3.723 0.6000000238
9836  24.840  -91.782  2.640 0.5000000000
115770  27.360  -83.382  2.994 0.5000000000
9851  23.431  -91.226  1.709 0.5000000000
15713  28.196  -84.810  4.396 0.6000000238
10716  22.701  -90.226  -0.033 0.6999999881
10678  22.866  -91.004  1.167 0.6000000238
12351  23.572  -87.524  -0.690 0.6999999881
10699  22.621  -90.196  0.727 0.6999999881
123751  26.227  -84.945  4.634 0.6000000238
12350  25.995  -87.636  -0.193 0.6999999881
13163  24.701  -87.383  -0.171 0.6000000238
14906  29.580  -85.662  -0.654 0.6999999881
14015  28.120  -86.751  -0.982 0.6999999881
12349  27.000  -87.742  -0.244 0.6999999881
15697  24.338  -84.591  5.826 0.6000000238
15696  25.456  -84.783  5.638 0.6000000238
14891  30.289  -85.840  0.289 0.6000000238
13178  28.350  -87.171  -0.477 0.6999999881
14793  25.117  -85.431  7.072 0.6000000238
15715  24.248  -84.680  4.354 0.6000000238
15780  32.101  -84.691  0.748 0.6000000238
14890  30.892  -85.604  0.946 0.6000000238
130072  26.838  -86.767  7.437 0.6999999881
14765  25.500  -86.171  7.348 0.6000000238
15679  23.743  -84.839  6.569 0.6000000238
15767  32.557  -84.708  1.643 0.6000000238
13900  31.340  -85.987  6.029 0.6000000238
13902  29.861  -86.967  7.162 0.6000000238
12206  27.941  -87.952  7.072 0.6999999881
13055  26.856  -87.285  7.502 0.6000000238
14794  23.303  -85.336  7.020 0.6000000238
14813  31.923  -85.371  5.490 0.6000000238
13061  30.047  -87.336  6.457 0.8000000119
13924  31.531  -86.090  5.094 0.6000000238
13925  31.045  -86.711  5.466 0.6999999881
12219  28.268  -88.282  6.322 0.8000000119
9905  27.161  -92.291  -0.856 0.6999999881
9885  27.321  -92.119  0.024 0.6999999881
9864  26.733  -91.825  0.455 0.6999999881
9228  26.253  -92.788  -3.426 0.6999999881
133458  27.007  -92.666  -1.829 0.6999999881
135870  26.226  -91.632  0.927 0.6000000238
127377  25.931  -91.936  2.560 0.6000000238
116902  26.146  -82.325  5.532 0.6000000238
137062  25.363  -82.367  5.447 0.6000000238
17399  27.174  -82.425  5.264 0.6000000238
123834  26.568  -82.414  4.610 0.6000000238
116393  25.091  -91.571  1.792 0.6000000238
17420  27.409  -82.609  4.483 0.5000000000
10715  23.017  -90.688  -0.588 0.6999999881
10698  22.945  -90.945  0.271 0.6999999881
16548  28.235  -83.414  5.736 0.4000000060
16561  28.253  -84.114  4.163 0.5000000000
13182  23.618  -87.648  -1.563 0.6999999881
12352  22.959  -88.340  -1.186 0.8000000119
15693  28.143  -84.304  6.024 0.5000000000
121680  25.357  -86.983  -0.882 0.6000000238
12353  22.839  -88.182  -0.119 0.6999999881
15694  27.858  -84.881  5.353 0.6000000238
13179  27.467  -87.209  -0.846 0.6999999881
13180  26.409  -87.184  -0.840 0.6999999881
14791  27.196  -85.730  6.849 0.6999999881
15676  27.040  -85.113  6.341 0.6000000238
15795  29.885  -84.879  -1.053 0.6999999881
14907  28.823  -85.703  -1.092 0.6999999881
13882  29.018  -86.057  7.996 0.5000000000
15677  25.914  -85.068  6.367 0.6000000238
16621  31.927  -84.053  -0.870 0.6000000238
127474  31.124  -84.830  -0.245 0.6000000238
134651  30.258  -85.324  -0.427 0.6999999881
129984  27.554  -86.227  7.261 0.6999999881
15793  31.773  -84.474  -0.154 0.6000000238
129897  31.342  -85.035  0.488 0.6000000238
13886  30.267  -86.294  7.535 0.5000000000
13888  28.771  -86.711  7.690 0.6000000238
15692  32.311  -84.566  5.780 0.6000000238
14790  31.014  -85.864  7.086 0.5000000000
125601  28.162  -86.917  7.539 0.6999999881
16546  32.892  -83.278  5.324 0.6000000238
9920  25.685  -91.694  -1.915 0.6999999881
9906  25.903  -91.613  -1.200 0.6999999881
121099  25.871  -91.533  0.203 0.6000000238
9865  25.372  -91.446  0.936 0.6000000238
17382  26.001  -82.293  6.573 0.4000000060
17383  24.255  -82.167  6.204 0.5000000000
117995  24.839  -91.311  0.059 0.6000000238
118560  27.063  -82.294  6.724 0.5000000000
17423  24.672  -82.341  4.393 0.6000000238
9889  23.672  -90.904  -1.082 0.6999999881
132659  23.124  -90.257  -1.368 0.6999999881
9866  24.020  -91.255  0.937 0.6000000238
17397  28.005  -82.802  5.622 0.5000000000
12364  23.788  -87.743  -2.306 0.6999999881
16519  28.604  -83.817  7.704 0.4000000060
15827  27.488  -84.319  -2.612 0.6999999881
14054  26.910  -86.125  -2.006 0.6999999881
14038  25.600  -86.558  -2.092 0.6999999881
15674  28.231  -84.634  7.149 0.6000000238
16633  28.957  -83.472  -1.987 0.6999999881
15826  28.265  -83.753  -2.243 0.6999999881
117427  26.753  -86.732  -1.463 0.6999999881
128254  25.850  -86.677  -1.475 0.6999999881
15657  28.703  -84.750  7.964 0.5000000000
15675  27.736  -85.015  6.543 0.5000000000
15807  30.233  -84.234  -1.307 0.6000000238
15808  29.422  -84.174  -1.536 0.6999999881
15810  28.260  -84.658  -1.830 0.6999999881
14035  28.219  -86.069  -1.232 0.6999999881
14747  28.833  -85.485  7.990 0.5000000000
16619  33.278  -83.913  -0.481 0.5000000000
16629  32.591  -83.745  -1.129 0.6000000238
15806  31.144  -84.277  -0.966 0.6000000238
9922  24.894  -91.244  -2.197 0.6999999881
126286  25.156  -91.354  -1.401 0.6999999881
115751  24.847  -82.338  6.787 0.4000000060
10773  23.962  -90.610  -3.424 0.6999999881
9888  24.524  -91.216  -0.829 0.6999999881
18277  24.023  -82.055  6.879 0.4000000060
9907  24.305  -91.026  -1.619 0.6999999881
119854  23.615  -81.922  5.681 0.6000000238
11552  23.239  -89.287  -2.573 0.8000000119
121910  23.284  -90.099  -2.156 0.6999999881
13220  24.803  -87.583  -3.237 0.6000000238
12378  24.034  -87.971  -2.972 0.6000000238
125116  21.234  -81.145  4.232 0.6000000238
14940  26.738  -85.334  -2.793 0.6999999881
14056  25.883  -86.524  -2.854 0.6999999881
13207  25.168  -86.837  -2.619 0.6000000238
16651  27.814  -83.349  -2.924 0.6000000238
16648  30.318  -82.905  -2.562 0.6000000238
18361  18.954  -81.086  3.267 0.5000000000
16630  31.780  -83.552  -1.644 0.6000000238
16631  30.745  -83.594  -1.783 0.6999999881
132967  32.607  -83.236  -1.796 0.5000000000
10774  23.584  -89.995  -3.663 0.6999999881
18278  23.387  -81.764  7.404 0.4000000060
11563  23.489  -89.511  -3.197 0.8000000119
122362  22.870  -81.516  5.923 0.5000000000
13232  24.973  -87.684  -3.960 0.8000000119
122960  21.321  -81.259  6.226 0.4000000060
18296  22.702  -81.438  6.716 0.4000000060
12391  24.264  -88.357  -3.707 0.6999999881
18318  20.289  -81.175  5.286 0.4000000060
18316  22.298  -81.380  5.356 0.5000000000
17523  29.171  -82.437  -3.277 0.6000000238
14954  26.733  -84.287  -3.590 0.6000000238
117718  26.112  -85.919  -3.377 0.6999999881
18319  19.435  -81.455  5.735 0.4000000060
17522  29.915  -82.320  -3.312 0.6000000238
16649  29.396  -82.889  -2.558 0.6000000238
18362  18.332  -81.529  3.658 0.4000000060
18339  20.436  -81.062  4.435 0.6000000238
16647  31.264  -82.860  -2.545 0.6000000238
16645  33.014  -82.578  -2.363 0.5000000000
17501  33.840  -82.426  -2.116 0.5000000000
18263  22.919  -81.760  8.359 0.4000000060
11570  23.656  -89.661  -4.398 0.8000000119
18297  21.858  -81.297  6.877 0.4000000060
136043  24.491  -88.152  -4.512 0.6999999881
18298  20.943  -81.371  7.023 0.4000000060
14069  25.829  -85.677  -4.417 0.6000000238
14070  25.733  -86.498  -3.834 0.6999999881
122749  27.306  -83.507  -3.542 0.6000000238
15842  26.881  -83.670  -4.181 0.6000000238
125066  19.323  -81.720  6.693 0.4000000060
120555  18.631  -81.645  5.299 0.4000000060
17521  30.805  -82.150  -3.434 0.6000000238
17401  17.882  -81.903  4.980 0.4000000060
17519  32.608  -82.092  -3.376 0.4000000060
18246  22.418  -81.826  9.208 0.4000000060
13231  24.881  -87.365  -4.926 0.6999999881
18264  21.090  -81.725  8.620 0.4000000060
126349  25.802  -85.737  -5.450 0.6999999881
122898  25.587  -86.279  -4.716 0.6000000238
18299  19.991  -81.648  7.249 0.4000000060
135686  28.207  -82.690  -4.358 0.6000000238
136103  27.403  -83.125  -4.275 0.6000000238
139744  17.970  -81.960  5.783 0.4000000060
17543  31.272  -81.811  -4.058 0.6000000238
17402  17.249  -82.190  5.694 0.3000000119
17520  31.714  -82.131  -3.457 0.4000000060
17518  33.469  -81.790  -3.267 0.4000000060
17541  33.024  -81.523  -4.092 0.4000000060
18282  19.539  -81.836  8.162 0.4000000060
18300  18.434  -81.912  7.206 0.4000000060
17562  29.923  -82.003  -4.483 0.6000000238
17561  30.827  -82.036  -4.431 0.6000000238
16672  31.372  -82.657  -4.867 0.6000000238
18475  33.587  -81.430  -4.195 0.4000000060
125113  33.847  -82.426  -4.656 0.5000000000
18466  34.983  -80.949  -4.205 0.4000000060
116621  14.655  -80.266  6.272 0.3000000119
17557  35.153  -81.749  -4.536 0.4000000060
20006  21.001  -79.917  11.686 0.4000000060
20074  16.210  -80.121  7.016 0.3000000119
20124  13.249  -79.256  3.927 0.4000000060
20937  21.400  -79.047  11.940 0.4000000060
20954  20.228  -79.016  10.726 0.4000000060
20999  17.761  -79.216  7.296 0.3000000119
20985  18.890  -78.874  8.587 0.3000000119
20096  14.975  -79.961  5.760 0.3000000119
20084  15.517  -80.166  6.352 0.3000000119
20108  13.706  -79.433  4.856 0.3000000119
20953  21.016  -78.551  11.172 0.4000000060
20969  20.146  -78.456  9.656 0.4000000060
133440  18.712  -79.317  9.280 0.4000000060
122710  17.050  -79.627  6.858 0.3000000119
20083  16.809  -79.796  5.915 0.3000000119
22939  14.898  -76.429  3.131 0.4000000060
22920  13.945  -75.506  4.316 0.3000000119
24923  15.005  -75.246  4.619 0.3000000119
20094  16.837  -79.796  4.600 0.3000000119
20122  15.308  -79.573  3.253 0.3000000119
21870  20.852  -77.893  9.513 0.4000000060
20984  19.816  -78.408  8.664 0.4000000060
138734  18.794  -78.718  7.956 0.3000000119
21008  18.458  -78.644  6.550 0.3000000119
21009  17.685  -79.201  6.213 0.3000000119
127790  14.067  -77.518  1.979 0.3000000119
21019  17.616  -79.252  5.115 0.3000000119
22918  15.326  -76.073  3.882 0.3000000119
20105  16.770  -79.582  3.446 0.3000000119
123623  16.512  -75.944  2.637 0.4000000060
122702  15.409  -75.487  4.201 0.3000000119
138569  15.938  -74.672  1.736 0.3000000119
25905  14.982  -74.312  3.286 0.3000000119
21885  20.611  -77.948  8.786 0.4000000060
21900  20.035  -77.883  7.142 0.4000000060
21017  19.098  -78.117  5.964 0.3000000119
21974  14.998  -77.459  2.473 0.4000000060
21018  18.383  -78.680  5.554 0.3000000119
21973  15.924  -77.945  2.189 0.3000000119
22937  16.141  -76.317  3.059 0.4000000060
22962  16.900  -76.758  2.214 0.4000000060
25919  15.855  -73.864  1.644 0.3000000119
22871  20.943  -77.335  8.176 0.4000000060
125272  20.333  -77.385  6.712 0.4000000060
21923  20.107  -77.095  6.076 0.4000000060
120422  19.400  -77.488  4.535 0.4000000060
21030  18.373  -78.762  4.463 0.3000000119
21970  18.371  -77.564  2.545 0.3000000119
21971  17.606  -77.850  2.118 0.3000000119
22979  18.359  -76.397  2.328 0.3000000119
126373  18.155  -75.080  1.706 0.5000000000
24016  17.172  -75.867  1.960 0.4000000060
24946  16.567  -75.229  1.780 0.4000000060
26922  15.329  -72.755  2.537 0.3000000119
22888  20.715  -76.662  6.719 0.4000000060
22901  20.275  -76.302  5.864 0.4000000060
22917  19.547  -76.744  4.215 0.3000000119
23980  19.518  -75.729  3.030 0.3000000119
23998  19.836  -74.938  2.661 0.3000000119
25918  20.145  -73.867  2.015 0.3000000119
21938  18.968  -78.145  3.930 0.3000000119
22936  19.262  -76.539  3.398 0.3000000119
23999  19.334  -75.401  2.417 0.3000000119
24013  18.917  -74.657  1.762 0.3000000119
25931  19.504  -73.694  1.666 0.3000000119
21969  18.543  -76.820  2.586 0.3000000119
24958  17.882  -74.408  1.217 0.3000000119
24959  16.740  -74.323  1.157 0.3000000119
27848  16.026  -71.846  2.710 0.3000000119
23888  22.073  -75.159  9.890 0.3000000119
24853  21.807  -74.874  9.073 0.3000000119
23915  21.254  -75.234  7.683 0.3000000119
24896  20.660  -75.040  6.234 0.3000000119
24905  20.244  -74.186  4.984 0.3000000119
26905  20.928  -72.793  2.860 0.3000000119
23927  20.756  -75.785  6.418 0.3000000119
23959  20.145  -75.158  4.970 0.3000000119
24922  20.063  -74.707  4.184 0.3000000119
25904  20.587  -73.437  3.517 0.3000000119
125455  20.698  -72.781  2.168 0.3000000119
136310  18.958  -72.338  1.340 0.3000000119
25933  17.736  -73.415  1.089 0.3000000119
27862  17.738  -71.759  1.730 0.3000000119
26934  17.251  -72.565  1.632 0.3000000119
26920  16.868  -71.854  2.103 0.3000000119
25797  23.505  -73.547  10.383 0.3000000119
24875  21.593  -74.610  8.247 0.3000000119
136024  21.245  -74.315  7.436 0.3000000119
25863  20.521  -74.122  6.060 0.3000000119
25889  20.543  -73.343  4.420 0.3000000119
27843  20.251  -71.556  1.846 0.3000000119
27844  19.126  -71.013  1.693 0.3000000119
27845  18.127  -71.061  1.853 0.3000000119
27830  15.394  -71.167  3.197 0.3000000119
26886  21.385  -71.917  4.221 0.3000000119
26904  21.367  -72.084  3.068 0.3000000119
28816  18.985  -70.182  1.718 0.3000000119
132713  17.693  -70.605  2.280 0.3000000119
27847  16.649  -71.156  2.412 0.3000000119
28807  16.410  -69.978  3.352 0.3000000119
27811  21.738  -70.937  4.336 0.3000000119
27828  21.078  -71.343  2.364 0.3000000119
28815  20.066  -70.536  1.967 0.3000000119
135263  21.509  -71.563  4.904 0.3000000119
28804  21.662  -70.059  3.282 0.3000000119
28805  21.098  -70.432  2.568 0.3000000119
29750  20.306  -69.734  2.390 0.3000000119
29752  18.330  -69.640  2.094 0.3000000119
28806  17.115  -69.655  3.227 0.3000000119
29744  16.533  -69.196  3.736 0.3000000119
2334  29.043  -103.329  -2.863 0.5000000000
3403  29.627  -101.971  -3.316 0.5000000000
4007  29.771  -101.322  -2.956 0.4000000060
13082  22.424  -87.239  5.701 0.6999999881
13904  21.958  -86.218  6.426 0.6999999881
5785  29.766  -97.546  -2.148 0.4000000060
3401  31.096  -101.749  -2.810 0.5000000000
123551  25.965  -88.085  2.919 0.6000000238
9837  23.663  -91.427  2.617 0.5000000000
118950  27.657  -88.139  1.741 0.6000000238
12365  23.241  -88.422  -2.035 0.8000000119
9867  23.753  -91.159  -0.239 0.6999999881
13195  24.971  -86.767  -1.750 0.6000000238
14925  27.623  -85.493  -1.832 0.6999999881
18340  19.427  -81.236  4.713 0.4000000060
16628  34.278  -83.029  -1.399 0.5000000000
17545  29.472  -81.936  -3.996 0.6000000238
17517  34.225  -81.578  -2.883 0.4000000060
15868  26.412  -84.337  -5.016 0.6000000238
16675  28.681  -82.774  -4.920 0.6000000238
17384  17.444  -82.058  6.785 0.3000000119
17542  32.191  -81.756  -4.088 0.4000000060
17560  31.781  -82.083  -4.356 0.4000000060
20938  20.744  -79.263  11.389 0.4000000060
22882  21.095  -76.649  7.606 0.3000000119
24852  22.344  -74.370  9.628 0.3000000119
14106  25.706  -86.730  -6.449 0.5000000000
14095  25.325  -86.445  -6.038 0.5000000000
13243  24.422  -87.889  -5.399 0.6999999881
12404  23.909  -88.527  -5.867 0.6999999881
10791  23.829  -90.470  -4.291 0.6000000238
14081  25.262  -86.561  -5.349 0.6000000238
138668  24.058  -88.506  -5.036 0.6000000238
9229  25.645  -92.322  -3.871 0.6000000238
9218  26.220  -92.229  -2.477 0.6000000238
11582  24.120  -89.352  -7.197 0.6999999881
9955  24.491  -91.180  -5.671 0.6000000238
127899  25.133  -91.920  -4.220 0.6000000238
10806  23.951  -90.542  -5.942 0.6999999881
120323  24.150  -90.926  -5.019 0.6000000238
9933  25.208  -91.738  -3.532 0.6000000238
14979  27.163  -85.150  -5.734 0.5000000000
10818  24.970  -90.596  -7.116 0.6999999881
9954  25.078  -91.622  -5.969 0.6999999881
9247  25.662  -92.252  -5.524 0.6000000238
9236  26.038  -92.788  -4.212 0.6000000238
10836  24.775  -89.823  -7.457 0.6000000238
10819  24.152  -90.178  -6.811 0.6999999881
9945  24.884  -91.720  -5.020 0.6000000238
11595  25.945  -89.015  -8.310 0.6000000238
14978  28.242  -85.485  -5.885 0.5000000000
14980  26.353  -84.948  -5.401 0.5000000000
10835  25.511  -90.226  -7.707 0.6999999881
9258  25.794  -92.003  -6.399 0.6000000238
8539  26.628  -93.266  -4.173 0.6000000238
129176  29.782  -85.248  -5.621 0.5000000000
15866  27.903  -84.596  -5.461 0.5000000000
139049  31.994  -84.841  -5.442 0.5000000000
15865  28.928  -84.875  -5.610 0.5000000000
121208  32.650  -84.815  -5.377 0.4000000060
122610  19.264  -88.397  4.680 0.4000000060
12225  20.410  -88.824  5.903 0.4000000060
12238  19.580  -88.776  5.376 0.4000000060
11445  19.863  -89.398  5.780 0.5000000000
10612  21.131  -90.014  6.035 0.5000000000
10630  19.748  -90.292  5.405 0.5000000000
130744  30.570  -84.140  -5.415 0.5000000000
125507  21.018  -90.624  5.978 0.5000000000
8423  19.225  -93.020  4.004 0.6000000238
16683  31.948  -83.838  -5.174 0.4000000060
136060  21.870  -91.096  5.822 0.5000000000
9790  20.707  -91.567  5.609 0.5000000000
8393  20.113  -93.161  5.037 0.5000000000
11458  19.392  -89.492  4.976 0.5000000000
11466  19.282  -89.938  4.186 0.5000000000
10642  19.451  -90.481  4.626 0.5000000000
10650  19.402  -90.634  3.764 0.5000000000
10629  20.204  -90.939  5.524 0.5000000000
128187  19.528  -91.320  4.124 0.5000000000
9827  19.402  -92.217  3.739 0.5000000000
16684  30.973  -83.435  -5.235 0.5000000000
9141  20.167  -92.147  4.807 0.5000000000
15852  34.667  -84.878  -5.155 0.4000000060
15854  32.910  -83.857  -5.102 0.4000000060
115935  33.807  -83.743  -5.054 0.4000000060
115476  20.804  -85.410  4.155 0.5000000000
119551  19.580  -90.363  2.507 0.5000000000
16685  30.102  -83.282  -5.262 0.5000000000
16671  32.324  -82.786  -4.832 0.4000000060
15736  22.618  -84.852  4.034 0.5000000000
14844  22.096  -85.209  3.098 0.5000000000
14877  22.503  -85.395  1.552 0.5000000000
126166  21.244  -85.363  3.205 0.5000000000
16670  33.133  -82.892  -4.842 0.4000000060
15735  23.565  -84.801  3.791 0.5000000000
119497  23.411  -85.203  2.512 0.5000000000
15751  23.959  -85.019  2.931 0.5000000000
14861  24.247  -85.304  2.131 0.5000000000
117264  23.422  -85.502  0.955 0.5000000000
14893  22.481  -85.480  0.627 0.4000000060
15750  25.106  -85.252  2.502 0.5000000000
115924  24.459  -85.336  0.490 0.6000000238
14908  23.482  -85.366  -0.051 0.6000000238
127016  25.429  -84.889  4.000 0.5000000000
15749  26.318  -85.266  2.039 0.5000000000
14860  25.332  -85.347  1.672 0.5000000000
14892  25.392  -85.134  0.226 0.6000000238
15798  24.104  -84.919  -0.937 0.6000000238
15799  23.133  -85.218  -0.807 0.6000000238
14942  22.762  -85.733  -2.109 0.5000000000
123476  23.252  -85.589  -2.894 0.5000000000
128639  23.553  -85.830  -4.868 0.5000000000
127310  26.775  -85.119  3.613 0.5000000000
130547  27.595  -85.110  3.354 0.5000000000
15748  27.006  -85.056  1.885 0.5000000000
14874  25.968  -85.094  0.683 0.5000000000
14858  26.378  -84.806  1.109 0.6000000238
15797  25.057  -84.559  -0.868 0.6000000238
15812  23.762  -84.897  -1.563 0.6000000238
14941  23.576  -85.094  -2.369 0.6000000238
14956  23.898  -85.074  -3.512 0.5000000000
18471  21.242  -81.223  -3.219 0.5000000000
14981  23.374  -85.026  -5.616 0.5000000000
15714  27.690  -85.123  4.240 0.5000000000
16573  27.922  -84.221  3.239 0.5000000000
17473  26.686  -83.859  1.878 0.6000000238
121017  26.219  -83.339  1.622 0.6000000238
17484  25.319  -82.852  0.068 0.6000000238
16622  25.407  -83.911  -1.235 0.6000000238
16634  25.441  -83.035  -1.264 0.6000000238
15811  24.754  -84.314  -1.710 0.6000000238
16635  25.203  -83.444  -2.051 0.6000000238
15829  24.317  -84.438  -3.127 0.6000000238
15845  24.321  -84.324  -4.243 0.5000000000
137886  23.697  -85.200  -5.261 0.5000000000
15856  24.019  -84.396  -5.159 0.5000000000
133178  24.180  -82.896  -4.572 0.5000000000
16689  23.359  -84.294  -5.410 0.5000000000
16678  23.070  -83.557  -5.095 0.5000000000
17460  26.728  -83.379  2.319 0.6000000238
117251  25.722  -82.956  1.397 0.6000000238
17474  25.131  -82.740  0.822 0.6000000238
18414  23.520  -81.841  0.495 0.6000000238
17485  24.574  -82.276  0.076 0.6000000238
18428  25.102  -82.150  -1.472 0.6000000238
121789  24.411  -81.462  -1.371 0.6000000238
17524  24.955  -82.308  -3.080 0.5000000000
18437  24.725  -81.652  -2.412 0.5000000000
17547  24.607  -82.685  -3.893 0.5000000000
18456  24.027  -80.941  -2.847 0.5000000000
19305  22.360  -80.404  -2.209 0.6000000238
17549  23.019  -82.037  -4.102 0.5000000000
18470  22.490  -81.286  -3.409 0.5000000000
18458  22.036  -80.604  -2.800 0.5000000000
19307  19.760  -79.824  -1.779 0.5000000000
17463  23.969  -82.235  2.116 0.6000000238
18396  23.183  -81.970  1.487 0.6000000238
115650  23.151  -81.030  -0.109 0.6000000238
18438  24.109  -80.924  -2.041 0.6000000238
19306  21.604  -79.977  -1.655 0.6000000238
128288  21.157  -79.918  -2.111 0.5000000000
18377  23.068  -81.947  2.497 0.6000000238
132214  22.700  -80.686  -0.650 0.6000000238
20204  20.907  -79.986  -0.908 0.6000000238
127704  20.031  -79.797  -1.096 0.5000000000
116477  21.853  -81.337  4.175 0.6000000238
18378  22.321  -81.548  2.919 0.6000000238
18379  21.558  -81.298  2.364 0.6000000238
18398  21.623  -81.218  1.340 0.6000000238
19291  21.816  -80.416  -0.646 0.6000000238
19271  20.223  -80.421  0.428 0.5000000000
19215  20.814  -80.967  2.754 0.6000000238
121424  20.823  -81.048  1.800 0.6000000238
19232  20.110  -80.854  2.202 0.6000000238
19250  20.872  -80.859  0.834 0.6000000238
19233  19.257  -80.801  2.550 0.6000000238
18399  18.118  -81.054  1.965 0.5000000000
18380  18.461  -81.143  2.599 0.4000000060
9934  24.671  -91.186  -3.074 0.6000000238
127218  23.721  -90.085  -5.174 0.6999999881
16688  27.566  -83.848  -5.172 0.5000000000
16687  28.525  -83.770  -5.266 0.5000000000
14975  31.564  -85.434  -5.466 0.5000000000
15863  30.636  -85.119  -5.598 0.5000000000
120143  19.366  -91.426  3.192 0.6000000238
15782  25.838  -84.664  0.241 0.6000000238
16613  25.818  -83.800  -0.019 0.6000000238
16652  25.005  -83.010  -2.991 0.6000000238
17525  24.453  -81.774  -3.417 0.5000000000
18397  22.351  -81.607  1.903 0.6000000238
18415  22.549  -81.331  0.782 0.6000000238
19251  20.156  -80.682  1.311 0.6000000238
19272  19.383  -80.413  0.801 0.6000000238
2322  28.144  -104.238  -2.375 0.4000000060
2801  29.155  -102.426  0.020 0.5000000000
2800  30.169  -102.352  -0.277 0.5000000000
2295  29.327  -103.664  -0.825 0.4000000060
2310  29.481  -103.727  -1.253 0.4000000060
2824  30.768  -102.983  -1.126 0.4000000060
2321  29.524  -103.563  -2.049 0.4000000060
136298  30.815  -100.500  0.260 0.5000000000
3366  29.400  -101.516  0.368 0.5000000000
3375  31.730  -101.815  -0.819 0.5000000000
2823  31.212  -102.519  -1.367 0.5000000000
123410  30.164  -103.257  -2.035 0.4000000060
4543  31.600  -99.912  0.052 0.5000000000
3971  31.956  -100.927  -0.494 0.5000000000
3374  32.369  -101.336  -1.155 0.5000000000
3380  32.394  -101.374  -1.869 0.5000000000
2842  30.976  -102.314  -2.400 0.4000000060
3389  32.142  -101.221  -2.766 0.4000000060
4552  32.162  -99.396  -0.258 0.5000000000
130379  32.866  -99.843  -0.841 0.5000000000
4551  33.452  -99.427  -1.307 0.5000000000
3980  32.904  -100.781  -1.585 0.5000000000
3991  32.924  -100.780  -2.280 0.5000000000
4005  31.362  -101.094  -3.126 0.4000000060
8537  28.088  -94.056  -4.151 0.5000000000
7790  28.436  -94.357  -3.610 0.4000000060
7789  29.032  -94.878  -3.817 0.4000000060
7096  29.894  -95.433  -4.739 0.4000000060
7095  30.135  -95.932  -4.188 0.4000000060
5784  30.374  -97.434  -2.935 0.4000000060
3979  33.464  -100.275  -1.966 0.5000000000
5799  31.337  -98.155  -4.085 0.4000000060
5158  30.816  -99.389  -3.110 0.4000000060
4567  30.317  -99.966  -2.731 0.4000000060
4577  33.990  -99.250  -3.487 0.4000000060
4003  33.401  -99.964  -3.263 0.5000000000
4580  31.322  -100.191  -3.314 0.4000000060
123836  32.094  -100.549  -3.437 0.4000000060
7809  28.652  -94.443  -4.441 0.4000000060
123931  30.343  -95.925  -4.877 0.4000000060
6460  30.615  -96.522  -4.602 0.4000000060
5147  34.515  -98.586  -3.107 0.4000000060
5167  31.948  -98.777  -4.607 0.4000000060
5157  31.468  -99.166  -3.767 0.4000000060
5156  34.407  -98.491  -4.007 0.4000000060
4589  33.053  -99.601  -4.104 0.4000000060
5166  32.620  -98.998  -4.712 0.4000000060
4578  32.691  -100.116  -3.662 0.4000000060
118900  27.094  -93.467  -4.935 0.5000000000
8554  28.014  -93.974  -5.079 0.4000000060
138079  28.549  -94.010  -5.764 0.4000000060
135855  29.597  -94.523  -6.076 0.4000000060
7124  30.792  -95.787  -6.445 0.4000000060
6473  30.797  -96.392  -5.567 0.4000000060
6472  31.558  -97.140  -5.824 0.4000000060
5813  31.661  -97.812  -5.067 0.4000000060
5826  33.494  -97.713  -5.765 0.4000000060
5827  32.730  -97.985  -5.800 0.4000000060
5178  32.341  -98.317  -5.289 0.4000000060
9246  26.284  -92.919  -5.022 0.5000000000
8555  26.857  -93.201  -5.604 0.5000000000
9257  26.383  -92.713  -6.129 0.6000000238
123395  28.060  -93.656  -6.264 0.5000000000
7822  30.184  -95.010  -6.254 0.4000000060
7834  30.744  -95.115  -7.173 0.4000000060
6502  32.373  -96.126  -7.488 0.4000000060
6501  32.957  -96.322  -7.563 0.4000000060
8568  27.652  -93.125  -7.224 0.4000000060
135853  26.350  -92.231  -6.878 0.5000000000
8567  28.564  -93.486  -7.429 0.4000000060
7854  30.574  -94.425  -7.583 0.4000000060
8585  28.086  -92.941  -7.947 0.5000000000
9283  29.134  -92.550  -8.299 0.4000000060
7855  29.809  -93.939  -7.881 0.4000000060
7159  31.094  -94.474  -7.552 0.4000000060
9982  27.010  -91.674  -8.090 0.6000000238
9984  25.744  -90.944  -7.441 0.6000000238
128819  28.814  -91.917  -8.342 0.5000000000
9282  29.876  -92.622  -8.124 0.4000000060
13256  24.423  -87.781  -6.370 0.5000000000
117967  25.472  -82.546  2.812 0.5000000000
17445  23.830  -82.253  3.027 0.5000000000
18337  22.389  -81.464  4.605 0.5000000000
17444  24.684  -82.377  3.454 0.5000000000
18357  23.034  -81.883  3.427 0.5000000000
121224  24.614  -82.387  2.659 0.5000000000
3972  31.282  -101.430  -0.363 0.5000000000
2814  30.638  -102.863  -0.750 0.5000000000
7808  29.290  -94.949  -4.626 0.4000000060
7823  29.687  -94.990  -5.403 0.4000000060
5177  33.088  -98.407  -5.224 0.4000000060
7836  29.010  -94.050  -6.479 0.4000000060
7835  29.904  -94.398  -7.130 0.4000000060
6489  31.496  -96.482  -6.506 0.4000000060
6488  32.135  -96.998  -6.539 0.4000000060
9256  26.888  -92.668  -7.060 0.5000000000
7142  31.380  -95.062  -7.454 0.4000000060
9267  27.406  -92.429  -7.908 0.5000000000
9285  27.615  -91.900  -8.262 0.6000000238
8605  30.374  -93.135  -7.887 0.5000000000
10845  27.621  -90.872  -8.199 0.5000000000
132781  33.834  -87.202  -2.966 0.3000000119
13205  32.580  -87.599  -3.191 0.3000000119
14068  32.820  -87.080  -4.116 0.3000000119
13216  33.340  -87.162  -3.479 0.3000000119
14052  35.449  -87.018  -2.992 0.3000000119
14034  35.732  -87.108  -1.961 0.3000000119
14051  36.413  -86.970  -2.784 0.3000000119
13206  31.654  -88.122  -2.831 0.3000000119
12389  30.147  -88.527  -3.264 0.4000000060
13218  30.421  -87.831  -4.131 0.4000000060
139679  32.385  -88.069  -2.421 0.3000000119
14080  30.545  -87.229  -4.878 0.4000000060
13228  31.282  -87.337  -4.452 0.4000000060
14977  29.269  -85.842  -5.783 0.4000000060
14093  27.449  -86.088  -6.198 0.4000000060
13204  34.044  -87.465  -2.186 0.3000000119
14078  32.239  -86.998  -4.866 0.3000000119
14089  31.919  -86.348  -5.224 0.4000000060
14066  36.006  -86.824  -3.848 0.3000000119
14076  34.127  -86.702  -4.704 0.3000000119
11568  28.803  -89.451  -4.666 0.4000000060
11574  28.391  -89.076  -5.647 0.4000000060
11581  27.555  -89.118  -7.931 0.4000000060
12427  26.712  -88.619  -8.062 0.4000000060
12376  30.457  -89.042  -2.569 0.4000000060
12398  29.652  -88.348  -4.068 0.4000000060
11569  28.664  -88.741  -4.891 0.4000000060
12410  27.937  -88.295  -6.364 0.4000000060
13252  27.292  -87.644  -6.778 0.4000000060
12374  31.756  -88.418  -1.865 0.3000000119
13230  29.071  -88.020  -4.942 0.4000000060
13240  27.991  -87.610  -6.374 0.4000000060
13254  25.618  -87.395  -7.085 0.4000000060
13194  32.557  -88.225  -1.686 0.3000000119
14091  29.610  -86.669  -5.706 0.4000000060
13253  26.453  -87.120  -6.738 0.4000000060
13193  33.431  -88.036  -1.384 0.3000000119
14976  30.172  -86.025  -5.592 0.4000000060
14974  32.334  -85.629  -5.309 0.4000000060
10817  29.560  -90.543  -6.605 0.4000000060
11594  28.216  -89.788  -7.571 0.4000000060
119335  29.638  -90.547  -4.926 0.4000000060
10804  29.000  -90.134  -5.456 0.4000000060
10805  28.668  -89.746  -6.603 0.4000000060
119564  27.545  -90.100  -8.105 0.4000000060
10735  30.874  -90.023  -1.857 0.3000000119
10753  29.981  -90.075  -2.984 0.4000000060
11529  32.365  -89.445  0.020 0.3000000119
12347  32.291  -88.879  -0.424 0.3000000119
12428  25.795  -88.210  -7.771 0.4000000060
12346  33.150  -88.424  -0.321 0.3000000119
9997  28.143  -91.469  -8.284 0.4000000060
115590  28.897  -90.411  -7.360 0.4000000060
15853  33.562  -85.027  -5.289 0.3000000119
122000  34.195  -85.860  -5.072 0.3000000119
14965  33.507  -86.185  -5.051 0.3000000119
12429  24.495  -88.746  -7.470 0.4000000060
10833  26.772  -89.530  -8.232 0.4000000060
9999  26.813  -90.702  -8.131 0.4000000060
9980  29.914  -91.428  -7.645 0.4000000060
13217  31.076  -88.006  -3.600 0.3000000119
115787  35.035  -86.797  -4.097 0.3000000119
12390  29.574  -88.984  -3.505 0.4000000060
14079  31.334  -86.904  -5.157 0.4000000060
13238  29.726  -87.233  -5.193 0.4000000060
14090  30.456  -86.749  -5.366 0.4000000060
132037  28.036  -86.906  -6.357 0.4000000060
14966  32.751  -86.488  -5.055 0.4000000060
10790  29.307  -90.134  -4.428 0.4000000060
11580  28.072  -88.966  -6.890 0.4000000060
12363  30.861  -89.444  -1.917 0.3000000119
12403  28.433  -88.247  -5.612 0.4000000060
12362  31.358  -88.984  -1.425 0.3000000119
127788  29.926  -90.544  -4.176 0.4000000060
10752  30.505  -90.185  -2.608 0.3000000119
11530  31.896  -89.585  -0.464 0.3000000119
2762  25.846  -101.961  3.227 0.3000000119
3358  24.886  -100.963  2.262 0.3000000119
2761  26.369  -102.496  3.380 0.3000000119
3936  25.505  -100.178  3.367 0.3000000119
2770  25.948  -102.773  2.838 0.3000000119
2783  24.828  -102.099  2.097 0.3000000119
2246  27.479  -103.411  3.527 0.3000000119
2750  27.394  -102.869  4.129 0.3000000119
3327  26.176  -101.147  3.667 0.3000000119
2257  27.491  -103.281  2.881 0.3000000119
2258  26.655  -103.202  2.762 0.3000000119
2264  25.302  -103.855  1.653 0.3000000119
2296  28.398  -103.937  -0.680 0.3000000119
123106  28.491  -104.235  4.373 0.3000000119
2736  27.992  -102.510  5.063 0.3000000119
2245  28.219  -103.963  3.542 0.3000000119
2749  27.932  -103.675  4.251 0.3000000119
3310  27.396  -101.546  4.669 0.3000000119
117475  26.480  -103.681  1.131 0.3000000119
3367  28.456  -101.693  0.668 0.3000000119
2278  27.863  -103.252  -0.132 0.3000000119
2256  28.366  -103.472  2.749 0.3000000119
2262  26.759  -103.352  2.016 0.3000000119
121244  28.178  -102.456  2.202 0.3000000119
3344  28.410  -101.517  1.953 0.3000000119
3357  28.254  -101.449  1.311 0.3000000119
2803  27.783  -102.109  0.877 0.3000000119
3956  28.789  -100.828  1.092 0.3000000119
5123  31.902  -98.541  -0.019 0.4000000060
4544  30.644  -99.327  0.769 0.4000000060
3271  26.072  -101.316  7.144 0.3000000119
125677  25.927  -102.894  6.892 0.3000000119
131380  26.823  -100.699  4.347 0.3000000119
4519  25.459  -99.582  3.975 0.3000000119
3283  28.576  -101.341  6.776 0.3000000119
3877  28.242  -100.473  7.252 0.3000000119
3879  27.096  -100.287  7.672 0.3000000119
3880  26.368  -100.437  7.172 0.3000000119
2726  25.563  -102.063  6.657 0.3000000119
2221  28.879  -103.861  5.754 0.3000000119
124965  28.325  -101.544  5.935 0.3000000119
4479  27.161  -99.716  7.011 0.3000000119
3297  25.210  -100.251  6.034 0.3000000119
3284  25.649  -100.845  6.644 0.3000000119
3916  27.340  -100.280  5.016 0.3000000119
4495  26.415  -99.456  5.649 0.3000000119
4496  25.639  -99.413  5.214 0.3000000119
3917  26.737  -99.820  4.716 0.3000000119
4507  25.256  -99.441  4.390 0.3000000119
2263  26.035  -103.731  1.981 0.3000000119
2280  25.741  -104.176  0.941 0.3000000119
2222  28.420  -103.717  5.077 0.3000000119
2781  27.859  -102.207  1.562 0.3000000119
2697  27.044  -101.865  8.804 0.3000000119
4508  24.460  -99.511  4.018 0.3000000119
2210  28.635  -102.786  6.058 0.3000000119
3878  27.709  -100.198  7.545 0.3000000119
3903  27.639  -99.979  5.822 0.3000000119
3894  25.963  -99.844  6.499 0.3000000119
3918  24.149  -99.991  4.751 0.3000000119
4545  29.830  -99.757  1.119 0.3000000119
8536  35.214  -93.751  -4.118 0.3000000119
8516  35.017  -93.735  -3.380 0.3000000119
118326  34.358  -94.402  -3.155 0.3000000119
6433  34.083  -96.143  -2.701 0.4000000060
5766  34.114  -97.204  -2.325 0.4000000060
120517  34.121  -98.193  -1.992 0.3000000119
5148  34.356  -98.780  -2.426 0.3000000119
7806  35.516  -93.629  -5.116 0.3000000119
7094  34.806  -95.051  -4.932 0.4000000060
127961  34.965  -96.235  -5.013 0.4000000060
6471  34.704  -96.571  -5.539 0.4000000060
5812  34.692  -97.715  -4.442 0.3000000119
7139  33.410  -95.834  -7.572 0.4000000060
6486  33.834  -96.523  -6.638 0.4000000060
5839  33.441  -97.101  -6.390 0.3000000119
7140  32.734  -95.872  -7.711 0.3000000119
7075  37.169  -95.064  -2.437 0.3000000119
8498  36.001  -93.827  -2.992 0.3000000119
7753  34.322  -94.029  -1.721 0.4000000060
135577  33.667  -95.161  -2.209 0.4000000060
6421  33.515  -96.109  -1.864 0.3000000119
5767  33.357  -97.177  -1.436 0.3000000119
5755  32.722  -97.615  -0.738 0.3000000119
8514  36.477  -93.960  -3.911 0.3000000119
8535  36.024  -93.700  -4.542 0.3000000119
119430  36.396  -93.341  -5.131 0.3000000119
127884  35.254  -93.115  -5.704 0.3000000119
7820  35.107  -93.627  -5.691 0.3000000119
135013  34.803  -95.517  -5.796 0.4000000060
131905  35.938  -92.519  -5.752 0.3000000119
9263  34.426  -92.751  -6.357 0.3000000119
8565  34.846  -93.103  -5.973 0.3000000119
124845  34.276  -94.808  -6.598 0.4000000060
7122  34.437  -95.438  -6.523 0.4000000060
9264  33.875  -92.525  -6.660 0.3000000119
8601  33.342  -93.994  -7.035 0.4000000060
7871  32.837  -94.583  -7.397 0.4000000060
9978  31.637  -91.690  -7.139 0.3000000119
9280  32.045  -92.869  -7.432 0.4000000060
134994  32.391  -93.403  -7.315 0.4000000060
7872  32.091  -94.494  -7.450 0.4000000060
10829  31.207  -91.225  -6.864 0.3000000119
9281  31.187  -92.816  -7.656 0.4000000060
9979  30.756  -91.550  -7.329 0.3000000119
5738  37.088  -97.637  0.772 0.3000000119
5739  36.470  -97.749  0.674 0.3000000119
6374  35.179  -97.081  0.969 0.3000000119
6375  34.485  -95.948  1.269 0.3000000119
7074  37.561  -95.413  -2.215 0.3000000119
7045  36.687  -96.038  -1.009 0.3000000119
139399  35.397  -94.781  -0.387 0.3000000119
7013  33.957  -95.077  1.248 0.3000000119
7786  38.402  -94.263  -4.060 0.3000000119
7768  37.999  -95.188  -2.737 0.3000000119
7736  36.136  -94.981  -1.081 0.3000000119
7737  35.168  -94.260  -0.868 0.3000000119
125041  33.912  -94.341  -0.155 0.3000000119
7740  32.801  -94.922  0.313 0.3000000119
6409  32.532  -95.693  0.011 0.3000000119
5741  32.259  -96.811  -0.017 0.3000000119
127988  31.370  -97.841  0.701 0.3000000119
5110  30.676  -98.384  1.215 0.3000000119
7804  38.385  -93.738  -4.679 0.3000000119
9975  33.866  -92.101  -6.714 0.3000000119
9279  32.717  -92.890  -7.049 0.3000000119
9965  32.951  -91.650  -6.598 0.3000000119
9977  32.442  -91.892  -6.986 0.3000000119
10802  31.214  -90.965  -5.770 0.3000000119
10816  30.652  -90.969  -6.447 0.3000000119
10830  30.318  -91.010  -7.042 0.3000000119
5709  38.067  -97.450  2.285 0.3000000119
6386  37.427  -97.084  0.320 0.3000000119
6387  36.861  -97.257  0.070 0.3000000119
6389  35.377  -96.285  0.574 0.3000000119
7059  37.512  -95.855  -1.453 0.3000000119
120951  35.889  -96.218  -0.066 0.3000000119
4540  30.051  -98.943  1.653 0.3000000119
6350  38.349  -96.640  3.161 0.3000000119
6373  38.609  -96.892  1.854 0.3000000119
6385  38.264  -96.714  0.858 0.3000000119
6405  37.921  -96.490  -0.127 0.3000000119
134769  37.420  -96.337  -0.801 0.3000000119
7073  37.897  -95.449  -2.042 0.3000000119
6358  39.235  -96.326  2.313 0.3000000119
7012  39.786  -95.778  1.953 0.3000000119
7027  39.279  -95.786  0.610 0.3000000119
7043  38.094  -96.003  -0.822 0.3000000119
5109  31.376  -98.891  0.405 0.3000000119
129619  32.714  -98.760  -0.645 0.3000000119
5136  33.473  -98.434  -1.319 0.3000000119
6432  34.594  -97.140  -3.196 0.3000000119
5825  34.397  -97.442  -5.276 0.4000000060
138108  31.489  -93.202  -7.581 0.4000000060
10789  30.436  -90.845  -4.917 0.3000000119
8515  35.567  -93.714  -3.600 0.3000000119
7807  34.939  -94.162  -4.566 0.3000000119
8484  34.894  -93.771  -2.208 0.3000000119
127911  34.495  -94.813  -3.933 0.4000000060
116350  34.446  -95.997  -3.616 0.4000000060
6458  34.910  -97.029  -4.862 0.4000000060
7155  33.655  -95.210  -7.107 0.4000000060
7787  37.530  -94.441  -3.959 0.3000000119
7752  35.803  -94.167  -1.589 0.3000000119
122302  33.651  -94.358  -0.832 0.3000000119
8468  34.957  -93.882  -1.551 0.3000000119
6422  32.937  -95.867  -0.987 0.4000000060
136161  32.689  -96.617  -0.664 0.3000000119
8533  37.829  -93.379  -4.977 0.3000000119
8552  36.985  -92.834  -5.386 0.3000000119
8580  34.343  -93.546  -6.435 0.4000000060
10814  32.088  -91.408  -6.657 0.3000000119
7029  35.214  -95.210  0.249 0.3000000119
7724  34.394  -94.844  0.640 0.3000000119
7725  33.735  -94.662  0.597 0.3000000119
119262  32.647  -91.164  -6.077 0.3000000119
9140  20.583  -92.352  5.341 0.4000000060
1751  29.343  -104.280  5.946 0.3000000119
2197  26.279  -103.075  7.517 0.3000000119
2259  25.443  -103.077  2.308 0.3000000119
2294  30.137  -103.381  -0.932 0.4000000060
2309  30.197  -103.367  -1.460 0.4000000060
2725  28.931  -102.310  7.256 0.3000000119
2737  24.997  -101.364  6.086 0.3000000119
2760  26.963  -102.948  3.533 0.3000000119
2768  28.899  -102.759  2.507 0.3000000119
2769  27.467  -102.986  2.133 0.3000000119
2771  25.343  -101.875  2.732 0.3000000119
2782  27.260  -102.977  1.215 0.3000000119
2802  28.186  -102.509  0.287 0.3000000119
2813  31.264  -102.463  -0.972 0.5000000000
2815  29.850  -103.146  -0.542 0.4000000060
2816  28.859  -103.228  -0.369 0.5000000000
2832  31.345  -102.332  -1.845 0.4000000060
2833  30.704  -102.843  -1.895 0.4000000060
2834  29.984  -103.012  -2.600 0.4000000060
3295  28.176  -100.543  6.335 0.3000000119
3296  27.880  -100.951  5.471 0.3000000119
3326  26.788  -102.082  4.001 0.3000000119
3328  25.664  -101.136  3.142 0.3000000119
3345  25.267  -100.750  2.804 0.3000000119
3365  30.432  -101.442  0.004 0.5000000000
3376  31.024  -102.157  -0.582 0.5000000000
3381  31.774  -101.971  -1.397 0.5000000000
3390  31.711  -101.875  -2.203 0.4000000060
3402  30.287  -101.821  -3.026 0.5000000000
3863  28.180  -100.658  8.082 0.3000000119
3892  27.746  -99.896  6.739 0.3000000119
3893  26.630  -99.796  7.037 0.3000000119
3904  25.552  -99.631  5.818 0.3000000119
3905  24.948  -99.740  5.368 0.3000000119
3935  26.179  -99.948  4.128 0.3000000119
3962  29.658  -100.613  0.685 0.5000000000
3970  32.748  -100.647  -0.977 0.5000000000
3990  33.382  -100.271  -2.561 0.5000000000
4004  32.842  -100.567  -3.064 0.5000000000
4487  26.567  -99.567  6.412 0.3000000119
4488  26.028  -99.447  5.930 0.3000000119
4494  27.114  -99.582  6.196 0.3000000119
4497  24.900  -99.500  4.732 0.3000000119
4505  26.953  -99.610  5.339 0.3000000119
4506  26.119  -99.454  4.771 0.3000000119
4556  33.739  -99.782  -1.764 0.5000000000
4557  33.289  -100.196  -1.412 0.5000000000
4565  34.288  -99.061  -2.817 0.4000000060
4566  33.936  -99.589  -2.439 0.5000000000
4579  32.118  -99.732  -4.107 0.4000000060
5135  34.010  -99.093  -1.810 0.3000000119
5165  33.961  -98.182  -4.904 0.4000000060
5737  37.824  -97.321  1.267 0.3000000119
5740  35.866  -97.377  0.565 0.3000000119
5744  26.052  -96.807  0.127 0.5000000000
5756  32.063  -97.771  -0.077 0.4000000060
5783  34.589  -98.033  -2.728 0.3000000119
5798  34.751  -97.860  -3.560 0.3000000119
5800  30.789  -97.546  -3.621 0.4000000060
5814  30.926  -97.317  -4.367 0.4000000060
5828  32.190  -97.702  -5.912 0.4000000060
5838  34.130  -96.992  -6.030 0.4000000060
5840  32.766  -97.360  -6.444 0.4000000060
6359  38.613  -96.880  2.692 0.3000000119
6372  39.161  -96.240  1.365 0.3000000119
6388  36.266  -97.036  0.122 0.3000000119
6391  27.198  -96.419  0.239 0.5000000000
6392  26.577  -96.371  0.476 0.6000000238
6406  37.166  -96.793  -0.422 0.3000000119
6407  36.661  -96.629  -0.485 0.3000000119
6408  35.959  -95.664  -0.509 0.3000000119
6412  25.536  -96.513  0.109 0.6000000238
6423  28.735  -96.766  -1.012 0.5000000000
6443  34.898  -96.935  -4.177 0.4000000060
6444  30.430  -96.685  -3.657 0.4000000060
6459  31.022  -97.117  -5.143 0.4000000060
6485  34.483  -96.177  -6.296 0.4000000060
6487  33.159  -96.712  -6.946 0.4000000060
6499  34.151  -95.935  -6.826 0.4000000060
6500  33.628  -96.179  -7.232 0.4000000060
7016  27.032  -94.979  1.022 0.6000000238
7018  26.172  -94.821  0.843 0.6000000238
7028  38.674  -95.891  -0.088 0.3000000119
7030  34.650  -95.363  0.836 0.3000000119
7033  27.949  -95.319  -0.080 0.6999999881
7034  27.047  -95.778  0.642 0.6000000238
7042  38.871  -95.475  -0.684 0.3000000119
7044  37.098  -96.338  -1.004 0.3000000119
7046  32.985  -94.937  -0.437 0.3000000119
7060  37.047  -95.731  -1.667 0.3000000119
7061  33.282  -95.066  -1.363 0.4000000060
7076  34.124  -95.115  -3.006 0.3000000119
7077  34.038  -94.391  -2.432 0.4000000060
7078  29.401  -95.770  -2.393 0.4000000060
7086  29.643  -95.353  -3.989 0.4000000060
7107  34.735  -94.632  -6.152 0.3000000119
7108  30.261  -95.569  -5.513 0.4000000060
7123  31.650  -95.808  -7.216 0.4000000060
7138  33.926  -95.560  -7.002 0.4000000060
7141  32.119  -95.590  -7.479 0.3000000119
7156  33.114  -95.380  -7.568 0.4000000060
7157  32.449  -95.278  -7.529 0.3000000119
7158  31.748  -94.916  -7.466 0.4000000060
7679  26.176  -93.645  3.219 0.6000000238
7697  26.579  -93.449  2.267 0.5000000000
7715  27.383  -94.148  1.251 0.6000000238
7726  33.034  -94.826  0.832 0.3000000119
7728  27.435  -95.108  0.641 0.6000000238
7729  25.660  -93.963  0.667 0.5000000000
7738  34.401  -94.126  -0.818 0.3000000119
7739  33.310  -94.616  0.098 0.3000000119
7750  38.590  -95.048  -2.201 0.3000000119
7751  36.578  -94.801  -1.821 0.3000000119
7769  37.636  -95.009  -3.017 0.3000000119
7770  36.917  -94.407  -3.164 0.3000000119
7771  28.820  -94.828  -2.884 0.5000000000
7772  28.385  -94.398  -2.124 0.6999999881
7788  34.706  -93.968  -3.665 0.3000000119
7805  37.866  -94.005  -4.586 0.3000000119
7821  35.051  -94.365  -5.495 0.4000000060
7824  28.998  -94.406  -5.378 0.4000000060
7833  34.865  -93.979  -5.983 0.3000000119
7852  34.516  -94.031  -6.385 0.4000000060
7853  33.918  -94.311  -6.781 0.4000000060
7870  33.368  -94.786  -7.197 0.4000000060
7873  31.328  -94.174  -7.554 0.4000000060
7874  30.459  -93.841  -7.735 0.4000000060
8379  22.918  -92.987  6.172 0.5000000000
8381  22.003  -93.563  6.266 0.5000000000
8392  20.747  -93.216  5.621 0.5000000000
8404  25.198  -93.895  4.399 0.5000000000
8406  19.373  -93.517  4.580 0.6000000238
8420  26.876  -92.967  2.826 0.6000000238
8421  26.367  -93.176  3.293 0.6000000238
8422  25.751  -93.688  3.885 0.5000000000
8456  27.981  -93.842  0.223 0.6999999881
8469  28.057  -94.100  -0.612 0.6999999881
8470  27.869  -93.375  -0.878 0.6999999881
8482  36.385  -94.236  -2.343 0.3000000119
8483  35.502  -93.786  -2.221 0.3000000119
8499  35.205  -93.706  -2.850 0.3000000119
8517  27.749  -93.929  -3.490 0.6000000238
8518  26.997  -93.490  -3.321 0.6999999881
8519  26.717  -92.926  -2.706 0.6999999881
8534  37.053  -93.794  -4.825 0.3000000119
8538  27.371  -93.776  -4.186 0.5000000000
8553  35.908  -93.020  -5.461 0.3000000119
8566  29.285  -93.899  -7.506 0.4000000060
8569  27.176  -93.203  -6.331 0.5000000000
8581  33.727  -93.287  -6.726 0.4000000060
8582  33.275  -93.095  -6.809 0.4000000060
8583  29.218  -93.525  -7.943 0.4000000060
8584  28.787  -93.063  -8.193 0.4000000060
8602  32.840  -93.673  -7.145 0.4000000060
8603  31.813  -93.661  -7.493 0.4000000060
8604  31.049  -93.483  -7.662 0.4000000060
9126  21.861  -92.836  6.343 0.5000000000
9127  21.216  -92.408  5.887 0.6000000238
9139  22.860  -92.450  5.983 0.5000000000
9156  23.839  -92.669  5.156 0.5000000000
9157  19.723  -92.646  4.401 0.5000000000
9178  27.100  -92.746  2.427 0.6999999881
9183  27.808  -92.956  1.210 0.5000000000
9184  27.495  -92.842  1.855 0.6999999881
9190  27.937  -93.137  0.473 0.6000000238
9201  27.757  -92.732  -0.267 0.6999999881
9210  26.464  -91.989  -1.476 0.6999999881
9219  25.778  -92.126  -3.215 0.6000000238
9237  25.587  -92.357  -4.632 0.6000000238
9265  33.237  -92.380  -6.809 0.3000000119
9266  32.598  -92.288  -7.098 0.3000000119
9268  26.658  -92.005  -7.569 0.5000000000
9284  28.255  -92.357  -8.286 0.5000000000
9788  21.886  -91.573  6.031 0.5000000000
9789  21.280  -91.389  5.920 0.5000000000
9801  20.296  -91.597  5.228 0.5000000000
9802  19.811  -91.229  4.938 0.5000000000
9815  23.243  -91.989  4.574 0.5000000000
9816  19.813  -91.923  4.346 0.5000000000
9835  26.729  -92.196  2.234 0.6000000238
9849  26.913  -91.980  1.342 0.6999999881
9850  26.096  -91.712  1.669 0.6000000238
9863  27.336  -92.110  0.755 0.6999999881
9886  26.472  -91.784  -0.507 0.6999999881
9887  25.487  -91.431  -0.619 0.6000000238
9921  25.441  -91.673  -2.740 0.6000000238
9946  24.515  -91.251  -4.073 0.6000000238
9964  33.763  -91.791  -6.537 0.3000000119
9966  26.054  -91.639  -7.172 0.6000000238
9967  25.372  -91.292  -6.734 0.6000000238
9968  24.608  -90.921  -6.386 0.6999999881
9976  33.133  -92.026  -6.815 0.3000000119
9981  29.043  -91.202  -7.999 0.4000000060
9983  26.369  -91.287  -7.783 0.6000000238
9993  31.892  -92.217  -7.374 0.4000000060
9994  31.050  -92.145  -7.518 0.4000000060
9995  30.262  -92.064  -7.842 0.3000000119
9996  29.509  -91.971  -8.190 0.4000000060
9998  27.416  -91.370  -8.211 0.5000000000
10611  21.454  -90.821  5.891 0.5000000000
10613  20.399  -90.231  5.926 0.5000000000
10641  22.649  -91.427  5.058 0.5000000000
10661  22.817  -91.037  2.028 0.6000000238
10714  31.726  -90.021  -0.588 0.3000000119
10754  23.960  -90.722  -2.455 0.6999999881
10755  23.513  -90.082  -2.914 0.6999999881
10771  30.207  -90.383  -3.330 0.4000000060
10772  29.668  -90.130  -3.604 0.4000000060
10801  32.172  -90.854  -5.515 0.3000000119
10803  29.954  -90.781  -5.728 0.4000000060
10815  31.469  -91.116  -6.406 0.3000000119
10831  29.574  -90.851  -7.343 0.4000000060
10832  28.277  -90.609  -8.043 0.4000000060
10834  26.058  -89.919  -8.112 0.6999999881
11444  20.575  -89.519  6.015 0.5000000000
11465  21.710  -89.048  5.143 0.6000000238
11479  19.393  -89.909  3.290 0.5000000000
11524  22.605  -89.353  0.755 0.6999999881
11531  22.761  -89.489  -0.714 0.6999999881
11532  22.639  -89.318  0.236 0.6999999881
11540  31.399  -89.713  -1.155 0.3000000119
11541  22.937  -89.342  -1.724 0.8000000119
11550  30.308  -89.724  -2.588 0.3000000119
11551  29.759  -89.627  -3.191 0.4000000060
11562  29.307  -89.537  -3.888 0.4000000060
11575  23.785  -89.516  -6.195 0.6999999881
11596  25.315  -89.437  -8.048 0.6000000238
12207  27.085  -87.899  7.258 0.6999999881
12218  29.059  -88.159  6.192 0.8000000119
12220  27.406  -88.306  6.578 0.6999999881
12222  25.136  -88.077  6.537 0.6999999881
12224  20.915  -88.415  5.731 0.4000000060
12226  19.869  -88.635  5.705 0.4000000060
12230  29.370  -88.156  5.486 0.8000000119
12234  25.818  -88.393  6.076 0.6999999881
12235  24.896  -88.200  5.730 0.6999999881
12236  21.906  -87.750  5.122 0.6999999881
12251  26.709  -88.400  4.423 0.6000000238
12253  24.482  -88.022  4.849 0.6000000238
12255  22.122  -88.070  4.290 0.6999999881
12275  27.956  -88.356  3.840 0.6999999881
12280  23.198  -87.970  3.082 0.6999999881
12297  28.020  -88.233  2.488 0.6999999881
12298  27.244  -88.200  2.398 0.6000000238
12299  26.429  -88.064  2.313 0.6000000238
12300  25.562  -87.947  2.195 0.6000000238
12316  27.987  -88.054  1.036 0.6999999881
12318  26.024  -87.938  1.590 0.6000000238
12322  22.669  -88.448  1.713 0.6999999881
12330  28.149  -87.867  0.457 0.6999999881
12333  25.636  -87.835  0.695 0.6000000238
12335  23.175  -87.770  0.730 0.6999999881
12348  31.705  -89.135  -0.867 0.3000000119
12360  32.637  -88.387  -0.941 0.3000000119
12361  31.977  -88.611  -1.136 0.3000000119
12375  31.058  -88.746  -2.151 0.3000000119
12377  29.963  -89.177  -2.954 0.4000000060
12379  23.662  -88.796  -3.143 0.8000000119
12388  30.805  -88.492  -2.817 0.3000000119
12392  23.696  -89.208  -3.742 0.8000000119
12399  29.097  -88.834  -4.242 0.4000000060
12400  23.914  -88.844  -4.401 0.8000000119
12411  27.401  -88.331  -7.232 0.4000000060
12412  26.569  -87.829  -7.322 0.4000000060
12413  24.830  -87.971  -7.272 0.4000000060
12414  24.013  -88.561  -6.838 0.5000000000
13053  28.535  -87.427  7.342 0.6999999881
13054  27.678  -87.416  7.442 0.6000000238
13056  25.378  -87.254  7.400 0.6999999881
13058  23.727  -86.837  7.229 0.6999999881
13062  29.332  -87.609  6.830 0.8000000119
13063  28.647  -87.960  6.818 0.6999999881
13064  25.258  -87.697  7.148 0.6999999881
13068  21.399  -86.781  6.001 0.6999999881
13069  20.235  -87.253  5.573 0.6000000238
13078  30.427  -87.335  5.694 0.6999999881
13080  24.089  -87.826  5.540 0.6999999881
13084  19.671  -87.971  5.337 0.6000000238
13101  29.999  -87.855  5.003 0.8000000119
13123  29.739  -87.758  4.038 0.8000000119
13149  29.093  -87.501  1.385 0.6999999881
13162  27.866  -87.690  -0.140 0.6999999881
13177  29.002  -87.036  -0.128 0.6999999881
13181  24.377  -87.105  -1.127 0.6000000238
13196  24.232  -87.226  -1.852 0.6999999881
13208  24.488  -87.272  -2.491 0.6000000238
13219  25.341  -87.046  -3.457 0.6000000238
13227  31.955  -87.475  -3.854 0.3000000119
13229  29.819  -87.696  -4.577 0.4000000060
13239  29.145  -87.256  -5.665 0.4000000060
13241  27.267  -86.938  -6.494 0.4000000060
13242  24.779  -87.037  -5.899 0.6999999881
13255  24.994  -87.094  -6.595 0.5000000000
13887  29.481  -86.446  7.800 0.5000000000
13889  27.552  -86.826  7.473 0.6999999881
13890  25.999  -86.920  7.507 0.6000000238
13892  24.235  -86.608  7.440 0.6999999881
13901  30.611  -86.667  6.503 0.6000000238
13905  21.242  -86.294  6.104 0.6000000238
13926  20.125  -86.584  5.322 0.6000000238
13946  30.982  -86.760  4.009 0.8000000119
13947  20.172  -85.989  4.750 0.5000000000
13973  31.047  -86.205  2.480 0.6000000238
13975  29.884  -86.872  2.026 0.6000000238
14014  28.833  -86.439  -0.674 0.6999999881
14036  27.534  -86.454  -1.389 0.6999999881
14037  26.197  -86.322  -2.015 0.6999999881
14053  34.544  -87.063  -3.006 0.3000000119
14055  26.396  -86.067  -2.569 0.6999999881
14057  22.674  -86.241  -2.952 0.5000000000
14067  34.091  -86.976  -3.854 0.3000000119
14071  23.060  -86.472  -4.195 0.5000000000
14077  33.221  -86.810  -4.797 0.3000000119
14092  28.670  -86.520  -6.087 0.4000000060
14094  26.415  -85.633  -5.945 0.5000000000
14105  26.471  -86.399  -6.306 0.5000000000
14746  29.422  -85.449  8.242 0.5000000000
14764  26.494  -86.319  7.233 0.6999999881
14766  24.444  -85.971  7.493 0.6000000238
14767  23.697  -85.709  7.370 0.6000000238
14789  31.668  -85.109  6.545 0.5000000000
14792  26.203  -85.672  6.865 0.6000000238
14795  21.604  -85.688  6.293 0.6999999881
14796  21.067  -85.917  5.978 0.6000000238
14814  21.263  -85.410  5.841 0.6999999881
14829  31.983  -85.616  4.605 0.6000000238
14845  21.777  -85.074  3.962 0.5000000000
14846  20.382  -85.587  3.221 0.5000000000
14856  32.328  -85.307  3.381 0.6000000238
14857  31.353  -85.609  2.004 0.6000000238
14859  26.201  -85.142  1.308 0.5000000000
14862  22.647  -85.276  2.413 0.5000000000
14873  30.739  -86.000  1.640 0.6000000238
14875  25.356  -85.259  0.902 0.5000000000
14876  24.369  -85.402  1.317 0.5000000000
14905  30.789  -85.309  0.055 0.6000000238
14909  22.474  -85.457  -0.182 0.4000000060
14923  29.059  -84.957  -1.398 0.6999999881
14924  28.398  -85.387  -1.462 0.6999999881
14926  22.948  -85.367  -1.427 0.6000000238
14955  26.074  -84.942  -3.952 0.6999999881
14957  23.480  -85.761  -3.828 0.5000000000
14967  25.999  -84.859  -4.869 0.6000000238
14973  32.983  -85.668  -5.241 0.4000000060
14982  22.929  -85.655  -6.101 0.5000000000
15635  29.634  -84.625  8.577 0.5000000000
15658  28.325  -85.496  7.523 0.6999999881
15659  24.149  -85.270  7.141 0.6000000238
15678  24.761  -84.854  6.561 0.6000000238
15680  22.798  -84.936  6.438 0.6000000238
15695  26.786  -84.945  5.410 0.6000000238
15698  23.353  -84.599  5.805 0.6000000238
15700  21.584  -84.933  5.501 0.6000000238
15717  22.069  -84.732  4.846 0.6000000238
15730  32.806  -84.820  3.960 0.6000000238
15731  27.540  -84.844  2.852 0.5000000000
15732  27.049  -85.137  2.685 0.5000000000
15733  25.910  -85.107  3.024 0.5000000000
15734  24.668  -84.919  3.437 0.5000000000
15747  31.572  -85.179  1.396 0.6000000238
15752  22.934  -85.037  3.196 0.5000000000
15781  26.070  -84.061  0.661 0.6000000238
15783  25.410  -84.829  -0.301 0.6000000238
15784  24.691  -85.089  -0.291 0.6000000238
15792  32.653  -84.312  0.135 0.6000000238
15794  30.571  -84.823  -0.665 0.6000000238
15796  25.584  -84.259  -0.505 0.6000000238
15809  28.777  -84.149  -1.752 0.6999999881
15828  24.782  -83.859  -2.683 0.6000000238
15843  26.424  -84.237  -4.462 0.6000000238
15844  24.613  -83.592  -3.649 0.6000000238
15855  26.953  -83.704  -4.811 0.6000000238
15864  29.711  -84.260  -5.443 0.5000000000
15867  26.981  -84.377  -5.279 0.5000000000
16532  28.398  -83.558  6.682 0.4000000060
16559  32.818  -84.010  5.169 0.6000000238
16560  28.038  -83.335  5.006 0.5000000000
16574  27.255  -84.303  2.379 0.6000000238
16603  26.360  -83.928  1.278 0.6000000238
16604  25.864  -83.280  0.650 0.6000000238
16620  32.429  -84.109  -0.491 0.6000000238
16632  29.801  -83.531  -1.879 0.6999999881
16646  32.165  -82.742  -2.505 0.6000000238
16650  28.512  -82.903  -2.824 0.6000000238
16663  27.875  -82.835  -3.621 0.6000000238
16673  30.438  -82.501  -4.922 0.6000000238
16674  29.547  -82.509  -4.939 0.6000000238
16676  27.787  -83.171  -4.857 0.6000000238
16677  23.882  -83.547  -5.043 0.5000000000
16686  29.289  -83.223  -5.211 0.5000000000
17368  25.345  -82.389  7.557 0.4000000060
17381  26.882  -82.300  5.989 0.5000000000
17398  27.708  -82.671  5.123 0.5000000000
17400  24.601  -82.306  5.360 0.5000000000
17422  25.784  -82.425  3.825 0.6000000238
17424  23.800  -82.212  3.922 0.5000000000
17425  17.139  -82.244  4.704 0.3000000119
17461  26.002  -82.881  2.147 0.6000000238
17462  25.063  -82.539  1.861 0.5000000000
17475  24.169  -82.344  1.125 0.6000000238
17483  25.647  -83.161  -0.366 0.6000000238
17491  25.190  -82.567  -0.644 0.6000000238
17502  25.164  -82.563  -2.234 0.6000000238
17544  30.353  -81.834  -4.038 0.6000000238
17546  28.676  -82.406  -3.783 0.6000000238
17548  24.059  -82.156  -4.223 0.5000000000
17559  32.831  -82.019  -4.338 0.4000000060
17563  29.081  -82.267  -4.452 0.6000000238
17564  23.553  -82.827  -4.666 0.5000000000
17565  22.305  -82.935  -4.432 0.5000000000
18279  22.418  -81.462  7.560 0.4000000060
18280  21.497  -81.461  7.709 0.4000000060
18281  20.535  -81.647  7.928 0.4000000060
18283  18.504  -81.754  8.191 0.4000000060
18295  23.458  -81.748  6.474 0.4000000060
18314  23.749  -82.122  4.822 0.6000000238
18315  22.987  -81.651  5.132 0.5000000000
18317  21.596  -81.255  5.516 0.4000000060
18320  18.550  -81.845  6.241 0.4000000060
18338  21.744  -81.279  4.809 0.5000000000
18341  18.489  -81.548  4.437 0.4000000060
18342  17.776  -81.908  4.102 0.4000000060
18358  22.363  -81.524  3.814 0.6000000238
18359  21.551  -81.223  3.417 0.6000000238
18360  20.673  -80.990  3.616 0.6000000238
18416  21.692  -80.863  0.370 0.6000000238
18429  23.971  -81.558  -0.453 0.6000000238
18430  23.516  -80.839  -1.157 0.6000000238
18439  23.299  -80.671  -2.129 0.6000000238
18455  33.916  -81.020  -3.857 0.4000000060
18457  23.065  -80.729  -2.892 0.6000000238
18467  34.083  -81.063  -4.088 0.4000000060
18468  33.589  -81.197  -4.051 0.4000000060
18469  23.641  -81.365  -3.534 0.5000000000
18474  34.360  -81.563  -4.417 0.4000000060
19216  19.965  -80.915  3.039 0.6000000238
19252  18.647  -80.605  1.462 0.5000000000
19253  17.879  -80.726  1.307 0.5000000000
19269  22.393  -80.836  -0.023 0.6000000238
19270  20.954  -80.416  -0.065 0.6000000238
19290  22.540  -80.467  -1.425 0.6000000238
19292  20.211  -80.110  -0.374 0.5000000000
19321  21.691  -80.140  -2.257 0.5000000000
19322  20.397  -80.200  -2.277 0.5000000000
19323  19.459  -80.349  -2.308 0.5000000000
20025  20.293  -79.894  11.202 0.4000000060
20043  18.961  -79.445  9.761 0.4000000060
20073  16.927  -79.895  7.634 0.3000000119
20085  13.649  -79.994  6.057 0.3000000119
20095  15.929  -80.042  5.381 0.3000000119
20097  14.146  -79.759  5.659 0.3000000119
20106  16.011  -79.890  4.004 0.3000000119
20107  14.884  -79.758  4.669 0.3000000119
20123  14.275  -79.409  3.552 0.4000000060
20221  20.661  -79.828  -1.654 0.5000000000
20936  22.069  -78.415  12.266 0.4000000060
20955  19.494  -79.247  10.124 0.4000000060
20970  19.317  -78.925  9.359 0.4000000060
20997  19.414  -78.374  7.780 0.3000000119
20998  18.266  -79.097  8.068 0.3000000119
21007  19.240  -78.197  6.864 0.3000000119
21029  18.952  -78.045  4.982 0.3000000119
21031  17.607  -79.313  3.944 0.3000000119
21076  14.454  -78.310  2.149 0.3000000119
21858  21.476  -77.692  10.961 0.4000000060
21859  20.835  -78.171  10.328 0.4000000060
21869  21.284  -77.439  9.950 0.4000000060
21886  20.344  -77.972  7.936 0.4000000060
21899  20.666  -77.363  7.347 0.4000000060
21911  19.837  -77.754  6.356 0.4000000060
21924  19.650  -77.604  5.493 0.4000000060
21954  18.784  -77.106  2.990 0.3000000119
21955  18.727  -77.952  3.074 0.3000000119
21972  16.765  -77.756  2.086 0.3000000119
21984  17.428  -77.275  2.114 0.3000000119
22902  19.791  -76.873  5.188 0.4000000060
22919  14.813  -75.792  4.092 0.3000000119
22938  15.587  -76.491  3.098 0.4000000060
22959  19.017  -76.267  2.789 0.3000000119
22960  18.837  -76.109  2.499 0.3000000119
22961  18.078  -77.276  2.272 0.3000000119
22963  16.131  -77.198  2.538 0.4000000060
22980  17.676  -76.573  2.139 0.3000000119
23905  21.488  -75.475  8.452 0.3000000119
23916  21.125  -75.945  7.159 0.3000000119
23960  15.177  -75.637  4.343 0.3000000119
23961  14.475  -75.295  4.781 0.3000000119
23981  15.674  -75.984  3.890 0.3000000119
24000  15.922  -75.757  3.555 0.4000000060
24014  18.676  -75.588  2.137 0.3000000119
24015  17.917  -75.747  2.014 0.5000000000
24874  22.079  -74.059  8.832 0.3000000119
24886  20.820  -74.485  6.722 0.3000000119
24887  20.982  -75.144  6.920 0.3000000119
24934  20.125  -74.278  3.254 0.3000000119
24935  15.148  -74.918  4.422 0.3000000119
24944  20.094  -74.234  2.414 0.3000000119
24945  19.814  -74.519  2.050 0.3000000119
24947  15.563  -75.123  3.656 0.3000000119
25798  22.891  -73.963  10.111 0.3000000119
25873  20.692  -73.173  6.278 0.3000000119
25917  20.385  -73.464  2.551 0.3000000119
25920  15.261  -73.595  2.370 0.3000000119
25930  20.213  -73.169  1.888 0.3000000119
25932  18.783  -73.039  1.202 0.3000000119
25934  16.753  -73.344  1.512 0.3000000119
26872  20.880  -72.607  4.787 0.3000000119
26887  21.154  -72.786  3.813 0.3000000119
26918  20.290  -72.403  1.842 0.3000000119
26919  19.507  -71.939  1.607 0.3000000119
26921  16.150  -72.783  2.028 0.3000000119
26932  19.567  -72.746  1.606 0.3000000119
26933  18.209  -72.441  1.321 0.3000000119
27801  21.982  -71.147  5.225 0.3000000119
27827  21.638  -71.165  3.213 0.3000000119
27829  16.148  -70.755  2.848 0.3000000119
27846  17.348  -71.131  2.158 0.3000000119
27861  18.634  -71.730  1.558 0.3000000119
28817  18.256  -70.371  1.915 0.3000000119
28818  17.700  -70.011  2.609 0.3000000119
28819  16.980  -70.468  2.655 0.3000000119
29743  17.769  -69.123  3.071 0.3000000119
29745  15.834  -69.403  3.880 0.3000000119
29751  19.280  -69.596  1.957 0.3000000119
115784  19.758  -81.025  3.837 0.5000000000
117514  27.768  -83.241  3.787 0.5000000000
117756  25.122  -88.726  -7.980 0.6000000238
117792  19.147  -77.377  3.649 0.3000000119
117863  23.032  -81.789  4.302 0.5000000000
118338  39.281  -95.456  0.017 0.3000000119
118698  29.435  -87.676  3.113 0.6000000238
118745  18.976  -81.241  3.978 0.4000000060
118859  23.897  -87.577  6.347 0.6999999881
118896  28.347  -86.253  7.612 0.6000000238
119223  31.045  -86.142  -5.398 0.4000000060
119441  23.405  -85.365  1.825 0.5000000000
119910  17.721  -81.754  7.689 0.3000000119
120324  24.202  -91.403  1.929 0.5000000000
120372  22.384  -93.098  6.369 0.5000000000
120461  25.657  -83.608  -0.705 0.6000000238
120478  26.809  -84.596  1.713 0.6000000238
120836  15.467  -74.515  2.514 0.3000000119
121548  33.433  -83.285  -1.434 0.5000000000
121647  33.204  -87.738  -2.483 0.3000000119
122124  30.651  -101.456  -2.997 0.4000000060
122210  31.209  -86.639  4.706 0.8000000119
122612  28.196  -82.763  6.475 0.5000000000
122712  30.468  -86.041  1.116 0.6000000238
122740  20.981  -72.201  2.177 0.3000000119
122915  22.130  -81.304  6.102 0.4000000060
122959  20.338  -81.352  6.252 0.4000000060
123028  25.189  -82.343  5.988 0.4000000060
123129  32.535  -96.625  -7.055 0.4000000060
123182  29.255  -100.188  1.399 0.3000000119
123334  25.351  -86.969  -4.331 0.6000000238
123618  28.790  -104.066  -1.744 0.4000000060
123722  18.216  -81.516  3.031 0.4000000060
123839  24.913  -84.673  4.948 0.6000000238
123882  27.022  -88.467  5.111 0.6999999881
123925  28.080  -84.875  3.656 0.6000000238
123999  32.423  -93.975  -7.370 0.4000000060
124182  17.366  -75.090  1.504 0.4000000060
124469  28.597  -87.481  -5.903 0.4000000060
124704  32.790  -84.835  3.205 0.5000000000
124796  27.586  -88.318  3.115 0.6000000238
125025  20.851  -86.860  5.894 0.6000000238
125080  18.585  -73.832  1.229 0.3000000119
125574  34.741  -95.825  -4.408 0.4000000060
125845  20.873  -93.828  5.790 0.5000000000
125873  23.969  -84.558  5.157 0.6000000238
126046  20.701  -90.917  5.819 0.5000000000
126774  31.963  -91.060  -6.126 0.3000000119
126843  24.316  -83.535  -4.524 0.5000000000
126925  19.191  -89.187  4.045 0.5000000000
127078  23.946  -87.327  7.021 0.6999999881
127274  32.332  -100.208  -0.502 0.5000000000
127371  38.016  -94.849  -3.418 0.3000000119
127596  22.384  -90.540  3.246 0.6999999881
127731  30.417  -87.280  3.938 0.8000000119
128108  34.567  -94.445  -0.043 0.3000000119
128574  34.655  -93.918  -2.765 0.3000000119
128817  25.527  -82.373  4.869 0.6000000238
128930  18.003  -78.251  2.567 0.3000000119
129120  33.528  -98.885  -4.471 0.4000000060
129473  24.940  -103.023  1.804 0.3000000119
129730  24.253  -84.523  -2.293 0.6000000238
130124  18.644  -78.668  7.411 0.3000000119
130146  16.123  -80.044  6.206 0.3000000119
130610  32.106  -96.398  -7.043 0.4000000060
130638  20.223  -73.965  4.096 0.3000000119
130747  30.527  -92.598  -7.817 0.4000000060
130965  23.647  -86.245  7.391 0.6999999881
130970  20.340  -74.863  5.636 0.3000000119
131041  23.999  -85.111  -4.606 0.5000000000
131264  26.463  -82.772  2.937 0.6000000238
131441  22.013  -81.597  8.420 0.4000000060
131570  29.202  -87.083  7.450 0.6999999881
131817  27.440  -93.526  -5.629 0.5000000000
132071  31.304  -84.480  -5.436 0.4000000060
132183  19.151  -81.870  7.509 0.4000000060
132595  28.596  -100.930  1.753 0.3000000119
132626  28.230  -88.244  3.193 0.6999999881
132821  21.060  -81.142  4.978 0.6000000238
132842  27.596  -102.793  0.513 0.3000000119
133048  29.125  -84.882  8.304 0.5000000000
133238  29.625  -93.255  -8.093 0.4000000060
133268  19.405  -80.623  1.763 0.6000000238
133312  24.723  -81.969  -0.771 0.6000000238
133678  25.868  -86.112  -6.053 0.5000000000
133831  36.421  -87.074  -1.801 0.3000000119
134159  15.944  -75.271  2.672 0.3000000119
134524  27.879  -85.497  7.070 0.6999999881
134608  20.939  -81.201  5.642 0.4000000060
134985  24.689  -89.194  -7.745 0.6000000238
135395  19.865  -75.221  3.480 0.3000000119
135562  25.768  -88.122  6.922 0.6999999881
135742  28.225  -84.233  5.033 0.4000000060
135834  23.729  -89.196  -5.172 0.6999999881
136326  26.055  -90.664  -7.931 0.6000000238
136337  28.460  -95.325  -0.714 0.6999999881
136345  38.677  -96.222  0.516 0.3000000119
136595  18.063  -77.765  2.268 0.3000000119
137422  23.654  -90.615  -1.733 0.6999999881
137590  20.552  -88.290  5.741 0.4000000060
137668  31.771  -97.081  0.546 0.3000000119
137815  23.530  -88.412  -2.632 0.8000000119
137822  22.215  -90.738  4.712 0.6000000238
138043  19.653  -80.162  0.051 0.5000000000
138082  21.316  -75.975  7.864 0.3000000119
138540  26.057  -103.314  2.454 0.3000000119
138758  33.710  -94.493  -1.713 0.4000000060
139005  22.352  -85.058  3.576 0.5000000000
139272  30.487  -102.606  -2.473 0.4000000060
139455  27.848  -83.108  4.491 0.5000000000
139539  18.747  -80.744  2.127 0.6000000238
139684  28.762  -103.820  -2.416 0.4000000060
