#!ascii label  , from subject sub-v1s1x0050661_ses-1 vox2ras=TkReg
638
23853  31.321  -46.499  -20.417 0.6000000238
22094  24.601  -48.381  -19.037 0.6999999881
22082  25.824  -48.548  -17.856 0.6999999881
21193  30.106  -48.991  -17.540 0.8999999762
22091  30.868  -48.620  -18.085 0.8000000119
22090  31.299  -48.169  -18.551 0.8000000119
23844  31.613  -46.330  -19.631 0.6000000238
24731  31.512  -45.739  -20.553 0.6999999881
24744  31.002  -45.561  -21.480 0.6999999881
22104  24.393  -47.896  -19.915 0.6999999881
22114  23.714  -48.175  -20.661 0.6999999881
22092  26.123  -47.709  -18.343 0.6999999881
124639  26.920  -47.266  -18.125 0.6000000238
22080  27.535  -47.997  -17.448 0.6999999881
22063  27.957  -48.530  -16.977 0.6999999881
22061  29.253  -48.063  -17.118 0.8000000119
114733  29.848  -47.449  -17.110 0.8000000119
22078  30.525  -48.252  -17.568 0.8000000119
22077  31.065  -47.777  -17.852 0.8000000119
23835  31.583  -46.625  -18.658 0.6000000238
24724  31.884  -45.419  -19.659 0.6000000238
25632  31.975  -44.833  -20.437 0.6999999881
25640  31.057  -44.837  -21.793 0.6999999881
22113  24.376  -47.477  -20.659 0.5000000000
22971  24.042  -47.307  -21.377 0.6000000238
22955  25.750  -46.742  -19.775 0.4000000060
128638  25.700  -47.351  -18.990 0.6000000238
22945  27.754  -47.201  -17.666 0.6000000238
22933  28.432  -47.836  -17.216 0.8000000119
23807  29.736  -46.631  -16.958 0.6999999881
24685  30.356  -46.073  -16.971 0.6999999881
24699  31.029  -45.449  -17.353 0.6999999881
110741  32.030  -44.997  -18.933 0.5000000000
25625  32.154  -44.720  -19.627 0.6000000238
25631  32.406  -44.039  -20.020 0.6000000238
24743  31.482  -45.120  -21.129 0.6000000238
25644  30.559  -44.413  -22.340 0.5000000000
23856  24.795  -45.819  -21.302 0.5000000000
22982  24.249  -46.354  -21.823 0.6000000238
22999  22.989  -46.457  -22.855 0.6000000238
22970  24.709  -46.798  -21.066 0.5000000000
128885  27.900  -46.555  -17.738 0.5000000000
23822  28.335  -46.115  -17.420 0.6000000238
24700  29.406  -44.917  -16.963 0.6000000238
25596  31.343  -44.551  -17.648 0.5000000000
25610  31.868  -44.416  -18.341 0.5000000000
25624  32.232  -44.239  -19.135 0.6000000238
25638  32.220  -44.117  -20.806 0.5000000000
26463  32.099  -43.627  -21.551 0.5000000000
27209  30.714  -42.542  -22.992 0.5000000000
25643  31.269  -44.065  -22.062 0.5000000000
23867  23.546  -45.814  -22.518 0.5000000000
23868  22.806  -45.669  -22.771 0.5000000000
23847  25.369  -46.320  -20.665 0.5000000000
23838  26.528  -46.088  -19.582 0.4000000060
23845  26.745  -45.398  -19.686 0.3000000119
23837  27.196  -45.759  -18.960 0.4000000060
24711  27.673  -45.119  -18.461 0.3000000119
24712  27.209  -44.937  -19.143 0.3000000119
23836  27.719  -45.898  -18.075 0.5000000000
25598  28.686  -44.706  -17.371 0.5000000000
26422  29.225  -44.105  -17.227 0.5000000000
25597  30.695  -44.505  -17.173 0.5000000000
128410  31.051  -43.958  -17.404 0.5000000000
26437  31.527  -43.815  -17.863 0.6000000238
25609  32.011  -43.642  -18.566 0.6000000238
116705  32.504  -43.445  -20.725 0.5000000000
26467  31.478  -43.185  -22.378 0.5000000000
24745  22.603  -44.752  -22.152 0.5000000000
23857  24.044  -45.102  -21.923 0.5000000000
24732  24.576  -44.737  -21.139 0.5000000000
23855  25.466  -45.427  -20.791 0.4000000060
23846  26.027  -45.884  -20.256 0.5000000000
24725  26.149  -45.175  -20.202 0.4000000060
25599  28.059  -44.497  -17.927 0.3000000119
26423  28.550  -43.881  -17.621 0.4000000060
26411  29.949  -44.282  -16.972 0.5000000000
124478  30.449  -43.711  -17.225 0.4000000060
26451  32.371  -43.436  -19.362 0.5000000000
27183  31.924  -42.085  -19.144 0.5000000000
27182  32.435  -42.514  -19.661 0.5000000000
27208  31.622  -42.270  -22.618 0.5000000000
27207  32.321  -41.882  -22.193 0.4000000060
108167  32.552  -42.945  -21.283 0.5000000000
24734  21.887  -44.287  -20.759 0.5000000000
24733  23.277  -44.118  -21.168 0.5000000000
24726  25.173  -44.504  -20.429 0.4000000060
25626  25.589  -44.239  -19.677 0.4000000060
24713  26.545  -44.692  -19.557 0.3000000119
25611  27.484  -44.308  -18.478 0.3000000119
27152  28.460  -42.933  -17.800 0.4000000060
27151  29.281  -42.670  -17.577 0.4000000060
108630  29.044  -43.413  -17.477 0.4000000060
27150  30.246  -42.851  -17.507 0.4000000060
27167  30.486  -42.183  -18.029 0.5000000000
119713  31.536  -43.091  -18.135 0.6000000238
112577  32.632  -41.717  -20.186 0.4000000060
27195  32.697  -42.548  -20.620 0.5000000000
24728  22.402  -43.995  -19.843 0.4000000060
25627  24.153  -43.820  -19.345 0.4000000060
24727  23.785  -43.949  -20.214 0.4000000060
25613  25.798  -43.861  -19.062 0.4000000060
25612  26.788  -44.106  -18.883 0.4000000060
26438  27.065  -43.356  -18.498 0.4000000060
26424  27.899  -43.634  -18.096 0.4000000060
127753  28.727  -42.281  -17.782 0.4000000060
27168  29.777  -42.166  -17.762 0.5000000000
27967  29.865  -41.693  -18.296 0.5000000000
27966  30.669  -41.717  -18.656 0.6000000238
27965  31.318  -41.750  -18.977 0.5000000000
28853  31.194  -40.560  -19.425 0.4000000060
113895  31.780  -41.265  -19.364 0.4000000060
24715  21.879  -44.625  -18.619 0.4000000060
25628  22.720  -43.941  -18.927 0.4000000060
26439  26.015  -43.324  -18.700 0.4000000060
27169  27.647  -42.712  -18.195 0.4000000060
27968  28.213  -41.980  -18.047 0.4000000060
27953  29.051  -41.863  -17.964 0.4000000060
113414  29.212  -41.392  -18.754 0.5000000000
27986  30.029  -41.294  -19.002 0.4000000060
27985  30.871  -41.246  -19.155 0.6000000238
25615  22.785  -43.693  -18.160 0.4000000060
25614  24.411  -43.662  -18.799 0.4000000060
27170  26.096  -42.758  -18.533 0.4000000060
109720  26.915  -42.558  -18.457 0.4000000060
27969  27.356  -41.923  -18.586 0.3000000119
111329  28.017  -41.542  -18.628 0.3000000119
118262  29.394  -40.946  -19.434 0.4000000060
26441  23.228  -43.245  -18.022 0.4000000060
26440  24.644  -43.262  -18.515 0.4000000060
27171  24.831  -42.777  -18.402 0.3000000119
28855  28.807  -40.638  -19.925 0.4000000060
29757  29.060  -40.131  -20.423 0.4000000060
24714  22.111  -44.409  -17.740 0.3000000119
26442  22.602  -43.504  -17.332 0.3000000119
26425  23.406  -42.729  -17.860 0.3000000119
27971  24.988  -42.246  -18.468 0.3000000119
27970  26.235  -42.129  -18.735 0.4000000060
28858  25.620  -41.171  -19.774 0.4000000060
27989  26.537  -41.555  -19.164 0.3000000119
28857  26.922  -41.044  -19.900 0.3000000119
28856  27.929  -40.908  -19.954 0.3000000119
28870  28.316  -40.470  -20.639 0.4000000060
27990  25.008  -41.580  -18.874 0.4000000060
28872  26.169  -41.001  -21.071 0.3000000119
28871  27.369  -40.807  -20.882 0.4000000060
29772  27.798  -40.308  -21.474 0.4000000060
29771  28.703  -39.650  -20.989 0.4000000060
28884  26.778  -40.766  -22.001 0.4000000060
29783  27.232  -39.949  -22.391 0.4000000060
22968  31.423  -47.124  -20.006 0.6999999881
117729  29.314  -48.822  -17.123 0.8000000119
24710  31.756  -45.791  -18.814 0.6000000238
116697  30.848  -47.148  -17.537 0.6999999881
24698  31.471  -46.097  -17.954 0.6999999881
25639  31.729  -44.484  -21.321 0.6000000238
22954  26.288  -46.883  -18.926 0.4000000060
112358  26.855  -46.469  -18.794 0.4000000060
23808  29.015  -46.380  -16.985 0.6999999881
24686  29.597  -45.794  -16.830 0.6999999881
115392  31.668  -45.224  -18.115 0.6999999881
27149  30.952  -42.713  -17.865 0.6000000238
27165  32.039  -42.835  -18.818 0.5000000000
27166  31.311  -42.325  -18.494 0.6000000238
122273  28.559  -41.540  -18.478 0.4000000060
24703  22.091  -45.274  -17.714 0.4000000060
27988  27.566  -41.321  -19.195 0.3000000119
29782  28.007  -39.516  -21.624 0.3000000119
18392  27.966  -52.877  -18.610 0.6000000238
17448  27.847  -53.530  -18.629 0.6000000238
17478  29.282  -53.990  -20.878 0.6000000238
17499  29.197  -53.590  -21.332 0.6000000238
16541  26.539  -55.111  -17.020 0.5000000000
125833  27.031  -54.482  -17.624 0.6000000238
19367  27.818  -51.944  -17.295 0.6999999881
18374  27.475  -52.698  -17.614 0.6999999881
19402  28.304  -52.216  -19.139 0.6000000238
17465  28.214  -53.171  -19.275 0.6000000238
18429  28.349  -52.096  -20.477 0.6000000238
18446  28.495  -52.467  -20.975 0.6000000238
18455  28.374  -52.212  -21.810 0.6000000238
118804  28.140  -52.009  -22.538 0.6000000238
110525  26.810  -51.211  -24.064 0.6999999881
16531  25.537  -54.181  -16.614 0.6000000238
18355  26.131  -52.457  -16.492 0.6999999881
16530  25.985  -54.818  -16.713 0.5000000000
17413  26.095  -53.482  -16.736 0.6999999881
17433  26.654  -53.755  -17.284 0.6999999881
114700  28.951  -51.301  -18.753 0.6999999881
19421  28.336  -51.937  -20.025 0.5000000000
18456  28.072  -51.486  -22.099 0.6000000238
20379  26.932  -50.664  -23.259 0.6000000238
18470  27.545  -51.468  -23.049 0.6999999881
20361  26.411  -50.017  -23.281 0.6999999881
19483  25.997  -51.294  -25.018 0.6999999881
21289  24.965  -49.818  -24.623 0.6999999881
19482  30.452  -51.412  -24.639 0.4000000060
113032  28.868  -49.881  -26.648 0.5000000000
21305  27.557  -49.066  -26.727 0.6000000238
20407  26.605  -49.836  -26.873 0.6000000238
21296  25.022  -49.800  -25.561 0.6999999881
17417  22.335  -53.929  -16.570 0.5000000000
114136  24.030  -53.521  -16.425 0.5000000000
18357  24.593  -52.847  -16.466 0.6000000238
112744  24.056  -54.309  -16.334 0.5000000000
19346  26.599  -51.394  -16.443 0.6999999881
18356  25.325  -52.384  -16.401 0.5000000000
17414  25.405  -53.181  -16.501 0.6000000238
123920  27.797  -51.009  -16.718 0.6999999881
18354  27.065  -52.188  -16.762 0.6999999881
20297  29.008  -50.944  -17.978 0.6999999881
19401  28.532  -51.712  -19.486 0.6999999881
19436  28.121  -51.225  -21.638 0.6000000238
20360  27.331  -50.367  -22.688 0.6000000238
21263  26.340  -49.257  -23.257 0.6999999881
21276  25.491  -49.604  -23.809 0.6999999881
21290  24.773  -49.120  -25.093 0.6999999881
21306  25.404  -49.492  -26.329 0.6000000238
125320  24.840  -48.637  -25.502 0.6000000238
18393  22.246  -52.089  -17.959 0.5000000000
17435  21.067  -54.122  -17.148 0.4000000060
18376  23.383  -52.109  -17.078 0.5000000000
18377  22.710  -52.548  -17.189 0.5000000000
18358  23.599  -52.816  -16.639 0.5000000000
19368  24.426  -51.406  -16.794 0.6000000238
19348  24.783  -51.928  -16.465 0.6000000238
21176  27.214  -49.969  -16.541 0.6999999881
117537  25.966  -50.966  -16.295 0.6000000238
20268  27.383  -50.694  -16.577 0.6999999881
20284  28.632  -50.823  -17.334 0.6999999881
20313  29.077  -51.144  -19.773 0.6999999881
20329  28.738  -50.936  -20.794 0.6999999881
20330  28.268  -51.150  -21.232 0.6999999881
20359  27.829  -50.109  -22.219 0.6999999881
22143  27.240  -48.826  -22.851 0.6999999881
22158  26.370  -48.388  -23.359 0.8000000119
22159  25.395  -48.039  -24.157 0.6999999881
22184  28.307  -48.450  -26.583 0.5000000000
23041  25.895  -47.948  -26.140 0.6000000238
22172  24.875  -48.349  -24.908 0.6000000238
18394  21.438  -52.394  -18.134 0.4000000060
19385  23.085  -51.117  -18.222 0.6000000238
19369  23.728  -51.450  -17.408 0.6000000238
20286  24.379  -50.657  -17.348 0.6000000238
20285  25.218  -50.121  -16.952 0.6000000238
124940  27.049  -49.419  -16.690 0.6000000238
21174  28.604  -49.415  -16.928 0.6999999881
21195  28.658  -50.122  -16.992 0.6999999881
20295  30.130  -50.083  -18.672 0.6999999881
20312  29.830  -50.492  -19.412 0.6999999881
21224  30.500  -49.766  -19.317 0.8000000119
124937  30.205  -50.065  -20.074 0.8000000119
21244  29.433  -49.399  -21.502 0.6000000238
22142  28.190  -48.434  -22.610 0.6000000238
118885  26.415  -47.482  -23.594 0.8000000119
23038  28.963  -47.895  -26.508 0.5000000000
111381  27.025  -48.245  -26.457 0.6000000238
23905  25.259  -46.223  -25.408 0.6999999881
23039  27.831  -47.585  -26.488 0.6000000238
20314  22.206  -50.361  -19.539 0.5000000000
20315  21.593  -50.619  -19.899 0.4000000060
19422  20.888  -50.937  -20.228 0.4000000060
20299  23.190  -50.459  -18.665 0.5000000000
19386  22.454  -51.375  -18.431 0.5000000000
20298  23.890  -50.124  -18.312 0.6000000238
21197  25.479  -49.354  -17.414 0.6000000238
21196  26.378  -49.131  -17.060 0.6000000238
21175  27.821  -49.279  -16.759 0.6999999881
21213  29.894  -49.891  -17.908 0.8000000119
22102  31.112  -48.903  -19.126 0.8000000119
22112  30.777  -48.472  -20.753 0.6000000238
22126  29.704  -48.566  -21.739 0.6000000238
22998  28.236  -47.669  -22.803 0.6999999881
23011  27.548  -46.994  -23.288 0.6999999881
24760  26.539  -45.021  -24.171 0.6999999881
23040  26.476  -47.339  -26.317 0.6000000238
24769  25.538  -45.378  -25.224 0.6000000238
25662  26.363  -44.038  -25.239 0.6000000238
23909  27.120  -46.627  -26.520 0.6000000238
24768  26.004  -45.013  -25.567 0.6000000238
21235  23.072  -49.082  -20.215 0.5000000000
21226  22.563  -49.792  -19.891 0.5000000000
20331  21.907  -50.047  -20.362 0.5000000000
20346  21.038  -50.223  -21.593 0.5000000000
21225  23.827  -48.740  -19.593 0.5000000000
21216  23.308  -49.678  -19.218 0.5000000000
21214  24.963  -48.849  -18.183 0.6000000238
112369  31.185  -48.532  -20.016 0.6999999881
22111  31.170  -47.813  -20.386 0.6000000238
22981  29.995  -47.743  -21.784 0.6000000238
22997  29.573  -47.003  -22.294 0.6000000238
114536  28.169  -46.152  -23.215 0.6999999881
23880  29.107  -46.216  -22.728 0.6000000238
24756  27.549  -45.123  -23.483 0.6000000238
24761  25.819  -45.144  -24.753 0.6999999881
23908  28.614  -46.906  -26.470 0.5000000000
122335  27.177  -43.928  -25.888 0.4000000060
22115  22.909  -48.668  -21.148 0.5000000000
22128  22.488  -48.386  -22.046 0.5000000000
22145  21.724  -48.745  -22.622 0.5000000000
21264  21.002  -49.201  -22.964 0.5000000000
21277  20.481  -48.869  -23.558 0.5000000000
21278  19.637  -49.472  -23.839 0.5000000000
23854  30.950  -46.277  -21.091 0.6000000238
23879  29.871  -46.133  -22.204 0.6000000238
24754  29.139  -44.735  -22.848 0.4000000060
24755  28.071  -44.346  -23.203 0.5000000000
25650  27.036  -43.975  -23.869 0.4000000060
26478  27.033  -43.103  -25.333 0.4000000060
121305  26.782  -43.431  -24.626 0.5000000000
22127  23.332  -47.849  -21.723 0.6000000238
22984  22.888  -47.425  -22.630 0.5000000000
22144  22.140  -47.923  -23.048 0.5000000000
23014  21.149  -47.802  -23.639 0.5000000000
23015  20.577  -47.902  -23.747 0.5000000000
117104  19.234  -48.746  -23.984 0.5000000000
22163  18.202  -48.713  -23.755 0.4000000060
21266  16.919  -49.031  -23.422 0.5000000000
21267  16.113  -49.075  -23.268 0.4000000060
123704  15.285  -49.242  -22.994 0.4000000060
20385  14.069  -51.164  -23.714 0.4000000060
24750  30.206  -45.204  -22.286 0.6000000238
25645  29.752  -44.232  -22.739 0.4000000060
25649  27.846  -43.399  -23.578 0.4000000060
26477  27.427  -42.728  -24.691 0.4000000060
23000  22.341  -47.054  -23.129 0.5000000000
23890  21.747  -46.881  -23.273 0.4000000060
23891  21.062  -47.265  -23.501 0.4000000060
23892  20.273  -47.331  -23.413 0.5000000000
23002  18.626  -47.622  -22.599 0.4000000060
22146  18.096  -47.972  -23.037 0.5000000000
22129  17.893  -47.926  -22.246 0.4000000060
22130  17.133  -48.210  -21.911 0.5000000000
22148  16.517  -48.403  -22.603 0.5000000000
108712  15.523  -48.683  -21.492 0.3000000119
21250  14.912  -48.784  -22.134 0.3000000119
21252  13.514  -49.530  -22.127 0.3000000119
26468  30.453  -43.551  -22.723 0.4000000060
24751  22.329  -45.528  -22.585 0.5000000000
120088  20.943  -46.404  -22.506 0.5000000000
23871  20.170  -46.918  -22.565 0.4000000060
24746  21.762  -45.279  -22.077 0.4000000060
23869  21.094  -45.663  -21.811 0.4000000060
22973  20.145  -47.405  -20.756 0.4000000060
24735  21.209  -44.661  -21.502 0.4000000060
23858  21.000  -45.458  -21.038 0.4000000060
23859  20.698  -46.410  -21.125 0.4000000060
24729  21.197  -45.057  -20.437 0.4000000060
22963  20.796  -47.080  -20.265 0.4000000060
22106  20.364  -48.064  -19.859 0.4000000060
22116  19.558  -48.174  -20.406 0.4000000060
22972  21.044  -46.036  -20.346 0.4000000060
22105  20.973  -47.634  -19.592 0.4000000060
22098  20.269  -48.733  -19.148 0.4000000060
23848  21.610  -44.854  -19.556 0.4000000060
21227  19.044  -49.347  -19.226 0.4000000060
116945  19.202  -49.732  -18.479 0.4000000060
23839  21.751  -45.738  -18.548 0.3000000119
22957  21.770  -46.798  -18.963 0.4000000060
22096  21.438  -47.690  -19.027 0.4000000060
22097  20.875  -48.327  -19.090 0.4000000060
21218  19.782  -49.294  -18.789 0.4000000060
123591  21.202  -49.116  -17.766 0.3000000119
22969  30.995  -47.037  -20.777 0.6000000238
21215  24.165  -49.241  -18.665 0.5000000000
117821  30.488  -46.006  -21.740 0.6000000238
26469  29.466  -43.474  -23.086 0.4000000060
17479  28.832  -53.325  -20.669 0.6000000238
124805  25.814  -50.469  -24.128 0.6999999881
122381  25.606  -48.871  -23.735 0.6999999881
20399  29.310  -50.329  -26.280 0.5000000000
22183  29.250  -48.672  -26.326 0.5000000000
20406  27.982  -49.831  -26.890 0.5000000000
21304  28.658  -49.234  -26.586 0.4000000060
108130  26.339  -48.928  -26.547 0.6000000238
18359  22.647  -53.292  -16.758 0.5000000000
20328  29.527  -50.514  -20.376 0.6999999881
23037  25.305  -47.124  -25.815 0.6000000238
20270  25.875  -50.367  -16.496 0.6000000238
21245  28.563  -49.778  -21.853 0.6999999881
22157  27.348  -47.947  -23.008 0.8000000119
23012  25.600  -46.931  -24.272 0.6999999881
19403  21.945  -50.916  -19.071 0.4000000060
21233  30.241  -49.030  -21.140 0.6000000238
21261  28.869  -48.912  -22.110 0.6000000238
23889  27.067  -45.999  -23.741 0.6999999881
124374  26.474  -46.666  -23.811 0.6999999881
23035  29.542  -47.554  -26.308 0.5000000000
124876  29.678  -48.165  -26.183 0.5000000000
23897  25.445  -45.773  -24.863 0.6999999881
23036  25.810  -46.396  -26.219 0.6000000238
107272  30.644  -47.712  -21.135 0.6999999881
22141  29.119  -47.939  -22.391 0.6999999881
23881  28.683  -47.015  -22.803 0.6999999881
24775  26.385  -45.672  -26.281 0.6000000238
24767  28.062  -44.765  -26.468 0.6000000238
21236  22.360  -49.389  -20.855 0.5000000000
21246  21.992  -49.160  -21.705 0.5000000000
21247  21.375  -49.545  -22.106 0.4000000060
23866  30.378  -46.844  -21.593 0.6000000238
23888  28.606  -45.344  -23.011 0.6000000238
20368  15.089  -50.322  -23.541 0.3000000119
26473  27.918  -42.599  -24.113 0.4000000060
23017  18.816  -47.965  -23.468 0.5000000000
21249  15.699  -48.551  -22.359 0.4000000060
20369  13.645  -50.158  -22.994 0.4000000060
23849  21.345  -45.817  -19.541 0.4000000060
22962  21.275  -46.849  -19.664 0.4000000060
9759  35.008  -63.689  -29.958 0.3000000119
9757  36.364  -62.738  -30.039 0.3000000119
15875  30.913  -54.981  -28.908 0.4000000060
16673  33.130  -54.453  -28.509 0.4000000060
15872  33.391  -55.550  -29.151 0.4000000060
15032  34.043  -56.262  -29.620 0.4000000060
17606  29.355  -54.197  -28.576 0.4000000060
16677  29.285  -54.671  -28.635 0.4000000060
16678  28.569  -54.650  -28.431 0.4000000060
16665  28.048  -54.634  -28.080 0.5000000000
15826  28.603  -55.077  -26.565 0.5000000000
16648  28.086  -54.546  -26.222 0.5000000000
17588  32.155  -53.867  -27.643 0.4000000060
17604  31.501  -54.208  -28.275 0.5000000000
15863  30.041  -55.016  -28.701 0.5000000000
16647  28.898  -54.848  -25.508 0.5000000000
121222  33.041  -53.933  -27.994 0.5000000000
16674  32.071  -54.596  -28.597 0.5000000000
17602  33.895  -53.968  -28.149 0.5000000000
16687  33.701  -54.989  -29.043 0.4000000060
16686  34.649  -54.920  -29.223 0.4000000060
15880  34.767  -56.122  -30.020 0.4000000060
125617  35.162  -56.474  -30.278 0.4000000060
14223  35.868  -57.792  -30.671 0.3000000119
13403  36.464  -58.545  -30.978 0.4000000060
17558  30.628  -52.839  -25.792 0.4000000060
18513  28.969  -52.489  -27.419 0.4000000060
18526  28.089  -52.759  -28.167 0.4000000060
124440  31.205  -53.274  -25.998 0.4000000060
17573  30.636  -53.307  -26.641 0.4000000060
114605  29.961  -53.429  -27.543 0.4000000060
17592  27.880  -54.063  -28.306 0.4000000060
17593  27.110  -53.505  -28.111 0.5000000000
16657  27.314  -54.163  -27.843 0.5000000000
17557  32.010  -53.378  -25.943 0.4000000060
17589  31.015  -53.777  -27.627 0.4000000060
17605  30.335  -54.058  -28.442 0.4000000060
115447  26.749  -52.982  -27.693 0.5000000000
16649  27.280  -54.170  -26.872 0.5000000000
17560  27.753  -53.911  -25.795 0.5000000000
17540  27.534  -53.170  -25.326 0.6000000238
18482  27.199  -52.408  -25.027 0.6000000238
17539  28.396  -53.617  -24.672 0.6000000238
20392  25.312  -50.618  -25.275 0.6000000238
18483  26.772  -51.803  -24.777 0.6000000238
17538  29.074  -53.746  -23.841 0.5000000000
15870  35.102  -55.476  -29.768 0.4000000060
17517  28.617  -52.789  -22.542 0.5000000000
15879  35.661  -56.104  -30.300 0.4000000060
15039  36.661  -56.686  -30.670 0.4000000060
14222  36.590  -57.615  -30.800 0.4000000060
18514  28.294  -51.918  -27.677 0.4000000060
19498  27.837  -51.155  -27.591 0.5000000000
19506  27.284  -51.894  -27.949 0.5000000000
19500  25.959  -51.369  -27.057 0.5000000000
17561  26.998  -53.469  -26.401 0.5000000000
18503  26.268  -52.110  -25.818 0.6000000238
20400  25.534  -50.514  -26.425 0.6000000238
19492  25.764  -51.337  -26.086 0.6000000238
8994  34.315  -63.998  -29.694 0.3000000119
10443  36.820  -62.365  -29.591 0.3000000119
110977  39.029  -58.959  -30.426 0.3000000119
18499  31.419  -52.942  -25.283 0.4000000060
18480  30.739  -52.260  -24.972 0.4000000060
19490  30.041  -51.746  -25.383 0.4000000060
18501  29.384  -52.002  -26.456 0.4000000060
19497  28.884  -51.180  -26.912 0.4000000060
116335  27.319  -50.513  -27.327 0.5000000000
20405  28.457  -50.486  -26.996 0.4000000060
126105  26.277  -50.712  -27.232 0.5000000000
109533  27.443  -51.955  -24.093 0.6000000238
17526  28.591  -53.094  -23.621 0.5000000000
19491  29.544  -51.217  -25.853 0.4000000060
17607  28.686  -54.305  -28.520 0.4000000060
16628  29.193  -54.400  -24.481 0.5000000000
13401  38.845  -58.580  -30.712 0.3000000119
18500  30.139  -52.337  -25.756 0.4000000060
126787  27.650  -52.294  -28.104 0.5000000000
18502  26.420  -52.791  -26.871 0.5000000000
18516  26.034  -51.995  -26.740 0.6000000238
27987  28.468  -41.153  -19.195 0.3000000119
14853  26.029  -56.390  -16.693 0.5000000000
15033  33.157  -56.004  -29.068 0.4000000060
15040  35.645  -56.976  -30.501 0.4000000060
15698  25.916  -55.578  -16.607 0.5000000000
15815  29.648  -55.211  -24.809 0.5000000000
15852  28.600  -55.006  -28.204 0.4000000060
15862  31.025  -55.256  -28.660 0.4000000060
15864  29.162  -55.007  -28.454 0.4000000060
15871  34.231  -55.575  -29.538 0.4000000060
16532  23.435  -54.888  -16.352 0.5000000000
16551  27.660  -54.219  -18.400 0.6000000238
16566  29.088  -54.137  -20.207 0.6000000238
16629  28.466  -54.282  -25.316 0.5000000000
16656  27.871  -54.669  -27.293 0.5000000000
16675  31.085  -54.647  -28.684 0.5000000000
16676  30.141  -54.669  -28.709 0.5000000000
16688  32.728  -54.988  -28.862 0.4000000060
17415  24.732  -53.792  -16.427 0.6000000238
17416  23.209  -53.911  -16.454 0.5000000000
17432  27.291  -53.516  -17.899 0.6000000238
17434  21.831  -53.531  -16.958 0.4000000060
17500  28.774  -52.960  -21.553 0.6000000238
17559  29.808  -52.781  -26.672 0.4000000060
17574  29.069  -53.102  -27.777 0.4000000060
17575  26.827  -53.579  -27.402 0.5000000000
17590  29.395  -53.657  -28.298 0.4000000060
17591  28.487  -53.687  -28.365 0.4000000060
17603  32.378  -54.201  -28.248 0.5000000000
18375  26.771  -53.040  -17.022 0.6999999881
18378  21.935  -52.825  -17.476 0.5000000000
18411  28.351  -52.472  -19.613 0.6000000238
18447  28.290  -51.762  -21.285 0.6000000238
18469  28.074  -52.303  -23.342 0.5000000000
18481  27.935  -52.728  -24.344 0.6000000238
18515  26.436  -52.177  -27.586 0.5000000000
18527  27.163  -52.708  -28.129 0.5000000000
19344  28.123  -51.269  -17.015 0.6999999881
19345  27.481  -51.417  -16.716 0.6999999881
19347  25.665  -51.661  -16.329 0.6999999881
19349  24.038  -52.025  -16.764 0.5000000000
19370  22.969  -51.816  -17.769 0.6000000238
19383  28.468  -51.514  -17.851 0.6999999881
19384  28.094  -52.253  -18.198 0.6999999881
19387  21.760  -51.643  -18.642 0.4000000060
19404  21.287  -51.274  -19.396 0.4000000060
19420  28.514  -51.511  -20.401 0.5000000000
19450  27.613  -50.963  -22.410 0.6000000238
19499  26.722  -51.286  -27.644 0.5000000000
20267  28.109  -50.650  -16.804 0.6999999881
20269  26.576  -50.538  -16.422 0.6000000238
20271  25.161  -50.982  -16.510 0.6000000238
20283  29.213  -50.343  -17.615 0.6999999881
20287  23.652  -50.791  -18.028 0.6000000238
20296  29.546  -50.607  -18.471 0.6999999881
20300  22.582  -50.716  -18.847 0.5000000000
20332  21.334  -50.433  -20.775 0.5000000000
20333  20.660  -50.780  -21.114 0.5000000000
20343  29.106  -50.217  -21.203 0.6999999881
20344  28.333  -50.558  -21.593 0.6999999881
20345  27.935  -50.767  -22.001 0.6000000238
21177  26.491  -49.863  -16.562 0.6000000238
21194  29.317  -49.593  -17.277 0.6999999881
21198  24.681  -49.740  -17.815 0.6000000238
21212  30.518  -49.420  -18.391 0.8000000119
21217  20.613  -49.127  -18.374 0.3000000119
21234  29.940  -49.804  -20.801 0.6999999881
21237  21.679  -49.844  -21.244 0.5000000000
21262  27.970  -49.298  -22.399 0.6000000238
21265  20.236  -49.686  -23.184 0.5000000000
21268  14.357  -49.477  -22.735 0.4000000060
21297  24.876  -49.137  -25.779 0.6999999881
21303  29.363  -49.432  -26.174 0.5000000000
22062  28.582  -48.683  -16.986 0.6999999881
22064  27.260  -48.768  -16.981 0.6999999881
22079  29.948  -48.208  -17.232 0.8000000119
22081  26.681  -48.235  -17.624 0.6999999881
22093  25.365  -48.056  -18.617 0.6999999881
22101  31.468  -47.910  -19.426 0.8000000119
22103  25.110  -47.571  -19.419 0.6999999881
22107  19.655  -48.742  -19.572 0.4000000060
22125  30.313  -48.324  -21.337 0.6999999881
22131  16.306  -48.424  -21.631 0.5000000000
22147  17.369  -48.298  -23.001 0.5000000000
22160  21.275  -48.286  -23.392 0.5000000000
22161  20.749  -48.251  -23.694 0.5000000000
22162  20.108  -48.571  -23.820 0.5000000000
22164  17.537  -49.074  -23.676 0.5000000000
22180  25.060  -47.987  -25.518 0.6000000238
22185  25.316  -48.620  -26.127 0.6000000238
22931  30.374  -46.897  -17.192 0.8000000119
22932  29.172  -47.230  -17.115 0.6999999881
22943  30.465  -47.631  -17.371 0.8000000119
22944  28.479  -46.923  -17.381 0.6000000238
22953  31.441  -47.440  -18.566 0.8000000119
22960  31.565  -47.094  -19.262 0.6000000238
22961  24.976  -47.143  -20.274 0.5000000000
22983  23.625  -46.915  -22.270 0.6000000238
22986  19.333  -47.318  -22.123 0.4000000060
23001  19.443  -47.445  -23.038 0.5000000000
23013  21.671  -47.573  -23.393 0.5000000000
23016  19.734  -47.963  -23.765 0.5000000000
23025  25.357  -46.368  -24.772 0.6999999881
23026  25.108  -47.247  -24.959 0.6000000238
23820  31.280  -46.943  -17.928 0.8000000119
23821  30.944  -46.447  -17.425 0.6999999881
23823  27.372  -46.530  -18.250 0.5000000000
23882  22.388  -46.205  -22.963 0.5000000000
23883  21.694  -46.042  -22.634 0.5000000000
23884  20.739  -46.859  -23.078 0.4000000060
23896  25.908  -45.952  -24.348 0.6999999881
24687  28.839  -45.543  -17.085 0.6000000238
24701  28.182  -45.307  -17.681 0.5000000000
24776  25.682  -45.714  -25.818 0.6000000238
25588  30.204  -45.163  -16.888 0.5000000000
25648  28.772  -43.851  -23.119 0.4000000060
25654  26.323  -44.326  -24.661 0.5000000000
25655  25.824  -44.690  -25.035 0.6000000238
25667  26.874  -44.801  -26.085 0.6000000238
26421  31.007  -43.326  -17.565 0.6000000238
26459  32.557  -43.223  -20.079 0.5000000000
26466  32.233  -42.732  -21.960 0.5000000000
26474  27.266  -43.111  -24.115 0.4000000060
109132  30.698  -49.301  -20.227 0.6000000238
109781  26.313  -54.285  -16.987 0.6999999881
110768  24.961  -48.988  -24.322 0.6999999881
110771  14.384  -50.451  -23.437 0.4000000060
111044  32.284  -41.722  -19.631 0.4000000060
111801  29.704  -43.497  -17.271 0.4000000060
112658  28.324  -51.601  -20.856 0.6000000238
113231  28.425  -51.833  -18.696 0.6999999881
115494  27.155  -49.679  -22.779 0.6000000238
116769  31.568  -53.578  -26.742 0.4000000060
118226  27.962  -50.013  -16.698 0.6999999881
119467  29.423  -45.523  -22.629 0.4000000060
119477  21.279  -46.670  -23.060 0.5000000000
119524  26.192  -48.420  -26.330 0.6000000238
120689  25.502  -54.957  -16.569 0.6000000238
122880  26.870  -52.807  -25.868 0.6000000238
126074  33.015  -64.592  -29.697 0.3000000119
126363  25.874  -49.759  -16.804 0.6000000238
126959  27.621  -53.356  -28.263 0.5000000000
127275  22.434  -48.927  -21.416 0.5000000000
127408  29.393  -50.926  -19.105 0.6999999881
127979  32.984  -53.736  -27.403 0.5000000000
128411  21.396  -47.429  -23.455 0.5000000000
129453  22.283  -53.060  -17.070 0.5000000000
129529  24.273  -52.404  -16.607 0.5000000000
129601  26.414  -45.634  -19.997 0.3000000119
129611  22.739  -50.204  -19.227 0.5000000000
