#!ascii label  , from subject sub-v1s1x0050661_ses-1 vox2ras=TkReg
1302
119011  26.621  -43.131  -13.278 0.8999999762
25549  26.590  -43.735  -13.895 0.8000000119
26388  26.671  -43.364  -14.545 0.8000000119
26399  26.138  -43.605  -15.108 0.6999999881
27131  25.631  -42.789  -15.379 0.8000000119
26371  26.053  -43.763  -13.128 0.8999999762
26370  27.129  -42.983  -13.969 1.0000000000
27129  27.126  -42.106  -14.752 1.0000000000
27130  26.577  -42.835  -14.972 0.8000000119
27932  24.944  -41.768  -15.653 0.8000000119
109180  26.255  -42.040  -15.285 0.8999999762
27941  23.967  -41.021  -16.019 0.6999999881
112195  23.741  -41.892  -15.928 0.6999999881
114968  23.998  -43.565  -12.548 0.8000000119
26358  25.970  -43.088  -12.739 0.8999999762
27092  25.257  -42.415  -12.463 0.8999999762
27093  24.428  -42.822  -12.468 0.8999999762
27095  22.763  -42.561  -12.685 0.8999999762
27105  27.375  -42.321  -13.797 0.8999999762
114290  27.676  -41.771  -14.123 1.0000000000
27930  26.883  -41.361  -15.222 0.8999999762
29704  27.169  -39.960  -15.536 1.0000000000
28804  26.512  -40.598  -15.568 0.8999999762
27931  25.847  -41.170  -15.568 0.8999999762
126659  24.916  -40.897  -15.805 0.8000000119
27942  23.412  -40.997  -16.765 0.6999999881
27887  26.659  -41.547  -12.670 0.8999999762
113016  25.807  -40.962  -12.371 0.8999999762
111537  24.212  -42.050  -12.381 0.8999999762
114665  23.248  -41.762  -12.569 0.8999999762
111576  22.455  -41.942  -12.826 0.8999999762
27091  26.375  -42.386  -12.753 0.8999999762
27903  27.347  -41.791  -13.291 0.8999999762
27929  27.541  -41.250  -14.688 1.0000000000
28805  25.531  -40.418  -15.870 0.8000000119
28815  24.610  -40.367  -16.212 0.8000000119
28816  23.855  -40.415  -16.725 0.8000000119
29732  23.856  -39.914  -17.389 0.8000000119
29744  23.472  -40.018  -18.155 0.8000000119
29758  23.761  -40.228  -19.258 0.8000000119
28765  24.254  -40.769  -12.455 0.8999999762
27890  22.478  -41.151  -12.974 0.8999999762
126282  21.752  -41.165  -13.351 0.8999999762
28767  22.736  -40.336  -13.013 0.8999999762
28779  21.957  -40.392  -13.414 0.8000000119
27906  20.760  -41.377  -13.887 0.8000000119
28762  27.335  -41.122  -12.905 0.8999999762
29682  22.584  -39.637  -13.304 0.6999999881
28780  21.227  -40.898  -13.689 0.6999999881
28789  20.629  -40.770  -14.153 0.6999999881
27902  27.873  -41.010  -13.539 0.8999999762
112036  20.595  -40.008  -14.525 0.6999999881
28806  20.128  -39.962  -15.231 0.6999999881
28778  28.248  -40.373  -13.965 1.0000000000
117649  20.208  -39.393  -15.662 0.6000000238
123790  27.956  -40.999  -14.222 1.0000000000
29703  28.055  -39.508  -15.149 1.0000000000
28803  27.302  -40.744  -15.176 1.0000000000
123889  26.183  -40.002  -15.931 1.0000000000
29716  26.435  -39.415  -16.260 0.8999999762
29717  25.336  -39.759  -16.415 0.8000000119
30638  24.072  -39.401  -17.993 0.8000000119
30665  23.918  -39.483  -20.200 0.8000000119
30650  23.923  -39.531  -18.876 0.8000000119
117408  25.849  -40.062  -12.327 0.8999999762
28766  23.435  -40.735  -12.686 0.8999999762
28764  24.947  -40.426  -12.333 0.8999999762
119645  24.126  -40.051  -12.590 0.8999999762
115619  27.552  -40.428  -12.874 0.8999999762
28788  21.187  -40.125  -13.935 0.6999999881
125605  28.033  -40.227  -13.376 0.8999999762
29690  21.170  -39.297  -14.345 0.6000000238
29691  20.605  -39.269  -15.027 0.6000000238
29680  28.348  -39.555  -13.579 1.0000000000
29705  20.134  -39.233  -16.450 0.5000000000
29702  28.561  -38.988  -14.667 1.0000000000
126195  20.371  -38.626  -16.708 0.5000000000
30611  28.183  -38.673  -15.466 1.0000000000
30612  27.415  -39.081  -15.911 1.0000000000
30624  26.748  -38.683  -16.703 1.0000000000
30625  25.740  -39.080  -16.986 0.8999999762
29731  24.713  -39.444  -17.206 0.8000000119
30636  26.181  -38.446  -17.564 0.8999999762
30637  25.118  -38.890  -17.787 0.8000000119
30648  25.671  -38.324  -18.368 0.8999999762
30649  24.669  -38.830  -18.588 0.8000000119
126333  26.071  -37.774  -18.876 0.8999999762
30664  24.519  -38.718  -19.545 0.8000000119
125784  23.870  -38.813  -21.154 0.8000000119
31491  24.151  -37.699  -21.247 0.8000000119
110266  23.865  -38.205  -21.680 0.8000000119
29668  23.322  -39.815  -12.891 0.8999999762
30567  26.425  -38.728  -12.359 0.8999999762
29681  23.200  -39.000  -13.187 0.6999999881
29683  21.841  -39.476  -13.773 0.8000000119
30582  28.114  -38.887  -13.023 0.8999999762
30566  27.373  -38.905  -12.568 0.8999999762
30584  21.786  -38.625  -14.123 0.6999999881
30614  20.490  -38.656  -15.770 0.6000000238
124462  21.840  -37.899  -14.390 0.6999999881
30596  21.197  -38.324  -14.910 0.6000000238
30613  20.826  -37.923  -15.644 0.5000000000
31425  20.780  -37.152  -15.970 0.5000000000
31439  20.594  -37.314  -17.014 0.5000000000
30610  28.749  -38.211  -14.926 1.0000000000
30623  27.581  -38.253  -16.263 1.0000000000
31423  28.295  -37.830  -15.758 1.0000000000
31437  27.780  -37.451  -16.602 0.8999999762
31438  27.067  -37.932  -17.158 0.8999999762
31448  26.646  -37.681  -18.163 0.8999999762
31474  25.897  -37.364  -19.563 0.8999999762
31475  25.142  -37.782  -20.011 0.8999999762
31490  24.666  -37.207  -20.738 0.8999999762
32316  25.415  -36.617  -20.315 0.8999999762
29666  24.928  -39.421  -12.432 0.8999999762
30570  23.732  -38.367  -12.971 0.8999999762
30569  24.519  -38.493  -12.659 0.8999999762
30583  23.077  -38.166  -13.471 0.8000000119
31380  26.038  -37.875  -12.380 0.8999999762
30595  22.377  -37.979  -13.919 0.6999999881
30581  28.599  -38.724  -13.552 0.8999999762
118169  27.765  -38.320  -12.667 0.8999999762
31408  21.614  -37.339  -14.803 0.6999999881
31424  21.150  -37.498  -15.312 0.5000000000
30594  28.868  -38.513  -14.150 1.0000000000
122684  20.656  -36.623  -16.632 0.5000000000
31422  28.993  -37.426  -15.246 1.0000000000
32268  29.192  -36.644  -15.571 1.0000000000
31436  28.444  -37.013  -16.056 1.0000000000
32281  28.052  -36.680  -16.934 1.0000000000
32280  28.684  -36.257  -16.387 1.0000000000
32291  27.766  -36.380  -17.778 0.8999999762
32292  27.214  -36.800  -18.364 0.8999999762
32300  27.025  -36.246  -19.034 0.8999999762
33169  27.903  -35.086  -23.428 0.6999999881
33984  27.593  -34.765  -23.584 0.8000000119
116265  26.331  -35.913  -23.885 0.8000000119
33986  25.891  -35.089  -23.655 0.8000000119
115728  27.014  -38.104  -12.383 0.8999999762
111278  24.988  -37.644  -12.582 1.0000000000
31381  24.184  -37.068  -12.781 1.0000000000
31393  23.594  -37.551  -13.137 0.6999999881
31394  22.912  -37.177  -13.650 0.6999999881
31391  28.449  -38.056  -13.005 0.8999999762
31407  22.198  -37.186  -14.239 0.6999999881
32269  21.254  -36.727  -15.255 0.6000000238
31406  29.232  -37.709  -14.245 1.0000000000
111490  28.897  -38.112  -13.608 0.8999999762
32282  20.583  -35.967  -16.865 0.4000000060
31405  29.565  -36.937  -14.698 1.0000000000
33099  28.851  -35.477  -16.658 1.0000000000
33110  27.956  -35.595  -18.036 1.0000000000
33109  28.439  -35.094  -17.445 1.0000000000
33155  23.563  -35.015  -21.518 0.8999999762
34827  29.650  -33.579  -23.254 0.6000000238
33975  28.661  -34.700  -23.313 0.6000000238
33983  28.314  -34.415  -23.662 0.8000000119
33985  26.930  -34.678  -23.620 0.8000000119
33171  25.269  -36.039  -23.846 0.8999999762
33161  23.623  -35.583  -22.402 0.8999999762
31378  27.706  -37.596  -12.500 0.8999999762
31379  26.687  -37.179  -12.333 0.8999999762
120288  23.546  -36.665  -13.181 0.8000000119
127286  23.052  -36.302  -13.553 0.6999999881
32240  22.523  -36.352  -14.002 0.6999999881
33078  21.765  -35.424  -14.757 0.6000000238
33089  20.720  -35.320  -16.171 0.4000000060
31389  29.605  -36.921  -13.790 1.0000000000
31390  29.062  -37.459  -13.321 0.8999999762
32267  29.819  -36.223  -15.032 1.0000000000
33087  29.371  -35.880  -15.889 1.0000000000
33098  29.429  -35.180  -16.178 1.0000000000
33913  29.058  -34.578  -16.891 1.0000000000
33922  28.523  -34.331  -17.685 1.0000000000
33149  24.073  -35.505  -21.105 0.8999999762
120900  24.274  -33.908  -20.679 0.8999999762
33976  24.968  -34.305  -22.941 0.8999999762
33977  23.925  -34.646  -22.296 0.8999999762
122724  30.346  -31.585  -21.428 0.6000000238
35572  29.844  -33.039  -22.400 0.6000000238
34828  29.186  -33.905  -23.701 0.6000000238
110187  27.552  -34.152  -23.652 0.8000000119
128094  26.157  -36.690  -12.381 0.8999999762
33046  25.691  -36.309  -12.467 0.8999999762
31392  24.172  -36.145  -12.852 0.6999999881
32229  24.935  -36.635  -12.599 0.8999999762
32238  28.489  -37.140  -12.723 1.0000000000
33056  28.468  -36.234  -12.536 1.0000000000
32226  27.602  -36.703  -12.374 1.0000000000
33059  22.897  -35.592  -13.766 0.6000000238
33077  22.328  -35.560  -14.277 0.6000000238
111824  21.733  -34.617  -14.886 0.5000000000
32236  29.954  -36.062  -13.473 1.0000000000
32237  29.223  -36.626  -13.031 1.0000000000
32252  29.961  -36.444  -14.254 1.0000000000
33086  30.022  -35.376  -15.338 1.0000000000
34768  28.841  -33.657  -17.468 1.0000000000
34775  28.193  -33.676  -18.289 1.0000000000
33923  28.037  -34.698  -18.243 1.0000000000
33933  27.518  -34.193  -18.951 1.0000000000
33946  26.900  -33.602  -19.372 1.0000000000
115781  26.195  -33.859  -19.867 0.8999999762
33934  26.639  -34.642  -19.662 0.8999999762
33148  24.768  -34.965  -20.562 0.8999999762
33969  23.993  -33.949  -21.353 0.8999999762
126513  25.837  -33.181  -22.903 0.8999999762
37247  32.104  -30.328  -21.258 0.6000000238
36392  30.822  -31.094  -21.191 0.6000000238
35571  30.017  -31.989  -22.514 0.6000000238
35583  29.901  -32.857  -23.473 0.6000000238
34842  28.414  -33.650  -23.827 0.8000000119
34829  26.334  -33.877  -23.170 0.8000000119
32227  26.570  -36.226  -12.352 0.8999999762
33047  25.002  -35.639  -12.666 0.6999999881
32239  23.495  -35.767  -13.274 0.6000000238
33058  23.391  -34.867  -13.489 0.6000000238
33043  28.440  -35.312  -12.399 0.8999999762
33871  22.940  -34.435  -13.761 0.6000000238
119213  22.203  -34.930  -14.445 0.5000000000
33055  29.293  -35.747  -12.746 1.0000000000
33054  30.347  -35.264  -13.754 1.0000000000
33867  29.913  -35.189  -13.023 0.8999999762
33075  30.396  -35.146  -14.544 1.0000000000
33901  30.435  -34.580  -15.106 1.0000000000
33902  29.837  -34.568  -16.022 1.0000000000
34759  29.540  -33.767  -16.657 1.0000000000
35519  29.247  -32.937  -17.201 1.0000000000
34798  25.441  -33.630  -20.040 0.8999999762
33958  24.753  -34.171  -20.438 0.8999999762
35586  24.692  -32.796  -22.451 0.8999999762
37262  31.305  -29.927  -22.404 0.6000000238
36393  30.510  -31.084  -22.082 0.6000000238
35582  30.214  -32.181  -23.822 0.6000000238
35599  30.015  -32.179  -24.211 0.6999999881
35601  28.204  -32.921  -23.882 0.6999999881
111024  27.422  -33.312  -23.623 0.6999999881
35585  25.397  -32.680  -22.813 0.8999999762
38261  32.613  -29.668  -21.648 0.6000000238
120023  27.408  -32.397  -23.543 0.6999999881
35584  26.394  -32.729  -23.144 0.8000000119
33057  24.125  -35.210  -12.978 0.6999999881
33852  27.392  -34.758  -12.407 0.8999999762
33045  26.544  -35.297  -12.432 0.8000000119
33853  25.618  -34.854  -12.611 0.6999999881
126131  30.326  -34.570  -13.338 1.0000000000
125433  29.855  -34.472  -12.801 0.8000000119
33866  30.697  -34.042  -13.699 0.8999999762
34758  30.337  -33.827  -15.806 1.0000000000
35507  30.006  -33.051  -16.465 1.0000000000
122120  29.660  -32.412  -16.950 1.0000000000
35531  28.537  -32.757  -17.981 1.0000000000
35541  28.013  -32.244  -18.503 1.0000000000
34787  27.563  -33.261  -18.831 1.0000000000
34797  26.200  -32.968  -19.549 0.8999999762
120964  24.552  -32.863  -20.265 0.8999999762
34810  24.230  -33.309  -20.687 0.8999999762
35573  24.145  -32.581  -21.835 0.8999999762
36402  30.543  -31.400  -23.450 0.6000000238
35611  29.318  -31.867  -24.289 0.6999999881
36404  24.676  -32.168  -22.640 0.8999999762
38275  33.117  -28.992  -22.072 0.6000000238
38262  31.816  -29.712  -21.819 0.6000000238
36417  27.502  -31.540  -23.524 0.6999999881
36418  26.571  -31.743  -23.299 0.6999999881
116371  24.769  -34.801  -12.822 0.6999999881
33869  24.176  -34.346  -13.064 0.6000000238
116632  27.629  -33.988  -12.455 0.8000000119
108896  26.421  -34.569  -12.536 0.8000000119
108897  25.882  -34.026  -12.721 0.6999999881
33854  25.040  -34.172  -12.840 0.6999999881
34733  29.321  -33.903  -12.476 0.6999999881
33851  28.439  -34.399  -12.388 0.8000000119
34732  30.265  -33.772  -12.938 0.6999999881
34731  30.868  -33.332  -13.643 0.6999999881
35496  31.135  -32.797  -14.497 0.8000000119
36334  31.081  -32.048  -15.418 0.8000000119
35506  30.750  -33.002  -15.573 0.8000000119
36346  30.492  -31.552  -16.365 0.8000000119
35518  30.330  -32.309  -16.346 0.8999999762
112603  29.790  -31.766  -17.020 0.8999999762
35530  29.068  -32.052  -17.626 1.0000000000
108964  28.449  -31.972  -18.200 1.0000000000
34788  27.085  -32.708  -19.138 1.0000000000
35543  26.665  -32.052  -19.283 1.0000000000
36365  28.017  -31.536  -18.531 1.0000000000
35542  27.403  -31.888  -18.886 1.0000000000
35551  25.950  -32.094  -19.608 1.0000000000
120351  25.290  -32.753  -19.935 0.8999999762
35562  24.709  -32.257  -20.164 0.8999999762
36385  24.056  -31.914  -20.605 0.8999999762
38277  31.683  -29.269  -22.667 0.6000000238
37263  30.883  -30.564  -22.869 0.6000000238
35598  30.447  -31.572  -24.160 0.6000000238
117733  24.116  -31.674  -22.535 0.8999999762
36419  25.590  -31.942  -23.102 0.8999999762
125369  27.591  -30.836  -23.504 0.6999999881
37281  26.810  -30.952  -23.381 0.6999999881
37282  25.782  -31.038  -23.296 0.8999999762
37264  24.916  -30.730  -23.223 0.8999999762
34716  27.242  -33.332  -12.543 0.6999999881
112554  26.784  -33.975  -12.572 0.6000000238
34718  25.307  -33.502  -12.888 0.6000000238
34720  24.002  -33.732  -13.076 0.6000000238
128220  29.057  -33.270  -12.368 0.6999999881
34715  29.697  -32.978  -12.526 0.6999999881
113064  30.481  -32.947  -12.977 0.6999999881
35486  30.963  -32.474  -13.474 0.6999999881
37185  31.047  -31.230  -15.759 0.8000000119
36347  29.970  -31.094  -17.019 0.8000000119
36356  28.618  -31.371  -18.146 1.0000000000
36355  29.277  -31.259  -17.602 0.8000000119
115169  27.494  -31.031  -18.813 1.0000000000
36375  26.290  -31.499  -19.351 1.0000000000
37218  26.942  -30.360  -19.130 1.0000000000
36366  26.848  -31.250  -19.097 1.0000000000
36376  25.621  -31.370  -19.581 1.0000000000
37229  25.400  -30.570  -19.509 1.0000000000
37236  24.956  -31.078  -19.786 1.0000000000
37278  30.951  -30.884  -24.034 0.6000000238
36394  24.030  -32.052  -21.662 0.8999999762
39341  32.110  -28.854  -22.496 0.6000000238
37277  31.239  -30.024  -23.600 0.6000000238
36427  30.095  -30.698  -24.482 0.6999999881
37291  29.244  -30.948  -24.289 0.6999999881
37280  27.127  -30.251  -23.367 0.6999999881
38293  25.592  -30.189  -23.258 0.8999999762
35472  25.481  -32.742  -12.873 0.5000000000
35470  27.690  -32.579  -12.461 0.6000000238
121988  26.952  -32.221  -12.582 0.5000000000
36292  29.370  -32.053  -12.385 0.6999999881
35469  28.761  -32.703  -12.353 0.6999999881
35487  30.330  -32.122  -12.725 0.6999999881
36310  30.984  -31.602  -13.263 0.6999999881
36333  31.409  -31.292  -14.906 0.6999999881
37184  31.425  -30.623  -15.457 0.6999999881
118900  30.609  -30.924  -16.401 0.8000000119
37198  30.213  -30.385  -17.026 0.8000000119
37207  29.528  -30.720  -17.539 0.8000000119
38220  29.494  -30.197  -17.829 0.8000000119
118350  28.214  -30.220  -18.700 0.8999999762
37216  28.132  -30.861  -18.544 1.0000000000
117061  28.864  -29.992  -18.432 0.8000000119
37217  27.667  -30.430  -18.872 1.0000000000
37228  26.215  -30.810  -19.297 1.0000000000
37230  24.406  -30.613  -19.871 1.0000000000
37237  24.050  -31.351  -20.180 0.8999999762
37249  23.478  -31.421  -21.586 0.8999999762
113487  23.508  -30.918  -20.555 0.8999999762
38279  23.469  -30.529  -22.392 0.8999999762
38288  31.514  -29.185  -23.733 0.6000000238
37290  30.817  -30.545  -24.430 0.6000000238
37279  28.191  -30.266  -23.665 0.6999999881
38292  26.431  -29.729  -23.227 0.8000000119
38278  24.478  -30.062  -23.080 0.8999999762
39355  31.984  -28.601  -23.001 0.6000000238
38303  29.270  -29.990  -24.106 0.6999999881
38291  27.363  -29.441  -23.332 0.6999999881
39360  25.513  -29.361  -23.146 0.8000000119
111197  23.725  -29.750  -22.589 0.8999999762
39343  24.313  -29.007  -22.983 0.8999999762
36295  26.542  -31.666  -12.560 0.5000000000
36294  27.417  -31.715  -12.479 0.5000000000
36311  29.859  -31.432  -12.456 0.6999999881
127016  30.457  -31.267  -12.705 0.6999999881
36309  31.380  -31.088  -13.944 0.6999999881
37172  31.553  -30.653  -14.589 0.6999999881
126410  31.062  -30.829  -15.990 0.6999999881
38208  30.967  -29.743  -16.678 0.8000000119
38219  30.228  -29.559  -17.558 0.8000000119
125578  29.453  -29.680  -18.168 0.8000000119
38231  28.275  -29.576  -18.850 0.8000000119
38232  27.529  -29.734  -19.086 0.8999999762
38244  25.998  -29.962  -19.318 1.0000000000
38230  28.990  -29.341  -18.612 0.8000000119
39298  27.792  -29.118  -19.119 0.8000000119
38243  26.640  -29.448  -19.262 0.8999999762
39311  25.660  -29.022  -19.224 1.0000000000
38245  24.793  -29.793  -19.552 1.0000000000
38252  23.520  -30.178  -20.458 1.0000000000
39328  22.973  -29.402  -20.992 1.0000000000
38302  30.297  -29.885  -24.361 0.6999999881
120081  23.238  -29.993  -21.725 0.8999999762
125733  31.100  -29.793  -24.277 0.6000000238
118173  30.639  -29.055  -24.346 0.6000000238
38289  29.476  -28.940  -23.992 0.6999999881
38290  28.377  -29.202  -23.644 0.6999999881
39359  26.510  -28.904  -23.120 0.6999999881
112550  23.505  -28.403  -22.627 0.8999999762
39342  25.585  -28.460  -23.101 0.6999999881
36293  28.366  -31.874  -12.391 0.6000000238
115582  27.993  -31.025  -12.390 0.5000000000
37148  29.897  -30.496  -12.420 0.6999999881
37161  31.521  -30.283  -13.846 0.6999999881
37162  30.996  -30.642  -13.004 0.6999999881
38195  31.766  -29.871  -14.771 0.6999999881
38169  31.567  -29.440  -13.785 0.6999999881
39255  31.936  -29.099  -15.409 0.6999999881
38207  31.581  -29.865  -15.851 0.6999999881
39265  31.604  -29.128  -16.277 0.6999999881
39266  31.101  -28.991  -17.053 0.8000000119
39283  29.787  -29.044  -18.258 0.8000000119
39282  30.637  -28.666  -17.807 0.8000000119
39297  28.431  -28.867  -19.004 0.8000000119
40387  29.657  -27.680  -19.012 0.8000000119
40388  28.710  -28.012  -19.219 0.8000000119
39308  27.714  -28.311  -19.281 0.8000000119
39310  26.431  -28.768  -19.258 0.8999999762
125659  25.137  -28.285  -19.219 0.8999999762
39312  24.465  -28.866  -19.370 1.0000000000
40395  28.134  -27.311  -19.458 0.8000000119
40396  27.184  -27.461  -19.392 0.8000000119
120807  23.668  -29.470  -19.922 1.0000000000
117901  30.915  -28.210  -24.374 0.6000000238
39358  27.468  -28.408  -23.280 0.6999999881
39344  23.153  -29.221  -22.270 0.8999999762
40414  22.545  -28.302  -21.577 1.0000000000
40426  25.928  -27.606  -23.106 0.8000000119
40427  24.580  -27.850  -23.023 0.8000000119
39240  31.931  -28.848  -14.411 0.6999999881
125126  31.877  -28.342  -13.938 0.6999999881
39264  32.104  -28.450  -15.987 0.6999999881
40357  32.050  -27.768  -16.630 0.6999999881
39281  31.394  -28.215  -17.295 0.6999999881
40370  31.596  -27.387  -17.399 0.6999999881
40371  30.970  -27.816  -18.003 0.8000000119
39295  30.174  -28.215  -18.470 0.8000000119
41304  30.004  -26.749  -19.133 0.8000000119
40394  29.108  -27.056  -19.395 0.8000000119
40397  26.290  -27.495  -19.264 0.8999999762
109829  25.933  -28.210  -19.228 0.8999999762
108759  25.914  -26.852  -19.241 0.8999999762
40399  24.195  -28.002  -19.337 0.8999999762
39376  30.010  -28.156  -24.108 0.6000000238
41320  25.179  -26.497  -19.249 0.8999999762
41321  24.118  -27.060  -19.353 0.8999999762
39319  23.240  -28.711  -20.028 1.0000000000
40405  23.048  -27.710  -20.043 0.8999999762
40438  27.888  -27.505  -23.444 0.6999999881
40406  22.340  -27.206  -20.855 0.8999999762
123810  25.371  -27.053  -23.036 0.8000000119
40428  23.359  -27.562  -22.571 0.8999999762
39239  32.144  -28.067  -14.305 0.6999999881
39254  32.283  -28.319  -15.127 0.6999999881
41275  32.384  -26.924  -16.223 0.6999999881
41288  31.777  -26.576  -17.432 0.6999999881
41289  31.162  -26.910  -18.020 0.6999999881
41318  27.585  -26.564  -19.533 0.8000000119
107866  26.687  -26.714  -19.413 0.8000000119
107863  27.031  -25.754  -19.554 0.8000000119
42195  26.287  -25.433  -19.497 0.8000000119
39356  29.223  -27.997  -23.861 0.6000000238
41319  26.090  -26.137  -19.505 0.8000000119
42196  25.371  -25.533  -19.453 0.8999999762
40436  29.470  -27.269  -24.011 0.6000000238
39357  28.519  -28.231  -23.610 0.6999999881
40439  26.954  -27.509  -23.275 0.6999999881
40415  22.588  -27.145  -21.917 0.8000000119
41348  23.349  -26.653  -22.450 0.8000000119
41264  32.502  -26.817  -15.337 0.6999999881
41287  32.280  -26.286  -16.781 0.6999999881
41317  28.512  -26.349  -19.540 0.8000000119
107864  27.942  -25.751  -19.582 0.8000000119
110149  26.038  -24.904  -19.481 0.8000000119
42197  24.157  -26.098  -19.478 0.8999999762
40437  28.678  -27.358  -23.731 0.6000000238
41328  23.049  -26.726  -19.891 0.8999999762
124644  28.145  -26.769  -23.668 0.6999999881
116811  27.441  -26.734  -23.430 0.6999999881
126325  22.494  -26.456  -20.523 0.8999999762
110538  25.511  -26.218  -22.800 0.6999999881
41347  24.390  -26.906  -22.875 0.8000000119
42217  22.280  -25.919  -21.561 0.8000000119
42223  24.493  -25.967  -22.554 0.6999999881
41349  22.591  -26.281  -21.984 0.8000000119
42224  23.371  -25.558  -22.356 0.8000000119
108930  32.622  -25.948  -15.900 0.6000000238
41374  29.727  -26.331  -24.275 0.6000000238
43164  25.339  -24.607  -19.581 0.8000000119
43175  23.274  -24.840  -19.923 0.8999999762
42206  23.061  -25.783  -19.960 0.8999999762
41354  28.788  -26.310  -23.956 0.6000000238
42208  22.232  -25.129  -20.763 0.8999999762
41346  26.448  -26.668  -23.124 0.8000000119
42207  22.364  -25.814  -20.822 0.8999999762
42225  22.343  -25.458  -21.950 0.8000000119
110583  25.481  -25.315  -22.808 0.6999999881
42226  21.878  -24.806  -21.867 0.8000000119
41355  27.892  -25.855  -23.711 0.6999999881
44163  24.394  -24.124  -19.837 0.8000000119
42233  27.327  -25.130  -23.562 0.5000000000
41345  27.193  -25.979  -23.278 0.6000000238
42222  26.509  -25.467  -23.047 0.6000000238
43177  21.742  -24.573  -20.954 0.8000000119
43201  26.176  -24.538  -23.100 0.6000000238
43202  25.246  -24.432  -22.945 0.6000000238
127488  23.188  -24.216  -22.815 0.6999999881
43204  22.652  -24.675  -22.372 0.8000000119
42218  22.075  -25.140  -21.362 0.8000000119
43203  23.952  -24.548  -22.804 0.6000000238
44164  23.141  -23.989  -20.026 0.8000000119
45253  22.937  -23.287  -20.178 0.8000000119
44165  22.088  -23.841  -20.607 0.8999999762
42234  26.910  -24.429  -23.516 0.6000000238
43205  21.457  -24.267  -22.250 0.8000000119
43190  21.289  -24.287  -21.576 0.8000000119
44166  21.091  -24.038  -21.084 0.8000000119
46352  23.326  -22.442  -20.436 0.8000000119
45254  21.186  -23.175  -21.105 0.8000000119
44181  20.762  -23.611  -21.678 0.8000000119
43220  24.673  -23.891  -22.997 0.6000000238
45283  20.802  -22.673  -22.753 0.6999999881
115907  21.072  -22.216  -21.419 0.8000000119
119649  23.896  -22.922  -23.170 0.6000000238
45282  21.755  -22.980  -23.030 0.6000000238
46377  20.882  -21.534  -22.685 0.6999999881
122996  25.538  -23.526  -22.970 0.6000000238
44215  24.669  -23.167  -23.046 0.6000000238
46351  24.275  -21.626  -20.627 0.8000000119
45265  21.990  -22.222  -20.868 0.8000000119
43219  26.581  -23.966  -23.425 0.6000000238
43218  27.219  -23.994  -23.738 0.5000000000
46366  20.822  -21.633  -21.995 0.8000000119
44214  26.954  -23.660  -23.215 0.6000000238
129584  25.998  -23.972  -23.144 0.6000000238
47360  21.059  -20.703  -22.489 0.6000000238
44198  27.475  -23.254  -22.633 0.5000000000
118647  26.123  -23.094  -22.733 0.6000000238
45281  25.469  -22.562  -22.823 0.6000000238
45295  22.506  -22.409  -23.262 0.6000000238
45280  26.411  -22.467  -22.519 0.6000000238
45293  24.411  -22.345  -23.129 0.6000000238
46386  23.822  -21.382  -23.548 0.6000000238
46387  22.645  -21.617  -23.457 0.6000000238
46363  24.002  -20.561  -20.991 0.8000000119
46364  22.890  -21.369  -20.853 0.8000000119
47344  25.024  -21.083  -20.639 0.8000000119
47358  22.339  -20.307  -21.397 0.6999999881
110709  26.754  -23.158  -22.628 0.6000000238
46389  21.148  -20.645  -22.916 0.6000000238
47377  21.294  -20.101  -22.837 0.6000000238
47359  21.328  -20.532  -21.915 0.6999999881
45279  27.243  -22.533  -22.331 0.5000000000
47386  21.990  -20.002  -23.611 0.6000000238
46376  25.928  -21.630  -22.642 0.5000000000
46385  24.961  -21.592  -23.020 0.6000000238
46375  26.872  -21.650  -22.433 0.5000000000
47357  24.571  -19.544  -21.269 0.6999999881
48301  23.257  -19.603  -21.410 0.6000000238
127042  21.781  -19.171  -22.310 0.6000000238
127775  22.413  -19.551  -21.630 0.6000000238
48314  21.969  -19.047  -22.940 0.6000000238
118747  22.428  -18.907  -22.003 0.6000000238
47374  26.351  -20.685  -22.767 0.5000000000
112651  24.631  -20.693  -23.447 0.6000000238
48330  24.384  -19.784  -23.889 0.6000000238
120791  22.717  -20.640  -23.739 0.6000000238
48333  21.565  -19.640  -23.254 0.6000000238
49205  22.554  -18.219  -22.839 0.6000000238
47385  25.416  -20.195  -23.353 0.6000000238
116801  25.160  -19.463  -23.873 0.6000000238
47373  27.418  -20.875  -22.566 0.5000000000
48313  27.085  -20.160  -22.972 0.5000000000
48312  27.929  -20.148  -22.897 0.4000000060
48328  27.313  -19.478  -23.394 0.5000000000
128773  23.601  -18.932  -21.618 0.6000000238
48331  23.387  -19.359  -24.378 0.6000000238
48332  22.119  -19.309  -23.770 0.6000000238
49195  23.307  -18.239  -22.091 0.6000000238
49219  24.152  -18.981  -24.748 0.6000000238
48329  26.234  -19.648  -23.445 0.5000000000
49217  26.559  -18.861  -24.033 0.5000000000
49230  22.986  -17.872  -24.726 0.6000000238
49204  23.109  -17.546  -22.840 0.5000000000
49194  24.153  -17.754  -22.137 0.5000000000
115739  24.382  -18.578  -21.602 0.5000000000
49229  23.252  -18.725  -24.976 0.6000000238
122127  22.790  -17.264  -24.282 0.5000000000
122275  25.812  -18.380  -24.771 0.5000000000
115784  27.553  -18.678  -23.917 0.4000000060
50001  25.142  -17.264  -22.185 0.4000000060
49228  23.590  -18.161  -25.565 0.6000000238
50031  23.345  -17.167  -25.852 0.5000000000
49227  24.614  -18.277  -25.356 0.4000000060
50030  24.056  -17.473  -26.478 0.6000000238
50020  22.918  -16.932  -24.865 0.4000000060
49226  26.671  -18.130  -24.796 0.4000000060
50028  26.520  -17.277  -25.924 0.4000000060
50009  23.600  -16.353  -24.210 0.4000000060
117654  25.509  -17.728  -25.676 0.4000000060
50038  23.467  -16.816  -26.621 0.4000000060
49225  27.779  -17.834  -24.733 0.4000000060
50029  25.211  -16.812  -26.676 0.4000000060
50000  26.801  -16.706  -22.362 0.4000000060
50890  24.895  -15.987  -23.745 0.4000000060
50911  24.182  -15.736  -26.390 0.4000000060
50027  27.527  -16.872  -25.900 0.4000000060
50036  25.177  -16.147  -27.158 0.4000000060
50037  24.133  -16.380  -26.948 0.4000000060
50889  26.070  -15.998  -23.326 0.4000000060
50035  26.336  -16.323  -26.763 0.3000000119
50910  25.113  -15.351  -26.049 0.4000000060
50901  24.283  -15.631  -25.151 0.4000000060
50899  26.518  -15.466  -23.973 0.4000000060
50900  25.434  -15.452  -24.526 0.4000000060
32349  24.209  -36.325  -23.128 0.8999999762
32339  23.634  -35.941  -21.719 0.8999999762
32350  23.653  -36.358  -22.286 0.8999999762
31500  23.788  -37.073  -21.815 0.8999999762
31457  26.608  -37.096  -19.010 0.8999999762
33135  26.697  -35.623  -19.552 0.8999999762
33120  27.383  -35.301  -18.877 1.0000000000
32328  24.611  -36.285  -20.879 0.8999999762
32315  26.328  -36.426  -19.698 0.8999999762
33136  25.839  -35.497  -20.212 0.8999999762
33947  25.599  -34.455  -20.201 0.8999999762
50002  23.840  -17.012  -22.963 0.4000000060
50010  22.884  -17.003  -23.779 0.4000000060
115512  24.586  -16.542  -23.049 0.4000000060
119482  26.184  -17.165  -22.023 0.4000000060
27106  27.042  -42.489  -13.317 0.8999999762
27094  23.602  -42.659  -12.483 0.8999999762
29718  24.430  -39.931  -16.756 0.8000000119
118214  26.852  -39.683  -12.442 0.8999999762
31458  25.360  -38.173  -19.165 0.8999999762
31476  24.406  -38.310  -20.496 0.8000000119
32329  24.117  -36.525  -21.340 0.8999999762
31447  27.428  -37.154  -17.518 0.8999999762
113799  24.950  -35.742  -20.698 0.8999999762
30568  25.444  -38.564  -12.443 0.8999999762
122345  24.181  -37.825  -12.809 1.0000000000
32253  21.863  -36.354  -14.631 0.6000000238
32270  20.895  -36.130  -15.877 0.4000000060
117329  21.373  -35.965  -15.145 0.4000000060
33100  28.290  -35.914  -17.213 1.0000000000
32299  27.508  -36.079  -18.446 0.8999999762
32358  27.041  -36.191  -23.662 0.6999999881
33974  29.284  -34.330  -22.951 0.6000000238
115384  24.404  -35.309  -23.321 0.8999999762
33088  21.242  -35.316  -15.377 0.4000000060
121845  24.327  -33.852  -22.238 0.8999999762
34830  25.096  -33.393  -22.678 0.8999999762
34841  29.638  -33.213  -23.718 0.6999999881
35600  29.287  -32.894  -23.963 0.6999999881
129024  25.861  -35.653  -12.474 0.8000000119
33044  27.510  -35.761  -12.340 0.8999999762
34820  24.050  -33.094  -21.226 0.8999999762
33868  29.271  -34.859  -12.562 0.8000000119
33870  23.457  -34.149  -13.396 0.5000000000
33888  30.607  -34.595  -14.165 1.0000000000
35563  24.172  -32.547  -20.807 0.8999999762
34746  30.820  -33.775  -14.655 0.8999999762
36416  28.349  -31.258  -23.864 0.6999999881
36403  24.817  -31.427  -23.099 0.8999999762
121386  26.353  -30.406  -23.310 0.8000000119
34719  24.612  -33.767  -12.936 0.6000000238
126347  28.311  -33.459  -12.382 0.8000000119
34717  26.260  -33.238  -12.796 0.6000000238
36321  31.291  -31.913  -14.222 0.6999999881
35552  25.364  -32.005  -19.877 1.0000000000
37265  24.039  -31.023  -22.921 0.8999999762
35471  26.278  -32.403  -12.738 0.6000000238
117295  24.558  -33.145  -12.884 0.5000000000
37208  28.862  -30.668  -18.153 0.8999999762
37197  31.021  -30.423  -16.265 0.8000000119
122805  29.024  -31.186  -12.374 0.6000000238
38242  27.134  -28.950  -19.251 0.8999999762
39296  29.284  -28.573  -18.798 0.8000000119
37149  28.666  -30.237  -12.328 0.5000000000
37163  30.615  -29.748  -12.706 0.6999999881
124464  31.685  -28.518  -16.652 0.6999999881
40386  30.473  -27.305  -18.584 0.8000000119
39309  26.767  -28.220  -19.310 0.8999999762
40398  25.265  -27.465  -19.131 0.8999999762
40356  32.390  -27.669  -15.715 0.6999999881
41276  32.057  -26.994  -16.902 0.6999999881
42194  28.790  -25.286  -19.487 0.8000000119
41336  22.291  -26.533  -21.343 0.8999999762
43165  24.263  -25.137  -19.569 0.8999999762
120583  32.489  -26.043  -14.890 0.6000000238
123874  24.558  -25.203  -22.722 0.6999999881
43176  22.462  -24.657  -20.397 0.8999999762
44201  22.313  -23.846  -22.830 0.6999999881
44200  23.698  -23.692  -23.057 0.6000000238
44216  22.954  -23.050  -23.155 0.6000000238
45284  20.569  -22.392  -22.314 0.8000000119
45296  21.578  -22.012  -23.109 0.6000000238
46365  21.542  -21.329  -21.376 0.6999999881
110505  22.683  -19.724  -24.051 0.6000000238
47375  25.471  -20.930  -22.938 0.6000000238
49220  22.546  -18.548  -23.747 0.6000000238
50008  25.627  -16.583  -22.698 0.4000000060
50888  27.130  -16.022  -22.976 0.4000000060
50921  25.792  -15.757  -26.805 0.4000000060
23825  22.396  -46.295  -17.789 0.4000000060
22947  22.572  -47.341  -17.652 0.4000000060
22083  22.360  -48.284  -17.235 0.4000000060
23824  22.875  -45.915  -17.214 0.4000000060
22935  22.925  -47.824  -16.793 0.4000000060
24689  23.381  -45.630  -16.653 0.3000000119
22946  23.085  -46.909  -17.177 0.4000000060
25590  22.746  -44.137  -16.510 0.4000000060
26427  22.606  -43.539  -16.640 0.4000000060
27153  22.934  -42.403  -16.750 0.4000000060
22046  23.185  -48.094  -15.887 0.5000000000
22065  22.511  -48.686  -16.225 0.4000000060
23810  23.525  -46.490  -16.660 0.4000000060
22934  23.490  -47.329  -16.405 0.4000000060
119427  23.189  -44.845  -16.486 0.5000000000
26412  23.015  -43.515  -16.106 0.4000000060
27154  22.814  -43.043  -16.359 0.5000000000
27954  23.182  -41.615  -16.937 0.5000000000
27172  23.595  -42.149  -17.833 0.5000000000
120880  24.041  -41.724  -18.284 0.6000000238
28859  24.262  -40.871  -19.585 0.4000000060
22918  23.704  -47.431  -15.482 0.5000000000
22033  22.537  -48.493  -15.283 0.5000000000
22034  21.736  -48.615  -14.776 0.5000000000
21149  21.150  -49.245  -15.002 0.5000000000
23809  24.065  -46.150  -16.221 0.6000000238
24688  24.000  -45.331  -16.238 0.5000000000
24679  24.509  -45.755  -15.686 0.6000000238
25589  23.705  -44.374  -16.091 0.5000000000
26401  23.999  -43.523  -15.832 0.4000000060
27141  23.292  -42.687  -16.000 0.6000000238
122913  23.167  -41.978  -16.227 0.6000000238
28825  23.396  -41.038  -17.404 0.6000000238
28839  23.490  -40.635  -18.080 0.6000000238
27972  23.489  -41.375  -17.787 0.6000000238
27991  23.749  -41.073  -18.592 0.6000000238
115900  23.880  -40.442  -20.471 0.6000000238
114561  23.324  -47.448  -14.613 0.5000000000
117437  22.385  -47.822  -14.497 0.5000000000
22035  20.872  -48.586  -14.589 0.5000000000
23796  24.304  -46.618  -15.453 0.6000000238
22903  23.981  -47.096  -14.823 0.6000000238
125611  24.493  -45.043  -15.820 0.6000000238
25580  25.081  -45.182  -15.249 0.6000000238
110755  24.735  -44.385  -15.637 0.5000000000
25579  25.631  -44.365  -15.151 0.6000000238
27132  24.400  -42.691  -15.686 0.6000000238
28824  23.457  -40.501  -17.450 0.6000000238
29773  23.540  -40.146  -20.744 0.6000000238
28874  23.816  -40.592  -21.519 0.6999999881
23784  22.804  -46.993  -14.019 0.6000000238
22905  21.332  -47.870  -14.323 0.5000000000
22906  20.426  -47.843  -14.453 0.5000000000
24666  24.783  -46.003  -15.027 0.6000000238
23782  24.338  -46.558  -14.578 0.6000000238
23783  23.676  -46.843  -14.199 0.6000000238
23786  20.721  -47.071  -14.226 0.5000000000
23787  20.000  -47.169  -14.519 0.5000000000
23770  24.678  -46.046  -14.322 0.6000000238
26400  25.139  -43.601  -15.477 0.6000000238
23772  23.267  -46.296  -13.719 0.6000000238
23773  22.376  -46.254  -13.670 0.6000000238
23771  24.119  -46.249  -13.905 0.6000000238
24667  21.631  -46.093  -13.707 0.6000000238
121093  20.922  -46.243  -13.943 0.6000000238
109980  20.016  -46.320  -14.376 0.6000000238
23788  19.199  -46.047  -14.645 0.6000000238
24650  23.742  -45.682  -13.410 0.6000000238
25568  25.660  -44.840  -14.626 0.6000000238
24670  18.868  -45.461  -14.818 0.6000000238
127551  23.473  -39.921  -21.899 0.6999999881
24651  22.854  -45.614  -13.342 0.6000000238
24653  21.196  -45.471  -13.705 0.6000000238
120053  23.355  -44.998  -13.006 0.6000000238
25552  22.460  -44.836  -13.131 0.6000000238
24652  21.990  -45.494  -13.455 0.6000000238
24668  20.410  -45.486  -14.043 0.6000000238
24669  19.615  -45.426  -14.445 0.6000000238
24649  24.675  -45.592  -13.721 0.6000000238
25570  19.218  -44.722  -14.645 0.6000000238
24648  25.412  -45.152  -13.970 0.6000000238
30679  23.662  -39.289  -22.162 0.6999999881
119521  23.995  -39.036  -22.950 0.6999999881
25551  24.954  -44.791  -13.235 0.6000000238
25553  21.520  -44.652  -13.413 0.6999999881
25554  20.767  -44.858  -13.771 0.6999999881
25550  25.928  -44.488  -13.786 0.6000000238
31508  24.102  -37.120  -22.465 0.6999999881
25540  23.018  -44.097  -12.740 0.6999999881
114787  24.732  -44.129  -12.748 0.6999999881
26374  21.499  -43.704  -13.289 0.6999999881
110943  20.760  -44.084  -13.685 0.6999999881
25569  20.048  -44.602  -14.172 0.6000000238
26389  20.093  -43.601  -14.173 0.6999999881
114127  19.478  -44.024  -14.516 0.5000000000
32360  25.184  -36.757  -23.449 0.8000000119
26359  23.106  -43.241  -12.604 0.6999999881
118212  21.601  -42.978  -13.240 0.6999999881
26375  20.859  -43.060  -13.672 0.6999999881
26402  18.738  -43.446  -15.494 0.5000000000
27109  20.716  -42.086  -13.827 0.6999999881
119653  20.079  -42.609  -14.276 0.6000000238
27121  19.446  -42.160  -14.935 0.6000000238
108863  26.778  -24.870  -19.522 0.6999999881
41303  30.705  -26.414  -18.603 0.6999999881
41316  29.449  -26.096  -19.393 0.6999999881
41302  31.403  -25.974  -18.012 0.6000000238
109876  30.830  -25.693  -18.568 0.6000000238
43161  27.755  -24.830  -19.547 0.6999999881
43162  27.146  -24.206  -19.558 0.6999999881
44150  25.473  -23.874  -19.767 0.6999999881
112621  32.000  -25.886  -17.348 0.6000000238
42182  30.500  -25.096  -18.786 0.6000000238
42193  29.761  -25.214  -19.228 0.6999999881
43160  28.654  -24.259  -19.455 0.6999999881
43144  32.266  -24.661  -17.237 0.6000000238
43163  26.284  -24.162  -19.619 0.6999999881
44149  26.081  -23.286  -19.751 0.6999999881
45252  24.682  -22.479  -20.272 0.6999999881
42181  31.225  -25.100  -18.248 0.6000000238
43159  30.079  -24.400  -19.049 0.6000000238
44147  27.859  -23.736  -19.552 0.6999999881
45238  26.812  -22.580  -19.806 0.6999999881
45251  25.767  -22.530  -20.044 0.6999999881
111058  25.385  -21.782  -20.408 0.6999999881
42174  31.882  -25.216  -17.603 0.6000000238
118495  31.773  -24.294  -17.866 0.6000000238
44136  30.428  -23.562  -18.857 0.5000000000
44145  29.446  -23.696  -19.242 0.6000000238
45236  28.549  -22.321  -19.513 0.5000000000
115474  27.535  -22.986  -19.633 0.6999999881
46349  26.992  -21.088  -20.188 0.6999999881
50017  30.434  -17.532  -24.123 0.3000000119
50018  29.563  -17.786  -24.162 0.3000000119
22956  22.187  -46.803  -18.305 0.4000000060
22095  22.007  -47.775  -18.226 0.3000000119
22085  21.362  -48.499  -18.380 0.4000000060
24703  22.091  -45.274  -17.714 0.3000000119
22084  21.753  -48.706  -17.576 0.4000000060
24702  22.501  -44.840  -16.982 0.4000000060
22066  21.994  -49.003  -16.721 0.4000000060
25600  22.292  -44.029  -17.050 0.4000000060
26426  22.752  -43.036  -17.068 0.4000000060
114702  21.229  -49.526  -15.636 0.4000000060
115566  20.329  -49.194  -14.720 0.5000000000
28886  24.294  -40.996  -22.480 0.6000000238
109331  20.126  -48.484  -14.581 0.5000000000
22907  19.523  -47.839  -14.665 0.5000000000
22037  18.714  -48.309  -14.831 0.5000000000
28897  23.962  -40.797  -23.187 0.6000000238
22908  18.653  -47.370  -15.003 0.5000000000
23798  18.424  -46.305  -15.064 0.4000000060
29795  23.877  -39.948  -23.286 0.6999999881
25571  18.583  -44.813  -15.160 0.5000000000
30697  24.666  -38.167  -22.885 0.6999999881
25581  18.856  -44.030  -14.986 0.5000000000
31518  25.645  -37.600  -23.281 0.8000000119
32359  26.216  -36.708  -23.608 0.6999999881
26403  18.509  -43.408  -16.372 0.5000000000
27134  18.882  -42.605  -15.822 0.6000000238
120968  31.206  -29.850  -13.206 0.6000000238
38170  31.071  -29.114  -13.091 0.6000000238
42173  32.419  -25.350  -16.796 0.6000000238
44127  32.074  -23.319  -17.691 0.5000000000
45225  30.906  -22.702  -18.743 0.5000000000
46333  30.432  -21.933  -19.072 0.5000000000
123412  29.334  -21.955  -19.381 0.5000000000
46335  27.666  -21.499  -19.841 0.5000000000
47342  26.370  -20.355  -20.650 0.5000000000
50016  31.198  -17.051  -24.145 0.3000000119
50025  30.329  -16.947  -24.673 0.3000000119
25567  26.226  -44.121  -14.634 0.6000000238
27108  21.381  -42.331  -13.401 0.8000000119
30678  23.512  -39.711  -21.286 0.6999999881
111063  23.970  -38.151  -22.242 0.6999999881
41315  30.266  -25.885  -19.074 0.6999999881
115738  23.947  -23.256  -20.076 0.6999999881
47343  25.323  -20.397  -20.860 0.6000000238
110726  28.645  -17.356  -24.919 0.3000000119
31507  24.684  -37.191  -23.098 0.8000000119
31517  26.505  -37.480  -23.299 0.6999999881
126245  21.909  -49.137  -15.565 0.5000000000
27990  25.008  -41.580  -18.874 0.4000000060
21163  20.513  -49.820  -15.316 0.5000000000
26390  19.313  -43.188  -14.817 0.6000000238
44148  26.967  -23.478  -19.644 0.6999999881
112809  25.088  -23.244  -19.936 0.6999999881
43150  30.891  -24.320  -18.538 0.6000000238
124321  29.356  -24.562  -19.318 0.6999999881
44146  28.645  -23.491  -19.424 0.6999999881
44135  31.345  -23.468  -18.348 0.6000000238
45234  29.921  -22.787  -19.121 0.5000000000
45235  29.010  -22.859  -19.322 0.6000000238
45250  26.361  -21.817  -20.146 0.6999999881
45237  27.765  -22.244  -19.689 0.5000000000
46336  27.124  -21.829  -19.892 0.5000000000
47341  27.324  -20.248  -20.473 0.5000000000
46350  25.936  -21.083  -20.459 0.6999999881
45219  32.313  -22.478  -17.470 0.5000000000
108902  29.073  -21.010  -19.650 0.5000000000
30706  25.563  -38.749  -23.410 0.6000000238
30705  26.266  -38.195  -23.247 0.6000000238
32347  27.908  -36.283  -22.509 0.5000000000
31516  27.022  -36.948  -23.332 0.6000000238
33967  29.445  -34.715  -21.721 0.5000000000
33968  28.809  -35.079  -22.594 0.5000000000
33160  27.540  -35.699  -23.399 0.6000000238
28817  19.532  -40.523  -16.616 0.5000000000
35561  29.959  -33.249  -21.223 0.5000000000
35559  30.589  -32.849  -20.601 0.5000000000
29706  19.848  -39.896  -16.076 0.4000000060
29720  19.821  -39.816  -17.081 0.4000000060
29719  20.282  -39.082  -17.540 0.4000000060
34819  29.658  -33.833  -22.113 0.5000000000
115226  31.850  -31.787  -20.676 0.5000000000
35560  30.068  -32.334  -21.300 0.5000000000
30639  20.499  -38.189  -17.514 0.4000000060
36382  31.552  -31.013  -20.868 0.5000000000
36383  30.904  -31.816  -20.679 0.5000000000
34734  22.873  -33.922  -13.717 0.4000000060
33889  22.420  -34.328  -14.270 0.4000000060
124853  21.995  -33.962  -14.703 0.4000000060
33903  21.029  -34.620  -15.606 0.3000000119
114343  27.012  -30.942  -12.432 0.4000000060
114342  26.067  -30.932  -12.433 0.4000000060
128117  23.822  -33.271  -12.986 0.4000000060
124276  23.392  -33.611  -13.308 0.4000000060
115048  26.553  -30.153  -12.330 0.4000000060
35474  23.792  -32.443  -12.713 0.4000000060
35489  22.832  -33.284  -13.556 0.4000000060
115904  23.780  -31.488  -12.442 0.4000000060
35488  23.318  -33.080  -13.137 0.4000000060
34747  22.318  -33.543  -14.163 0.4000000060
34748  21.670  -33.349  -14.694 0.4000000060
36296  25.567  -31.814  -12.668 0.4000000060
115484  25.129  -30.914  -12.416 0.4000000060
35473  24.835  -32.371  -12.790 0.4000000060
115047  25.602  -30.112  -12.292 0.4000000060
37150  24.238  -30.859  -12.309 0.4000000060
36297  24.583  -31.666  -12.555 0.4000000060
37151  23.445  -30.751  -12.421 0.4000000060
35497  22.344  -32.861  -13.817 0.4000000060
38159  23.249  -29.778  -12.591 0.4000000060
37164  22.381  -31.272  -13.343 0.4000000060
35498  21.908  -32.861  -14.246 0.4000000060
128152  29.326  -29.911  -12.355 0.4000000060
38157  27.028  -29.413  -12.336 0.4000000060
38158  26.083  -29.342  -12.268 0.4000000060
114366  25.102  -29.276  -12.180 0.4000000060
38155  28.917  -29.391  -12.402 0.4000000060
120918  25.641  -28.494  -12.328 0.4000000060
115528  24.662  -30.095  -12.214 0.4000000060
120113  23.894  -30.155  -12.231 0.4000000060
116972  23.379  -28.937  -12.602 0.4000000060
37152  22.773  -30.569  -12.872 0.4000000060
38171  30.387  -28.877  -12.659 0.5000000000
39206  29.412  -28.585  -12.530 0.5000000000
114195  27.452  -28.708  -12.435 0.4000000060
114392  26.581  -28.639  -12.384 0.4000000060
115024  24.057  -29.269  -12.225 0.4000000060
39224  30.201  -28.161  -12.656 0.5000000000
39207  28.353  -28.658  -12.489 0.4000000060
119706  27.029  -28.121  -12.561 0.4000000060
40299  26.263  -27.779  -12.626 0.4000000060
40312  29.531  -27.692  -12.805 0.4000000060
40296  28.623  -27.859  -12.737 0.4000000060
118663  27.749  -27.999  -12.614 0.4000000060
41231  29.421  -26.374  -13.428 0.4000000060
41232  28.409  -26.114  -13.636 0.4000000060
41233  27.514  -26.167  -13.567 0.4000000060
109290  26.768  -25.623  -13.772 0.4000000060
40332  31.719  -27.823  -13.600 0.5000000000
41229  31.214  -26.387  -13.449 0.5000000000
126714  28.399  -25.532  -13.907 0.4000000060
42107  27.746  -25.424  -13.965 0.4000000060
42131  26.963  -24.842  -14.238 0.3000000119
40347  32.395  -27.526  -14.827 0.5000000000
117252  29.685  -27.070  -13.141 0.5000000000
40313  28.785  -27.030  -13.220 0.4000000060
41217  27.985  -26.698  -13.371 0.4000000060
41218  27.306  -26.834  -13.249 0.4000000060
41219  26.439  -26.921  -13.049 0.4000000060
41234  26.848  -26.334  -13.414 0.4000000060
42105  30.300  -25.764  -13.515 0.5000000000
42106  29.088  -25.526  -13.831 0.4000000060
42130  28.404  -25.066  -14.147 0.4000000060
42103  32.139  -25.483  -14.343 0.5000000000
42129  30.718  -25.087  -13.865 0.5000000000
124846  29.849  -24.949  -13.931 0.4000000060
123634  29.034  -24.823  -14.138 0.4000000060
111932  27.740  -24.624  -14.419 0.3000000119
108534  26.299  -24.285  -14.502 0.3000000119
42150  32.537  -25.219  -15.190 0.4000000060
42160  32.666  -24.937  -16.015 0.5000000000
43101  30.560  -24.397  -14.145 0.3000000119
43102  29.494  -24.170  -14.337 0.4000000060
43103  28.516  -24.370  -14.457 0.4000000060
44082  27.794  -23.792  -14.843 0.3000000119
43104  27.043  -24.147  -14.695 0.3000000119
44083  26.406  -23.668  -14.953 0.3000000119
44084  25.672  -23.727  -14.770 0.3000000119
42128  31.465  -24.823  -14.182 0.3000000119
42151  32.157  -24.571  -14.718 0.4000000060
43119  32.517  -24.378  -15.456 0.4000000060
44099  32.527  -23.583  -15.778 0.4000000060
43143  32.531  -24.478  -16.628 0.4000000060
110931  32.387  -23.947  -17.185 0.4000000060
44080  29.559  -23.418  -14.624 0.3000000119
118935  27.029  -23.581  -15.068 0.3000000119
44103  26.560  -23.100  -15.372 0.3000000119
44105  25.069  -23.220  -15.152 0.3000000119
44106  24.287  -23.194  -14.905 0.3000000119
44079  30.366  -23.602  -14.438 0.3000000119
45196  25.973  -22.543  -15.765 0.3000000119
45197  25.274  -22.709  -15.654 0.3000000119
115795  24.555  -22.656  -15.516 0.3000000119
43100  31.441  -23.895  -14.530 0.3000000119
43099  32.199  -23.778  -15.059 0.3000000119
45190  32.398  -22.748  -15.839 0.3000000119
44126  32.511  -23.166  -17.000 0.4000000060
45224  31.773  -22.577  -18.187 0.4000000060
47317  30.973  -21.127  -19.035 0.4000000060
46334  28.402  -21.627  -19.654 0.4000000060
45198  23.781  -22.561  -15.306 0.3000000119
45175  30.111  -22.840  -14.738 0.3000000119
44101  31.056  -23.014  -14.714 0.3000000119
44078  31.771  -23.250  -14.952 0.3000000119
122985  32.429  -21.819  -17.228 0.3000000119
47301  32.137  -20.726  -17.924 0.3000000119
46316  32.138  -21.642  -17.943 0.4000000060
117166  31.724  -20.997  -18.516 0.4000000060
108152  30.009  -21.146  -19.334 0.4000000060
47331  28.065  -20.793  -19.983 0.4000000060
44100  31.701  -22.461  -15.279 0.3000000119
47329  30.612  -20.409  -19.388 0.4000000060
47330  29.750  -20.477  -19.654 0.4000000060
47340  28.993  -20.123  -20.095 0.4000000060
49179  28.840  -18.754  -20.834 0.4000000060
114187  27.618  -19.515  -20.749 0.4000000060
109343  26.728  -19.602  -20.896 0.4000000060
48288  25.762  -19.641  -21.037 0.5000000000
48247  32.033  -19.959  -17.929 0.3000000119
48262  31.691  -19.561  -18.591 0.3000000119
48273  31.136  -19.636  -19.349 0.3000000119
48274  30.163  -19.681  -19.889 0.4000000060
48284  30.216  -18.830  -20.347 0.4000000060
48285  29.364  -19.261  -20.406 0.4000000060
129287  29.574  -18.648  -20.692 0.3000000119
49180  27.972  -18.811  -20.987 0.4000000060
48287  27.043  -18.835  -21.125 0.3000000119
48299  26.086  -18.877  -21.201 0.3000000119
48300  25.254  -18.972  -21.301 0.4000000060
49192  26.323  -17.993  -21.565 0.3000000119
49193  25.254  -18.223  -21.599 0.3000000119
122327  31.627  -18.772  -18.451 0.3000000119
113516  31.431  -18.852  -19.107 0.3000000119
49167  30.952  -18.892  -19.794 0.3000000119
49178  30.134  -18.174  -20.785 0.3000000119
122047  29.895  -17.525  -21.223 0.3000000119
49190  28.391  -18.110  -21.258 0.3000000119
49191  27.434  -18.112  -21.413 0.3000000119
49999  27.848  -17.312  -21.822 0.3000000119
49176  31.318  -18.135  -19.553 0.3000000119
49177  30.865  -18.181  -20.279 0.3000000119
49987  30.657  -17.518  -20.750 0.3000000119
49997  30.408  -16.979  -21.203 0.3000000119
49998  28.966  -17.442  -21.548 0.3000000119
116078  26.945  -17.477  -21.815 0.3000000119
50877  28.566  -16.646  -22.040 0.3000000119
50878  27.687  -16.497  -22.303 0.3000000119
50887  28.065  -15.914  -22.585 0.3000000119
39223  30.975  -28.178  -12.979 0.5000000000
29805  24.663  -39.446  -23.476 0.6000000238
30696  26.263  -39.170  -23.340 0.5000000000
30704  26.873  -37.956  -22.971 0.5000000000
31506  27.434  -37.056  -22.752 0.5000000000
34807  30.389  -33.741  -20.660 0.5000000000
115868  29.606  -35.443  -20.868 0.5000000000
33154  28.402  -35.726  -22.350 0.5000000000
27915  20.130  -41.561  -14.367 0.6000000238
27916  19.609  -41.328  -15.194 0.6000000238
27933  19.328  -41.205  -16.119 0.5000000000
27943  19.229  -41.195  -17.173 0.5000000000
28826  19.517  -40.487  -17.725 0.5000000000
29733  19.924  -39.776  -18.206 0.4000000060
127785  20.437  -38.677  -18.134 0.4000000060
31449  20.477  -37.359  -18.142 0.4000000060
34760  21.417  -33.948  -15.195 0.4000000060
37173  21.783  -30.840  -14.013 0.4000000060
38172  22.217  -30.233  -13.535 0.4000000060
39225  22.326  -28.436  -13.318 0.4000000060
39208  24.634  -28.401  -12.276 0.4000000060
39209  23.752  -28.330  -12.427 0.4000000060
127923  25.848  -27.223  -12.792 0.4000000060
40302  23.318  -27.600  -12.675 0.4000000060
43074  26.140  -24.953  -14.064 0.4000000060
41220  25.474  -26.637  -12.980 0.4000000060
41235  26.161  -26.129  -13.385 0.4000000060
43105  25.523  -24.360  -14.297 0.3000000119
44085  24.891  -23.777  -14.539 0.3000000119
35558  31.641  -32.736  -20.479 0.5000000000
112692  20.532  -36.615  -17.531 0.4000000060
38173  22.130  -29.239  -13.645 0.4000000060
40300  25.207  -27.549  -12.539 0.4000000060
40301  24.158  -27.565  -12.458 0.4000000060
121990  28.077  -35.517  -22.976 0.5000000000
40331  32.146  -27.420  -14.114 0.5000000000
115049  27.533  -30.201  -12.340 0.4000000060
41249  32.290  -26.716  -14.401 0.5000000000
46317  31.400  -21.836  -18.639 0.4000000060
113578  28.099  -20.043  -20.385 0.4000000060
32348  27.489  -36.264  -23.142 0.6000000238
33153  28.955  -35.590  -21.746 0.5000000000
33957  30.092  -34.627  -20.719 0.5000000000
36312  22.730  -32.422  -13.199 0.4000000060
36322  21.942  -32.015  -13.956 0.4000000060
38154  29.796  -29.503  -12.429 0.5000000000
38156  27.986  -29.436  -12.365 0.4000000060
125309  22.618  -29.755  -13.144 0.4000000060
40311  30.378  -27.515  -12.920 0.5000000000
40298  27.114  -27.504  -12.865 0.4000000060
40309  31.799  -26.949  -13.697 0.5000000000
40310  31.143  -27.251  -13.209 0.5000000000
41230  30.371  -26.719  -13.224 0.5000000000
42104  31.362  -25.596  -13.783 0.5000000000
41228  31.920  -26.185  -13.919 0.5000000000
44077  32.166  -23.162  -15.361 0.3000000119
43131  32.585  -23.755  -16.505 0.4000000060
45208  32.522  -22.382  -16.633 0.3000000119
111216  31.207  -21.792  -15.254 0.3000000119
47316  31.400  -20.352  -18.939 0.3000000119
49189  29.300  -18.131  -21.059 0.3000000119
118399  31.516  -18.141  -18.798 0.3000000119
49986  31.194  -17.429  -20.040 0.3000000119
39210  23.019  -28.329  -12.831 0.4000000060
24680  18.317  -45.467  -15.245 0.4000000060
24690  18.106  -44.968  -16.033 0.4000000060
25591  18.169  -44.176  -16.749 0.3000000119
25582  18.449  -44.149  -15.742 0.4000000060
28885  25.460  -41.075  -22.534 0.5000000000
27142  18.687  -42.635  -17.151 0.3000000119
123281  24.714  -41.056  -23.300 0.5000000000
28895  25.408  -40.847  -23.447 0.5000000000
128010  19.211  -41.820  -15.688 0.5000000000
27133  18.991  -41.870  -16.583 0.4000000060
28896  24.786  -40.459  -23.732 0.5000000000
29784  26.267  -40.611  -23.035 0.5000000000
29793  26.551  -39.860  -23.128 0.3000000119
29804  25.436  -39.716  -23.669 0.5000000000
30695  27.051  -38.995  -22.789 0.4000000060
30688  27.743  -38.843  -21.999 0.3000000119
31498  28.219  -37.909  -21.654 0.3000000119
31499  27.522  -37.964  -22.372 0.3000000119
32337  29.097  -36.239  -21.127 0.3000000119
32327  28.716  -37.060  -21.402 0.3000000119
31505  27.955  -37.060  -22.031 0.4000000060
28840  19.524  -40.442  -18.852 0.3000000119
127082  30.123  -35.209  -20.536 0.4000000060
110273  29.675  -36.173  -20.582 0.4000000060
32338  28.461  -36.307  -21.842 0.4000000060
29745  19.831  -39.663  -19.230 0.3000000119
118538  21.041  -33.168  -15.299 0.3000000119
35508  21.387  -32.388  -14.763 0.3000000119
116999  21.429  -31.354  -14.625 0.3000000119
36335  21.111  -31.634  -15.171 0.3000000119
37174  21.415  -30.396  -14.728 0.3000000119
40303  22.517  -27.697  -12.983 0.3000000119
40314  21.802  -27.829  -13.455 0.3000000119
39241  21.274  -28.320  -14.432 0.3000000119
41221  24.508  -26.790  -12.741 0.3000000119
41222  23.618  -26.852  -12.696 0.3000000119
41223  22.769  -26.936  -12.823 0.3000000119
42108  25.394  -25.816  -13.428 0.3000000119
42094  24.726  -26.101  -13.139 0.3000000119
42095  23.925  -26.089  -13.009 0.3000000119
42096  23.070  -26.226  -12.906 0.3000000119
126827  22.700  -25.828  -13.029 0.3000000119
42109  24.019  -25.441  -13.426 0.3000000119
42110  23.207  -25.520  -13.224 0.3000000119
43075  25.282  -25.062  -13.852 0.3000000119
109213  24.695  -25.517  -13.502 0.3000000119
112004  23.574  -24.821  -13.645 0.3000000119
28873  24.663  -40.985  -21.100 0.5000000000
30651  20.330  -38.213  -18.788 0.3000000119
40315  21.341  -27.944  -13.973 0.3000000119
127824  24.343  -25.791  -13.271 0.3000000119
126450  18.817  -42.395  -18.035 0.3000000119
27944  18.980  -41.909  -17.703 0.3000000119
20253  20.137  -50.334  -15.905 0.4000000060
20254  19.444  -50.516  -15.699 0.4000000060
20234  19.233  -50.290  -15.120 0.4000000060
20236  17.667  -50.581  -14.848 0.4000000060
21153  17.158  -49.845  -14.802 0.3000000119
21151  18.950  -49.745  -14.768 0.4000000060
21152  18.059  -49.686  -14.795 0.4000000060
22038  18.005  -48.734  -14.916 0.4000000060
123853  18.650  -49.115  -14.742 0.4000000060
22047  17.170  -48.266  -15.238 0.3000000119
22920  17.307  -47.329  -15.431 0.3000000119
22909  17.991  -47.858  -15.216 0.4000000060
23811  17.067  -46.062  -16.044 0.3000000119
22921  16.567  -47.545  -15.424 0.3000000119
24691  17.443  -45.386  -16.512 0.3000000119
22919  18.003  -47.094  -15.342 0.4000000060
23799  17.553  -46.537  -15.558 0.3000000119
24681  17.780  -45.761  -15.621 0.3000000119
20255  18.763  -50.732  -15.495 0.4000000060
20235  18.487  -50.415  -14.949 0.4000000060
21179  20.885  -49.877  -16.267 0.3000000119
24692  16.672  -45.699  -16.868 0.3000000119
21150  19.753  -49.793  -14.858 0.4000000060
21164  19.846  -50.217  -15.346 0.5000000000
21178  21.611  -49.400  -16.186 0.3000000119
22036  19.443  -48.950  -14.654 0.4000000060
22904  23.112  -47.967  -15.110 0.5000000000
23785  21.735  -46.943  -13.981 0.6000000238
23797  23.928  -46.854  -16.108 0.4000000060
24665  25.153  -45.534  -14.516 0.6000000238
25539  24.030  -44.492  -12.761 0.6000000238
26372  25.425  -44.182  -13.027 0.8999999762
26373  22.281  -43.313  -12.898 0.8999999762
26442  22.602  -43.504  -17.332 0.4000000060
27107  22.035  -42.481  -12.996 0.6999999881
27119  27.306  -42.407  -14.242 1.0000000000
27120  27.020  -42.767  -14.496 0.8000000119
27888  25.798  -41.736  -12.450 0.8999999762
27889  23.985  -41.324  -12.444 0.8999999762
27904  21.878  -41.778  -13.161 0.8000000119
27905  21.266  -41.605  -13.541 0.8999999762
27955  19.204  -41.219  -18.339 0.5000000000
28763  26.727  -40.650  -12.521 0.8999999762
28787  27.923  -40.398  -14.726 1.0000000000
28790  20.079  -40.689  -14.777 0.6000000238
28807  19.702  -40.591  -15.627 0.6999999881
28875  23.521  -40.225  -21.716 0.6999999881
28887  23.756  -40.620  -22.342 0.6000000238
29665  27.813  -39.646  -12.902 0.8999999762
29667  23.946  -39.181  -12.746 0.8999999762
29679  28.384  -39.690  -14.352 1.0000000000
29785  23.587  -40.213  -22.500 0.6999999881
29794  25.802  -40.220  -23.567 0.5000000000
30626  20.581  -37.975  -16.402 0.5000000000
30640  20.294  -39.088  -18.644 0.4000000060
32228  25.732  -37.052  -12.421 0.8999999762
33076  30.233  -35.809  -14.377 1.0000000000
33170  27.094  -35.379  -23.727 0.6000000238
33959  24.076  -34.576  -20.895 0.8999999762
34786  27.983  -32.878  -18.460 1.0000000000
34806  31.093  -33.580  -20.317 0.5000000000
34808  29.886  -34.005  -21.175 0.5000000000
34809  24.715  -33.463  -20.289 0.8999999762
34831  24.249  -33.231  -21.966 0.8999999762
36298  23.046  -31.544  -12.661 0.4000000060
36384  24.866  -31.643  -20.011 1.0000000000
36428  30.055  -31.456  -24.437 0.6000000238
37248  31.201  -30.430  -21.630 0.6000000238
38263  23.222  -30.655  -21.343 0.8999999762
38276  32.288  -29.106  -22.083 0.6000000238
39222  31.548  -28.625  -13.584 0.6999999881
40297  27.924  -27.320  -13.016 0.4000000060
43191  20.786  -23.860  -22.133 0.8000000119
44104  25.812  -23.188  -15.321 0.3000000119
44114  32.554  -23.126  -16.353 0.3000000119
44182  20.531  -23.220  -22.272 0.8000000119
44199  26.318  -23.612  -22.994 0.6000000238
44202  21.003  -23.601  -22.660 0.6999999881
45266  20.673  -22.742  -21.828 0.8000000119
45294  23.444  -22.303  -23.340 0.6000000238
46272  24.079  -22.021  -15.861 0.3000000119
46388  21.663  -20.893  -23.265 0.6000000238
47376  21.366  -20.063  -22.363 0.6000000238
47387  21.469  -20.208  -23.193 0.6000000238
48286  28.478  -19.434  -20.577 0.4000000060
48302  21.753  -19.607  -21.981 0.6000000238
48315  21.540  -19.532  -22.604 0.6000000238
48338  22.791  -18.928  -24.334 0.6000000238
49218  25.462  -18.926  -24.316 0.6000000238
50011  22.762  -17.663  -23.728 0.5000000000
50912  23.327  -16.270  -25.946 0.4000000060
109289  22.599  -25.286  -20.307 0.8999999762
109587  22.781  -29.063  -13.039 0.4000000060
109911  22.719  -34.916  -14.044 0.6000000238
110038  25.149  -43.453  -12.645 0.8999999762
111602  28.341  -32.149  -23.884 0.6999999881
112076  24.875  -41.372  -12.355 0.8999999762
112829  24.159  -45.150  -13.141 0.6000000238
113291  22.486  -38.819  -13.648 0.8000000119
113428  24.793  -15.803  -26.904 0.4000000060
113833  23.594  -20.256  -23.872 0.6000000238
114797  25.958  -25.518  -13.718 0.4000000060
115044  28.232  -22.935  -19.527 0.6999999881
116018  26.874  -32.756  -12.640 0.6000000238
117344  25.881  -39.279  -12.334 0.8999999762
117997  22.130  -44.121  -13.053 0.6999999881
118464  27.605  -32.571  -18.754 1.0000000000
119113  30.598  -31.122  -24.455 0.6000000238
123036  31.864  -20.296  -18.358 0.3000000119
124251  32.245  -26.090  -14.342 0.5000000000
124270  28.677  -39.140  -14.040 1.0000000000
124497  18.342  -51.144  -15.805 0.4000000060
124829  22.273  -22.983  -20.536 0.8000000119
125662  19.304  -46.835  -14.740 0.5000000000
126092  29.876  -32.681  -23.878 0.6000000238
126366  23.369  -41.463  -16.269 0.6000000238
127890  31.144  -30.392  -24.209 0.6000000238
128263  32.642  -24.227  -16.077 0.4000000060
128568  22.062  -49.154  -16.137 0.4000000060
128997  26.899  -42.070  -12.956 0.8999999762
129385  26.516  -28.159  -23.117 0.8000000119
