#!ascii label  , from subject sub-v1s1x0050652_ses-1 vox2ras=TkReg
1803
121307  -21.712  -74.051  -4.887 0.5000000000
29950  -22.028  -73.208  -4.398 0.4000000060
127894  -22.664  -73.277  -3.960 0.6000000238
29939  -22.291  -72.464  -3.713 0.6000000238
132381  -21.783  -71.736  -4.160 0.6000000238
31025  -21.835  -72.285  -4.138 0.5000000000
32936  -21.737  -70.446  -3.766 0.6000000238
131071  -23.399  -73.422  -3.507 0.6999999881
31014  -22.095  -71.726  -3.564 0.6999999881
132485  -21.897  -71.296  -3.738 0.6999999881
32929  -21.413  -70.207  -3.402 0.6999999881
33851  -21.973  -69.875  -3.878 0.5000000000
33850  -21.232  -69.772  -3.438 0.6999999881
32013  -22.007  -71.235  -4.167 0.5000000000
26031  -21.814  -77.059  3.287 0.5000000000
29940  -22.991  -72.555  -3.164 0.6999999881
31015  -22.463  -71.830  -3.086 0.6999999881
32922  -21.270  -70.140  -3.139 0.6999999881
31989  -22.132  -70.792  -2.162 0.6999999881
33836  -20.827  -69.585  -2.957 0.6999999881
142172  -21.993  -70.952  -2.996 0.6999999881
31988  -21.467  -70.186  -2.543 0.6999999881
34771  -22.028  -68.471  -3.788 0.6000000238
28910  -26.066  -74.943  -0.033 0.6999999881
28896  -25.946  -73.964  0.176 0.6999999881
29922  -23.718  -72.978  -2.676 0.6999999881
128153  -24.140  -72.716  -1.926 0.6999999881
26057  -20.809  -76.749  2.753 0.6000000238
26055  -18.927  -77.250  2.048 0.4000000060
31016  -22.898  -71.991  -2.602 0.6999999881
134381  -21.018  -69.711  -3.177 0.6999999881
34770  -21.002  -68.328  -3.545 0.6999999881
34760  -20.549  -68.266  -3.128 0.6999999881
135586  -22.818  -67.889  -3.652 0.6000000238
28881  -26.648  -74.435  1.468 0.6999999881
28897  -26.383  -74.670  0.719 0.6999999881
29906  -25.316  -73.564  -0.633 0.6999999881
132131  -26.373  -73.959  0.950 0.6999999881
124916  -22.238  -76.146  3.746 0.6000000238
30983  -25.033  -72.723  -0.595 0.6999999881
31002  -23.963  -72.119  -1.679 0.6999999881
29890  -25.636  -73.044  0.026 0.6999999881
29891  -26.201  -73.148  0.866 0.6999999881
26074  -19.261  -76.601  1.915 0.5000000000
26056  -20.144  -76.642  2.338 0.5000000000
32911  -21.888  -70.188  -1.901 0.6999999881
31990  -22.980  -71.102  -1.916 0.6999999881
135258  -25.839  -72.300  0.416 0.6999999881
26073  -18.651  -76.883  1.419 0.4000000060
134301  -20.593  -68.913  -2.876 0.6999999881
32913  -23.401  -70.738  -1.430 0.6999999881
135391  -25.272  -72.068  -0.217 0.6999999881
26071  -16.720  -77.360  1.179 0.4000000060
33828  -22.391  -69.737  -1.469 0.6999999881
31975  -25.027  -71.361  -0.344 0.6999999881
32881  -25.416  -70.737  0.068 0.6999999881
131669  -20.714  -69.108  -3.263 0.6999999881
131996  -21.328  -69.292  -2.133 0.6999999881
127386  -23.761  -69.231  -0.605 0.6999999881
128351  -24.291  -69.954  -0.532 0.6999999881
34741  -23.156  -68.458  -0.835 0.6999999881
36807  -21.824  -66.379  -3.350 0.6999999881
36792  -21.345  -66.885  -3.102 0.6999999881
37880  -25.201  -65.210  -2.928 0.5000000000
131276  -24.996  -65.867  -2.821 0.5000000000
140376  -26.229  -67.140  -1.765 0.4000000060
30935  -26.880  -72.307  2.198 0.6999999881
125371  -22.209  -75.460  4.599 0.6000000238
31974  -24.544  -71.956  -0.871 0.6999999881
26935  -20.651  -76.332  2.715 0.5000000000
31957  -26.172  -71.518  0.855 0.6999999881
33815  -22.299  -68.885  -1.373 0.6999999881
32896  -23.368  -70.029  -1.069 0.6999999881
34750  -20.868  -68.289  -2.532 0.6999999881
35730  -22.755  -67.576  -0.944 0.6999999881
38960  -23.571  -64.091  -3.342 0.6999999881
128617  -22.380  -66.885  -3.595 0.6999999881
36794  -23.394  -65.635  -3.316 0.6999999881
36808  -22.578  -66.014  -3.361 0.6999999881
37879  -24.235  -65.130  -3.355 0.6999999881
28812  -25.692  -74.677  6.231 0.6999999881
28813  -26.669  -74.464  5.712 0.6999999881
29809  -27.427  -73.520  4.880 0.8000000119
30921  -27.558  -72.831  4.220 0.8000000119
121470  -24.850  -75.298  6.137 0.6000000238
28796  -25.092  -74.057  6.546 0.6000000238
29807  -26.374  -73.964  6.165 0.6000000238
29841  -27.475  -73.624  3.857 0.8000000119
139863  -23.866  -74.331  6.258 0.6000000238
29806  -23.534  -73.599  6.222 0.6000000238
31927  -27.330  -72.004  2.948 0.6999999881
28809  -22.946  -75.336  5.288 0.6000000238
127717  -23.146  -74.395  5.802 0.6000000238
27863  -20.873  -75.700  3.462 0.6000000238
28829  -21.583  -74.738  4.703 0.6000000238
31941  -26.625  -71.440  1.653 0.6999999881
27899  -20.470  -76.107  2.787 0.5000000000
27884  -20.081  -75.568  3.331 0.6000000238
32882  -25.928  -70.906  0.556 0.6999999881
33814  -21.569  -68.275  -1.746 0.6999999881
33816  -23.036  -69.275  -1.087 0.6999999881
33817  -25.110  -69.956  -0.052 0.6999999881
38973  -22.388  -65.013  -2.628 0.8000000119
37888  -22.152  -65.766  -2.903 0.6999999881
34740  -22.380  -68.148  -1.272 0.6999999881
33795  -24.661  -69.166  -0.169 0.6999999881
36778  -21.388  -66.835  -2.405 0.6999999881
133602  -22.332  -66.949  -1.182 0.6999999881
37881  -25.864  -65.957  -2.182 0.5000000000
36780  -26.908  -66.372  -1.620 0.5000000000
38945  -27.438  -64.789  -1.727 0.5000000000
36781  -27.869  -66.634  -1.539 0.4000000060
134227  -25.695  -73.042  6.562 0.6000000238
29808  -27.033  -73.641  5.723 0.6999999881
30893  -27.138  -72.766  5.830 0.8000000119
30901  -27.499  -72.752  5.104 0.8999999762
132671  -25.017  -73.355  6.607 0.6000000238
31891  -27.726  -72.088  4.649 0.8000000119
31909  -27.613  -72.098  3.720 0.8000000119
126168  -27.546  -71.364  3.285 0.8000000119
142416  -22.554  -73.387  5.632 0.6000000238
29821  -21.691  -73.737  5.061 0.6000000238
27898  -19.521  -75.815  2.676 0.6000000238
28845  -20.209  -74.912  3.996 0.6000000238
131994  -21.015  -74.017  4.686 0.6000000238
31926  -27.114  -71.369  2.474 0.6999999881
27911  -19.006  -76.270  1.930 0.5000000000
33781  -26.447  -69.847  1.344 0.6999999881
33767  -26.857  -69.511  2.016 0.6999999881
27931  -17.889  -76.240  0.887 0.5000000000
27910  -18.317  -76.020  1.342 0.5000000000
33780  -26.103  -69.210  0.924 0.6999999881
33797  -25.880  -70.074  0.584 0.6999999881
38959  -22.600  -64.114  -2.530 0.8000000119
37877  -21.902  -65.444  -2.355 0.8000000119
36766  -21.703  -66.807  -1.663 0.6999999881
36768  -23.105  -66.764  -0.692 0.6999999881
34742  -24.127  -68.398  -0.309 0.6999999881
36779  -21.763  -66.083  -2.058 0.6999999881
37864  -26.716  -65.401  -1.932 0.5000000000
30885  -25.070  -72.458  6.619 0.6999999881
31876  -25.702  -71.709  6.662 0.6999999881
30886  -26.083  -72.455  6.544 0.6999999881
30887  -26.735  -72.447  6.290 0.8000000119
133925  -27.643  -71.473  5.926 0.8000000119
29798  -24.185  -73.002  6.549 0.6999999881
31877  -26.579  -71.796  6.520 0.8000000119
32813  -27.994  -70.801  6.018 0.8000000119
30892  -23.279  -72.660  6.181 0.6000000238
120853  -27.868  -71.407  4.151 0.8000000119
32841  -27.824  -70.686  3.671 0.6999999881
28844  -19.370  -74.746  3.619 0.6000000238
29840  -19.846  -73.880  4.215 0.6000000238
135853  -27.198  -69.928  2.566 0.8000000119
125461  -27.644  -69.921  3.240 0.6999999881
28862  -18.706  -75.112  3.065 0.6000000238
145375  -27.295  -68.329  2.570 0.8000000119
27930  -17.229  -76.098  0.393 0.4000000060
34726  -25.040  -68.304  0.268 0.6999999881
34714  -25.718  -68.590  0.764 0.6999999881
128045  -26.533  -69.120  1.476 0.6999999881
143449  -16.067  -76.194  -0.751 0.4000000060
35715  -25.093  -67.422  0.418 0.6999999881
34715  -26.227  -68.497  1.298 0.6999999881
38958  -22.125  -64.680  -2.122 0.8000000119
36767  -22.376  -66.159  -1.346 0.8000000119
35714  -24.438  -67.606  -0.043 0.6999999881
35713  -23.986  -66.910  -0.185 0.6999999881
40036  -24.118  -63.316  -3.333 0.8000000119
38961  -24.923  -64.255  -3.373 0.6999999881
38946  -28.311  -64.595  -1.263 0.5000000000
38962  -26.613  -64.621  -2.305 0.5000000000
131297  -28.881  -65.312  -1.192 0.4000000060
31875  -24.750  -71.533  6.636 0.6000000238
32805  -26.282  -71.053  6.783 0.6999999881
32806  -27.218  -71.087  6.502 0.8000000119
30891  -22.412  -72.128  5.614 0.6999999881
32821  -28.265  -70.437  5.172 0.8000000119
30900  -21.721  -72.721  5.141 0.6000000238
33718  -28.338  -69.947  6.000 0.8000000119
30898  -20.630  -72.644  4.360 0.6000000238
139447  -28.303  -69.222  4.284 0.8000000119
33746  -27.883  -69.205  3.579 0.8000000119
28843  -18.522  -74.096  3.395 0.6000000238
29839  -19.201  -73.426  3.754 0.6000000238
34698  -26.854  -68.579  1.959 0.8999999762
34699  -27.643  -68.461  3.214 0.8000000119
35697  -26.431  -67.754  1.641 0.8000000119
27896  -17.717  -75.315  1.896 0.5000000000
37826  -25.796  -65.668  0.916 0.8000000119
35696  -25.698  -67.807  0.975 0.6999999881
27929  -16.327  -75.518  -0.254 0.4000000060
40035  -22.980  -63.262  -2.713 0.8000000119
37863  -22.116  -65.317  -1.816 0.8000000119
37852  -22.768  -65.339  -1.192 0.8000000119
37839  -23.498  -65.335  -0.527 0.8000000119
36752  -25.129  -66.711  0.430 0.6999999881
36749  -23.125  -65.957  -0.831 0.8000000119
37853  -23.083  -64.715  -1.036 0.8000000119
38934  -22.986  -63.816  -1.328 0.8000000119
123142  -25.993  -64.030  -2.823 0.6000000238
40037  -25.277  -63.317  -3.290 0.6000000238
40022  -27.779  -63.912  -1.787 0.5000000000
32803  -24.465  -70.711  6.658 0.6000000238
31884  -23.186  -71.734  6.193 0.6000000238
33691  -27.458  -69.482  7.168 0.6999999881
34654  -28.125  -69.256  6.687 0.6999999881
126153  -21.711  -71.923  5.030 0.6000000238
131814  -23.182  -71.019  6.247 0.6000000238
33708  -24.206  -69.871  6.636 0.6000000238
31890  -21.974  -71.281  5.256 0.6000000238
34666  -28.480  -68.752  4.815 0.8000000119
30919  -19.940  -72.767  4.040 0.6000000238
30899  -21.155  -72.141  4.511 0.6000000238
34655  -28.527  -69.066  5.820 0.6999999881
29857  -17.889  -73.565  2.958 0.5000000000
34680  -28.144  -68.554  3.948 0.8000000119
29877  -16.655  -73.621  1.813 0.3000000119
141344  -27.371  -67.156  2.546 0.8000000119
35683  -27.526  -67.763  2.872 0.8000000119
36734  -26.259  -66.222  1.449 0.8000000119
36723  -26.797  -66.878  1.960 0.8000000119
37841  -25.178  -65.088  0.328 0.8000000119
38943  -22.489  -64.614  -1.631 0.8000000119
143301  -24.145  -65.700  -0.187 0.8000000119
135994  -25.189  -65.979  0.420 0.8000000119
143969  -25.518  -67.091  0.822 0.6999999881
38926  -23.652  -64.474  -0.562 0.8000000119
40039  -27.337  -63.092  -2.437 0.6000000238
40024  -29.403  -63.653  -0.976 0.3000000119
135978  -25.074  -70.169  6.922 0.6000000238
33710  -25.822  -69.756  7.190 0.6999999881
33690  -26.592  -69.289  7.381 0.6999999881
146953  -27.798  -69.007  7.144 0.6999999881
33779  -18.797  -69.862  1.888 0.5000000000
31883  -22.630  -71.187  5.809 0.6000000238
32812  -22.884  -70.419  6.022 0.6000000238
34647  -28.491  -68.419  6.455 0.6999999881
122771  -19.965  -71.996  3.458 0.5000000000
31908  -20.868  -71.347  4.014 0.5000000000
32811  -22.283  -70.505  5.425 0.6000000238
133573  -28.742  -67.642  6.151 0.6999999881
121675  -18.108  -72.326  2.034 0.3000000119
29838  -18.608  -72.946  3.201 0.5000000000
35641  -28.618  -68.196  5.490 0.8000000119
123816  -28.731  -66.027  4.179 0.8000000119
144372  -28.189  -67.439  3.808 0.8000000119
36735  -26.929  -65.903  1.972 0.8999999762
144014  -27.458  -65.537  2.421 0.8999999762
35669  -27.893  -67.098  3.242 0.8000000119
36712  -28.170  -66.236  3.397 0.8000000119
28880  -16.896  -74.842  1.487 0.4000000060
37842  -26.052  -64.857  0.844 0.8999999762
41066  -22.608  -62.552  -2.141 0.8000000119
40021  -22.472  -63.324  -2.054 0.8000000119
133818  -24.279  -65.065  -0.154 0.8000000119
36751  -24.524  -66.304  0.021 0.8000000119
41082  -23.488  -62.573  -2.740 0.8000000119
124836  -24.647  -62.636  -3.107 0.6999999881
40038  -26.300  -63.231  -2.823 0.6000000238
41085  -28.192  -62.583  -2.222 0.6000000238
41067  -28.150  -63.301  -1.859 0.6000000238
33709  -24.855  -69.244  7.083 0.6000000238
126118  -25.711  -69.015  7.346 0.6000000238
34624  -26.202  -68.350  7.536 0.6999999881
33717  -23.326  -69.600  6.192 0.6000000238
34625  -27.323  -68.671  7.417 0.6999999881
33716  -22.574  -69.716  5.616 0.6000000238
35611  -27.733  -67.888  7.427 0.8000000119
31925  -19.683  -71.076  2.760 0.6000000238
32840  -20.664  -70.646  3.671 0.5000000000
33727  -21.958  -69.829  5.049 0.6000000238
33692  -28.076  -68.519  7.099 0.6999999881
140383  -28.975  -67.043  5.855 0.8000000119
31939  -18.271  -71.754  1.477 0.4000000060
128944  -28.739  -67.385  5.199 0.6999999881
30933  -18.197  -72.720  2.627 0.4000000060
36713  -28.478  -66.941  4.167 0.8000000119
37807  -28.505  -65.384  3.485 0.8000000119
38928  -25.558  -64.204  0.422 0.8999999762
37828  -27.155  -65.073  1.933 0.8000000119
37818  -27.884  -65.643  2.912 0.8000000119
38929  -26.332  -64.066  0.859 0.8000000119
40006  -23.348  -62.966  -0.877 0.8000000119
40007  -24.256  -63.173  -0.379 0.8000000119
121055  -23.022  -62.028  -1.556 0.8000000119
38927  -24.596  -64.181  -0.185 0.8000000119
135493  -23.748  -63.729  -0.638 0.8000000119
133366  -24.125  -61.943  -2.646 0.8000000119
41057  -23.202  -62.092  -0.994 0.8000000119
132116  -26.069  -61.909  -3.094 0.6999999881
41084  -26.630  -62.514  -3.039 0.6999999881
42061  -28.534  -61.205  -3.499 0.6000000238
42062  -29.356  -61.518  -2.722 0.6000000238
136749  -23.389  -68.786  6.141 0.6000000238
35609  -26.278  -67.419  7.595 0.8000000119
135365  -26.973  -67.934  7.595 0.6999999881
34697  -18.990  -68.557  2.482 0.5000000000
135368  -21.510  -69.142  4.772 0.5000000000
35631  -28.430  -67.659  7.001 0.8000000119
135723  -28.817  -66.980  6.540 0.6999999881
33766  -19.902  -69.960  3.047 0.5000000000
33726  -21.430  -69.944  4.437 0.5000000000
35612  -28.513  -66.753  7.136 0.8000000119
37777  -29.003  -66.174  6.742 0.8000000119
33765  -19.360  -69.544  2.581 0.5000000000
36696  -29.040  -66.521  5.170 0.8000000119
37789  -29.546  -65.125  5.683 0.8000000119
146539  -28.924  -65.477  4.110 0.8000000119
37794  -29.265  -65.570  4.819 0.8000000119
38905  -27.964  -64.775  2.620 0.8000000119
143836  -26.954  -63.899  1.241 0.8000000119
37819  -28.686  -64.618  3.321 0.8000000119
135139  -25.835  -62.862  0.402 0.8000000119
40008  -25.217  -63.414  0.081 0.8999999762
133832  -23.139  -61.926  -2.090 0.8000000119
128587  -23.122  -61.406  -0.910 0.8000000119
42057  -24.716  -61.473  -2.547 0.6999999881
133102  -27.464  -62.205  -2.986 0.6999999881
42058  -25.514  -61.337  -2.807 0.6999999881
42059  -26.471  -61.102  -3.194 0.6999999881
43052  -27.154  -60.333  -3.556 0.6999999881
42060  -27.551  -61.345  -3.365 0.6999999881
36676  -24.782  -66.201  7.217 0.8000000119
35629  -24.670  -67.662  7.124 0.6000000238
130003  -24.897  -67.035  7.299 0.6000000238
36655  -25.549  -66.787  7.510 0.8000000119
37817  -19.590  -64.522  2.831 0.6000000238
36709  -19.809  -66.284  3.198 0.5000000000
34653  -23.077  -68.168  5.922 0.6000000238
35640  -23.445  -67.423  6.124 0.6000000238
36657  -27.421  -66.495  7.615 0.8000000119
133666  -18.266  -63.789  0.786 0.6000000238
38903  -19.053  -63.948  2.175 0.6000000238
133512  -20.343  -64.489  3.579 0.6000000238
36694  -20.956  -66.919  4.123 0.5000000000
34665  -21.756  -68.300  4.966 0.5000000000
43013  -17.608  -60.352  1.549 0.5000000000
41027  -18.471  -62.275  1.544 0.5000000000
39983  -19.393  -62.701  2.458 0.6000000238
38891  -19.998  -63.802  3.209 0.6000000238
34679  -20.120  -68.538  3.457 0.5000000000
35653  -21.401  -67.555  4.557 0.5000000000
37756  -28.506  -66.005  7.351 0.8000000119
37778  -29.342  -65.364  6.542 0.8000000119
41988  -19.005  -61.093  2.060 0.5000000000
34664  -21.112  -68.419  4.454 0.5000000000
41973  -17.044  -60.324  2.106 0.4000000060
33725  -20.911  -69.303  4.111 0.5000000000
39971  -29.125  -63.317  3.283 0.8000000119
38883  -29.565  -64.073  4.495 0.8000000119
142136  -29.482  -64.809  4.886 0.6999999881
39996  -26.652  -63.222  0.842 0.8000000119
38915  -27.421  -64.244  1.788 0.8000000119
39972  -29.466  -63.495  3.905 0.8000000119
38906  -28.623  -63.951  2.921 0.8000000119
39986  -28.630  -63.142  2.597 0.8000000119
42046  -23.085  -61.206  -1.386 0.8999999762
41044  -24.852  -62.409  -0.001 0.8000000119
40009  -25.934  -63.559  0.527 0.8000000119
41043  -23.771  -62.217  -0.523 1.0000000000
42056  -23.841  -61.296  -2.151 0.8000000119
135302  -24.657  -60.784  -2.370 0.6999999881
37775  -24.294  -65.419  6.776 0.8000000119
37753  -25.698  -65.896  7.550 0.8000000119
38892  -20.580  -63.613  3.797 0.6000000238
37774  -23.651  -65.660  6.264 0.6000000238
36674  -23.627  -66.571  6.227 0.6000000238
36656  -26.467  -66.578  7.619 0.8000000119
132494  -27.461  -64.976  7.738 0.8000000119
41013  -18.996  -62.058  2.012 0.5000000000
38904  -19.508  -63.493  2.617 0.6000000238
38880  -21.349  -64.680  4.498 0.6000000238
36685  -22.973  -65.920  5.674 0.6000000238
37755  -27.820  -65.831  7.658 0.8000000119
134154  -28.329  -65.235  7.558 0.8000000119
38846  -28.893  -64.666  7.466 0.6999999881
41014  -19.541  -61.942  2.590 0.5000000000
37793  -21.895  -65.007  4.874 0.6000000238
132619  -23.057  -66.804  5.770 0.6000000238
122684  -17.309  -59.555  1.585 0.4000000060
143320  -19.396  -60.140  2.374 0.4000000060
43001  -19.671  -60.964  2.582 0.4000000060
40997  -20.804  -61.847  3.821 0.4000000060
38865  -29.724  -64.578  6.456 0.6999999881
43000  -18.751  -60.010  1.970 0.4000000060
42987  -19.895  -60.391  2.932 0.4000000060
39959  -21.567  -63.317  4.729 0.4000000060
38876  -29.773  -64.368  5.476 0.6999999881
42970  -21.100  -60.088  4.018 0.4000000060
41956  -21.677  -61.142  4.705 0.5000000000
39961  -29.748  -63.303  4.459 0.6999999881
42986  -19.121  -59.339  2.158 0.3000000119
42955  -21.846  -60.144  5.051 0.5000000000
40980  -21.844  -62.104  4.887 0.5000000000
39997  -27.506  -63.291  1.533 0.8000000119
39998  -28.172  -62.989  2.022 0.8000000119
41015  -29.134  -62.533  2.968 0.8000000119
40998  -29.633  -62.667  3.857 0.8000000119
42035  -22.677  -60.760  -0.642 0.8000000119
42021  -23.181  -61.239  -0.396 1.0000000000
42023  -25.066  -61.514  0.332 0.8000000119
41045  -25.672  -62.149  0.420 0.8000000119
41028  -27.202  -62.440  1.134 0.8000000119
41029  -27.907  -62.421  1.674 0.8000000119
43025  -22.634  -60.445  -0.073 1.0000000000
42006  -26.882  -61.627  0.942 0.8000000119
43026  -24.206  -60.681  0.385 0.8000000119
42024  -26.042  -61.547  0.625 0.8000000119
144405  -24.106  -60.171  -2.129 0.8999999762
43050  -25.636  -60.549  -2.830 0.6999999881
43051  -26.327  -60.255  -3.225 0.6999999881
122179  -27.955  -60.651  -3.728 0.6999999881
43054  -29.283  -60.867  -3.869 0.6000000238
43053  -28.627  -60.418  -4.151 0.6999999881
145847  -27.186  -59.619  -3.930 0.6999999881
43069  -29.901  -60.560  -4.034 0.6000000238
43068  -29.387  -60.024  -4.676 0.6000000238
37776  -24.999  -65.232  7.307 0.8000000119
124253  -25.850  -64.968  7.552 0.8000000119
143744  -20.824  -64.357  4.111 0.5000000000
38862  -23.760  -64.811  6.348 0.8000000119
38863  -24.502  -64.479  6.836 0.8000000119
124421  -26.609  -64.705  7.728 0.8000000119
39984  -19.974  -62.886  3.132 0.5000000000
132675  -21.185  -63.887  4.425 0.6000000238
39960  -22.133  -63.392  5.256 0.5000000000
38845  -28.095  -64.364  7.752 0.6999999881
41975  -20.309  -61.233  3.293 0.4000000060
40979  -21.342  -62.511  4.385 0.5000000000
38875  -23.167  -64.235  5.867 0.6999999881
38874  -22.561  -64.888  5.366 0.6999999881
39922  -27.828  -63.451  7.958 0.6999999881
39923  -28.877  -63.747  7.797 0.6999999881
124905  -29.758  -63.376  7.442 0.6999999881
42969  -20.130  -59.723  3.124 0.3000000119
38847  -29.520  -64.231  7.265 0.6999999881
39925  -30.269  -63.216  6.937 0.6999999881
40963  -30.556  -62.589  6.607 0.6999999881
40981  -30.479  -62.093  5.032 0.6999999881
44009  -21.182  -59.387  4.254 0.4000000060
133933  -29.101  -61.837  2.721 0.8000000119
40973  -30.091  -62.764  4.763 0.6999999881
42008  -28.214  -61.745  1.808 0.8000000119
136027  -28.037  -61.030  1.676 0.8000000119
43003  -29.129  -60.400  2.603 0.6999999881
43027  -25.504  -60.782  0.604 0.8000000119
42007  -27.605  -61.703  1.411 0.8000000119
43040  -22.735  -60.316  -1.105 0.8999999762
43048  -23.607  -60.617  -1.794 0.8999999762
43033  -22.306  -59.968  -0.531 0.8999999762
44059  -22.298  -59.650  -0.043 0.8000000119
43016  -23.039  -60.162  0.279 0.8000000119
132874  -25.007  -59.991  0.641 0.8000000119
44081  -23.991  -59.419  -2.217 0.8999999762
44080  -23.350  -59.810  -1.576 0.8000000119
43049  -24.904  -59.962  -2.466 0.8999999762
128163  -25.698  -59.693  -3.000 0.8000000119
134129  -30.288  -61.541  -2.486 0.4000000060
44084  -26.569  -59.430  -3.540 0.6999999881
44085  -27.842  -59.793  -4.175 0.6999999881
44100  -30.743  -59.510  -4.668 0.5000000000
38864  -24.983  -63.763  7.114 0.6999999881
142680  -25.230  -64.463  7.307 0.8000000119
39941  -24.572  -62.999  6.797 0.6999999881
39921  -26.937  -63.105  7.910 0.6999999881
41976  -20.773  -60.907  3.780 0.4000000060
135249  -23.678  -61.922  6.238 0.6000000238
39942  -25.383  -63.053  7.319 0.6999999881
123045  -29.199  -63.003  7.897 0.6999999881
40949  -29.691  -62.611  7.728 0.6999999881
40950  -30.235  -62.697  7.283 0.6999999881
42946  -23.514  -60.595  6.343 0.5000000000
139073  -30.564  -62.145  7.171 0.6999999881
43992  -22.390  -59.572  5.774 0.4000000060
125402  -30.767  -61.986  5.914 0.6999999881
44961  -22.116  -58.675  5.746 0.3000000119
43993  -23.181  -59.858  6.331 0.5000000000
41989  -28.712  -61.256  2.283 0.6999999881
142605  -29.890  -61.875  3.903 0.6999999881
41946  -30.813  -61.339  5.277 0.6999999881
43982  -22.929  -59.051  6.352 0.4000000060
41990  -29.397  -61.168  2.938 0.6999999881
41958  -30.347  -61.425  4.393 0.6999999881
42988  -29.781  -60.365  3.319 0.6999999881
43002  -28.452  -60.314  2.013 0.6999999881
136185  -23.962  -59.846  0.453 0.8000000119
43017  -26.474  -60.839  0.875 0.8000000119
43018  -27.279  -60.921  1.273 0.8000000119
134837  -26.042  -60.051  0.771 0.8000000119
45019  -22.428  -58.794  -0.431 0.8000000119
45049  -23.854  -58.417  -2.417 0.8000000119
45037  -23.194  -57.968  -1.747 0.8000000119
44074  -22.445  -59.455  -1.029 0.8999999762
44082  -24.844  -59.072  -2.721 0.8999999762
45050  -24.600  -58.058  -3.194 0.8000000119
44095  -26.477  -58.437  -3.704 0.8000000119
127946  -30.237  -60.020  -4.513 0.6000000238
44096  -27.243  -58.946  -4.258 0.6999999881
44097  -28.171  -59.057  -4.554 0.6999999881
46057  -26.956  -57.426  -3.158 0.6999999881
39920  -26.170  -62.992  7.665 0.6999999881
137292  -25.379  -60.872  7.379 0.6000000238
41924  -25.179  -61.694  7.248 0.6000000238
40946  -25.719  -62.284  7.479 0.6999999881
130046  -27.376  -61.817  8.164 0.6999999881
40947  -27.543  -62.573  8.112 0.6999999881
41937  -23.118  -61.340  5.933 0.5000000000
138524  -24.417  -62.019  6.710 0.6000000238
41909  -27.825  -61.248  8.289 0.6999999881
40927  -28.154  -62.045  8.285 0.6999999881
40948  -28.455  -62.865  8.106 0.6999999881
41939  -24.655  -61.141  6.997 0.6000000238
44960  -21.410  -58.153  4.806 0.3000000119
133073  -23.899  -60.011  6.586 0.5000000000
42947  -24.257  -60.530  6.739 0.5000000000
42933  -26.147  -60.556  7.653 0.6000000238
41927  -30.682  -61.489  7.348 0.6999999881
43983  -23.787  -59.333  6.675 0.4000000060
44950  -24.409  -58.811  7.083 0.5000000000
43968  -25.235  -59.059  7.357 0.6000000238
42949  -31.165  -60.994  6.948 0.6999999881
42971  -30.835  -60.520  4.713 0.6999999881
41941  -31.089  -61.230  6.151 0.6999999881
46986  -23.976  -57.187  7.319 0.3000000119
134655  -26.916  -60.099  1.119 0.8000000119
43019  -27.724  -60.204  1.520 0.8000000119
44053  -28.139  -59.460  1.779 0.6999999881
44045  -28.847  -59.510  2.380 0.6999999881
44029  -29.883  -59.463  3.308 0.6999999881
44061  -24.490  -59.069  0.529 0.8000000119
44052  -27.362  -59.372  1.385 0.8000000119
45029  -22.552  -58.679  -0.968 0.8000000119
44060  -23.059  -59.276  0.175 0.8000000119
44062  -25.563  -59.396  0.741 0.8000000119
46054  -23.807  -57.478  -2.706 0.8000000119
47067  -24.292  -56.562  -0.204 0.8000000119
46022  -25.461  -57.661  0.758 0.8000000119
125184  -25.570  -56.898  0.905 0.8000000119
48047  -25.700  -55.525  0.831 0.8000000119
44099  -29.980  -59.331  -4.815 0.6000000238
44098  -29.074  -59.136  -4.797 0.6999999881
45051  -26.351  -57.772  -3.700 0.8000000119
132283  -27.783  -58.480  -4.280 0.6000000238
47115  -27.376  -56.718  -2.060 0.6999999881
46058  -28.204  -57.377  -2.535 0.6000000238
46071  -29.005  -57.896  -3.210 0.6000000238
41925  -25.981  -61.440  7.615 0.6000000238
43985  -25.513  -59.958  7.394 0.6000000238
42919  -28.418  -60.678  8.422 0.6999999881
41910  -28.735  -61.472  8.353 0.6999999881
42934  -26.816  -60.151  7.966 0.6000000238
42920  -29.410  -60.856  8.373 0.6999999881
141234  -30.177  -60.569  8.159 0.6999999881
42921  -30.201  -61.238  7.937 0.6999999881
43970  -26.730  -59.369  7.874 0.5000000000
132985  -28.934  -60.174  8.509 0.6999999881
42935  -30.773  -60.604  7.580 0.6999999881
43969  -26.044  -59.202  7.577 0.5000000000
44939  -26.554  -58.583  7.819 0.5000000000
42936  -31.342  -60.133  7.061 0.6999999881
45935  -24.210  -57.979  7.142 0.3000000119
45922  -24.831  -57.418  7.427 0.3000000119
44937  -25.027  -58.218  7.359 0.4000000060
139544  -29.436  -59.768  2.854 0.6999999881
43986  -31.621  -59.590  6.434 0.6999999881
46971  -24.616  -56.639  7.499 0.3000000119
126342  -25.137  -56.016  7.638 0.3000000119
136249  -31.035  -59.677  4.621 0.6999999881
43994  -31.356  -59.859  5.455 0.6999999881
44030  -30.323  -59.051  3.688 0.6999999881
44011  -31.374  -59.033  4.937 0.6999999881
44051  -26.445  -59.195  1.010 0.8000000119
142400  -28.962  -58.764  2.472 0.6999999881
44046  -29.422  -59.085  2.800 0.6999999881
45974  -31.340  -57.393  4.821 0.6999999881
44995  -29.854  -58.663  3.268 0.6999999881
45973  -30.731  -57.550  4.263 0.6999999881
45020  -23.476  -58.207  -0.112 0.8000000119
45022  -25.556  -58.625  0.747 0.8000000119
45003  -28.421  -58.736  2.103 0.6999999881
45989  -30.141  -57.138  3.736 0.6999999881
47038  -30.176  -56.358  3.969 0.6999999881
45021  -24.713  -58.211  0.449 0.8000000119
45010  -26.376  -58.176  1.072 0.8000000119
45011  -27.063  -58.622  1.300 0.8000000119
45012  -27.746  -58.640  1.638 0.8000000119
124555  -29.462  -56.981  3.073 0.8000000119
146506  -29.913  -55.837  3.855 0.6999999881
45030  -22.980  -57.837  -1.078 0.8000000119
46010  -26.253  -57.251  1.231 0.8000000119
47057  -26.886  -56.625  1.642 0.8000000119
47045  -28.262  -56.530  2.549 0.8000000119
46041  -23.515  -57.147  -1.919 0.8000000119
137228  -23.493  -56.919  -1.357 0.8000000119
46009  -25.005  -56.955  0.463 0.8000000119
48041  -28.097  -55.681  2.683 0.8000000119
47068  -24.151  -55.570  -0.619 0.8000000119
136924  -26.372  -55.913  1.461 0.8000000119
48049  -26.920  -55.842  1.812 0.8000000119
49072  -28.065  -54.655  2.399 0.8000000119
46042  -23.935  -56.703  -2.672 0.8000000119
47113  -24.698  -56.547  -2.964 0.8000000119
126464  -30.716  -58.852  -4.367 0.5000000000
45065  -29.798  -58.497  -4.098 0.6000000238
47099  -25.057  -55.767  -2.209 0.8000000119
47114  -26.052  -56.600  -2.518 0.8000000119
46072  -30.233  -57.714  -2.543 0.6000000238
46059  -29.307  -57.314  -1.963 0.6000000238
42918  -27.558  -60.443  8.258 0.6999999881
132532  -26.264  -59.843  7.669 0.6000000238
132941  -28.197  -59.894  8.442 0.6999999881
129968  -29.692  -60.056  8.421 0.6999999881
44940  -27.249  -58.826  8.161 0.5000000000
43957  -29.015  -59.378  8.550 0.6999999881
138513  -25.952  -57.250  7.657 0.4000000060
125602  -26.280  -56.850  7.828 0.4000000060
45907  -26.961  -57.133  8.120 0.5000000000
43972  -31.070  -59.720  7.583 0.6999999881
46973  -25.935  -56.107  7.885 0.3000000119
46956  -26.843  -56.100  8.243 0.3000000119
46957  -27.591  -56.701  8.423 0.5000000000
139501  -31.743  -58.251  7.374 0.6999999881
44951  -31.927  -58.734  6.639 0.6999999881
145688  -24.403  -55.972  7.504 0.3000000119
47968  -26.742  -55.105  8.289 0.3000000119
140015  -32.031  -58.194  6.030 0.6999999881
49005  -26.099  -54.801  8.038 0.3000000119
47004  -32.213  -56.179  5.902 0.6999999881
46012  -28.087  -57.922  1.975 0.8000000119
45988  -29.732  -57.817  3.224 0.6999999881
146937  -31.274  -56.739  4.780 0.6999999881
125268  -28.740  -58.116  2.400 0.6999999881
47037  -29.674  -56.339  3.519 0.6999999881
48019  -30.469  -55.760  4.321 0.6999999881
46021  -24.466  -57.468  0.115 0.8000000119
46000  -28.490  -57.342  2.384 0.6999999881
48032  -29.438  -55.559  3.455 0.8000000119
46030  -23.681  -57.190  -0.745 0.8000000119
49060  -29.422  -54.710  3.397 0.8000000119
49071  -27.351  -55.338  2.104 0.8000000119
49073  -28.942  -54.251  2.811 0.8000000119
47082  -23.709  -56.252  -1.049 0.8000000119
47097  -23.750  -56.358  -1.827 0.8000000119
47055  -25.054  -56.127  0.403 0.8000000119
48048  -26.444  -55.105  1.409 0.8000000119
49087  -27.150  -54.453  1.663 0.8000000119
50050  -28.506  -53.696  2.194 0.8000000119
47098  -24.212  -55.971  -2.171 0.8000000119
47083  -24.016  -55.552  -1.429 0.8000000119
49086  -25.522  -54.552  0.462 0.8000000119
50070  -28.949  -52.722  1.938 0.8000000119
47100  -26.466  -55.954  -1.675 0.8000000119
43971  -27.403  -59.625  8.222 0.6000000238
43956  -28.023  -59.081  8.452 0.6000000238
46972  -25.499  -56.842  7.617 0.3000000119
45924  -26.333  -57.691  7.786 0.5000000000
44924  -28.658  -58.474  8.563 0.6000000238
45908  -27.633  -57.480  8.408 0.5000000000
123795  -29.251  -57.805  8.593 0.6999999881
44925  -29.630  -58.610  8.523 0.6999999881
44926  -30.542  -58.725  8.264 0.6999999881
129792  -28.135  -57.075  8.587 0.6000000238
45910  -29.832  -57.023  8.617 0.6999999881
123863  -30.231  -57.927  8.431 0.6999999881
44927  -31.140  -58.104  8.054 0.6999999881
47981  -25.600  -55.353  7.802 0.3000000119
46960  -30.605  -56.408  8.506 0.6999999881
49004  -25.361  -54.567  7.850 0.3000000119
122524  -27.610  -53.272  8.849 0.3000000119
45912  -31.643  -57.370  7.799 0.6999999881
45925  -32.120  -57.332  7.265 0.6999999881
51848  -26.059  -51.163  8.070 0.3000000119
51831  -26.608  -51.767  8.508 0.3000000119
123294  -27.974  -51.883  9.079 0.3000000119
52820  -25.758  -50.585  7.441 0.3000000119
47003  -31.694  -56.678  5.311 0.6999999881
47024  -31.181  -56.155  4.796 0.6999999881
49061  -29.963  -54.319  3.853 0.8000000119
50036  -29.548  -53.860  3.272 0.8000000119
50051  -29.229  -53.412  2.607 0.8000000119
48068  -24.348  -54.622  -1.091 0.8000000119
48055  -24.739  -54.976  -0.127 0.8000000119
49099  -24.814  -54.093  -0.559 0.8000000119
50066  -25.480  -53.690  0.049 0.8000000119
127353  -26.208  -54.082  0.987 0.8000000119
50068  -26.978  -53.479  1.198 0.8000000119
50069  -27.976  -53.157  1.570 0.8000000119
48080  -25.594  -54.803  -1.743 0.8000000119
50067  -26.137  -53.390  0.508 0.8000000119
48081  -26.919  -55.354  -1.288 0.6999999881
47101  -27.731  -56.017  -1.389 0.6000000238
130882  -28.359  -57.700  8.581 0.6000000238
121013  -29.790  -56.119  8.713 0.6000000238
45911  -30.876  -57.251  8.320 0.6999999881
49974  -27.751  -54.066  8.890 0.4000000060
47962  -29.758  -55.240  9.028 0.6000000238
46961  -31.428  -56.556  8.120 0.6999999881
48969  -29.733  -53.759  9.454 0.4000000060
47983  -31.826  -55.838  7.955 0.6999999881
46974  -32.037  -56.608  7.618 0.6999999881
45926  -32.304  -57.172  6.666 0.6999999881
51833  -28.203  -51.151  9.131 0.3000000119
49966  -30.460  -53.610  9.368 0.4000000060
127178  -31.557  -55.089  8.342 0.6000000238
122873  -32.447  -55.034  7.087 0.6999999881
46987  -32.358  -56.546  6.460 0.6999999881
48004  -31.682  -55.749  5.357 0.6999999881
131352  -32.376  -54.966  6.445 0.6999999881
49037  -31.612  -54.857  5.421 0.6999999881
49051  -30.941  -54.370  4.941 0.6999999881
47046  -28.988  -56.161  2.961 0.8000000119
48042  -28.805  -55.151  3.000 0.8000000119
49088  -27.771  -53.917  1.789 0.8000000119
51906  -29.755  -52.245  2.469 0.8000000119
139812  -28.750  -52.003  1.416 0.8000000119
50100  -25.225  -53.612  -1.247 0.8000000119
50982  -26.476  -52.758  0.442 0.8000000119
50983  -27.347  -52.644  0.977 0.8000000119
50079  -25.835  -53.022  -0.278 0.8000000119
47116  -28.551  -56.700  -1.612 0.6000000238
48082  -27.956  -55.088  -1.260 0.6000000238
144718  -26.693  -54.661  -1.396 0.6999999881
49130  -27.011  -54.068  -1.438 0.6999999881
47971  -28.987  -55.847  8.863 0.6000000238
47972  -30.423  -55.696  8.685 0.6000000238
49956  -28.783  -53.111  9.400 0.3000000119
127954  -31.140  -55.760  8.410 0.6000000238
51825  -28.726  -51.804  9.425 0.3000000119
50890  -29.903  -52.614  9.557 0.3000000119
49975  -30.981  -54.070  9.075 0.5000000000
51826  -30.154  -51.878  9.562 0.3000000119
50900  -30.749  -52.460  9.438 0.5000000000
49006  -32.296  -54.310  7.562 0.6999999881
53866  -27.673  -49.674  8.208 0.3000000119
52804  -28.651  -50.393  9.055 0.3000000119
50902  -32.093  -52.196  8.397 0.4000000060
49024  -32.387  -54.147  6.706 0.6999999881
53896  -27.658  -48.699  7.260 0.3000000119
50008  -32.332  -53.175  6.681 0.6000000238
124631  -31.525  -53.042  5.456 0.6000000238
50013  -32.084  -52.671  6.064 0.6000000238
50023  -30.456  -53.922  4.356 0.8000000119
50024  -30.966  -53.468  4.879 0.6999999881
51870  -31.804  -52.177  5.381 0.6000000238
50949  -31.199  -52.499  4.617 0.6999999881
51889  -31.675  -51.629  4.718 0.6999999881
50052  -29.828  -53.025  3.031 0.8000000119
141310  -30.323  -52.888  3.562 0.8000000119
51898  -30.707  -51.860  3.367 0.6999999881
51899  -31.214  -51.667  3.899 0.6999999881
143690  -29.461  -52.862  2.493 0.8000000119
50969  -30.297  -52.350  3.161 0.8000000119
51908  -31.005  -51.274  3.135 0.6999999881
141776  -31.449  -50.978  3.542 0.6999999881
51922  -29.361  -51.790  1.729 0.8000000119
51923  -30.026  -51.354  2.092 0.8000000119
52883  -30.713  -50.913  2.431 0.6999999881
52876  -31.425  -50.479  2.895 0.6999999881
50092  -25.160  -53.525  -0.820 0.8000000119
50984  -28.167  -52.389  1.301 0.8000000119
52895  -30.315  -50.555  1.692 0.8000000119
51936  -27.572  -51.471  0.460 0.8000000119
51938  -28.898  -51.348  1.168 0.8000000119
48079  -24.592  -54.943  -1.564 0.8000000119
50093  -25.785  -53.200  -0.841 0.8000000119
143472  -26.493  -51.725  -0.113 0.8000000119
49128  -24.860  -54.118  -1.533 0.8000000119
124103  -26.257  -53.262  -1.185 0.6999999881
47102  -28.806  -55.983  -1.117 0.6000000238
48084  -29.897  -54.950  -1.737 0.6000000238
49129  -25.739  -53.947  -1.417 0.8000000119
50101  -27.407  -53.339  -1.624 0.6999999881
49976  -31.615  -53.800  8.708 0.5000000000
48992  -31.891  -54.402  8.231 0.5000000000
52794  -28.894  -51.057  9.337 0.3000000119
51834  -31.000  -51.676  9.412 0.4000000060
134653  -31.902  -53.013  8.640 0.5000000000
49990  -32.374  -53.498  7.376 0.6000000238
53868  -29.325  -49.563  9.115 0.3000000119
135104  -32.282  -52.890  7.972 0.5000000000
142377  -32.388  -52.818  7.265 0.6000000238
54961  -29.696  -48.639  8.726 0.3000000119
125844  -30.356  -49.164  9.238 0.3000000119
50917  -32.351  -52.169  7.618 0.6000000238
50927  -32.360  -52.354  6.768 0.6000000238
54993  -27.989  -48.071  6.886 0.3000000119
54975  -29.222  -48.134  7.963 0.3000000119
54962  -31.201  -48.906  8.901 0.3000000119
56052  -28.732  -47.712  7.220 0.3000000119
51862  -32.283  -51.740  6.087 0.6000000238
127094  -27.522  -46.930  6.392 0.3000000119
51890  -32.095  -50.952  4.907 0.6999999881
52866  -31.740  -51.004  4.181 0.6999999881
52908  -29.802  -50.172  1.002 0.8000000119
52896  -31.046  -50.132  2.032 0.6999999881
52894  -29.578  -50.960  1.432 0.6999999881
52907  -29.043  -50.595  0.811 0.8000000119
146637  -29.157  -49.859  0.459 0.6999999881
50992  -26.252  -52.180  -0.181 0.8000000119
52905  -27.543  -50.754  0.065 0.8000000119
146812  -28.681  -49.692  0.147 0.6000000238
48090  -30.867  -55.401  -2.002 0.6000000238
51003  -26.341  -52.576  -0.927 0.6999999881
126732  -26.666  -51.784  -1.112 0.6999999881
50102  -28.260  -53.440  -1.824 0.6999999881
50103  -28.947  -53.815  -1.783 0.6999999881
51012  -27.041  -52.487  -1.447 0.6999999881
55100  -28.501  -48.597  -3.164 0.5000000000
54026  -29.550  -48.859  -3.338 0.5000000000
51849  -32.411  -51.541  7.042 0.6000000238
131758  -32.448  -50.917  6.498 0.6000000238
52823  -32.566  -50.181  6.952 0.6000000238
53915  -32.836  -49.515  5.601 0.6000000238
52867  -32.230  -50.366  4.371 0.6999999881
53931  -32.672  -49.527  4.542 0.6999999881
52877  -31.867  -50.434  3.661 0.6999999881
58210  -25.302  -45.396  5.801 0.3000000119
53949  -31.664  -49.633  2.450 0.6999999881
145591  -32.302  -49.904  3.850 0.6999999881
53941  -32.036  -49.820  3.187 0.6999999881
53959  -30.584  -49.723  1.269 0.6999999881
53960  -31.325  -49.287  1.686 0.6000000238
145642  -26.150  -52.650  -0.567 0.6999999881
130002  -26.400  -51.981  -0.656 0.6999999881
53971  -26.995  -50.685  -0.539 0.6999999881
53972  -27.396  -50.051  -0.528 0.6000000238
51962  -26.652  -51.097  -0.887 0.6999999881
49145  -29.712  -54.136  -2.094 0.6000000238
51020  -27.864  -52.007  -1.783 0.6999999881
51970  -27.514  -51.125  -1.959 0.6999999881
51971  -28.561  -51.555  -2.146 0.6999999881
51972  -29.081  -51.012  -2.552 0.6000000238
53884  -32.586  -49.423  7.380 0.4000000060
121870  -32.853  -48.837  7.014 0.5000000000
53897  -32.769  -49.511  6.531 0.6000000238
55010  -33.059  -48.812  6.202 0.5000000000
55024  -33.124  -48.614  5.176 0.6000000238
59201  -25.357  -44.436  5.806 0.3000000119
58191  -26.024  -44.864  5.996 0.3000000119
53942  -32.486  -49.242  3.610 0.6999999881
55042  -32.316  -48.277  2.375 0.6000000238
130722  -32.611  -48.391  3.252 0.6000000238
55041  -31.873  -48.932  2.151 0.6000000238
53974  -28.942  -49.254  0.029 0.6000000238
55049  -30.892  -48.827  0.909 0.6000000238
53987  -26.658  -50.297  -0.945 0.6999999881
141557  -28.173  -49.519  -0.252 0.6000000238
53975  -29.912  -49.253  0.489 0.6000000238
53988  -26.849  -49.713  -1.109 0.6999999881
55077  -27.457  -48.490  -1.318 0.6000000238
52945  -27.007  -50.414  -1.665 0.6999999881
51021  -28.853  -52.392  -1.985 0.6999999881
50111  -29.517  -53.509  -2.210 0.6000000238
50112  -30.245  -53.519  -2.857 0.5000000000
51022  -29.645  -52.869  -2.408 0.6000000238
51023  -30.454  -52.625  -3.178 0.5000000000
52946  -27.512  -50.329  -2.229 0.6000000238
134680  -29.736  -51.907  -2.409 0.5000000000
52947  -28.386  -50.257  -2.602 0.5000000000
52948  -29.565  -50.332  -2.809 0.5000000000
51973  -30.156  -51.169  -2.903 0.5000000000
54014  -30.112  -49.685  -3.129 0.5000000000
55118  -30.154  -48.295  -3.501 0.5000000000
56056  -32.620  -47.781  7.448 0.4000000060
54994  -33.025  -48.221  6.830 0.4000000060
56068  -32.632  -47.006  7.267 0.4000000060
57093  -30.380  -46.397  7.535 0.4000000060
59180  -25.919  -44.024  5.951 0.3000000119
136826  -27.048  -43.968  6.321 0.3000000119
128751  -28.761  -44.861  6.456 0.3000000119
139047  -32.976  -47.897  3.847 0.6000000238
61218  -26.561  -42.096  5.827 0.3000000119
143315  -32.582  -47.948  2.828 0.6000000238
56120  -31.798  -47.337  1.255 0.5000000000
55051  -32.233  -47.687  1.848 0.6000000238
138228  -29.851  -47.923  -0.147 0.6000000238
55063  -30.271  -48.287  0.274 0.6000000238
55062  -29.295  -48.445  -0.194 0.6000000238
56119  -31.120  -47.850  0.661 0.6000000238
55061  -28.216  -48.784  -0.558 0.6000000238
56130  -29.301  -47.564  -0.510 0.6000000238
53998  -26.705  -50.101  -1.130 0.6999999881
56141  -27.500  -47.629  -1.606 0.6000000238
54011  -27.034  -49.819  -1.857 0.6999999881
54013  -28.708  -49.428  -2.933 0.5000000000
55117  -29.018  -48.152  -3.447 0.5000000000
57094  -31.299  -46.492  7.690 0.4000000060
56069  -33.061  -47.462  6.772 0.4000000060
57109  -32.211  -46.300  7.254 0.4000000060
54995  -33.279  -48.016  6.069 0.5000000000
135786  -32.140  -45.460  6.907 0.4000000060
128605  -33.357  -46.999  5.383 0.4000000060
55025  -33.308  -47.668  5.292 0.4000000060
56096  -33.168  -47.938  4.528 0.5000000000
61198  -26.739  -42.835  6.031 0.3000000119
125889  -27.924  -42.761  6.294 0.3000000119
60216  -28.215  -43.390  6.497 0.4000000060
56108  -33.120  -47.189  3.813 0.4000000060
61199  -28.039  -42.090  6.178 0.3000000119
60217  -29.098  -43.480  6.681 0.4000000060
56121  -32.343  -46.960  1.876 0.5000000000
56107  -32.787  -47.640  3.222 0.6000000238
57157  -31.231  -46.827  0.512 0.5000000000
56131  -30.337  -47.352  -0.055 0.6000000238
126020  -31.227  -45.796  0.533 0.5000000000
56129  -28.319  -47.979  -0.897 0.6000000238
58260  -28.839  -46.167  -1.126 0.6000000238
55086  -27.062  -48.251  -2.005 0.6000000238
125750  -27.371  -46.761  -1.779 0.6000000238
55085  -27.088  -49.131  -1.960 0.5000000000
54012  -27.528  -49.579  -2.428 0.5000000000
55099  -27.524  -48.612  -2.606 0.5000000000
139705  -28.623  -47.572  -3.325 0.5000000000
56165  -29.528  -47.583  -3.471 0.5000000000
56166  -30.736  -47.565  -3.465 0.5000000000
146416  -31.567  -45.818  7.260 0.4000000060
56070  -33.337  -47.199  6.043 0.4000000060
57110  -32.973  -46.591  6.669 0.4000000060
58212  -33.280  -45.792  5.621 0.4000000060
57123  -33.365  -46.455  5.079 0.4000000060
58197  -32.840  -45.254  6.250 0.4000000060
58226  -33.339  -45.756  4.706 0.4000000060
57134  -33.305  -46.496  4.251 0.4000000060
62138  -26.827  -41.355  5.677 0.3000000119
57150  -32.464  -46.180  2.138 0.4000000060
57142  -33.146  -46.516  3.563 0.5000000000
58251  -31.658  -45.323  1.337 0.4000000060
57165  -29.538  -46.672  -0.629 0.6000000238
57166  -30.502  -46.265  -0.138 0.5000000000
129493  -31.041  -44.890  0.779 0.5000000000
57164  -28.326  -46.988  -1.135 0.6000000238
136500  -28.469  -45.413  -1.055 0.5000000000
58261  -29.593  -45.731  -0.617 0.5000000000
56152  -27.333  -47.643  -2.420 0.5000000000
56147  -27.177  -47.318  -2.007 0.6000000238
121450  -26.955  -45.949  -1.817 0.6000000238
130875  -27.857  -46.074  -1.514 0.6000000238
126305  -27.019  -46.526  -2.010 0.6000000238
56164  -27.900  -47.230  -2.903 0.5000000000
57211  -28.848  -46.861  -3.264 0.5000000000
123468  -27.340  -46.835  -2.330 0.5000000000
64763  -25.527  -38.591  4.593 0.3000000119
121109  -27.228  -38.438  4.899 0.4000000060
65664  -27.914  -37.842  4.866 0.4000000060
58274  -27.408  -45.202  -1.535 0.5000000000
145805  -26.052  -37.090  4.382 0.4000000060
58288  -26.887  -45.139  -1.980 0.5000000000
59254  -28.174  -43.898  -0.462 0.5000000000
60290  -29.155  -43.736  0.013 0.5000000000
58302  -26.887  -45.324  -2.295 0.5000000000
59253  -27.361  -43.890  -0.919 0.5000000000
57210  -27.787  -46.354  -2.709 0.5000000000
58319  -27.861  -45.617  -2.966 0.6000000238
138363  -31.491  -46.609  -3.282 0.5000000000
57194  -29.799  -46.302  -2.998 0.6000000238
144179  -29.305  -45.784  -2.856 0.5000000000
57195  -30.927  -46.159  -2.812 0.6000000238
137406  -27.421  -37.133  4.600 0.4000000060
64765  -28.943  -38.188  5.061 0.4000000060
59281  -26.601  -44.328  -2.084 0.5000000000
59293  -27.981  -44.505  -2.894 0.5000000000
130435  -28.139  -43.706  -2.413 0.5000000000
60321  -26.466  -43.542  -2.079 0.5000000000
122673  -28.693  -46.055  -2.909 0.5000000000
58320  -28.635  -45.231  -2.998 0.5000000000
58304  -31.373  -45.321  -2.504 0.4000000060
123150  -29.329  -44.354  -2.494 0.5000000000
58303  -30.032  -45.422  -2.663 0.5000000000
65665  -28.886  -37.435  4.730 0.4000000060
66682  -27.052  -36.455  4.267 0.4000000060
60312  -26.540  -43.457  -1.739 0.5000000000
137120  -28.225  -43.046  -0.217 0.4000000060
59294  -30.680  -44.517  -2.300 0.5000000000
59295  -31.829  -44.312  -2.232 0.3000000119
61280  -26.906  -41.730  -1.442 0.4000000060
60323  -29.204  -43.392  -2.286 0.4000000060
140817  -31.094  -43.958  -2.137 0.5000000000
60326  -32.447  -43.454  -2.395 0.4000000060
130419  -30.821  -42.772  -2.205 0.4000000060
61287  -29.611  -42.503  -2.298 0.4000000060
60333  -34.517  -43.539  -3.394 0.4000000060
60324  -30.367  -43.551  -2.173 0.4000000060
61289  -31.752  -42.575  -2.533 0.4000000060
135825  -29.237  -41.324  -2.555 0.4000000060
61290  -32.940  -42.746  -2.917 0.4000000060
61298  -34.030  -42.782  -3.597 0.4000000060
61299  -34.942  -42.800  -3.869 0.4000000060
62225  -35.316  -42.399  -3.563 0.4000000060
61288  -30.584  -41.941  -2.494 0.4000000060
138553  -32.436  -42.125  -3.159 0.4000000060
62214  -30.183  -40.876  -2.892 0.4000000060
63085  -30.042  -39.924  -3.062 0.4000000060
62216  -32.708  -41.515  -3.758 0.3000000119
138028  -33.612  -41.551  -4.267 0.4000000060
62223  -34.267  -42.049  -4.173 0.4000000060
62215  -31.538  -41.510  -3.046 0.3000000119
63095  -34.196  -41.202  -4.491 0.5000000000
62222  -32.082  -40.923  -3.791 0.4000000060
122315  -33.145  -40.807  -4.383 0.4000000060
31999  -23.262  -71.752  -2.087 0.6999999881
30936  -27.327  -72.854  3.148 0.6999999881
29801  -26.475  -73.176  6.301 0.6999999881
32857  -27.380  -70.621  2.851 0.8000000119
123516  -27.971  -71.325  5.161 0.8000000119
31874  -23.858  -71.265  6.454 0.6000000238
143295  -25.882  -70.449  6.980 0.6000000238
127683  -27.931  -67.856  3.571 0.8000000119
131447  -18.500  -71.195  1.357 0.4000000060
40015  -22.827  -62.757  -1.597 0.8000000119
35630  -25.410  -67.611  7.472 0.6000000238
142635  -19.771  -67.958  3.326 0.5000000000
37788  -29.322  -65.920  5.862 0.8000000119
38893  -29.153  -64.072  3.617 0.8000000119
36658  -28.121  -66.463  7.494 0.8000000119
43015  -18.383  -60.383  1.663 0.4000000060
37787  -23.229  -65.100  5.878 0.6000000238
39969  -20.678  -62.669  3.784 0.5000000000
39952  -22.812  -63.435  5.649 0.6000000238
38844  -27.050  -64.008  7.862 0.6999999881
146730  -29.624  -62.165  7.911 0.6999999881
43958  -30.042  -59.357  8.427 0.6999999881
48020  -31.046  -55.278  4.866 0.6999999881
48991  -31.378  -54.459  8.661 0.6000000238
49023  -32.092  -54.479  5.990 0.6999999881
50012  -31.489  -53.953  5.496 0.6000000238
47961  -28.747  -55.076  9.075 0.6000000238
50901  -31.514  -52.340  9.029 0.5000000000
52808  -32.346  -50.145  7.890 0.4000000060
55050  -31.708  -48.334  1.511 0.6000000238
124910  -32.659  -45.897  6.710 0.4000000060
120821  -29.918  -47.004  -3.423 0.5000000000
59203  -33.183  -45.035  5.273 0.4000000060
135162  -28.226  -42.777  -2.206 0.4000000060
29956  -21.607  -73.149  -4.777 0.5000000000
32020  -21.783  -71.845  -4.284 0.5000000000
28937  -23.667  -74.267  -3.641 0.6999999881
33842  -22.533  -69.213  -3.931 0.5000000000
26032  -22.663  -77.145  3.547 0.5000000000
35767  -21.659  -67.611  -3.693 0.6999999881
29878  -26.589  -73.632  1.575 0.6999999881
30964  -26.389  -72.268  1.268 0.6999999881
32897  -24.028  -70.670  -0.937 0.6999999881
131059  -24.445  -71.223  -0.805 0.6999999881
35731  -23.591  -67.625  -0.453 0.6999999881
35755  -23.436  -66.529  -3.282 0.6999999881
137191  -25.255  -66.839  -2.319 0.5000000000
36795  -24.319  -66.175  -3.106 0.6000000238
124759  -25.903  -64.914  -2.599 0.5000000000
28830  -22.305  -74.528  5.237 0.6000000238
32867  -26.354  -70.709  1.144 0.6999999881
37889  -22.709  -65.414  -3.120 0.6999999881
28810  -23.876  -75.191  5.951 0.6000000238
32856  -26.829  -70.485  2.018 0.6999999881
37865  -27.593  -65.769  -1.463 0.4000000060
31885  -27.528  -72.053  5.491 0.8000000119
29820  -21.110  -73.090  4.734 0.6000000238
29819  -20.478  -73.412  4.469 0.6000000238
38944  -22.405  -64.055  -1.945 0.8000000119
30884  -24.040  -72.106  6.475 0.6999999881
33728  -28.226  -70.001  4.156 0.6999999881
28860  -17.269  -74.219  2.395 0.5000000000
35682  -27.075  -67.741  2.223 0.8000000119
38963  -26.929  -63.952  -2.357 0.5000000000
33712  -27.710  -70.163  6.650 0.6999999881
30920  -20.490  -72.004  3.921 0.6000000238
35670  -28.390  -67.869  4.402 0.8000000119
130360  -26.015  -67.043  1.347 0.8000000119
41083  -25.680  -62.588  -3.082 0.6999999881
32820  -21.721  -70.596  4.817 0.6000000238
41069  -29.701  -62.791  -1.261 0.4000000060
32880  -18.242  -70.669  0.998 0.3000000119
31907  -20.189  -71.316  3.401 0.5000000000
31906  -19.589  -71.681  2.901 0.5000000000
30934  -18.898  -72.035  2.395 0.5000000000
37827  -26.491  -65.391  1.410 0.8999999762
34646  -25.155  -68.390  7.346 0.6000000238
136446  -23.964  -69.017  6.556 0.6000000238
126350  -28.010  -67.122  7.445 0.8000000119
136618  -22.142  -69.024  5.310 0.5000000000
32866  -19.281  -70.931  2.236 0.4000000060
32855  -19.606  -70.432  2.652 0.5000000000
32839  -20.088  -70.560  3.174 0.5000000000
39985  -28.053  -63.737  2.240 0.8000000119
126815  -26.833  -61.824  -3.248 0.6999999881
43055  -30.035  -61.060  -3.256 0.4000000060
34644  -23.713  -68.229  6.363 0.6000000238
35681  -19.270  -67.693  2.804 0.5000000000
33743  -19.984  -69.285  3.220 0.5000000000
34652  -22.425  -68.216  5.458 0.5000000000
133496  -20.454  -69.096  3.601 0.5000000000
138872  -29.328  -64.875  7.047 0.6999999881
36675  -24.288  -66.911  6.787 0.6000000238
37804  -19.326  -65.640  2.642 0.5000000000
36711  -20.932  -66.018  4.071 0.6000000238
36710  -20.394  -66.508  3.651 0.5000000000
37805  -20.178  -65.506  3.452 0.6000000238
36722  -19.327  -66.666  2.723 0.5000000000
35639  -22.753  -67.452  5.609 0.5000000000
39995  -18.916  -63.078  1.914 0.6000000238
36693  -20.474  -67.213  3.767 0.5000000000
36695  -21.670  -66.556  4.640 0.6000000238
37792  -21.479  -65.523  4.533 0.6000000238
34663  -20.582  -68.481  3.921 0.5000000000
35654  -22.100  -67.452  5.058 0.5000000000
42999  -17.856  -59.475  1.291 0.4000000060
39943  -30.062  -63.974  6.073 0.6999999881
39954  -30.023  -63.527  5.308 0.6999999881
41046  -26.434  -62.320  0.672 0.8000000119
42022  -24.029  -61.452  -0.060 0.8999999762
39970  -21.063  -63.191  4.248 0.5000000000
38881  -21.867  -64.174  4.967 0.6000000238
37786  -22.165  -65.760  5.071 0.6000000238
133730  -22.499  -64.024  5.436 0.6000000238
41955  -21.351  -61.726  4.294 0.4000000060
40971  -22.459  -62.657  5.426 0.5000000000
40974  -30.413  -62.738  5.646 0.6999999881
131950  -22.359  -61.001  5.406 0.5000000000
41945  -22.427  -61.765  5.381 0.5000000000
41016  -29.513  -61.888  3.318 0.6999999881
129291  -23.246  -60.812  0.140 0.8000000119
43067  -28.634  -59.664  -4.570 0.6999999881
145445  -26.520  -63.495  7.749 0.6999999881
128213  -23.892  -63.999  6.335 0.6999999881
135665  -24.399  -63.715  6.671 0.6999999881
39953  -23.465  -63.432  6.049 0.6000000238
41940  -30.877  -61.770  6.730 0.6999999881
42956  -22.712  -60.452  5.864 0.5000000000
43991  -21.632  -59.082  4.943 0.4000000060
44083  -25.663  -58.749  -3.301 0.8000000119
40962  -25.034  -62.405  7.132 0.6000000238
125086  -26.637  -62.174  7.866 0.6999999881
130473  -23.142  -62.892  5.822 0.6000000238
40972  -23.127  -62.226  5.809 0.5000000000
143387  -30.295  -60.688  3.974 0.6999999881
42957  -31.139  -60.694  5.570 0.6999999881
44949  -23.571  -58.523  6.771 0.3000000119
125974  -25.545  -57.799  -3.526 0.8000000119
46055  -24.564  -57.193  -3.309 0.8000000119
45063  -27.089  -58.089  -4.044 0.6000000238
45064  -28.602  -58.490  -4.223 0.6000000238
46070  -27.929  -57.959  -3.658 0.6000000238
42948  -24.867  -60.446  7.144 0.6000000238
41926  -26.880  -61.107  8.004 0.6999999881
43984  -24.572  -59.736  7.024 0.5000000000
44938  -25.816  -58.399  7.559 0.4000000060
42989  -30.479  -59.841  3.936 0.6999999881
44996  -30.392  -58.216  3.839 0.6999999881
46056  -25.623  -57.121  -3.603 0.8000000119
44922  -27.071  -58.001  8.163 0.5000000000
43973  -31.560  -59.251  7.187 0.6999999881
44962  -31.750  -58.970  5.772 0.6999999881
44010  -30.797  -59.022  4.250 0.6999999881
122924  -31.870  -57.521  5.598 0.6999999881
47023  -30.763  -56.728  4.370 0.6999999881
46011  -27.215  -57.742  1.504 0.8000000119
45999  -27.767  -57.037  2.024 0.8000000119
48040  -27.521  -56.175  2.229 0.8000000119
138636  -30.704  -59.350  8.050 0.6999999881
43959  -31.189  -58.918  7.753 0.6999999881
47982  -26.249  -55.482  8.045 0.3000000119
145555  -27.675  -56.040  8.506 0.4000000060
45936  -32.149  -57.909  6.754 0.6999999881
45953  -32.178  -56.958  6.003 0.6999999881
48986  -25.908  -54.032  8.223 0.3000000119
48005  -32.199  -55.340  5.914 0.6999999881
46959  -29.158  -56.501  8.715 0.6000000238
49965  -28.289  -53.518  9.173 0.3000000119
50899  -28.244  -52.644  9.184 0.3000000119
46975  -32.362  -56.577  7.077 0.6999999881
51832  -27.435  -51.415  8.774 0.3000000119
48978  -29.306  -54.431  9.325 0.6000000238
48979  -30.200  -54.360  9.246 0.6000000238
48990  -30.785  -54.955  8.797 0.6000000238
49957  -29.404  -53.158  9.508 0.4000000060
47973  -32.099  -55.094  7.767 0.6999999881
47984  -32.279  -55.845  7.382 0.6999999881
47993  -32.428  -55.793  6.616 0.6999999881
50007  -32.007  -53.569  6.068 0.6000000238
51907  -30.414  -51.667  2.774 0.8000000119
51937  -28.252  -51.725  0.960 0.8000000119
49132  -28.973  -54.619  -1.544 0.6000000238
50889  -29.059  -52.550  9.518 0.3000000119
48968  -28.974  -53.724  9.442 0.5000000000
52795  -29.483  -51.399  9.535 0.3000000119
142530  -31.181  -53.200  9.193 0.5000000000
49977  -32.133  -53.652  8.133 0.5000000000
53883  -28.049  -49.111  7.901 0.3000000119
135942  -32.280  -51.262  8.024 0.5000000000
50038  -30.602  -53.110  4.168 0.8000000119
130470  -32.348  -50.940  5.672 0.6000000238
51013  -28.006  -52.824  -1.888 0.6999999881
126940  -30.306  -50.118  9.513 0.3000000119
54960  -28.831  -48.898  8.314 0.3000000119
53869  -31.218  -49.809  9.184 0.3000000119
56067  -28.175  -47.336  6.684 0.3000000119
56053  -29.587  -47.268  7.666 0.3000000119
52833  -32.610  -50.235  6.058 0.6000000238
52847  -32.499  -50.268  5.182 0.6000000238
51019  -27.147  -51.656  -1.538 0.6999999881
51969  -26.890  -51.041  -1.374 0.6999999881
129978  -32.873  -48.615  4.143 0.6999999881
54010  -26.799  -50.040  -1.406 0.6999999881
54977  -32.489  -48.597  7.714 0.4000000060
55076  -27.079  -49.091  -1.515 0.6000000238
140975  -30.526  -51.873  -3.151 0.6000000238
56055  -32.063  -47.079  7.740 0.4000000060
58195  -29.441  -45.243  6.591 0.4000000060
135131  -27.711  -44.043  6.482 0.3000000119
60238  -26.099  -42.807  5.886 0.3000000119
138793  -27.312  -42.464  6.094 0.3000000119
133417  -32.875  -46.941  3.087 0.5000000000
57158  -31.881  -46.292  1.327 0.5000000000
53999  -26.915  -49.665  -1.448 0.5000000000
56097  -33.288  -47.194  4.635 0.4000000060
61200  -28.755  -42.544  6.574 0.4000000060
59228  -33.228  -45.006  4.252 0.4000000060
58252  -32.184  -45.608  1.830 0.4000000060
58262  -30.413  -45.279  0.021 0.5000000000
57193  -26.953  -46.101  -2.351 0.6000000238
64764  -26.416  -38.622  4.761 0.3000000119
59268  -26.952  -44.213  -1.571 0.5000000000
134758  -34.793  -41.897  -4.070 0.4000000060
63086  -31.095  -40.466  -3.408 0.4000000060
63087  -35.174  -41.059  -3.217 0.3000000119
25114  -23.858  -78.725  -0.926 0.5000000000
25135  -23.341  -78.237  -1.564 0.5000000000
23099  -24.781  -80.415  1.496 0.4000000060
24122  -24.906  -79.735  0.577 0.5000000000
126977  -24.009  -79.644  0.176 0.5000000000
24141  -24.410  -79.203  -0.284 0.5000000000
25136  -24.286  -78.195  -1.454 0.6000000238
142270  -24.647  -77.626  -1.783 0.6000000238
24108  -25.622  -79.916  1.485 0.5000000000
24094  -25.966  -79.678  2.442 0.5000000000
24123  -25.882  -79.316  0.693 0.5000000000
25116  -25.672  -78.279  -0.611 0.5000000000
26098  -25.826  -77.431  -0.963 0.6000000238
26988  -25.805  -76.603  -1.253 0.6000000238
26097  -25.136  -77.955  -1.291 0.6000000238
27006  -25.335  -76.413  -1.973 0.6000000238
27975  -25.239  -75.594  -2.155 0.6000000238
27963  -25.694  -75.811  -1.452 0.6000000238
27974  -24.600  -75.444  -2.792 0.6000000238
124025  -24.367  -74.574  -3.084 0.6000000238
28938  -24.531  -74.090  -2.384 0.6000000238
24095  -26.616  -78.923  2.352 0.5000000000
25105  -26.162  -78.588  0.148 0.5000000000
26099  -26.338  -77.699  -0.207 0.6000000238
25080  -26.277  -78.996  3.182 0.5000000000
26989  -26.315  -76.681  -0.463 0.6000000238
24069  -24.345  -78.898  4.121 0.5000000000
25045  -25.338  -78.376  4.218 0.5000000000
27947  -25.858  -75.321  -0.778 0.6000000238
28939  -24.903  -74.780  -2.262 0.6000000238
25094  -26.748  -78.534  1.560 0.5000000000
26967  -26.653  -76.997  0.374 0.5000000000
25066  -26.472  -78.335  3.745 0.5000000000
25081  -26.935  -78.383  3.015 0.5000000000
122060  -27.040  -78.271  2.240 0.5000000000
26075  -27.079  -77.734  1.645 0.5000000000
135149  -26.555  -76.233  0.215 0.6000000238
26005  -25.089  -77.761  4.514 0.5000000000
26006  -25.960  -77.997  4.302 0.5000000000
27948  -26.303  -75.774  -0.263 0.6000000238
131880  -23.847  -78.082  4.069 0.5000000000
26004  -24.186  -77.461  4.430 0.5000000000
28909  -25.588  -74.461  -0.684 0.6000000238
137031  -25.431  -74.989  -1.500 0.6000000238
29941  -24.100  -73.724  -3.013 0.6000000238
29923  -24.366  -73.409  -2.130 0.6000000238
26033  -27.043  -77.671  3.662 0.5000000000
26936  -27.381  -76.464  2.585 0.5000000000
26950  -27.237  -76.828  1.763 0.6000000238
27901  -27.051  -74.978  2.034 0.6000000238
26007  -26.547  -77.386  4.356 0.5000000000
26949  -26.833  -76.253  1.007 0.6000000238
27912  -26.737  -75.278  1.274 0.6000000238
136364  -23.353  -77.336  3.885 0.5000000000
26917  -22.104  -76.571  3.348 0.5000000000
28925  -24.950  -74.059  -1.502 0.6000000238
138940  -24.465  -72.552  -1.251 0.6000000238
26896  -26.546  -76.598  4.739 0.5000000000
26918  -27.175  -76.800  4.049 0.5000000000
26919  -27.385  -76.142  3.417 0.5000000000
27902  -27.351  -75.553  2.676 0.6000000238
26895  -24.842  -77.138  4.872 0.5000000000
26894  -23.528  -76.765  4.400 0.5000000000
26880  -24.278  -76.678  5.053 0.6000000238
27867  -27.086  -75.005  5.043 0.6000000238
26897  -27.192  -75.833  4.370 0.5000000000
27886  -27.408  -75.262  3.493 0.5000000000
29859  -27.274  -73.819  2.953 0.6000000238
26881  -25.131  -76.544  5.306 0.6000000238
27866  -26.508  -75.852  5.230 0.6000000238
28863  -26.933  -74.129  2.193 0.6000000238
27865  -22.889  -76.109  4.413 0.5000000000
27845  -23.629  -76.056  5.225 0.5000000000
27846  -24.528  -75.971  5.673 0.6000000238
27885  -21.581  -76.151  3.295 0.4000000060
27847  -25.579  -75.768  5.762 0.6000000238
27848  -26.347  -75.180  5.667 0.6000000238
141558  -27.373  -74.968  4.202 0.5000000000
28846  -27.410  -74.428  3.598 0.6000000238
29858  -26.893  -73.270  2.292 0.6000000238
28832  -27.407  -74.300  4.473 0.6999999881
123781  -28.354  -61.809  -2.730 0.5000000000
44923  -27.801  -58.266  8.437 0.5000000000
49050  -30.445  -54.797  4.380 0.6000000238
47117  -29.574  -56.508  -1.263 0.5000000000
50110  -28.887  -53.148  -2.012 0.5000000000
121028  -34.786  -41.177  -4.117 0.4000000060
121542  -35.008  -40.296  -2.588 0.3000000119
136829  -34.916  -39.364  -1.043 0.3000000119
63934  -35.173  -39.036  -0.117 0.3000000119
23098  -23.840  -80.956  1.580 0.4000000060
23114  -23.108  -80.477  0.799 0.5000000000
24140  -23.507  -79.235  -0.380 0.5000000000
26117  -22.905  -77.713  -2.297 0.5000000000
23083  -25.306  -80.312  2.256 0.4000000060
125735  -23.883  -77.696  -2.086 0.6000000238
26130  -24.552  -76.950  -2.290 0.6000000238
122935  -24.069  -76.234  -2.872 0.5000000000
27973  -23.740  -75.339  -3.474 0.5000000000
23065  -24.162  -80.889  3.077 0.4000000060
24082  -25.486  -79.525  3.332 0.5000000000
25043  -23.591  -78.722  4.150 0.5000000000
25064  -25.102  -78.985  4.026 0.5000000000
26001  -21.333  -77.781  4.023 0.4000000060
26029  -20.177  -77.371  2.826 0.4000000060
41068  -28.834  -63.042  -1.509 0.4000000060
41087  -30.033  -61.991  -1.782 0.4000000060
41086  -29.056  -62.224  -1.938 0.4000000060
47970  -28.167  -55.615  8.769 0.5000000000
48977  -28.471  -54.293  9.195 0.4000000060
121671  -30.126  -57.091  -1.674 0.5000000000
47118  -30.561  -56.403  -1.518 0.5000000000
135298  -32.424  -50.806  7.295 0.4000000060
138663  -34.852  -39.649  -1.986 0.3000000119
64802  -35.138  -38.185  0.028 0.3000000119
23081  -23.892  -81.249  2.445 0.4000000060
27932  -26.483  -75.513  0.490 0.6000000238
27864  -21.558  -75.584  4.014 0.5000000000
26893  -22.831  -76.685  3.701 0.5000000000
127804  -30.827  -57.119  -1.870 0.5000000000
26003  -23.156  -77.879  3.901 0.4000000060
23115  -24.026  -80.221  0.801 0.4000000060
25104  -25.373  -79.043  -0.133 0.5000000000
25115  -24.801  -78.613  -0.824 0.6000000238
24124  -26.428  -78.797  0.894 0.5000000000
24093  -24.896  -80.292  3.027 0.5000000000
26058  -27.295  -77.506  2.598 0.5000000000
26034  -27.338  -76.924  3.279 0.5000000000
131867  -25.726  -77.154  4.828 0.5000000000
142776  -25.899  -76.423  5.257 0.5000000000
129009  -34.732  -40.449  -3.790 0.4000000060
24080  -24.195  -80.298  3.702 0.4000000060
27019  -23.099  -76.328  -3.276 0.4000000060
144402  -22.806  -75.697  -3.729 0.4000000060
24068  -23.950  -79.576  4.108 0.4000000060
35695  -18.203  -67.578  1.760 0.4000000060
34696  -18.415  -68.429  1.887 0.3000000119
33764  -18.756  -69.136  2.067 0.4000000060
32865  -18.797  -70.683  1.688 0.4000000060
36721  -18.782  -66.196  2.149 0.4000000060
35680  -18.740  -67.093  2.248 0.4000000060
40003  -16.325  -63.209  0.346 0.4000000060
38925  -17.911  -63.941  0.190 0.4000000060
37825  -18.493  -65.659  1.331 0.4000000060
37816  -18.796  -65.559  2.061 0.4000000060
38901  -15.545  -63.481  2.405 0.3000000119
39993  -15.880  -62.967  1.276 0.3000000119
39968  -16.193  -63.138  2.522 0.4000000060
38913  -18.638  -63.893  1.412 0.4000000060
39982  -15.819  -62.979  1.962 0.4000000060
41041  -17.171  -62.714  0.931 0.5000000000
41986  -16.932  -61.906  1.861 0.4000000060
42003  -17.384  -61.453  1.631 0.4000000060
41026  -18.000  -62.572  1.159 0.5000000000
41987  -17.184  -60.719  1.933 0.4000000060
48988  -27.256  -54.588  8.555 0.3000000119
51835  -31.739  -51.468  8.850 0.3000000119
52806  -31.162  -50.779  9.335 0.3000000119
52807  -31.883  -50.510  8.692 0.3000000119
126978  -31.414  -47.270  8.098 0.3000000119
129897  -29.240  -44.645  -0.325 0.4000000060
59269  -27.852  -44.549  -0.948 0.4000000060
58196  -30.435  -45.145  6.851 0.3000000119
59184  -29.336  -44.364  6.574 0.3000000119
59255  -30.258  -44.440  0.379 0.4000000060
145442  -29.701  -44.127  0.188 0.3000000119
61271  -26.690  -42.629  -1.266 0.4000000060
61285  -27.308  -42.209  -1.962 0.3000000119
58182  -30.834  -45.762  7.318 0.3000000119
125996  -31.343  -45.147  6.993 0.3000000119
59187  -32.044  -44.553  6.542 0.3000000119
59185  -30.057  -44.563  6.670 0.3000000119
59186  -30.987  -44.299  6.741 0.3000000119
60219  -31.699  -43.724  6.370 0.3000000119
59202  -32.727  -44.399  5.786 0.3000000119
139998  -31.045  -43.479  6.557 0.3000000119
60239  -32.169  -43.261  5.846 0.3000000119
59217  -32.907  -44.281  4.840 0.3000000119
58235  -33.259  -45.824  3.802 0.3000000119
61201  -29.785  -42.726  6.686 0.3000000119
57141  -32.943  -46.099  2.942 0.3000000119
62119  -28.736  -41.694  6.384 0.3000000119
62140  -29.163  -40.885  6.267 0.3000000119
58244  -32.583  -45.397  2.475 0.3000000119
62139  -28.160  -41.275  6.108 0.3000000119
63004  -28.380  -40.400  5.875 0.3000000119
59244  -31.504  -44.474  1.523 0.3000000119
60278  -30.641  -43.421  1.355 0.3000000119
65663  -26.928  -37.835  4.672 0.3000000119
59243  -30.782  -44.112  1.134 0.3000000119
60291  -29.998  -43.683  0.696 0.3000000119
65679  -26.230  -36.589  4.133 0.3000000119
61262  -27.094  -42.696  -0.683 0.3000000119
61286  -28.248  -41.782  -2.311 0.3000000119
60240  -32.536  -43.708  5.383 0.3000000119
134971  -30.730  -42.837  6.554 0.3000000119
61203  -31.557  -42.961  6.228 0.3000000119
60251  -32.593  -43.506  4.578 0.3000000119
145878  -32.750  -44.171  3.763 0.3000000119
58234  -33.030  -45.142  3.284 0.3000000119
62120  -29.659  -41.721  6.575 0.3000000119
144415  -30.449  -42.130  6.559 0.3000000119
61202  -31.296  -42.122  6.096 0.3000000119
61219  -31.994  -42.577  5.622 0.3000000119
61231  -32.344  -42.751  4.489 0.3000000119
60261  -32.390  -43.235  3.779 0.3000000119
59237  -32.539  -44.515  2.738 0.3000000119
122456  -30.095  -40.902  6.331 0.3000000119
62142  -31.409  -41.290  5.622 0.3000000119
142889  -32.096  -44.880  2.002 0.3000000119
63003  -27.494  -40.173  5.486 0.3000000119
144711  -29.175  -40.247  6.087 0.3000000119
59236  -31.983  -44.026  2.175 0.3000000119
60279  -31.311  -43.650  1.753 0.3000000119
64749  -27.946  -38.784  5.232 0.3000000119
127632  -30.097  -42.868  1.133 0.3000000119
143167  -28.183  -37.125  4.630 0.3000000119
145508  -29.548  -37.052  4.467 0.3000000119
60277  -29.270  -43.021  0.456 0.3000000119
66684  -28.811  -36.715  4.454 0.3000000119
61250  -28.627  -42.421  0.240 0.3000000119
61272  -26.872  -41.833  -0.818 0.3000000119
62208  -27.015  -41.074  -1.110 0.3000000119
62213  -28.110  -40.913  -2.410 0.3000000119
62212  -27.320  -41.173  -2.107 0.3000000119
61220  -32.416  -42.983  5.189 0.3000000119
129470  -31.854  -41.929  5.293 0.3000000119
61239  -32.074  -42.480  3.742 0.3000000119
63006  -30.868  -40.602  5.949 0.3000000119
62159  -31.777  -41.363  4.721 0.3000000119
61230  -32.017  -42.083  4.498 0.3000000119
60271  -32.295  -43.662  2.980 0.3000000119
63870  -29.157  -39.718  5.825 0.3000000119
63887  -30.140  -39.207  5.544 0.3000000119
63023  -30.956  -39.804  5.440 0.3000000119
60270  -31.706  -43.214  2.479 0.3000000119
61252  -30.240  -41.979  1.412 0.3000000119
60269  -31.004  -42.708  1.869 0.3000000119
64766  -29.917  -38.469  5.205 0.3000000119
65666  -29.883  -37.718  4.740 0.3000000119
61251  -29.415  -42.235  0.732 0.3000000119
66698  -29.664  -36.333  4.091 0.3000000119
66685  -30.215  -37.111  4.206 0.3000000119
62181  -28.540  -41.596  0.254 0.3000000119
61263  -27.736  -42.131  -0.257 0.3000000119
62204  -27.576  -41.338  -0.446 0.3000000119
63083  -27.707  -40.597  -2.207 0.3000000119
63888  -30.913  -39.085  4.914 0.3000000119
63033  -31.373  -39.808  4.336 0.3000000119
62169  -31.755  -41.710  3.797 0.3000000119
60260  -32.034  -42.966  3.165 0.3000000119
62177  -31.493  -41.199  3.056 0.3000000119
143747  -30.451  -38.747  5.128 0.3000000119
64767  -30.581  -38.376  4.639 0.3000000119
65680  -30.702  -37.377  3.689 0.3000000119
65691  -31.148  -36.937  2.916 0.3000000119
62182  -29.533  -41.404  0.847 0.3000000119
66699  -30.554  -36.586  3.589 0.3000000119
62194  -28.905  -40.996  0.425 0.3000000119
63063  -28.227  -40.984  0.007 0.3000000119
63070  -27.844  -40.848  -0.692 0.3000000119
63077  -27.598  -40.651  -1.602 0.3000000119
63084  -28.885  -40.373  -2.501 0.3000000119
134148  -31.618  -40.807  4.029 0.3000000119
61246  -31.023  -41.614  2.190 0.3000000119
63900  -31.187  -39.498  3.474 0.3000000119
63046  -31.366  -40.264  3.307 0.3000000119
64780  -30.807  -38.157  3.831 0.3000000119
64787  -30.789  -37.885  2.984 0.3000000119
131922  -30.289  -41.028  1.606 0.3000000119
66711  -30.993  -36.015  2.984 0.3000000119
67614  -30.198  -35.782  3.416 0.3000000119
65696  -30.936  -37.799  2.127 0.3000000119
62195  -29.664  -40.652  0.815 0.3000000119
63064  -28.853  -40.572  -0.011 0.3000000119
63071  -28.528  -40.347  -1.110 0.3000000119
63078  -28.380  -40.121  -2.104 0.3000000119
63946  -29.372  -39.675  -2.557 0.3000000119
62176  -31.001  -40.633  2.400 0.3000000119
63913  -30.994  -39.738  2.636 0.3000000119
120951  -30.874  -38.808  3.035 0.3000000119
145386  -30.759  -39.244  2.105 0.3000000119
63053  -30.461  -40.042  1.631 0.3000000119
64794  -30.787  -38.532  2.152 0.3000000119
63065  -29.857  -39.967  0.573 0.3000000119
66712  -31.489  -36.204  2.293 0.3000000119
65697  -31.455  -37.066  1.837 0.3000000119
63932  -29.368  -39.881  -0.464 0.3000000119
63937  -29.151  -39.752  -1.642 0.3000000119
63094  -32.095  -40.153  -3.937 0.3000000119
63093  -31.016  -39.621  -3.571 0.3000000119
67636  -31.657  -35.598  1.671 0.3000000119
63923  -30.558  -39.189  1.248 0.3000000119
66719  -31.844  -36.356  1.373 0.3000000119
64795  -31.172  -37.917  1.203 0.3000000119
138865  -30.812  -38.443  1.492 0.3000000119
64800  -30.767  -38.665  0.659 0.3000000119
63933  -30.192  -39.360  0.118 0.3000000119
63938  -29.934  -39.393  -1.035 0.3000000119
64810  -30.311  -38.975  -1.736 0.3000000119
63948  -31.182  -39.000  -3.586 0.3000000119
128924  -29.996  -39.268  -2.514 0.3000000119
63954  -32.113  -39.385  -4.098 0.3000000119
63947  -30.248  -39.354  -3.116 0.3000000119
66720  -32.094  -35.693  0.936 0.3000000119
66726  -32.225  -36.405  0.486 0.3000000119
66725  -31.758  -37.231  0.705 0.3000000119
64801  -31.337  -38.139  0.195 0.3000000119
64806  -30.730  -38.776  -0.542 0.3000000119
65701  -31.803  -37.615  -0.338 0.3000000119
139210  -31.282  -38.192  -2.311 0.3000000119
64817  -31.310  -38.318  -3.412 0.3000000119
64816  -30.596  -38.706  -2.760 0.3000000119
64824  -32.208  -38.633  -4.370 0.3000000119
123581  -33.825  -40.301  -4.678 0.3000000119
63955  -33.018  -39.863  -4.605 0.3000000119
140553  -34.360  -40.642  -4.448 0.3000000119
142019  -32.193  -36.996  -0.051 0.3000000119
65705  -32.188  -37.112  -0.904 0.3000000119
64807  -31.362  -38.204  -0.702 0.3000000119
65709  -31.621  -37.724  -2.636 0.3000000119
64811  -31.043  -38.464  -1.545 0.3000000119
133707  -32.843  -39.186  -4.899 0.3000000119
63956  -33.415  -39.369  -4.836 0.3000000119
63096  -34.204  -39.945  -4.469 0.3000000119
66730  -32.417  -36.400  -0.419 0.3000000119
27982  -22.955  -74.829  -3.963 0.4000000060
39981  -15.077  -63.025  1.853 0.3000000119
38902  -18.819  -64.815  1.933 0.4000000060
40005  -17.964  -63.284  0.695 0.4000000060
42004  -17.933  -61.445  1.388 0.4000000060
42020  -17.519  -62.252  1.281 0.4000000060
53870  -31.917  -49.562  8.573 0.3000000119
60218  -30.140  -43.687  6.631 0.3000000119
140896  -33.067  -45.986  6.260 0.3000000119
63868  -27.462  -39.502  5.307 0.3000000119
142653  -26.598  -37.115  4.492 0.3000000119
64750  -29.045  -38.980  5.429 0.3000000119
66683  -27.937  -36.514  4.384 0.3000000119
39992  -15.311  -63.150  0.793 0.4000000060
38923  -15.909  -63.744  -0.195 0.4000000060
37837  -17.728  -64.857  -0.244 0.4000000060
37838  -18.330  -64.626  0.758 0.4000000060
145229  -16.621  -63.336  3.114 0.3000000119
41024  -16.396  -62.682  1.606 0.4000000060
63869  -28.223  -39.594  5.535 0.3000000119
63005  -29.984  -40.109  6.100 0.3000000119
66697  -28.592  -35.975  4.102 0.3000000119
66696  -27.629  -35.870  3.896 0.3000000119
63007  -31.463  -40.566  5.042 0.3000000119
65667  -30.492  -37.734  4.268 0.3000000119
138848  -31.658  -42.255  2.858 0.3000000119
63899  -31.038  -38.938  4.062 0.3000000119
63942  -29.683  -39.377  -1.971 0.3000000119
65704  -31.668  -37.797  -1.436 0.3000000119
65710  -32.064  -37.138  -1.989 0.3000000119
38900  -14.679  -63.661  2.218 0.4000000060
40023  -28.581  -63.818  -1.274 0.4000000060
26966  -17.148  -76.503  0.405 0.3000000119
125688  -16.755  -76.711  0.320 0.3000000119
120954  -16.446  -76.156  -0.281 0.3000000119
26948  -18.406  -76.486  1.266 0.3000000119
40993  -16.715  -62.633  2.722 0.3000000119
41012  -16.948  -61.624  2.280 0.3000000119
40994  -17.176  -62.201  3.005 0.3000000119
36748  -17.606  -65.880  -0.058 0.3000000119
37836  -16.621  -64.609  -0.608 0.3000000119
37824  -18.130  -65.476  0.414 0.3000000119
38924  -17.053  -63.899  -0.234 0.3000000119
136597  -18.318  -66.667  1.561 0.3000000119
36732  -17.983  -66.294  0.746 0.3000000119
37835  -15.465  -64.397  -0.439 0.3000000119
37851  -17.057  -65.435  -0.495 0.3000000119
23082  -24.563  -80.799  2.310 0.4000000060
24081  -24.717  -79.662  3.782 0.5000000000
24109  -26.315  -79.294  1.546 0.5000000000
24121  -23.258  -79.757  0.228 0.5000000000
25044  -24.635  -78.276  4.223 0.5000000000
25065  -25.796  -78.738  3.857 0.5000000000
26002  -22.352  -77.774  3.877 0.4000000060
26030  -21.008  -77.264  3.214 0.5000000000
26072  -18.042  -76.938  1.001 0.3000000119
26084  -17.325  -77.028  0.625 0.3000000119
26085  -26.679  -77.955  0.747 0.5000000000
26118  -25.277  -77.198  -1.650 0.6000000238
26129  -23.485  -77.046  -2.682 0.5000000000
26916  -21.350  -76.478  3.014 0.6000000238
26934  -19.915  -76.338  2.379 0.5000000000
26947  -17.752  -76.550  0.697 0.5000000000
27020  -24.837  -76.143  -2.481 0.6000000238
27897  -18.597  -75.665  2.196 0.6000000238
27900  -21.027  -76.194  2.955 0.4000000060
27909  -17.588  -75.745  0.949 0.5000000000
27913  -27.204  -75.874  1.856 0.6000000238
28811  -24.606  -74.589  6.376 0.6000000238
28828  -20.935  -74.909  4.263 0.6000000238
28831  -27.208  -74.211  5.214 0.6000000238
28861  -17.991  -74.746  2.800 0.6000000238
28864  -27.282  -74.682  2.798 0.6000000238
28895  -16.664  -75.276  0.556 0.4000000060
28947  -23.093  -73.977  -4.118 0.4000000060
29799  -24.363  -73.827  6.507 0.6000000238
29800  -25.747  -73.727  6.460 0.6000000238
29856  -17.418  -73.020  2.399 0.4000000060
29905  -24.674  -73.179  -1.286 0.6000000238
30918  -19.377  -72.393  3.300 0.5000000000
30963  -17.510  -71.805  0.679 0.4000000060
31001  -23.464  -72.344  -2.353 0.6999999881
31034  -21.794  -72.395  -4.604 0.5000000000
31878  -27.152  -71.933  6.114 0.8000000119
31889  -21.461  -71.336  4.586 0.6000000238
31924  -19.303  -71.412  2.386 0.5000000000
31940  -18.906  -71.357  1.889 0.4000000060
31956  -25.628  -71.486  0.219 0.6999999881
31991  -23.837  -71.373  -1.438 0.6999999881
31998  -22.558  -71.420  -2.460 0.6999999881
32012  -21.837  -70.995  -3.804 0.6000000238
32802  -23.623  -70.478  6.405 0.6000000238
32804  -25.359  -70.940  6.781 0.6000000238
32819  -21.230  -70.667  4.187 0.6000000238
32898  -24.741  -70.651  -0.436 0.6999999881
32912  -22.656  -70.473  -1.634 0.6999999881
33711  -26.793  -70.241  7.090 0.6999999881
33719  -28.417  -69.585  5.057 0.8000000119
33744  -20.477  -69.863  3.504 0.5000000000
33745  -20.997  -70.099  3.920 0.5000000000
33768  -27.328  -69.127  2.726 0.8000000119
33796  -25.441  -69.209  0.377 0.6999999881
33841  -21.366  -69.126  -3.656 0.6000000238
34645  -24.391  -68.366  6.858 0.6000000238
34678  -19.551  -68.608  3.030 0.5000000000
35610  -27.163  -67.244  7.577 0.6999999881
35628  -24.073  -67.620  6.582 0.6000000238
35652  -20.766  -67.727  4.125 0.5000000000
35667  -19.895  -67.153  3.330 0.5000000000
35668  -20.249  -67.831  3.686 0.5000000000
35694  -17.815  -67.210  1.001 0.3000000119
35729  -21.960  -67.529  -1.446 0.6999999881
35741  -21.294  -67.525  -2.080 0.6999999881
35754  -20.921  -67.545  -2.798 0.6999999881
35766  -21.102  -67.587  -3.305 0.6999999881
36684  -22.460  -66.657  5.292 0.6000000238
36724  -27.493  -66.340  2.616 0.8000000119
36733  -25.642  -66.453  0.918 0.8000000119
36750  -23.721  -66.164  -0.360 0.8000000119
36793  -21.627  -66.176  -2.740 0.8000000119
36806  -21.549  -66.982  -3.547 0.6999999881
37754  -26.765  -65.641  7.702 0.8000000119
37757  -28.949  -65.415  7.175 0.8000000119
37806  -20.849  -65.101  4.049 0.6000000238
37840  -24.688  -65.628  0.060 0.8000000119
37866  -28.474  -66.025  -1.370 0.4000000060
37878  -23.095  -64.845  -3.172 0.6999999881
38843  -25.951  -63.923  7.579 0.6999999881
38882  -29.156  -64.884  4.055 0.8000000119
38889  -16.234  -63.855  2.983 0.3000000119
38912  -14.292  -63.172  1.572 0.4000000060
38914  -26.738  -64.595  1.342 0.8999999762
39924  -30.045  -63.839  6.797 0.6999999881
39940  -24.034  -63.367  6.387 0.6999999881
39955  -30.282  -63.342  6.259 0.6999999881
39994  -18.386  -63.173  1.216 0.6000000238
40004  -17.286  -63.217  0.403 0.4000000060
40928  -29.073  -62.283  8.148 0.6999999881
40929  -30.133  -62.028  7.653 0.6999999881
40961  -23.782  -62.698  6.243 0.6000000238
40996  -20.136  -61.932  3.277 0.5000000000
41011  -16.436  -62.492  2.112 0.4000000060
41025  -16.970  -62.345  1.371 0.4000000060
41030  -28.578  -62.283  2.266 0.8000000119
41040  -16.620  -62.846  0.937 0.5000000000
41042  -17.603  -62.855  0.877 0.5000000000
41911  -29.556  -61.689  8.117 0.6999999881
41938  -23.952  -61.264  6.476 0.5000000000
41957  -30.093  -62.169  4.376 0.6999999881
41977  -29.869  -61.235  3.638 0.6999999881
42005  -18.466  -61.238  1.665 0.5000000000
42950  -31.344  -60.437  6.295 0.6999999881
42998  -17.602  -59.476  1.268 0.4000000060
43014  -17.977  -60.293  1.416 0.5000000000
44066  -22.261  -59.295  -0.577 0.8000000119
44980  -31.070  -58.253  4.539 0.6999999881
45004  -29.350  -58.334  2.763 0.6999999881
45036  -23.166  -58.901  -1.582 0.8000000119
45909  -28.839  -57.087  8.655 0.6000000238
45923  -25.595  -57.635  7.551 0.4000000060
46001  -29.163  -57.570  2.692 0.6999999881
46958  -28.353  -56.410  8.662 0.5000000000
47056  -25.986  -56.408  1.154 0.8000000119
47969  -27.431  -55.382  8.523 0.3000000119
48033  -29.923  -55.160  3.893 0.6999999881
48083  -29.200  -55.472  -1.254 0.6000000238
48089  -29.999  -55.764  -1.260 0.5000000000
48989  -27.935  -54.853  8.879 0.3000000119
49116  -24.714  -53.986  -1.251 0.8000000119
49131  -28.100  -54.106  -1.552 0.6999999881
49958  -30.007  -53.231  9.514 0.3000000119
50037  -30.125  -53.528  3.703 0.8000000119
50894  -29.454  -52.038  9.560 0.3000000119
50960  -30.715  -52.394  3.798 0.8000000119
50993  -27.661  -52.065  0.810 0.8000000119
51935  -26.860  -51.311  -0.156 0.8000000119
51950  -26.530  -51.546  -0.471 0.6999999881
52906  -28.303  -51.017  0.612 0.8000000119
52920  -26.654  -50.910  -0.761 0.6999999881
52933  -26.645  -50.491  -0.985 0.6999999881
52944  -26.715  -50.436  -1.165 0.6999999881
52959  -30.679  -50.531  -3.247 0.5000000000
53950  -32.217  -49.072  2.808 0.6000000238
53973  -28.341  -50.192  0.222 0.6000000238
55060  -27.372  -49.214  -0.873 0.6000000238
55116  -28.037  -47.971  -3.039 0.5000000000
56114  -32.554  -47.459  2.511 0.6000000238
57192  -27.264  -45.720  -2.676 0.6000000238
57212  -30.714  -46.783  -3.277 0.5000000000
58181  -29.967  -45.881  6.975 0.4000000060
58289  -26.716  -45.848  -2.039 0.5000000000
58318  -27.332  -45.281  -2.835 0.6000000238
59183  -28.514  -44.168  6.553 0.4000000060
59292  -27.213  -44.758  -2.632 0.5000000000
59306  -27.744  -45.032  -3.154 0.6000000238
60220  -32.271  -43.903  6.025 0.3000000119
60289  -27.466  -43.388  -0.661 0.5000000000
60301  -26.857  -43.361  -1.138 0.5000000000
60322  -26.990  -43.132  -2.237 0.5000000000
60325  -31.420  -43.408  -2.161 0.5000000000
61279  -26.670  -42.828  -1.748 0.3000000119
61297  -33.362  -42.142  -3.728 0.4000000060
62141  -30.667  -41.419  6.282 0.3000000119
62224  -35.193  -41.687  -3.674 0.4000000060
121653  -17.507  -77.347  1.185 0.4000000060
123563  -26.933  -77.151  1.090 0.5000000000
124257  -30.459  -59.958  8.080 0.6999999881
124970  -28.107  -70.791  4.459 0.6999999881
127431  -17.326  -61.358  2.926 0.3000000119
128342  -32.766  -48.360  7.269 0.4000000060
128653  -27.090  -44.008  -2.387 0.5000000000
128667  -31.615  -58.242  5.264 0.6999999881
129458  -29.446  -55.948  -1.042 0.6000000238
129910  -26.872  -52.001  0.345 0.8000000119
129983  -28.933  -56.907  2.671 0.6999999881
129986  -25.152  -62.004  -2.939 0.6999999881
130818  -20.465  -74.230  4.407 0.6000000238
131460  -27.381  -41.710  5.936 0.3000000119
132036  -31.218  -59.008  -4.594 0.5000000000
132219  -28.163  -50.860  -2.385 0.5000000000
132296  -31.434  -47.103  -3.502 0.5000000000
132904  -21.829  -62.785  4.995 0.4000000060
133757  -21.656  -70.580  -3.459 0.6999999881
134371  -18.391  -70.082  1.322 0.5000000000
134722  -18.680  -67.865  2.292 0.5000000000
135010  -24.636  -66.993  0.135 0.6999999881
135359  -19.638  -77.097  2.232 0.5000000000
135596  -28.135  -65.301  -1.281 0.4000000060
136747  -22.855  -68.922  5.729 0.6000000238
137209  -24.122  -66.152  6.650 0.8000000119
139236  -30.487  -53.023  9.460 0.4000000060
140083  -14.493  -64.225  0.147 0.3000000119
140336  -29.137  -66.565  6.074 0.8000000119
140985  -32.233  -42.414  5.044 0.3000000119
141117  -27.144  -40.943  -1.760 0.3000000119
141394  -26.077  -76.025  -0.871 0.6000000238
141499  -27.225  -47.088  -2.068 0.5000000000
141540  -33.309  -46.484  5.890 0.4000000060
142921  -26.563  -72.921  1.651 0.6999999881
143286  -23.859  -67.131  6.414 0.6000000238
143356  -32.635  -46.724  2.502 0.5000000000
143404  -19.191  -70.333  2.206 0.4000000060
143662  -24.582  -54.302  -1.421 0.8000000119
143933  -33.167  -47.563  4.192 0.5000000000
144105  -27.305  -73.180  5.410 0.8999999762
144275  -21.277  -76.845  3.019 0.5000000000
144337  -32.169  -57.571  6.209 0.6999999881
144469  -25.465  -72.542  -0.104 0.6999999881
144834  -25.457  -80.020  2.760 0.5000000000
144968  -16.817  -77.095  0.618 0.3000000119
145237  -32.057  -51.491  5.346 0.6000000238
146079  -26.546  -77.898  4.095 0.5000000000
