#!ascii label  , from subject sub-v1s1x0050657_ses-1 vox2ras=TkReg
1769
94466  -37.356  1.830  31.239 0.0000000000
96288  -52.073  4.038  19.916 0.0000000000
129604  -46.089  8.592  34.962 0.0000000000
92004  -48.197  -0.951  29.733 0.0000000000
91908  -44.795  -1.370  37.033 0.0000000000
97829  -42.425  5.659  24.537 0.0000000000
103066  -47.134  13.691  22.290 0.0000000000
103729  -44.452  13.998  30.303 0.0000000000
86790  -38.766  -7.402  38.630 0.0000000000
91173  -42.211  -3.138  29.379 0.0000000000
92909  -45.119  0.006  23.777 0.0000000000
135417  -41.490  2.371  27.857 0.0000000000
149122  -51.846  7.012  36.784 0.0000000000
102296  -48.655  11.198  30.576 0.0000000000
102995  -52.559  11.499  28.340 0.0000000000
104462  -46.436  14.270  26.947 0.0000000000
134956  -49.946  13.760  32.605 0.0000000000
97149  -47.378  5.086  16.888 0.0000000000
97755  -34.215  5.978  35.249 0.0000000000
138046  -41.153  6.868  32.380 0.0000000000
136043  -51.235  -2.169  31.520 0.0000000000
93636  -47.788  0.703  36.558 0.0000000000
92782  -41.042  -0.508  35.064 0.0000000000
91063  -40.055  -2.590  41.502 0.0000000000
97119  -48.235  5.395  20.805 0.0000000000
99523  -43.686  7.563  20.043 0.0000000000
98607  -44.462  6.533  29.006 0.0000000000
136935  -41.977  11.604  25.841 0.0000000000
101731  -41.580  11.677  17.789 0.0000000000
103076  -40.812  13.293  21.485 0.0000000000
103014  -40.500  13.155  26.430 0.0000000000
91999  -38.841  -0.967  29.759 0.0000000000
92859  -40.523  -0.558  27.504 0.0000000000
95354  -39.742  2.546  30.077 0.0000000000
100939  -52.254  8.171  36.200 0.0000000000
100272  -53.259  8.590  31.832 0.0000000000
102270  -52.218  11.412  33.060 0.0000000000
102977  -51.386  12.658  30.043 0.0000000000
97132  -49.438  4.577  18.923 0.0000000000
97738  -34.476  4.116  37.873 0.0000000000
151508  -37.113  6.954  36.641 0.0000000000
92751  -47.218  -0.073  39.381 0.0000000000
147119  -44.107  0.324  35.750 0.0000000000
93595  -44.522  -0.369  40.248 0.0000000000
88536  -39.460  -4.903  41.161 0.0000000000
90322  -32.858  -3.245  34.681 0.0000000000
93641  -31.398  0.567  33.909 0.0000000000
151311  -29.406  -1.425  34.763 0.0000000000
94497  -49.931  1.318  26.927 0.0000000000
95423  -43.724  2.529  23.051 0.0000000000
141875  -47.382  2.448  22.177 0.0000000000
142216  -45.369  5.441  22.607 0.0000000000
99515  -46.405  7.252  20.760 0.0000000000
99493  -42.959  7.287  23.023 0.0000000000
99399  -43.189  7.999  33.212 0.0000000000
97776  -43.822  5.259  30.982 0.0000000000
98590  -46.833  6.029  31.114 0.0000000000
152155  -47.892  11.775  26.804 0.0000000000
102335  -45.512  11.834  27.968 0.0000000000
103030  -44.014  12.433  25.189 0.0000000000
102391  -41.484  11.447  21.985 0.0000000000
103078  -43.392  13.357  20.975 0.0000000000
103102  -41.872  13.151  19.178 0.0000000000
104495  -44.819  14.170  21.764 0.0000000000
104435  -45.364  14.369  29.224 0.0000000000
104459  -43.219  14.428  26.979 0.0000000000
127876  -42.396  15.422  28.796 0.0000000000
103758  -39.436  13.712  27.864 0.0000000000
104423  -41.880  14.900  29.773 0.0000000000
91176  -45.288  -2.574  29.555 0.0000000000
92048  -46.941  -1.248  26.852 0.0000000000
91219  -43.867  -2.322  26.620 0.0000000000
94519  -41.802  0.838  24.942 0.0000000000
140741  -41.598  3.758  25.861 0.0000000000
148319  -48.329  8.405  35.873 0.0000000000
148018  -48.675  7.681  32.262 0.0000000000
100269  -51.246  8.789  32.103 0.0000000000
128021  -51.195  10.820  28.804 0.0000000000
103036  -51.097  12.380  24.822 0.0000000000
104471  -48.126  14.324  24.279 0.0000000000
147899  -49.881  13.299  27.628 0.0000000000
103741  -48.308  13.454  29.693 0.0000000000
103711  -47.162  13.460  31.438 0.0000000000
97154  -45.419  4.144  15.574 0.0000000000
97763  -36.004  5.096  32.837 0.0000000000
97771  -38.679  5.087  31.839 0.0000000000
99394  -37.766  7.434  33.939 0.0000000000
100218  -40.151  8.457  35.415 0.0000000000
99369  -43.082  7.785  36.973 0.0000000000
98519  -42.431  6.014  39.517 0.0000000000
99350  -45.981  7.427  38.101 0.0000000000
141996  -52.663  0.224  33.365 0.0000000000
91945  -51.844  -0.121  35.416 0.0000000000
92811  -48.047  -0.499  33.172 0.0000000000
91971  -44.603  -1.598  32.713 0.0000000000
91134  -41.302  -2.037  33.028 0.0000000000
133861  -42.489  -3.540  34.878 0.0000000000
140563  -40.690  -6.866  37.190 0.0000000000
90285  -40.952  -3.810  38.618 0.0000000000
91077  -43.284  -2.278  40.974 0.0000000000
132867  -39.909  -1.460  37.591 0.0000000000
93655  -35.526  0.805  32.585 0.0000000000
97862  -54.003  6.259  21.611 0.0000000000
94533  -48.852  1.271  23.861 0.0000000000
96280  -51.014  4.132  21.837 0.0000000000
98681  -52.112  7.257  19.528 0.0000000000
99558  -49.701  7.843  18.040 0.0000000000
99579  -46.503  7.117  17.117 0.0000000000
100375  -43.857  8.221  16.111 0.0000000000
97023  -42.144  4.004  30.343 0.0000000000
97041  -43.072  4.104  28.346 0.0000000000
98617  -41.231  6.867  28.025 0.0000000000
100975  -45.698  9.516  30.462 0.0000000000
149318  -42.455  9.984  28.975 0.0000000000
127971  -40.412  8.824  25.936 0.0000000000
100338  -40.493  8.622  22.472 0.0000000000
100354  -42.086  9.611  17.557 0.0000000000
99565  -41.993  8.807  16.142 0.0000000000
104468  -43.614  14.370  24.793 0.0000000000
103043  -40.594  13.184  23.637 0.0000000000
101021  -38.142  9.897  24.294 0.0000000000
101691  -38.188  10.972  26.466 0.0000000000
101679  -37.449  10.857  27.986 0.0000000000
93664  -37.934  0.498  30.704 0.0000000000
93670  -39.037  0.384  29.679 0.0000000000
141255  -38.604  2.102  30.461 0.0000000000
101627  -52.176  9.763  34.063 0.0000000000
102269  -51.778  12.295  33.583 0.0000000000
96298  -51.203  4.061  19.696 0.0000000000
91909  -45.875  -1.082  37.048 0.0000000000
92731  -46.444  0.000  40.289 0.0000000000
92749  -45.453  -0.594  39.558 0.0000000000
90310  -32.639  -3.837  35.588 0.0000000000
150944  -31.171  -2.308  34.314 0.0000000000
92835  -49.523  -0.176  29.650 0.0000000000
93684  -49.284  0.154  28.402 0.0000000000
96250  -42.921  3.951  23.790 0.0000000000
96262  -44.478  4.148  22.773 0.0000000000
97080  -44.023  5.033  23.231 0.0000000000
98660  -44.779  6.846  23.169 0.0000000000
137893  -43.303  6.425  23.792 0.0000000000
100248  -44.717  8.401  34.023 0.0000000000
99415  -44.981  7.174  32.689 0.0000000000
99402  -46.397  7.657  33.486 0.0000000000
127886  -47.650  12.619  24.268 0.0000000000
103018  -46.601  12.309  25.803 0.0000000000
127778  -45.566  12.916  23.387 0.0000000000
133789  -43.562  12.588  22.821 0.0000000000
103080  -44.688  13.748  21.616 0.0000000000
103811  -44.217  14.020  21.223 0.0000000000
103814  -46.357  14.040  21.677 0.0000000000
104426  -44.921  14.269  29.850 0.0000000000
104444  -43.900  15.066  28.701 0.0000000000
104425  -43.394  14.804  29.639 0.0000000000
104431  -42.106  15.428  29.236 0.0000000000
104424  -42.734  14.833  29.757 0.0000000000
91174  -43.715  -3.077  29.958 0.0000000000
91189  -44.164  -2.769  28.225 0.0000000000
151353  -42.708  -2.804  27.921 0.0000000000
94496  -40.918  1.142  27.248 0.0000000000
93709  -41.362  0.136  26.145 0.0000000000
94507  -41.311  1.475  26.509 0.0000000000
94531  -41.633  1.888  25.270 0.0000000000
95384  -41.515  2.197  26.424 0.0000000000
100226  -50.348  7.869  35.404 0.0000000000
100239  -50.026  8.127  34.399 0.0000000000
99405  -52.126  7.480  34.144 0.0000000000
101660  -53.203  9.760  29.900 0.0000000000
100989  -53.017  9.597  29.677 0.0000000000
101683  -52.385  10.880  27.683 0.0000000000
102340  -51.896  11.189  26.519 0.0000000000
102354  -52.221  11.998  25.897 0.0000000000
103775  -51.178  13.027  25.708 0.0000000000
102993  -51.841  12.683  27.058 0.0000000000
103714  -50.906  13.326  31.620 0.0000000000
146396  -49.376  13.259  29.652 0.0000000000
103712  -49.071  13.429  31.204 0.0000000000
126836  -47.895  13.499  30.330 0.0000000000
146243  -48.626  13.515  31.763 0.0000000000
97156  -46.441  4.712  16.040 0.0000000000
97759  -35.236  6.106  34.059 0.0000000000
98570  -36.593  6.456  33.471 0.0000000000
98567  -36.014  6.740  34.217 0.0000000000
99344  -38.717  6.936  37.105 0.0000000000
139492  -38.743  8.154  35.916 0.0000000000
99366  -40.053  7.682  36.772 0.0000000000
100204  -41.689  8.434  35.828 0.0000000000
99347  -41.585  7.317  37.274 0.0000000000
97728  -42.178  5.240  40.570 0.0000000000
98534  -44.150  6.693  38.923 0.0000000000
98536  -45.625  6.656  39.297 0.0000000000
99337  -46.813  7.065  38.813 0.0000000000
133720  -47.082  5.916  41.094 0.0000000000
91988  -53.181  -0.139  31.762 0.0000000000
91977  -52.726  -0.482  33.107 0.0000000000
91944  -49.939  -1.230  35.670 0.0000000000
92776  -50.429  0.209  36.621 0.0000000000
92789  -50.169  0.310  35.478 0.0000000000
92788  -48.582  0.217  34.886 0.0000000000
91962  -46.006  -0.971  33.213 0.0000000000
92786  -46.190  -0.135  34.645 0.0000000000
92774  -42.575  -0.147  35.549 0.0000000000
92798  -42.982  -0.916  34.293 0.0000000000
148608  -40.845  -1.548  33.662 0.0000000000
86792  -40.190  -7.208  38.040 0.0000000000
89419  -40.829  -4.423  41.579 0.0000000000
90257  -41.258  -3.408  41.950 0.0000000000
91076  -42.434  -2.749  40.960 0.0000000000
91874  -41.654  -2.415  41.763 0.0000000000
92727  -42.422  -1.286  40.783 0.0000000000
91882  -40.011  -2.120  38.963 0.0000000000
95343  -34.197  2.299  33.101 0.0000000000
140847  -33.749  0.880  33.303 0.0000000000
97096  -54.419  5.257  22.463 0.0000000000
92885  -46.571  -0.708  25.307 0.0000000000
93725  -47.847  0.129  25.422 0.0000000000
93750  -47.519  0.664  23.860 0.0000000000
96277  -47.620  4.006  21.492 0.0000000000
96266  -49.239  3.207  21.771 0.0000000000
97108  -49.652  4.738  20.832 0.0000000000
97859  -51.672  6.105  20.687 0.0000000000
98679  -50.322  6.793  19.748 0.0000000000
99543  -51.304  7.449  18.584 0.0000000000
98689  -49.694  7.210  19.422 0.0000000000
99524  -44.799  7.449  20.265 0.0000000000
138742  -46.702  7.641  18.615 0.0000000000
132997  -44.981  7.675  18.231 0.0000000000
99568  -44.534  7.903  16.500 0.0000000000
128834  -44.084  8.162  17.602 0.0000000000
97768  -39.935  5.880  32.002 0.0000000000
97017  -40.557  4.649  31.191 0.0000000000
147204  -41.651  5.712  31.719 0.0000000000
97790  -45.197  5.460  29.322 0.0000000000
97025  -44.017  4.409  29.494 0.0000000000
97800  -44.011  5.120  28.540 0.0000000000
97798  -42.280  5.539  28.044 0.0000000000
99456  -42.836  6.600  28.614 0.0000000000
100960  -48.683  9.283  31.659 0.0000000000
100265  -47.125  8.786  31.156 0.0000000000
101655  -47.064  10.662  30.770 0.0000000000
102350  -43.187  11.946  26.699 0.0000000000
102317  -43.484  10.879  28.647 0.0000000000
102331  -41.907  11.034  27.161 0.0000000000
101005  -40.815  9.769  27.042 0.0000000000
127319  -40.639  10.338  25.576 0.0000000000
100327  -40.479  8.528  24.134 0.0000000000
127823  -40.497  10.109  24.017 0.0000000000
101717  -41.996  11.896  19.235 0.0000000000
101724  -41.503  10.367  19.506 0.0000000000
101043  -41.815  10.872  18.276 0.0000000000
100362  -42.059  9.913  16.708 0.0000000000
146197  -41.282  11.213  16.850 0.0000000000
100361  -40.975  9.840  16.836 0.0000000000
101730  -41.133  11.522  16.975 0.0000000000
103089  -41.457  13.269  20.140 0.0000000000
127065  -40.580  12.077  19.575 0.0000000000
104463  -47.369  14.190  26.346 0.0000000000
127111  -45.346  14.592  24.317 0.0000000000
126827  -45.353  14.541  25.440 0.0000000000
103770  -41.602  13.690  26.197 0.0000000000
103781  -42.194  13.906  25.620 0.0000000000
136828  -40.208  12.780  24.549 0.0000000000
102373  -39.383  11.896  24.278 0.0000000000
102360  -39.307  11.953  25.239 0.0000000000
101698  -38.378  10.931  25.656 0.0000000000
102347  -39.266  12.138  26.223 0.0000000000
104440  -39.056  15.217  28.539 0.0000000000
103000  -38.615  13.153  28.017 0.0000000000
102992  -37.913  14.072  28.416 0.0000000000
102313  -37.217  11.751  28.712 0.0000000000
91171  -40.474  -2.697  29.880 0.0000000000
150515  -41.388  -2.323  27.983 0.0000000000
92014  -39.885  -1.142  28.586 0.0000000000
93682  -40.069  0.405  28.496 0.0000000000
95364  -41.009  2.035  28.442 0.0000000000
99406  -52.797  7.434  34.028 0.0000000000
100241  -53.229  7.985  34.380 0.0000000000
100950  -53.053  9.643  32.537 0.0000000000
102288  -52.673  11.095  31.172 0.0000000000
102986  -52.154  12.221  29.113 0.0000000000
102971  -51.894  12.617  31.330 0.0000000000
103715  -51.564  13.287  31.943 0.0000000000
97141  -48.933  5.111  18.336 0.0000000000
147293  -34.087  5.001  37.144 0.0000000000
98562  -35.491  6.754  35.926 0.0000000000
146834  -35.628  4.992  37.739 0.0000000000
92741  -48.569  0.188  38.586 0.0000000000
93634  -45.815  0.748  36.224 0.0000000000
93608  -46.221  0.640  38.740 0.0000000000
93606  -43.950  0.484  37.997 0.0000000000
92765  -42.225  0.052  36.911 0.0000000000
88547  -39.309  -5.784  40.321 0.0000000000
91055  -36.141  -2.855  41.130 0.0000000000
91130  -33.092  -1.903  33.797 0.0000000000
92793  -32.528  -0.273  33.578 0.0000000000
91947  -32.027  -0.914  33.755 0.0000000000
92780  -30.299  -0.165  34.405 0.0000000000
131230  -44.279  1.089  23.123 0.0000000000
94547  -46.396  1.154  22.869 0.0000000000
95436  -45.703  2.774  22.365 0.0000000000
138220  -46.163  4.191  22.137 0.0000000000
97857  -46.621  5.595  21.750 0.0000000000
98670  -47.365  6.482  21.046 0.0000000000
98662  -46.188  6.380  22.124 0.0000000000
99503  -45.395  7.192  22.148 0.0000000000
99512  -43.394  7.448  21.317 0.0000000000
143084  -42.211  7.825  32.924 0.0000000000
98578  -42.660  6.398  32.153 0.0000000000
98579  -43.612  6.391  32.186 0.0000000000
147744  -45.012  5.723  31.304 0.0000000000
98609  -45.963  5.975  29.619 0.0000000000
102321  -48.676  11.455  28.459 0.0000000000
126400  -46.896  11.430  29.094 0.0000000000
102336  -46.379  11.859  27.522 0.0000000000
103001  -44.801  12.260  26.633 0.0000000000
150725  -43.420  12.249  25.845 0.0000000000
102375  -41.654  11.488  23.951 0.0000000000
103044  -42.969  12.277  24.126 0.0000000000
102392  -42.344  12.366  21.190 0.0000000000
102397  -42.252  12.570  19.361 0.0000000000
151629  -42.045  12.908  18.854 0.0000000000
103104  -42.503  13.461  19.814 0.0000000000
103820  -42.899  13.998  20.418 0.0000000000
103809  -42.164  14.047  21.069 0.0000000000
127285  -46.093  14.250  27.931 0.0000000000
104455  -44.539  14.570  27.419 0.0000000000
126831  -44.181  14.864  28.128 0.0000000000
104453  -42.808  14.876  27.801 0.0000000000
103760  -41.581  14.159  27.281 0.0000000000
103769  -40.275  13.544  27.346 0.0000000000
104451  -40.798  15.337  28.513 0.0000000000
104441  -39.941  15.696  28.884 0.0000000000
104430  -39.533  15.868  28.991 0.0000000000
92002  -46.653  -1.884  29.340 0.0000000000
92018  -47.494  -1.170  28.301 0.0000000000
91207  -46.257  -1.962  27.916 0.0000000000
92046  -45.643  -1.816  26.532 0.0000000000
92067  -44.470  -1.163  24.718 0.0000000000
91217  -42.039  -1.970  26.692 0.0000000000
92055  -42.868  -1.381  25.130 0.0000000000
92896  -43.349  -0.169  24.065 0.0000000000
94543  -42.690  1.474  23.925 0.0000000000
141579  -42.557  3.095  23.940 0.0000000000
97067  -42.077  4.752  24.848 0.0000000000
100224  -47.663  8.481  35.326 0.0000000000
137729  -47.231  7.430  33.290 0.0000000000
100238  -48.796  8.075  34.137 0.0000000000
99420  -49.456  8.045  32.418 0.0000000000
101643  -50.460  10.003  31.083 0.0000000000
100270  -52.345  8.521  31.829 0.0000000000
100977  -51.635  9.519  30.699 0.0000000000
102309  -50.082  11.237  29.296 0.0000000000
126848  -49.900  11.376  27.576 0.0000000000
102351  -49.868  11.872  25.370 0.0000000000
103050  -49.272  12.859  23.560 0.0000000000
104490  -48.290  13.936  22.640 0.0000000000
103783  -50.031  13.305  24.252 0.0000000000
103773  -49.275  13.680  25.267 0.0000000000
145700  -47.975  13.641  27.784 0.0000000000
103753  -50.292  13.046  29.100 0.0000000000
103751  -48.803  13.451  28.238 0.0000000000
103750  -46.946  13.811  28.346 0.0000000000
126970  -46.784  13.766  29.205 0.0000000000
126660  -46.219  13.675  30.531 0.0000000000
103709  -45.977  13.508  31.248 0.0000000000
97010  -36.412  3.940  32.228 0.0000000000
96186  -37.803  3.562  31.303 0.0000000000
97765  -37.492  5.527  32.446 0.0000000000
98575  -38.309  6.617  32.810 0.0000000000
99396  -39.384  7.825  33.441 0.0000000000
99377  -37.412  7.620  35.711 0.0000000000
100230  -38.782  8.317  34.924 0.0000000000
100245  -40.706  8.275  33.704 0.0000000000
100234  -42.333  8.586  34.465 0.0000000000
100235  -43.146  8.638  34.691 0.0000000000
145817  -44.684  8.591  35.528 0.0000000000
98531  -40.850  6.163  38.430 0.0000000000
99333  -42.941  7.106  38.039 0.0000000000
100189  -44.751  7.973  37.064 0.0000000000
100208  -45.621  8.318  36.592 0.0000000000
100191  -47.118  7.932  37.208 0.0000000000
99371  -48.989  7.562  37.491 0.0000000000
146893  -50.014  7.310  37.679 0.0000000000
93660  -52.400  0.534  31.735 0.0000000000
92818  -49.201  -0.544  31.277 0.0000000000
91136  -50.146  -2.218  33.890 0.0000000000
91145  -51.460  -1.400  33.772 0.0000000000
92806  -52.084  -0.025  34.919 0.0000000000
138561  -49.361  -0.248  33.413 0.0000000000
91986  -48.341  -0.847  31.546 0.0000000000
91984  -46.865  -1.436  31.686 0.0000000000
91155  -45.107  -2.264  31.174 0.0000000000
135475  -43.033  -2.668  31.493 0.0000000000
138065  -44.274  -0.440  34.635 0.0000000000
91969  -42.962  -1.858  32.957 0.0000000000
149616  -41.895  -3.059  30.960 0.0000000000
91161  -39.870  -2.661  30.761 0.0000000000
87713  -41.044  -6.219  35.627 0.0000000000
88549  -40.277  -6.074  40.030 0.0000000000
141679  -40.368  -5.115  38.333 0.0000000000
89457  -40.627  -4.657  36.464 0.0000000000
90302  -41.474  -3.394  36.639 0.0000000000
135478  -42.682  -2.280  37.743 0.0000000000
91894  -43.946  -1.548  38.837 0.0000000000
91870  -43.998  -1.344  41.672 0.0000000000
92736  -42.023  -0.916  38.942 0.0000000000
92763  -40.672  -0.460  36.225 0.0000000000
94465  -36.648  1.497  31.700 0.0000000000
96182  -35.286  3.062  32.607 0.0000000000
97008  -35.021  3.921  32.892 0.0000000000
97004  -33.676  4.493  33.794 0.0000000000
96998  -32.989  4.926  35.857 0.0000000000
95460  -54.199  3.160  20.555 0.0000000000
96290  -53.727  4.049  20.538 0.0000000000
134385  -53.354  4.904  20.190 0.0000000000
152767  -48.484  0.251  26.519 0.0000000000
93726  -49.091  0.942  25.572 0.0000000000
94562  -47.856  1.748  22.677 0.0000000000
95424  -50.250  2.429  23.271 0.0000000000
96268  -51.584  4.050  22.677 0.0000000000
97110  -52.908  5.976  21.754 0.0000000000
140635  -53.091  6.628  20.339 0.0000000000
97135  -52.621  6.112  19.384 0.0000000000
97134  -51.907  6.105  18.836 0.0000000000
97895  -50.284  6.633  17.661 0.0000000000
98714  -48.952  6.876  17.238 0.0000000000
99527  -48.132  7.459  19.768 0.0000000000
99570  -47.596  7.389  17.440 0.0000000000
151097  -47.466  6.110  16.717 0.0000000000
137169  -46.228  5.827  16.378 0.0000000000
99577  -44.515  7.565  16.443 0.0000000000
98710  -43.605  7.303  16.481 0.0000000000
96188  -39.220  3.683  30.884 0.0000000000
96191  -40.765  3.337  30.281 0.0000000000
96198  -41.967  3.113  29.048 0.0000000000
97019  -42.569  4.581  30.763 0.0000000000
96193  -42.621  3.624  29.405 0.0000000000
96205  -42.065  3.087  28.054 0.0000000000
97048  -41.866  4.086  27.033 0.0000000000
132842  -41.457  5.010  26.991 0.0000000000
97821  -41.445  5.775  25.850 0.0000000000
98591  -47.491  6.877  31.732 0.0000000000
144667  -47.009  6.849  30.591 0.0000000000
100295  -45.649  7.704  29.840 0.0000000000
102305  -45.529  11.084  29.414 0.0000000000
128502  -44.119  10.125  29.663 0.0000000000
146646  -43.432  8.135  29.189 0.0000000000
151865  -41.716  8.089  28.579 0.0000000000
136720  -40.608  8.199  27.310 0.0000000000
99476  -41.027  7.257  25.498 0.0000000000
99491  -41.538  7.544  23.811 0.0000000000
99510  -41.443  7.722  21.307 0.0000000000
101037  -40.549  9.289  21.775 0.0000000000
141279  -40.896  8.563  20.743 0.0000000000
99534  -42.240  8.436  18.875 0.0000000000
100363  -42.565  9.204  16.509 0.0000000000
100369  -42.791  8.911  16.024 0.0000000000
101729  -40.902  11.500  17.834 0.0000000000
136138  -45.916  14.484  23.061 0.0000000000
104485  -43.923  14.385  22.815 0.0000000000
131275  -41.762  13.840  22.316 0.0000000000
126667  -43.600  14.357  25.887 0.0000000000
136754  -42.304  13.942  24.432 0.0000000000
103060  -40.631  13.226  22.683 0.0000000000
146437  -39.626  12.201  23.407 0.0000000000
101026  -38.431  9.990  23.325 0.0000000000
101025  -37.874  9.208  23.801 0.0000000000
103012  -39.177  12.578  27.272 0.0000000000
102330  -38.025  11.221  27.364 0.0000000000
134063  -45.172  13.040  32.727 0.0000000000
128005  -43.744  13.119  31.957 0.0000000000
103706  -42.353  13.456  31.266 0.0000000000
103725  -40.634  13.923  30.503 0.0000000000
104421  -38.707  15.017  29.722 0.0000000000
141578  -37.704  1.208  30.944 0.0000000000
94469  -38.417  1.296  30.430 0.0000000000
94468  -38.002  1.965  30.794 0.0000000000
91922  -45.321  -1.678  36.117 0.0000000000
91896  -45.585  -0.708  38.170 0.0000000000
91895  -44.764  -1.092  38.456 0.0000000000
89450  -31.936  -4.188  36.171 0.0000000000
92826  -49.070  -0.552  30.267 0.0000000000
92848  -49.201  -0.169  28.948 0.0000000000
92834  -48.759  -0.511  29.296 0.0000000000
97068  -42.655  4.772  24.204 0.0000000000
97079  -43.293  4.874  23.657 0.0000000000
97834  -42.984  5.683  23.982 0.0000000000
97835  -43.691  5.869  23.656 0.0000000000
98651  -42.694  6.507  24.119 0.0000000000
100249  -45.678  8.289  34.118 0.0000000000
99401  -45.332  7.758  33.385 0.0000000000
103048  -47.445  13.019  23.341 0.0000000000
103033  -46.641  12.556  24.682 0.0000000000
103047  -46.422  12.998  23.332 0.0000000000
103046  -44.986  13.189  22.677 0.0000000000
103065  -46.050  13.509  22.258 0.0000000000
103064  -45.528  13.875  21.593 0.0000000000
103800  -46.345  14.004  21.668 0.0000000000
136753  -44.090  14.534  29.755 0.0000000000
103728  -43.554  14.093  30.279 0.0000000000
90351  -43.096  -3.219  29.239 0.0000000000
91188  -43.305  -3.000  28.391 0.0000000000
91187  -42.469  -2.991  28.569 0.0000000000
94484  -41.080  1.762  27.791 0.0000000000
148268  -41.155  0.792  26.522 0.0000000000
136792  -41.381  1.949  27.169 0.0000000000
95373  -41.720  2.764  27.107 0.0000000000
99379  -50.690  7.543  36.376 0.0000000000
100227  -51.025  7.618  34.965 0.0000000000
99388  -52.060  7.308  34.972 0.0000000000
138704  -53.097  10.373  29.279 0.0000000000
101672  -53.019  10.046  29.067 0.0000000000
102325  -52.609  10.971  27.922 0.0000000000
101687  -52.355  11.188  27.291 0.0000000000
103006  -52.412  11.582  27.416 0.0000000000
103005  -52.284  12.172  26.747 0.0000000000
102994  -52.131  12.361  27.918 0.0000000000
103689  -50.397  13.690  32.088 0.0000000000
103713  -50.015  13.416  31.367 0.0000000000
103688  -49.454  13.637  31.928 0.0000000000
97140  -47.969  4.718  17.982 0.0000000000
97139  -47.130  4.337  17.559 0.0000000000
97148  -46.502  4.223  16.551 0.0000000000
98565  -34.747  6.247  34.815 0.0000000000
98566  -35.301  6.613  34.899 0.0000000000
98545  -39.076  6.086  37.574 0.0000000000
99345  -39.533  6.996  37.251 0.0000000000
99346  -40.324  7.037  37.350 0.0000000000
99367  -40.880  7.585  36.962 0.0000000000
142590  -40.969  7.038  37.475 0.0000000000
132935  -45.372  6.015  40.740 0.0000000000
98523  -45.970  6.264  40.312 0.0000000000
127308  -51.034  -2.286  30.772 0.0000000000
91168  -51.889  -1.584  31.408 0.0000000000
91158  -51.885  -1.542  32.324 0.0000000000
93646  -49.409  0.439  36.049 0.0000000000
93645  -48.125  0.448  35.610 0.0000000000
92787  -47.291  -0.002  34.670 0.0000000000
93644  -46.921  0.342  35.397 0.0000000000
149329  -41.937  -0.197  35.605 0.0000000000
126478  -41.801  -0.455  35.066 0.0000000000
91941  -41.192  -0.934  34.434 0.0000000000
91133  -40.007  -1.721  33.498 0.0000000000
91956  -40.334  -1.089  34.233 0.0000000000
86791  -39.619  -7.331  38.435 0.0000000000
90246  -40.693  -3.485  42.231 0.0000000000
91064  -41.006  -2.899  42.114 0.0000000000
131414  -41.722  -2.753  41.800 0.0000000000
91075  -40.700  -2.302  40.946 0.0000000000
91074  -39.605  -2.409  40.174 0.0000000000
93650  -34.046  0.083  33.308 0.0000000000
93651  -34.383  0.887  33.132 0.0000000000
96253  -52.488  4.340  24.113 0.0000000000
140986  -45.768  -0.403  24.290 0.0000000000
92899  -46.439  -0.352  24.569 0.0000000000
93735  -46.173  0.048  23.888 0.0000000000
97106  -47.708  4.839  21.108 0.0000000000
97107  -48.561  4.522  21.087 0.0000000000
97120  -49.143  5.332  20.636 0.0000000000
97121  -49.977  5.499  20.508 0.0000000000
97873  -49.735  6.052  20.213 0.0000000000
97872  -48.838  6.042  20.360 0.0000000000
130744  -45.112  7.537  19.378 0.0000000000
99537  -44.346  7.656  19.040 0.0000000000
99536  -43.455  8.030  18.480 0.0000000000
98577  -40.249  6.678  32.356 0.0000000000
98586  -40.911  6.007  31.962 0.0000000000
98608  -45.321  6.096  29.210 0.0000000000
97034  -44.538  4.879  28.880 0.0000000000
98620  -44.689  5.576  28.852 0.0000000000
98619  -43.804  6.081  28.646 0.0000000000
99442  -43.352  7.216  28.937 0.0000000000
101641  -48.498  10.732  31.164 0.0000000000
101640  -47.685  10.340  31.243 0.0000000000
101656  -47.892  10.943  30.897 0.0000000000
102349  -42.339  11.555  26.590 0.0000000000
102332  -42.654  11.384  27.365 0.0000000000
102348  -41.697  11.218  26.467 0.0000000000
101693  -41.254  10.656  26.768 0.0000000000
139002  -41.177  11.051  25.875 0.0000000000
101704  -40.530  10.232  24.742 0.0000000000
102361  -40.996  10.991  24.895 0.0000000000
101725  -41.866  11.536  18.694 0.0000000000
130203  -41.678  11.224  17.186 0.0000000000
101738  -41.086  11.376  16.790 0.0000000000
101739  -41.311  11.526  17.027 0.0000000000
103088  -40.495  12.756  21.013 0.0000000000
103075  -40.155  12.603  21.981 0.0000000000
149165  -46.667  14.358  26.151 0.0000000000
104461  -45.866  14.429  26.353 0.0000000000
131172  -41.014  13.602  26.870 0.0000000000
103780  -40.934  13.326  25.719 0.0000000000
103028  -40.332  12.924  25.503 0.0000000000
103027  -39.763  12.490  25.432 0.0000000000
103013  -39.868  12.783  26.545 0.0000000000
103748  -38.056  15.070  28.599 0.0000000000
103757  -38.622  14.265  28.288 0.0000000000
92001  -40.141  -1.975  28.952 0.0000000000
92000  -39.415  -1.286  29.292 0.0000000000
94473  -39.465  1.061  29.544 0.0000000000
93671  -39.567  0.388  29.121 0.0000000000
148354  -39.886  1.574  29.455 0.0000000000
94474  -40.449  1.735  29.001 0.0000000000
100229  -53.052  7.379  35.173 0.0000000000
100943  -52.883  8.127  35.103 0.0000000000
130212  -52.400  10.246  33.273 0.0000000000
100948  -52.938  9.009  33.558 0.0000000000
151266  -52.550  10.650  32.597 0.0000000000
101631  -52.878  10.387  31.795 0.0000000000
102979  -52.416  11.756  30.614 0.0000000000
102972  -52.210  12.206  31.685 0.0000000000
102954  -51.895  13.390  32.989 0.0000000000
102962  -51.901  13.107  32.237 0.0000000000
103691  -51.659  13.750  32.729 0.0000000000
140341  -50.304  3.623  19.724 0.0000000000
96297  -49.456  3.791  19.462 0.0000000000
97752  -34.835  5.306  37.250 0.0000000000
92767  -47.883  -0.260  38.421 0.0000000000
92752  -48.191  0.162  38.876 0.0000000000
93609  -47.304  0.601  38.651 0.0000000000
93598  -46.904  0.186  39.561 0.0000000000
93596  -45.419  0.086  40.207 0.0000000000
93607  -45.142  0.551  38.743 0.0000000000
135849  -44.536  0.189  39.273 0.0000000000
93621  -43.021  0.239  37.434 0.0000000000
93605  -43.584  -0.111  38.943 0.0000000000
134157  -34.493  -3.617  36.085 0.0000000000
90323  -33.572  -3.168  34.786 0.0000000000
91119  -34.208  -2.745  34.551 0.0000000000
91118  -33.370  -2.598  34.284 0.0000000000
91933  -32.286  -1.711  33.848 0.0000000000
141272  -30.761  -0.893  34.198 0.0000000000
138623  -29.923  -1.042  34.586 0.0000000000
94545  -44.350  1.893  22.874 0.0000000000
94559  -45.194  2.010  22.635 0.0000000000
95435  -44.661  2.921  22.644 0.0000000000
97091  -45.142  4.674  22.540 0.0000000000
96263  -45.464  3.837  22.390 0.0000000000
97092  -45.774  4.745  22.307 0.0000000000
97093  -46.383  4.819  21.934 0.0000000000
97846  -46.009  5.545  22.253 0.0000000000
98659  -43.914  7.212  23.112 0.0000000000
129926  -45.304  7.033  22.719 0.0000000000
99502  -44.727  7.215  22.633 0.0000000000
99513  -44.517  7.369  21.480 0.0000000000
128746  -43.149  7.383  22.286 0.0000000000
135553  -42.940  7.215  32.566 0.0000000000
99414  -43.962  7.194  32.663 0.0000000000
98581  -45.609  6.498  32.223 0.0000000000
98580  -44.742  6.296  32.096 0.0000000000
147136  -45.865  5.919  31.412 0.0000000000
97778  -46.387  5.806  30.453 0.0000000000
126640  -48.528  11.594  27.371 0.0000000000
126307  -47.352  11.733  27.542 0.0000000000
103003  -47.136  11.948  26.796 0.0000000000
103016  -44.797  12.432  25.523 0.0000000000
103017  -45.743  12.331  25.900 0.0000000000
103015  -44.020  12.285  26.226 0.0000000000
102376  -42.263  11.895  24.326 0.0000000000
103062  -43.385  12.752  21.925 0.0000000000
103061  -42.857  12.539  21.681 0.0000000000
133385  -42.082  12.198  20.592 0.0000000000
103077  -43.056  13.026  20.586 0.0000000000
103090  -42.624  13.119  19.854 0.0000000000
103091  -42.950  13.595  20.370 0.0000000000
103822  -44.232  13.997  21.166 0.0000000000
103821  -43.894  14.030  21.181 0.0000000000
104504  -43.512  14.052  20.983 0.0000000000
103810  -42.665  14.139  21.301 0.0000000000
104493  -43.092  14.200  21.748 0.0000000000
104446  -45.464  14.416  28.553 0.0000000000
127075  -45.065  14.533  28.016 0.0000000000
104445  -44.710  14.667  28.656 0.0000000000
127875  -43.128  15.291  28.755 0.0000000000
126832  -43.364  15.101  28.247 0.0000000000
104443  -42.726  15.218  28.411 0.0000000000
104458  -42.129  14.605  27.624 0.0000000000
104452  -41.524  14.919  28.122 0.0000000000
103759  -40.906  14.384  27.768 0.0000000000
104442  -41.555  15.516  28.800 0.0000000000
145555  -41.253  15.548  29.186 0.0000000000
150080  -40.768  15.762  28.911 0.0000000000
144070  -40.349  15.679  29.086 0.0000000000
91177  -45.989  -2.321  29.432 0.0000000000
91191  -46.189  -2.159  28.689 0.0000000000
91190  -45.510  -2.481  28.811 0.0000000000
91220  -44.823  -2.172  26.620 0.0000000000
92057  -44.796  -1.518  25.397 0.0000000000
92056  -43.855  -1.552  25.192 0.0000000000
92029  -40.768  -1.202  27.391 0.0000000000
91202  -41.659  -2.145  27.398 0.0000000000
92030  -41.288  -1.433  26.932 0.0000000000
93723  -41.775  0.117  25.359 0.0000000000
92882  -41.740  -0.606  25.787 0.0000000000
92883  -42.260  -0.687  25.090 0.0000000000
92895  -42.853  -0.736  24.584 0.0000000000
93724  -42.413  0.095  24.552 0.0000000000
93745  -42.904  0.641  23.951 0.0000000000
131182  -42.321  0.925  24.386 0.0000000000
96238  -41.745  3.102  25.323 0.0000000000
95410  -42.309  2.304  24.258 0.0000000000
147909  -41.940  3.448  24.873 0.0000000000
96239  -42.288  3.837  24.481 0.0000000000
141736  -41.830  3.936  25.152 0.0000000000
100237  -47.825  8.251  34.467 0.0000000000
100225  -48.554  8.433  35.107 0.0000000000
100257  -50.541  8.359  32.645 0.0000000000
100252  -49.931  8.095  33.017 0.0000000000
100961  -49.751  9.394  31.659 0.0000000000
126981  -50.862  9.277  31.568 0.0000000000
99408  -53.262  7.852  33.167 0.0000000000
99421  -52.858  7.597  33.312 0.0000000000
100271  -53.046  8.478  31.554 0.0000000000
101670  -51.885  10.280  29.248 0.0000000000
101659  -52.438  9.721  29.800 0.0000000000
102298  -50.654  10.881  29.839 0.0000000000
127328  -49.594  11.341  28.657 0.0000000000
102322  -50.604  11.164  28.283 0.0000000000
102366  -51.311  11.934  25.190 0.0000000000
102352  -50.803  11.677  25.557 0.0000000000
102365  -50.705  12.146  24.846 0.0000000000
102364  -49.837  12.455  24.408 0.0000000000
103035  -50.495  12.638  24.402 0.0000000000
103793  -49.871  13.075  23.678 0.0000000000
103052  -50.402  12.817  24.244 0.0000000000
103764  -50.145  13.353  26.500 0.0000000000
103774  -50.282  13.330  25.340 0.0000000000
129977  -49.405  13.564  26.193 0.0000000000
103762  -48.342  13.810  26.533 0.0000000000
103763  -49.047  13.542  27.209 0.0000000000
102985  -51.276  12.687  29.033 0.0000000000
129632  -48.752  13.384  29.040 0.0000000000
127076  -47.821  13.561  28.882 0.0000000000
103740  -47.379  13.599  29.777 0.0000000000
126838  -47.111  13.548  30.576 0.0000000000
103710  -46.601  13.524  31.045 0.0000000000
127955  -46.525  13.437  31.612 0.0000000000
96318  -45.356  3.577  15.434 0.0000000000
97909  -45.432  5.194  16.300 0.0000000000
97011  -37.165  4.696  32.168 0.0000000000
97764  -36.719  5.320  32.607 0.0000000000
98571  -37.497  6.733  33.278 0.0000000000
127922  -37.727  6.167  32.699 0.0000000000
98572  -38.197  7.169  33.330 0.0000000000
99410  -38.887  7.226  33.035 0.0000000000
99395  -38.579  7.737  33.785 0.0000000000
98563  -36.166  6.789  36.332 0.0000000000
99376  -36.235  7.185  35.621 0.0000000000
99362  -36.802  7.220  36.196 0.0000000000
100202  -39.685  8.259  36.123 0.0000000000
100231  -39.623  8.412  34.714 0.0000000000
100244  -39.899  8.265  33.925 0.0000000000
100232  -40.467  8.483  34.532 0.0000000000
100233  -41.429  8.524  34.259 0.0000000000
100219  -41.031  8.574  35.246 0.0000000000
100205  -42.567  8.240  36.305 0.0000000000
100220  -42.462  8.580  35.353 0.0000000000
100221  -43.303  8.578  35.646 0.0000000000
127936  -44.088  8.559  35.917 0.0000000000
100206  -43.511  8.263  36.430 0.0000000000
97734  -40.610  5.393  39.179 0.0000000000
98532  -41.478  6.090  38.901 0.0000000000
98548  -41.440  6.670  37.957 0.0000000000
98549  -42.282  6.616  38.442 0.0000000000
99335  -44.563  7.182  38.394 0.0000000000
99349  -44.231  7.514  37.697 0.0000000000
137619  -45.062  7.504  37.866 0.0000000000
144290  -45.530  7.801  37.370 0.0000000000
100209  -46.581  8.348  36.497 0.0000000000
100190  -46.273  7.884  37.282 0.0000000000
99338  -47.624  7.208  38.581 0.0000000000
127442  -48.337  7.376  38.103 0.0000000000
99353  -49.544  7.079  38.451 0.0000000000
92836  -52.891  -0.397  29.697 0.0000000000
92821  -53.003  0.244  32.633 0.0000000000
93661  -52.999  0.445  31.805 0.0000000000
92820  -51.985  0.408  32.444 0.0000000000
92828  -50.896  0.285  31.215 0.0000000000
92819  -50.435  -0.020  31.930 0.0000000000
91128  -50.936  -0.621  35.569 0.0000000000
91127  -50.127  -1.604  34.848 0.0000000000
91137  -51.222  -0.998  34.767 0.0000000000
91963  -52.123  -0.323  34.638 0.0000000000
129020  -51.741  -0.018  35.535 0.0000000000
141716  -49.014  -0.090  34.185 0.0000000000
92804  -50.490  0.231  34.601 0.0000000000
91975  -48.315  -0.668  32.402 0.0000000000
91974  -47.346  -0.989  32.414 0.0000000000
91961  -45.086  -1.150  33.347 0.0000000000
91972  -45.486  -1.481  32.567 0.0000000000
91982  -44.949  -1.923  31.960 0.0000000000
91154  -44.477  -2.318  31.521 0.0000000000
91144  -44.167  -2.112  32.149 0.0000000000
93633  -44.886  0.801  36.567 0.0000000000
93642  -44.986  0.400  35.624 0.0000000000
92775  -44.379  -0.086  35.200 0.0000000000
91958  -42.545  -1.400  33.649 0.0000000000
91968  -42.134  -1.916  32.992 0.0000000000
144792  -42.545  -2.350  32.361 0.0000000000
91142  -41.732  -2.498  32.346 0.0000000000
135142  -40.621  -2.906  30.850 0.0000000000
91150  -40.277  -2.743  31.635 0.0000000000
90317  -43.245  -3.049  35.022 0.0000000000
86828  -40.918  -7.403  36.908 0.0000000000
87710  -41.061  -6.854  36.410 0.0000000000
135731  -41.484  -6.855  35.791 0.0000000000
87712  -40.667  -6.152  36.453 0.0000000000
87685  -39.838  -6.369  39.874 0.0000000000
88548  -40.080  -5.782  40.768 0.0000000000
90270  -41.274  -4.073  40.641 0.0000000000
89439  -40.701  -4.420  38.981 0.0000000000
89451  -40.549  -4.411  37.695 0.0000000000
90301  -40.919  -3.856  37.167 0.0000000000
89452  -41.116  -4.012  36.146 0.0000000000
90286  -41.435  -3.252  37.960 0.0000000000
91086  -42.110  -2.767  38.759 0.0000000000
91087  -42.854  -2.394  39.391 0.0000000000
91088  -43.210  -1.962  38.519 0.0000000000
91883  -43.467  -1.968  39.653 0.0000000000
91884  -44.124  -1.513  40.822 0.0000000000
91877  -43.923  -1.647  41.815 0.0000000000
91892  -40.620  -1.496  38.523 0.0000000000
91893  -41.220  -0.976  38.138 0.0000000000
92747  -41.739  -0.432  37.489 0.0000000000
91906  -40.565  -0.950  37.258 0.0000000000
92808  -35.955  -0.059  32.642 0.0000000000
92809  -36.796  -0.537  32.579 0.0000000000
93656  -36.248  0.680  32.121 0.0000000000
94463  -35.894  1.524  32.219 0.0000000000
95347  -36.283  2.334  32.018 0.0000000000
95346  -35.588  2.314  32.399 0.0000000000
96181  -34.532  3.077  32.955 0.0000000000
93648  -32.167  0.497  33.649 0.0000000000
94457  -32.458  1.263  33.610 0.0000000000
94456  -31.782  1.137  33.823 0.0000000000
96174  -31.881  3.636  34.898 0.0000000000
97000  -32.545  4.337  35.121 0.0000000000
95448  -54.329  2.355  21.103 0.0000000000
96282  -54.377  3.228  21.460 0.0000000000
97863  -54.282  5.977  21.970 0.0000000000
97111  -54.360  5.298  21.478 0.0000000000
97125  -54.001  5.350  20.692 0.0000000000
149620  -53.594  5.746  20.337 0.0000000000
92033  -47.597  -0.796  27.432 0.0000000000
92873  -47.467  -0.645  26.514 0.0000000000
129661  -48.420  0.586  25.080 0.0000000000
94561  -46.925  1.776  22.500 0.0000000000
94548  -47.249  1.151  23.108 0.0000000000
128893  -50.121  3.426  21.868 0.0000000000
95440  -49.553  2.598  22.429 0.0000000000
95441  -50.376  2.919  22.588 0.0000000000
95425  -51.023  3.119  23.254 0.0000000000
96267  -50.817  3.464  22.411 0.0000000000
96281  -51.897  4.956  21.868 0.0000000000
97874  -52.026  6.972  20.144 0.0000000000
97860  -52.708  6.515  20.636 0.0000000000
97875  -52.616  7.005  19.923 0.0000000000
97886  -52.763  6.789  19.678 0.0000000000
97885  -52.410  6.867  18.998 0.0000000000
147918  -50.316  7.701  18.331 0.0000000000
98703  -51.046  7.060  17.730 0.0000000000
140515  -50.148  7.164  17.506 0.0000000000
97906  -49.569  6.715  17.383 0.0000000000
99572  -49.419  7.473  17.644 0.0000000000
98676  -46.983  7.021  21.073 0.0000000000
98677  -47.735  7.038  20.554 0.0000000000
99526  -47.263  7.404  20.292 0.0000000000
141040  -46.678  7.438  17.663 0.0000000000
99556  -47.663  7.619  18.189 0.0000000000
99571  -48.331  7.236  17.313 0.0000000000
98712  -47.292  6.906  16.957 0.0000000000
98723  -46.966  6.135  16.535 0.0000000000
98711  -44.632  6.744  16.573 0.0000000000
98720  -43.804  7.798  16.139 0.0000000000
97014  -38.006  4.397  31.639 0.0000000000
96187  -38.463  3.872  31.213 0.0000000000
97015  -38.950  4.416  31.394 0.0000000000
97022  -41.152  3.978  30.646 0.0000000000
97021  -40.217  3.849  30.803 0.0000000000
96197  -41.226  2.936  29.624 0.0000000000
96192  -41.671  3.453  29.958 0.0000000000
98588  -43.237  5.768  31.707 0.0000000000
97775  -42.918  5.172  31.224 0.0000000000
97042  -43.872  4.459  28.682 0.0000000000
97032  -43.564  3.970  28.966 0.0000000000
96206  -42.688  3.643  28.605 0.0000000000
96211  -42.547  3.682  27.987 0.0000000000
139304  -42.065  3.472  27.406 0.0000000000
97049  -42.469  3.963  27.641 0.0000000000
98626  -41.496  6.180  27.815 0.0000000000
97808  -41.726  5.304  27.565 0.0000000000
97807  -41.195  5.952  27.256 0.0000000000
97815  -41.211  5.857  26.571 0.0000000000
98631  -40.804  6.636  26.811 0.0000000000
99419  -48.265  7.396  32.494 0.0000000000
99418  -47.723  7.191  32.794 0.0000000000
98584  -47.790  7.073  32.211 0.0000000000
100976  -46.434  9.127  30.781 0.0000000000
100283  -46.720  7.988  30.660 0.0000000000
100282  -46.019  8.369  30.302 0.0000000000
99433  -46.372  7.224  30.065 0.0000000000
100281  -45.256  8.782  30.036 0.0000000000
133972  -46.135  11.472  28.944 0.0000000000
102306  -46.211  11.124  29.723 0.0000000000
102318  -45.495  11.461  28.690 0.0000000000
101681  -42.774  10.466  28.726 0.0000000000
101667  -43.491  10.390  29.216 0.0000000000
148561  -43.532  10.048  29.497 0.0000000000
100987  -43.675  9.514  29.534 0.0000000000
100292  -43.150  8.980  29.269 0.0000000000
100305  -42.554  8.309  28.926 0.0000000000
100304  -41.712  8.942  28.590 0.0000000000
145361  -40.523  8.917  26.758 0.0000000000
100311  -40.750  8.934  27.464 0.0000000000
134682  -40.507  8.135  26.505 0.0000000000
98636  -40.703  7.413  26.203 0.0000000000
99475  -40.722  7.679  25.605 0.0000000000
99482  -41.504  7.291  24.724 0.0000000000
146812  -40.732  7.889  24.999 0.0000000000
100333  -40.389  8.781  23.226 0.0000000000
99490  -40.782  8.026  23.269 0.0000000000
99499  -40.798  7.962  22.237 0.0000000000
99509  -40.881  7.989  21.394 0.0000000000
102385  -41.278  11.244  23.208 0.0000000000
101708  -40.701  10.539  23.101 0.0000000000
101712  -40.879  10.639  21.992 0.0000000000
100349  -41.380  9.427  19.608 0.0000000000
133199  -40.827  9.503  20.695 0.0000000000
100350  -41.612  8.749  19.345 0.0000000000
99535  -42.782  8.613  17.899 0.0000000000
100355  -42.444  9.275  17.307 0.0000000000
100368  -42.162  9.425  16.543 0.0000000000
99566  -42.613  8.515  16.089 0.0000000000
99551  -41.410  8.290  16.939 0.0000000000
102405  -41.602  12.471  18.859 0.0000000000
102413  -40.925  11.987  18.498 0.0000000000
101042  -39.673  9.968  19.696 0.0000000000
101723  -40.252  11.152  19.297 0.0000000000
104481  -47.916  14.321  23.176 0.0000000000
104489  -47.589  14.102  22.295 0.0000000000
104480  -46.950  14.434  23.108 0.0000000000
104469  -44.468  14.510  24.886 0.0000000000
104479  -44.940  14.565  23.618 0.0000000000
104478  -44.095  14.471  23.877 0.0000000000
104484  -43.101  14.282  22.700 0.0000000000
104477  -43.136  14.295  23.934 0.0000000000
126829  -44.041  14.497  26.776 0.0000000000
103771  -42.754  14.181  26.299 0.0000000000
136209  -40.734  13.241  24.589 0.0000000000
152869  -41.510  13.582  24.801 0.0000000000
103790  -41.156  13.540  23.588 0.0000000000
103059  -40.148  12.702  22.685 0.0000000000
133070  -40.036  12.649  23.699 0.0000000000
102372  -38.806  11.241  24.342 0.0000000000
130597  -38.573  10.686  23.937 0.0000000000
101702  -37.724  9.724  25.084 0.0000000000
101697  -37.785  10.229  25.918 0.0000000000
149377  -39.714  13.080  27.293 0.0000000000
102314  -37.868  11.624  28.081 0.0000000000
102315  -38.456  12.047  27.725 0.0000000000
103684  -43.248  13.215  32.685 0.0000000000
103707  -43.253  13.434  31.137 0.0000000000
144876  -42.979  13.235  31.888 0.0000000000
103705  -41.435  13.511  31.469 0.0000000000
144322  -39.764  15.174  29.515 0.0000000000
92831  -38.641  -0.314  29.957 0.0000000000
92832  -39.156  -0.354  29.377 0.0000000000
93665  -38.515  0.436  30.207 0.0000000000
94472  -38.965  1.000  30.002 0.0000000000
94470  -39.288  1.823  30.019 0.0000000000
100942  -52.365  8.408  35.531 0.0000000000
145550  -51.613  10.314  34.410 0.0000000000
148346  -51.523  12.537  34.320 0.0000000000
145605  -51.783  13.477  33.744 0.0000000000
97133  -50.383  4.586  19.259 0.0000000000
96987  -34.134  3.489  38.312 0.0000000000
130195  -34.821  3.497  38.570 0.0000000000
92766  -46.642  -0.501  38.239 0.0000000000
92750  -46.342  -0.318  39.477 0.0000000000
92739  -45.997  -0.259  40.308 0.0000000000
92730  -45.038  -0.573  40.550 0.0000000000
142984  -32.191  -3.397  34.872 0.0000000000
91116  -31.855  -2.329  34.194 0.0000000000
90321  -31.505  -3.028  34.604 0.0000000000
93672  -50.527  0.329  30.047 0.0000000000
93685  -49.815  0.257  29.092 0.0000000000
131269  -49.962  0.646  28.396 0.0000000000
93698  -49.370  0.491  27.772 0.0000000000
137524  -43.226  3.202  23.365 0.0000000000
95434  -43.908  3.353  22.954 0.0000000000
96251  -43.627  4.072  23.272 0.0000000000
97081  -44.728  5.237  22.891 0.0000000000
97844  -45.026  6.078  23.059 0.0000000000
97836  -44.424  6.075  23.369 0.0000000000
98652  -43.935  6.723  23.517 0.0000000000
148780  -43.105  7.007  23.618 0.0000000000
100247  -43.740  8.427  33.952 0.0000000000
99400  -44.312  7.858  33.302 0.0000000000
99416  -45.953  7.073  32.711 0.0000000000
142850  -46.432  6.429  31.960 0.0000000000
103019  -47.918  12.034  25.915 0.0000000000
152902  -47.052  12.183  26.156 0.0000000000
128212  -47.352  12.341  25.303 0.0000000000
103032  -45.617  12.593  24.573 0.0000000000
103031  -44.794  12.625  24.256 0.0000000000
103045  -43.967  12.548  23.840 0.0000000000
103063  -44.263  13.055  22.415 0.0000000000
103079  -43.906  13.469  21.571 0.0000000000
103812  -44.863  13.971  21.460 0.0000000000
146308  -45.520  14.182  21.749 0.0000000000
104434  -44.440  14.703  29.236 0.0000000000
104433  -43.653  15.069  29.214 0.0000000000
104432  -42.892  15.270  29.229 0.0000000000
91175  -44.544  -2.809  29.768 0.0000000000
130754  -44.769  -2.758  28.922 0.0000000000
127934  -43.962  -3.080  29.073 0.0000000000
91204  -43.399  -2.635  27.481 0.0000000000
93697  -40.889  0.096  26.924 0.0000000000
92871  -41.255  -0.653  26.448 0.0000000000
133847  -41.439  0.938  25.786 0.0000000000
94518  -41.615  1.399  25.288 0.0000000000
135551  -41.497  1.717  25.838 0.0000000000
95397  -41.606  2.364  25.669 0.0000000000
96227  -41.644  2.935  26.171 0.0000000000
100212  -49.367  8.216  35.900 0.0000000000
135669  -49.406  8.309  34.992 0.0000000000
100240  -51.060  7.769  34.241 0.0000000000
100253  -51.125  8.037  33.383 0.0000000000
101661  -53.307  9.282  30.833 0.0000000000
100979  -53.118  9.078  30.568 0.0000000000
101671  -52.780  10.013  29.000 0.0000000000
102324  -52.289  10.548  28.282 0.0000000000
127089  -51.290  11.114  27.287 0.0000000000
128244  -52.112  10.831  27.329 0.0000000000
137186  -52.063  11.551  26.111 0.0000000000
102367  -51.712  11.935  25.442 0.0000000000
103784  -50.886  12.879  24.818 0.0000000000
103004  -51.878  12.571  26.164 0.0000000000
103765  -51.085  13.061  26.809 0.0000000000
143401  -50.866  12.885  28.062 0.0000000000
103734  -50.599  12.996  30.782 0.0000000000
103742  -50.408  12.949  29.906 0.0000000000
103733  -49.685  13.249  30.581 0.0000000000
103732  -48.715  13.390  30.448 0.0000000000
126837  -48.045  13.451  31.109 0.0000000000
127954  -47.843  13.438  32.015 0.0000000000
96313  -45.924  3.844  15.654 0.0000000000
97155  -45.837  4.371  15.601 0.0000000000
97761  -35.582  5.564  33.349 0.0000000000
97762  -36.289  5.787  33.067 0.0000000000
98569  -35.917  6.165  33.583 0.0000000000
99393  -36.908  7.144  34.049 0.0000000000
144136  -38.054  6.925  36.939 0.0000000000
99363  -37.579  7.290  36.474 0.0000000000
99364  -38.364  7.516  36.550 0.0000000000
99365  -39.173  7.684  36.674 0.0000000000
100203  -40.713  8.275  36.185 0.0000000000
143313  -41.625  7.943  36.602 0.0000000000
99368  -42.323  7.620  37.044 0.0000000000
98533  -43.186  6.660  38.805 0.0000000000
98535  -44.901  6.809  38.947 0.0000000000
99336  -45.356  7.125  38.584 0.0000000000
135899  -46.078  6.939  38.865 0.0000000000
98537  -46.697  6.500  39.768 0.0000000000
91997  -53.177  -0.252  30.714 0.0000000000
91996  -52.588  -0.903  31.144 0.0000000000
91978  -53.148  0.029  32.682 0.0000000000
92815  -52.753  0.090  33.556 0.0000000000
91927  -50.591  -0.294  36.324 0.0000000000
91928  -51.352  -0.080  35.948 0.0000000000
131004  -51.315  0.207  35.486 0.0000000000
92803  -47.687  -0.285  33.920 0.0000000000
92810  -46.982  -0.773  33.146 0.0000000000
92802  -46.579  -0.460  33.878 0.0000000000
92801  -45.579  -0.598  33.953 0.0000000000
132498  -43.347  0.160  35.790 0.0000000000
92784  -43.488  -0.327  35.046 0.0000000000
92783  -42.575  -0.547  34.864 0.0000000000
91942  -42.123  -0.946  34.349 0.0000000000
91141  -40.815  -2.541  32.374 0.0000000000
149788  -40.549  -2.099  33.036 0.0000000000
89403  -39.698  -3.930  41.893 0.0000000000
89418  -40.261  -4.837  41.520 0.0000000000
89392  -40.447  -4.082  42.106 0.0000000000
90271  -41.729  -3.382  39.875 0.0000000000
90258  -41.849  -3.170  41.599 0.0000000000
91066  -43.045  -2.232  42.195 0.0000000000
91046  -43.028  -2.056  42.636 0.0000000000
91875  -42.206  -1.905  41.909 0.0000000000
149355  -41.412  -1.644  40.165 0.0000000000
91951  -35.856  -1.131  33.610 0.0000000000
92795  -35.479  -0.558  33.232 0.0000000000
93654  -34.941  1.016  32.885 0.0000000000
94462  -35.219  1.593  32.605 0.0000000000
94461  -34.584  1.605  32.938 0.0000000000
94459  -33.951  1.550  33.237 0.0000000000
95342  -33.466  2.245  33.388 0.0000000000
96269  -54.487  4.247  23.083 0.0000000000
97838  -54.078  5.704  23.112 0.0000000000
97847  -53.710  6.154  22.109 0.0000000000
92872  -46.772  -1.036  26.056 0.0000000000
92886  -47.330  -0.446  25.724 0.0000000000
92900  -47.193  -0.193  24.958 0.0000000000
93737  -47.714  0.355  24.650 0.0000000000
93738  -48.297  0.783  24.258 0.0000000000
96265  -47.060  3.237  21.830 0.0000000000
95438  -47.858  3.056  21.805 0.0000000000
96278  -48.518  3.566  21.538 0.0000000000
96279  -49.371  3.963  21.398 0.0000000000
140832  -50.321  4.399  21.318 0.0000000000
97109  -51.251  5.108  21.290 0.0000000000
97122  -50.600  5.319  20.763 0.0000000000
134834  -50.853  6.342  20.250 0.0000000000
98680  -51.358  7.155  19.688 0.0000000000
98692  -52.003  7.252  18.838 0.0000000000
98690  -50.676  7.405  19.276 0.0000000000
99541  -49.961  7.697  18.769 0.0000000000
99525  -45.690  7.431  20.102 0.0000000000
130190  -46.594  7.568  19.729 0.0000000000
99538  -45.830  7.680  19.003 0.0000000000
99555  -45.755  7.595  17.829 0.0000000000
99569  -45.523  7.483  17.067 0.0000000000
99554  -44.677  8.089  16.924 0.0000000000
99553  -43.622  8.618  16.667 0.0000000000
97767  -39.165  5.674  32.025 0.0000000000
97772  -39.627  5.082  31.579 0.0000000000
97773  -40.435  5.388  31.627 0.0000000000
97774  -41.187  5.270  31.468 0.0000000000
97018  -41.599  4.611  30.989 0.0000000000
133452  -44.726  5.342  30.710 0.0000000000
97781  -44.440  4.813  30.060 0.0000000000
97026  -44.651  4.836  29.300 0.0000000000
97809  -42.521  4.610  27.845 0.0000000000
141775  -42.987  5.755  28.414 0.0000000000
98618  -41.986  6.541  28.334 0.0000000000
149159  -48.536  8.342  31.748 0.0000000000
140511  -47.962  7.742  31.686 0.0000000000
100266  -47.858  8.532  31.518 0.0000000000
100958  -46.951  9.816  31.182 0.0000000000
129437  -46.263  10.118  30.788 0.0000000000
102334  -44.760  11.984  27.618 0.0000000000
127590  -44.811  11.505  28.431 0.0000000000
136930  -43.932  11.485  28.103 0.0000000000
102316  -43.051  11.143  28.086 0.0000000000
101680  -42.260  10.766  27.954 0.0000000000
100996  -41.928  9.965  28.515 0.0000000000
101686  -41.498  10.300  27.601 0.0000000000
101013  -40.520  9.625  26.175 0.0000000000
100321  -40.381  8.694  25.108 0.0000000000
101022  -40.327  9.405  24.502 0.0000000000
101027  -40.369  9.491  23.610 0.0000000000
102396  -41.544  11.380  20.666 0.0000000000
134514  -40.788  10.188  21.341 0.0000000000
101716  -41.450  10.787  20.028 0.0000000000
101047  -41.873  10.177  17.921 0.0000000000
101054  -41.787  10.582  16.906 0.0000000000
146194  -41.511  10.351  16.856 0.0000000000
99564  -41.489  9.273  16.620 0.0000000000
101053  -41.024  10.968  16.733 0.0000000000
103101  -41.059  12.709  19.867 0.0000000000
102395  -40.120  12.078  20.772 0.0000000000
126324  -47.337  14.405  25.356 0.0000000000
104470  -47.151  14.519  24.285 0.0000000000
126666  -46.395  14.496  25.368 0.0000000000
147532  -42.148  14.098  26.744 0.0000000000
136934  -39.708  12.397  24.624 0.0000000000
101703  -38.319  10.592  24.908 0.0000000000
102359  -38.808  11.368  25.051 0.0000000000
129598  -38.760  11.509  25.916 0.0000000000
133240  -37.805  12.777  28.370 0.0000000000
102990  -36.918  13.278  28.846 0.0000000000
91172  -41.367  -2.913  29.579 0.0000000000
91186  -41.557  -2.721  28.666 0.0000000000
91185  -40.818  -2.547  29.030 0.0000000000
92015  -40.410  -1.350  28.042 0.0000000000
92845  -40.112  -0.450  28.145 0.0000000000
93683  -40.479  0.356  27.745 0.0000000000
94483  -40.547  1.246  28.226 0.0000000000
99381  -52.814  7.024  35.566 0.0000000000
99382  -53.034  7.062  35.239 0.0000000000
99391  -53.216  7.752  33.887 0.0000000000
100255  -53.309  8.216  33.427 0.0000000000
100946  -52.629  8.779  34.410 0.0000000000
100951  -53.404  8.960  32.111 0.0000000000
101644  -53.281  10.050  30.798 0.0000000000
102299  -53.077  10.671  30.080 0.0000000000
102987  -52.688  11.335  29.393 0.0000000000
102978  -52.078  12.308  30.230 0.0000000000
102277  -52.082  12.442  32.616 0.0000000000
102970  -51.399  12.788  31.018 0.0000000000
103690  -51.199  13.764  32.391 0.0000000000
145208  -50.774  14.015  32.626 0.0000000000
97150  -48.443  5.622  17.494 0.0000000000
97751  -34.195  5.813  36.376 0.0000000000
98561  -34.747  6.394  35.688 0.0000000000
98556  -34.902  6.254  36.518 0.0000000000
98557  -35.684  6.101  36.980 0.0000000000
98558  -36.691  6.389  36.903 0.0000000000
98542  -36.386  5.270  37.675 0.0000000000
98543  -37.251  5.593  37.579 0.0000000000
92753  -49.037  0.187  38.269 0.0000000000
93624  -48.647  0.581  37.761 0.0000000000
129852  -46.740  0.840  36.743 0.0000000000
129265  -47.551  0.869  37.676 0.0000000000
127316  -46.235  0.954  37.450 0.0000000000
144579  -45.318  0.923  37.674 0.0000000000
93597  -46.156  0.221  39.991 0.0000000000
93623  -44.373  0.744  37.263 0.0000000000
93622  -43.418  0.501  36.866 0.0000000000
152589  -42.722  0.250  36.600 0.0000000000
92773  -41.348  -0.303  35.673 0.0000000000
87698  -38.503  -6.726  39.145 0.0000000000
88558  -38.332  -5.812  39.678 0.0000000000
89417  -38.106  -4.637  40.566 0.0000000000
89401  -37.138  -3.403  41.258 0.0000000000
89402  -38.506  -3.754  41.404 0.0000000000
90232  -37.747  -2.912  41.560 0.0000000000
91949  -33.616  -1.286  33.625 0.0000000000
92794  -33.348  -0.465  33.488 0.0000000000
91948  -32.811  -1.085  33.643 0.0000000000
92792  -31.744  -0.163  33.747 0.0000000000
91932  -31.425  -1.529  34.035 0.0000000000
146053  -31.384  -0.725  33.921 0.0000000000
92781  -31.010  -0.126  34.005 0.0000000000
93747  -45.003  0.767  23.138 0.0000000000
93748  -45.833  0.611  23.291 0.0000000000
94546  -45.555  1.260  22.800 0.0000000000
94560  -46.062  1.899  22.512 0.0000000000
95437  -46.570  2.578  22.210 0.0000000000
96264  -46.295  3.448  22.110 0.0000000000
96276  -46.760  4.084  21.833 0.0000000000
97105  -47.025  4.812  21.463 0.0000000000
97858  -47.374  5.669  21.198 0.0000000000
97871  -48.038  6.260  20.731 0.0000000000
132269  -46.803  6.392  21.534 0.0000000000
98669  -46.225  7.065  21.753 0.0000000000
97845  -45.514  6.360  22.653 0.0000000000
98661  -45.771  6.906  22.379 0.0000000000
99514  -45.525  7.314  21.177 0.0000000000
99413  -41.379  7.604  32.782 0.0000000000
143306  -41.792  6.305  32.069 0.0000000000
136215  -42.022  7.106  32.428 0.0000000000
98589  -44.162  5.770  31.579 0.0000000000
97777  -45.606  5.550  30.524 0.0000000000
97783  -45.880  5.692  29.875 0.0000000000
102308  -48.877  11.378  29.557 0.0000000000
102295  -47.811  11.265  30.246 0.0000000000
102320  -47.637  11.552  28.341 0.0000000000
102319  -46.726  11.635  28.297 0.0000000000
144801  -46.397  12.143  26.594 0.0000000000
103002  -45.590  12.110  27.074 0.0000000000
102333  -43.984  12.035  27.186 0.0000000000
138303  -42.731  12.003  25.882 0.0000000000
102362  -41.722  11.514  25.025 0.0000000000
102363  -42.447  11.985  25.083 0.0000000000
102386  -41.975  11.886  22.614 0.0000000000
135169  -42.614  12.207  23.138 0.0000000000
102406  -41.757  12.378  18.694 0.0000000000
103103  -42.215  13.094  19.143 0.0000000000
103092  -43.529  13.869  20.915 0.0000000000
103830  -42.126  13.383  19.538 0.0000000000
103819  -41.890  13.724  20.445 0.0000000000
103808  -41.355  13.666  21.762 0.0000000000
104456  -45.482  14.410  27.246 0.0000000000
104454  -43.656  14.741  27.601 0.0000000000
151033  -42.597  14.386  27.143 0.0000000000
103749  -40.098  14.753  28.194 0.0000000000
142566  -39.123  15.862  28.944 0.0000000000
137723  -47.681  -1.330  30.111 0.0000000000
92833  -48.066  -0.830  28.851 0.0000000000
92003  -47.437  -1.390  29.258 0.0000000000
92017  -46.834  -1.681  28.523 0.0000000000
92031  -46.284  -1.734  27.122 0.0000000000
132175  -45.023  -2.519  28.148 0.0000000000
91206  -45.488  -2.223  27.390 0.0000000000
92047  -46.308  -1.467  26.434 0.0000000000
92058  -45.809  -1.351  25.667 0.0000000000
92068  -45.232  -1.168  24.987 0.0000000000
92898  -45.137  -0.701  24.461 0.0000000000
147692  -42.006  -2.632  27.952 0.0000000000
91203  -42.428  -2.457  27.323 0.0000000000
91218  -42.908  -2.279  26.614 0.0000000000
92042  -41.778  -1.304  26.194 0.0000000000
92043  -42.492  -1.720  25.979 0.0000000000
92044  -43.352  -1.929  25.866 0.0000000000
92897  -44.298  -0.543  24.170 0.0000000000
92908  -44.158  0.071  23.762 0.0000000000
140742  -44.431  0.503  23.452 0.0000000000
94544  -43.520  1.554  23.334 0.0000000000
95422  -42.939  2.346  23.566 0.0000000000
94532  -41.944  1.594  24.673 0.0000000000
100236  -46.992  8.425  34.734 0.0000000000
100250  -47.135  7.988  33.962 0.0000000000
99387  -47.880  7.715  33.599 0.0000000000
99403  -48.500  7.587  33.182 0.0000000000
100251  -49.386  7.961  33.492 0.0000000000
99404  -49.000  7.740  32.765 0.0000000000
99425  -48.862  7.930  31.957 0.0000000000
100267  -49.168  8.658  31.864 0.0000000000
101642  -49.323  10.332  31.339 0.0000000000
102287  -49.281  11.022  30.910 0.0000000000
100254  -52.303  7.692  33.325 0.0000000000
100258  -51.734  8.237  32.658 0.0000000000
150686  -52.775  8.749  31.003 0.0000000000
100962  -51.983  8.997  31.246 0.0000000000
101657  -50.127  10.850  30.749 0.0000000000
102297  -49.632  11.230  30.246 0.0000000000
102339  -50.969  11.400  26.457 0.0000000000
102338  -49.779  11.548  26.418 0.0000000000
102337  -48.782  11.769  26.225 0.0000000000
103020  -48.993  12.119  25.292 0.0000000000
103049  -48.389  12.906  23.440 0.0000000000
103068  -48.787  13.246  23.163 0.0000000000
103802  -47.882  13.914  22.322 0.0000000000
103803  -48.513  13.594  22.835 0.0000000000
103792  -49.270  13.409  23.577 0.0000000000
103782  -49.014  13.826  24.253 0.0000000000
103772  -48.300  14.167  25.372 0.0000000000
103761  -47.172  13.978  27.349 0.0000000000
103752  -49.621  13.262  28.652 0.0000000000
104447  -46.119  14.173  28.809 0.0000000000
103739  -46.110  14.027  29.431 0.0000000000
103731  -46.545  13.755  29.906 0.0000000000
103730  -45.755  13.977  29.930 0.0000000000
126271  -45.278  13.717  30.643 0.0000000000
149169  -37.230  3.169  31.479 0.0000000000
95350  -37.691  2.709  31.090 0.0000000000
97013  -37.185  3.847  31.737 0.0000000000
97770  -37.951  5.099  32.100 0.0000000000
98574  -37.032  6.024  32.865 0.0000000000
97766  -38.363  5.817  32.319 0.0000000000
98576  -39.225  6.477  32.439 0.0000000000
99411  -39.732  7.309  32.793 0.0000000000
99412  -40.581  7.415  32.735 0.0000000000
99375  -35.842  7.047  35.049 0.0000000000
99384  -36.482  7.313  34.811 0.0000000000
99385  -37.348  7.620  34.790 0.0000000000
99378  -38.002  7.781  36.036 0.0000000000
100216  -38.058  7.986  35.328 0.0000000000
99386  -38.183  7.916  34.519 0.0000000000
100243  -39.128  8.201  34.165 0.0000000000
99397  -40.177  7.897  33.231 0.0000000000
99398  -40.855  7.912  33.130 0.0000000000
100246  -41.472  8.154  33.358 0.0000000000
128561  -42.263  8.347  33.632 0.0000000000
149491  -42.940  8.483  33.937 0.0000000000
145729  -41.782  8.616  35.040 0.0000000000
128523  -44.110  8.649  34.919 0.0000000000
141316  -45.109  8.579  34.835 0.0000000000
100222  -45.389  8.582  35.682 0.0000000000
141281  -42.239  7.087  37.663 0.0000000000
140520  -42.799  7.418  37.462 0.0000000000
99334  -43.741  7.150  38.250 0.0000000000
99348  -43.437  7.469  37.579 0.0000000000
99370  -43.865  7.844  37.044 0.0000000000
100207  -44.194  8.261  36.545 0.0000000000
129605  -46.090  8.575  35.880 0.0000000000
100223  -46.830  8.545  35.605 0.0000000000
100210  -47.579  8.346  36.369 0.0000000000
99351  -46.865  7.493  37.943 0.0000000000
100192  -48.000  7.849  37.281 0.0000000000
100211  -48.637  8.101  36.651 0.0000000000
99372  -49.735  7.661  36.891 0.0000000000
99373  -50.968  7.208  37.331 0.0000000000
98538  -50.613  6.657  39.029 0.0000000000
132616  -53.285  0.206  31.325 0.0000000000
93667  -52.684  0.725  30.960 0.0000000000
93666  -51.615  0.614  30.832 0.0000000000
143076  -49.855  -0.286  30.989 0.0000000000
91964  -52.414  0.005  34.318 0.0000000000
92814  -52.356  0.144  34.214 0.0000000000
92805  -51.798  0.199  34.966 0.0000000000
128625  -50.981  0.235  33.874 0.0000000000
92813  -51.499  0.251  33.162 0.0000000000
92812  -49.656  -0.309  32.479 0.0000000000
91995  -48.295  -1.006  30.636 0.0000000000
133174  -47.404  -1.424  30.908 0.0000000000
142536  -46.524  -1.779  30.939 0.0000000000
91993  -45.809  -2.178  30.734 0.0000000000
91973  -46.422  -1.283  32.451 0.0000000000
91983  -45.877  -1.776  31.644 0.0000000000
91166  -45.139  -2.509  30.347 0.0000000000
91165  -44.316  -2.641  30.730 0.0000000000
91164  -43.386  -2.869  30.774 0.0000000000
90348  -42.850  -3.240  30.089 0.0000000000
93643  -45.883  0.324  35.386 0.0000000000
92785  -45.116  -0.225  34.790 0.0000000000
92800  -44.658  -0.719  34.026 0.0000000000
92799  -43.816  -0.797  34.145 0.0000000000
91959  -43.380  -1.326  33.565 0.0000000000
91970  -43.769  -1.717  32.831 0.0000000000
91143  -43.314  -2.287  32.200 0.0000000000
91163  -42.582  -3.004  30.870 0.0000000000
129810  -42.024  -3.157  30.222 0.0000000000
91162  -41.264  -3.041  30.481 0.0000000000
91170  -39.568  -2.226  29.878 0.0000000000
91992  -38.934  -1.654  30.092 0.0000000000
91991  -38.365  -1.088  30.413 0.0000000000
92825  -38.117  -0.260  30.519 0.0000000000
142718  -37.182  1.124  31.338 0.0000000000
91101  -43.839  -1.816  36.709 0.0000000000
86839  -42.556  -7.512  35.460 0.0000000000
86847  -41.779  -6.878  35.087 0.0000000000
87715  -41.501  -6.412  34.931 0.0000000000
87699  -39.392  -6.850  39.120 0.0000000000
87700  -40.030  -6.707  38.958 0.0000000000
88559  -40.288  -6.063  38.892 0.0000000000
136959  -40.501  -5.375  40.873 0.0000000000
88563  -40.359  -5.979  37.516 0.0000000000
88569  -40.489  -5.428  36.612 0.0000000000
88571  -40.779  -5.463  35.792 0.0000000000
88573  -41.343  -5.685  34.835 0.0000000000
89458  -41.215  -4.662  35.320 0.0000000000
90315  -41.728  -3.626  35.535 0.0000000000
90303  -42.005  -3.016  36.222 0.0000000000
91099  -41.935  -2.771  37.236 0.0000000000
91109  -42.574  -2.544  36.498 0.0000000000
135586  -43.149  -2.121  36.793 0.0000000000
91100  -43.420  -1.800  37.586 0.0000000000
91907  -44.113  -1.496  37.596 0.0000000000
136434  -44.779  -1.127  39.839 0.0000000000
91878  -44.452  -1.147  41.337 0.0000000000
92729  -44.066  -0.805  41.358 0.0000000000
92723  -43.408  -1.367  41.986 0.0000000000
92728  -43.225  -0.974  41.215 0.0000000000
92738  -43.688  -0.573  40.363 0.0000000000
92748  -42.549  -0.289  38.100 0.0000000000
92764  -41.529  -0.246  36.476 0.0000000000
92772  -40.427  -0.475  35.325 0.0000000000
91073  -38.939  -2.558  38.788 0.0000000000
91891  -39.326  -1.985  37.861 0.0000000000
91904  -39.120  -1.521  36.807 0.0000000000
91905  -39.898  -0.888  36.539 0.0000000000
91920  -39.271  -0.834  35.889 0.0000000000
92762  -39.946  -0.534  35.790 0.0000000000
91940  -39.903  -0.663  34.702 0.0000000000
93658  -36.878  0.595  31.640 0.0000000000
95349  -36.943  2.459  31.535 0.0000000000
96185  -36.662  3.153  31.883 0.0000000000
96183  -36.011  3.079  32.306 0.0000000000
148406  -35.708  3.679  32.520 0.0000000000
95345  -34.885  2.321  32.728 0.0000000000
97006  -35.276  4.822  33.085 0.0000000000
97002  -34.054  5.199  34.022 0.0000000000
97757  -33.907  5.536  34.739 0.0000000000
93649  -33.080  0.479  33.443 0.0000000000
94458  -33.238  1.422  33.415 0.0000000000
151561  -33.021  4.325  34.199 0.0000000000
97001  -33.345  4.977  34.706 0.0000000000
97754  -33.619  5.506  35.585 0.0000000000
97750  -33.519  5.107  36.607 0.0000000000
97737  -33.716  4.202  37.476 0.0000000000
96994  -32.506  3.657  36.988 0.0000000000
96986  -33.249  3.453  37.824 0.0000000000
95459  -53.945  2.803  20.162 0.0000000000
134902  -54.451  4.232  21.965 0.0000000000
96291  -54.247  4.238  20.996 0.0000000000
148219  -53.214  3.711  20.360 0.0000000000
96289  -52.747  3.901  20.221 0.0000000000
97123  -52.769  5.027  19.726 0.0000000000
92846  -48.014  -0.686  28.121 0.0000000000
92861  -48.337  -0.297  27.644 0.0000000000
126414  -49.432  0.773  27.190 0.0000000000
93710  -47.971  -0.091  26.154 0.0000000000
93712  -49.142  0.759  26.469 0.0000000000
94508  -49.794  1.419  26.078 0.0000000000
93749  -46.702  0.611  23.521 0.0000000000
94549  -48.069  1.163  23.478 0.0000000000
142265  -48.589  1.583  23.175 0.0000000000
142634  -48.069  2.417  22.247 0.0000000000
95426  -51.415  3.218  24.138 0.0000000000
97082  -52.253  4.412  23.292 0.0000000000
97094  -52.446  5.041  22.617 0.0000000000
139659  -52.130  5.808  21.255 0.0000000000
97861  -53.443  6.351  21.137 0.0000000000
97124  -53.225  6.077  19.987 0.0000000000
96299  -52.060  5.084  19.435 0.0000000000
131372  -51.319  5.097  19.272 0.0000000000
97143  -50.958  5.555  18.829 0.0000000000
97897  -51.740  6.937  18.382 0.0000000000
97896  -51.071  6.445  18.250 0.0000000000
97142  -50.046  5.562  18.454 0.0000000000
97894  -49.383  6.058  17.693 0.0000000000
97905  -48.894  6.339  17.297 0.0000000000
97904  -48.021  6.091  16.946 0.0000000000
98678  -48.676  6.936  20.019 0.0000000000
99528  -49.030  7.444  19.139 0.0000000000
136833  -49.243  7.767  18.419 0.0000000000
99539  -47.501  7.599  19.270 0.0000000000
99540  -48.420  7.620  18.748 0.0000000000
99557  -48.711  7.709  17.831 0.0000000000
98713  -47.835  6.597  16.926 0.0000000000
97912  -47.056  5.575  16.496 0.0000000000
97911  -46.364  5.238  16.019 0.0000000000
97910  -45.854  5.124  15.830 0.0000000000
99578  -45.455  7.244  16.736 0.0000000000
98721  -45.523  6.314  16.658 0.0000000000
96190  -38.389  3.232  30.877 0.0000000000
95353  -39.024  2.782  30.410 0.0000000000
97016  -39.718  4.328  31.195 0.0000000000
131360  -39.881  3.169  30.388 0.0000000000
95355  -40.441  2.738  29.905 0.0000000000
95358  -40.914  2.396  29.196 0.0000000000
148208  -41.436  2.769  29.123 0.0000000000
95359  -41.523  2.625  28.612 0.0000000000
139039  -42.037  5.187  31.337 0.0000000000
97780  -43.537  4.633  30.440 0.0000000000
97024  -43.174  4.071  29.869 0.0000000000
96217  -41.728  3.527  26.641 0.0000000000
143183  -41.939  4.531  27.401 0.0000000000
97054  -41.567  4.367  26.390 0.0000000000
97059  -41.620  4.759  25.619 0.0000000000
97828  -41.857  5.679  25.162 0.0000000000
99417  -46.921  6.941  32.619 0.0000000000
98582  -47.077  6.538  31.774 0.0000000000
99423  -47.473  7.113  31.367 0.0000000000
98598  -46.802  6.122  30.430 0.0000000000
98610  -46.516  6.314  29.954 0.0000000000
99444  -45.880  6.704  29.547 0.0000000000
99443  -45.050  6.994  29.375 0.0000000000
102294  -46.971  11.193  29.967 0.0000000000
101669  -46.381  10.716  30.350 0.0000000000
101654  -45.639  10.449  30.171 0.0000000000
102304  -44.982  11.115  29.043 0.0000000000
101668  -44.874  10.606  29.629 0.0000000000
100974  -44.934  9.879  30.096 0.0000000000
100988  -44.443  9.167  29.770 0.0000000000
100294  -44.851  8.006  29.624 0.0000000000
141267  -44.176  7.565  29.300 0.0000000000
99455  -42.245  7.361  28.681 0.0000000000
99454  -41.427  7.444  28.298 0.0000000000
101006  -41.216  9.392  27.918 0.0000000000
100303  -41.036  8.358  28.091 0.0000000000
99453  -40.865  7.484  27.768 0.0000000000
98637  -41.107  6.612  26.087 0.0000000000
98642  -41.564  6.595  25.377 0.0000000000
98643  -42.100  6.571  24.713 0.0000000000
99483  -42.262  7.109  24.132 0.0000000000
99492  -42.277  7.332  23.364 0.0000000000
137007  -40.953  7.814  24.202 0.0000000000
99511  -42.387  7.525  21.320 0.0000000000
99522  -42.621  7.671  20.191 0.0000000000
102374  -40.854  10.832  24.022 0.0000000000
101031  -40.479  9.663  22.546 0.0000000000
100344  -40.637  8.556  21.573 0.0000000000
99520  -41.192  8.193  20.635 0.0000000000
99521  -41.724  7.937  20.286 0.0000000000
131698  -42.826  7.922  19.140 0.0000000000
99552  -43.157  8.694  17.138 0.0000000000
100364  -42.897  8.932  16.260 0.0000000000
100370  -43.280  8.582  16.097 0.0000000000
98719  -43.097  8.206  15.982 0.0000000000
102414  -41.423  11.731  17.846 0.0000000000
101046  -40.388  10.378  18.442 0.0000000000
103801  -47.009  13.972  21.942 0.0000000000
104487  -45.977  14.225  21.837 0.0000000000
104486  -45.309  14.383  22.425 0.0000000000
128270  -46.163  14.566  24.307 0.0000000000
147844  -44.615  14.463  22.898 0.0000000000
103799  -42.432  14.090  22.493 0.0000000000
126828  -44.935  14.481  26.578 0.0000000000
104460  -44.448  14.478  25.967 0.0000000000
104467  -42.886  14.205  25.188 0.0000000000
103791  -41.887  13.781  23.513 0.0000000000
103798  -41.029  13.520  22.788 0.0000000000
102384  -39.622  12.105  22.707 0.0000000000
102389  -39.277  11.390  22.624 0.0000000000
102383  -39.151  11.479  23.521 0.0000000000
101707  -38.786  10.843  23.191 0.0000000000
102346  -38.656  11.706  26.858 0.0000000000
101678  -36.799  10.664  28.574 0.0000000000
103662  -50.550  14.237  33.141 0.0000000000
134263  -47.686  13.398  32.912 0.0000000000
103687  -46.889  13.362  32.306 0.0000000000
103686  -46.000  13.313  32.081 0.0000000000
127655  -45.228  13.324  31.642 0.0000000000
103685  -44.524  13.119  32.080 0.0000000000
103708  -44.306  13.469  31.129 0.0000000000
103727  -42.564  13.983  30.412 0.0000000000
103726  -41.626  13.946  30.470 0.0000000000
103683  -42.244  13.369  32.406 0.0000000000
104422  -40.916  14.893  29.688 0.0000000000
87684  -39.167  -6.406  39.654 0.0000000000
89429  -40.651  -5.178  40.021 0.0000000000
90233  -38.443  -2.963  41.776 0.0000000000
90235  -40.143  -3.222  42.184 0.0000000000
90243  -36.484  -2.997  41.337 0.0000000000
90244  -37.656  -3.026  41.627 0.0000000000
90245  -38.789  -3.227  41.800 0.0000000000
90311  -34.006  -3.405  35.317 0.0000000000
90316  -42.535  -2.978  35.593 0.0000000000
91047  -43.083  -2.003  42.611 0.0000000000
91056  -37.054  -2.886  41.348 0.0000000000
91058  -42.932  -2.006  42.460 0.0000000000
91059  -43.025  -2.034  42.726 0.0000000000
91065  -42.289  -2.383  41.986 0.0000000000
91067  -43.315  -1.974  42.420 0.0000000000
91078  -43.616  -2.063  41.854 0.0000000000
91117  -32.598  -2.448  34.168 0.0000000000
91151  -41.279  -2.888  31.505 0.0000000000
91152  -42.276  -2.746  31.648 0.0000000000
91153  -43.793  -2.514  31.497 0.0000000000
91167  -45.738  -2.394  30.052 0.0000000000
91205  -44.468  -2.483  27.400 0.0000000000
91868  -43.130  -1.955  42.530 0.0000000000
91869  -43.376  -1.844  42.297 0.0000000000
91876  -42.917  -1.593  42.062 0.0000000000
91885  -45.082  -0.665  40.556 0.0000000000
91921  -39.563  -0.615  35.216 0.0000000000
91957  -41.692  -1.450  33.692 0.0000000000
91960  -44.211  -1.225  33.443 0.0000000000
91976  -52.459  -0.409  33.871 0.0000000000
91985  -47.630  -1.122  31.775 0.0000000000
91987  -52.712  -0.689  32.160 0.0000000000
91994  -46.391  -2.048  30.158 0.0000000000
92016  -41.026  -1.779  27.665 0.0000000000
92032  -46.915  -1.453  27.683 0.0000000000
92045  -44.300  -1.918  25.936 0.0000000000
92054  -42.201  -1.189  25.590 0.0000000000
92066  -43.556  -1.025  24.538 0.0000000000
92732  -47.041  0.009  39.560 0.0000000000
92737  -42.874  -0.616  39.707 0.0000000000
92740  -46.518  -0.075  40.144 0.0000000000
92777  -50.599  0.055  36.539 0.0000000000
92790  -51.161  0.027  36.044 0.0000000000
92822  -53.127  0.234  31.976 0.0000000000
92827  -49.926  -0.141  30.414 0.0000000000
92844  -39.662  -0.401  28.790 0.0000000000
92847  -48.640  -0.341  28.431 0.0000000000
92860  -40.856  -0.772  26.978 0.0000000000
92874  -48.120  -0.231  26.897 0.0000000000
92884  -45.851  -0.830  24.856 0.0000000000
93590  -46.057  -0.067  40.546 0.0000000000
93610  -48.313  0.403  38.471 0.0000000000
93611  -49.050  0.213  38.228 0.0000000000
93631  -42.952  0.280  36.183 0.0000000000
93632  -43.802  0.509  36.361 0.0000000000
93635  -46.573  0.617  35.972 0.0000000000
93662  -53.136  0.473  31.241 0.0000000000
93711  -48.781  0.293  27.197 0.0000000000
93736  -46.967  0.189  24.239 0.0000000000
93746  -43.662  0.658  23.569 0.0000000000
94482  -40.018  1.081  28.976 0.0000000000
95352  -38.325  2.580  30.700 0.0000000000
95357  -40.106  2.151  29.609 0.0000000000
95409  -41.792  2.366  24.930 0.0000000000
95439  -48.642  2.783  21.990 0.0000000000
95458  -53.057  2.894  20.382 0.0000000000
96287  -51.512  3.310  20.164 0.0000000000
97009  -35.803  4.359  32.652 0.0000000000
97033  -44.209  4.454  28.983 0.0000000000
97095  -53.232  5.667  22.608 0.0000000000
97739  -35.239  4.073  38.182 0.0000000000
97758  -34.480  5.767  34.382 0.0000000000
97760  -34.838  5.364  33.671 0.0000000000
97782  -45.171  5.210  29.857 0.0000000000
97799  -43.226  4.813  28.257 0.0000000000
97837  -53.762  5.721  23.111 0.0000000000
97848  -54.072  6.050  22.425 0.0000000000
97849  -54.213  5.767  22.703 0.0000000000
97876  -53.670  6.241  20.772 0.0000000000
97877  -54.196  6.036  21.257 0.0000000000
98559  -37.472  6.557  36.962 0.0000000000
98583  -47.401  6.868  32.223 0.0000000000
98587  -42.371  5.756  31.725 0.0000000000
98597  -46.453  5.928  29.966 0.0000000000
98599  -47.150  6.487  31.093 0.0000000000
98625  -40.919  6.743  27.494 0.0000000000
98682  -52.434  7.104  19.394 0.0000000000
98691  -51.473  7.456  19.142 0.0000000000
98704  -51.377  7.211  18.218 0.0000000000
98715  -50.846  7.316  17.890 0.0000000000
98722  -46.357  6.625  16.724 0.0000000000
99352  -47.551  7.558  37.808 0.0000000000
99380  -51.779  7.280  35.857 0.0000000000
99389  -52.870  7.114  34.851 0.0000000000
99390  -53.084  7.393  34.585 0.0000000000
99407  -53.085  7.602  33.689 0.0000000000
99422  -53.091  7.716  33.004 0.0000000000
99424  -48.051  7.335  31.926 0.0000000000
99463  -40.579  7.399  27.049 0.0000000000
99500  -41.412  7.637  22.854 0.0000000000
99542  -50.786  7.587  18.756 0.0000000000
99559  -50.237  7.563  17.882 0.0000000000
99560  -50.796  7.557  18.276 0.0000000000
99561  -51.109  7.410  18.234 0.0000000000
99567  -43.993  8.314  16.325 0.0000000000
99576  -43.041  8.647  15.974 0.0000000000
100217  -39.387  8.385  35.442 0.0000000000
100259  -52.769  7.895  32.533 0.0000000000
100260  -53.183  8.029  32.411 0.0000000000
100261  -53.304  8.358  32.633 0.0000000000
100268  -49.966  8.619  32.118 0.0000000000
100284  -47.329  7.761  31.164 0.0000000000
100285  -53.267  8.839  31.175 0.0000000000
100293  -43.947  8.566  29.462 0.0000000000
100959  -47.733  9.506  31.428 0.0000000000
100963  -53.402  8.985  31.429 0.0000000000
100978  -52.690  9.188  30.403 0.0000000000
100986  -43.004  9.898  29.293 0.0000000000
100997  -42.407  9.374  28.997 0.0000000000
101019  -40.385  9.509  25.345 0.0000000000
101645  -53.322  9.493  31.533 0.0000000000
101658  -51.172  10.223  30.249 0.0000000000
101682  -44.223  10.882  28.997 0.0000000000
101692  -40.789  10.328  26.312 0.0000000000
102278  -52.386  11.410  32.177 0.0000000000
102307  -47.780  11.419  29.277 0.0000000000
102310  -52.823  10.676  28.687 0.0000000000
102323  -51.623  10.807  27.923 0.0000000000
102341  -52.185  11.152  26.889 0.0000000000
102353  -51.619  11.616  25.773 0.0000000000
102355  -52.264  11.568  26.669 0.0000000000
103021  -51.514  12.363  25.434 0.0000000000
103029  -43.239  12.273  25.055 0.0000000000
103034  -48.521  12.446  24.556 0.0000000000
103051  -49.990  12.889  23.760 0.0000000000
103067  -48.136  13.489  22.762 0.0000000000
103069  -49.232  13.219  23.305 0.0000000000
103813  -45.725  14.020  21.533 0.0000000000
104472  -48.559  14.065  23.465 0.0000000000
104488  -46.703  14.189  22.057 0.0000000000
104494  -43.830  14.244  21.705 0.0000000000
126527  -42.134  0.037  36.105 0.0000000000
126833  -42.172  15.128  28.345 0.0000000000
129436  -46.132  -0.051  40.576 0.0000000000
129610  -44.780  8.452  36.235 0.0000000000
131210  -40.229  -3.041  42.097 0.0000000000
131438  -52.601  10.586  28.534 0.0000000000
131602  -48.481  0.440  25.878 0.0000000000
131830  -48.351  10.099  31.455 0.0000000000
131845  -47.052  -1.630  30.041 0.0000000000
133429  -38.655  8.095  34.342 0.0000000000
134173  -48.830  0.562  37.030 0.0000000000
134400  -40.538  8.112  25.729 0.0000000000
134529  -40.829  -2.165  28.342 0.0000000000
134660  -32.198  -2.891  34.487 0.0000000000
135793  -49.419  6.567  19.892 0.0000000000
139216  -41.217  7.708  22.003 0.0000000000
139853  -50.278  8.090  33.686 0.0000000000
141636  -46.458  8.245  34.246 0.0000000000
141923  -36.827  7.471  35.401 0.0000000000
142717  -42.081  3.010  24.624 0.0000000000
142975  -40.331  -5.035  37.231 0.0000000000
144601  -47.857  0.169  39.079 0.0000000000
144637  -45.709  -2.304  28.178 0.0000000000
144902  -43.971  7.342  22.245 0.0000000000
144990  -45.085  -1.776  26.022 0.0000000000
145159  -53.317  8.806  32.852 0.0000000000
145323  -44.865  1.373  22.854 0.0000000000
145900  -36.421  4.683  32.493 0.0000000000
146291  -43.342  8.452  16.080 0.0000000000
147835  -40.221  -3.544  42.190 0.0000000000
148287  -41.411  5.149  26.287 0.0000000000
148653  -48.714  13.512  23.096 0.0000000000
148763  -50.095  2.024  23.982 0.0000000000
149323  -42.800  -2.530  31.933 0.0000000000
149406  -40.652  -1.850  39.606 0.0000000000
150142  -43.349  11.616  27.509 0.0000000000
150440  -45.401  7.325  29.573 0.0000000000
150781  -42.495  14.075  23.439 0.0000000000
151153  -46.820  -1.704  30.508 0.0000000000
151295  -43.181  1.055  23.649 0.0000000000
151555  -46.042  11.666  28.290 0.0000000000
152415  -48.868  0.056  27.873 0.0000000000
152475  -45.655  -0.271  40.402 0.0000000000
152538  -41.231  8.641  20.242 0.0000000000
152568  -41.132  -0.583  37.025 0.0000000000
152619  -40.563  -0.653  34.773 0.0000000000
