#!ascii label  , from subject sub-v1s1x0050657_ses-1 vox2ras=TkReg
1306
75659  -18.169  -20.028  -12.210 0.5555555820
75680  -19.387  -20.132  -13.277 0.6666666865
76556  -19.818  -19.490  -13.619 0.7777777910
132992  -21.083  -19.115  -13.747 0.7777777910
78337  -22.087  -17.512  -14.327 0.8888888955
79206  -23.843  -16.984  -12.617 0.8888888955
75647  -17.652  -20.355  -11.622 0.5555555820
76536  -17.975  -19.464  -11.934 0.5555555820
77414  -18.921  -18.589  -12.886 0.6666666865
77415  -19.579  -18.572  -13.527 0.8888888955
76558  -21.867  -18.812  -13.494 0.8888888955
80139  -23.592  -15.786  -13.618 1.0000000000
79207  -24.515  -16.504  -12.438 0.8888888955
80129  -26.140  -15.179  -12.408 1.0000000000
77388  -18.354  -18.215  -12.090 0.7777777910
78317  -19.799  -16.717  -13.790 1.0000000000
80156  -20.242  -15.596  -14.583 1.0000000000
79239  -21.090  -16.575  -14.795 1.0000000000
80158  -22.305  -15.280  -15.316 1.0000000000
128965  -20.823  -15.929  -14.948 1.0000000000
142604  -23.601  -15.059  -13.959 1.0000000000
81072  -22.838  -14.745  -15.178 1.0000000000
146485  -23.466  -14.475  -14.537 1.0000000000
81949  -24.036  -13.971  -14.052 1.0000000000
81935  -26.169  -13.830  -12.586 1.0000000000
127631  -24.464  -13.338  -14.011 1.0000000000
140467  -25.436  -13.320  -13.262 1.0000000000
147783  -27.295  -13.255  -13.010 1.0000000000
83772  -26.927  -11.927  -13.437 1.0000000000
83773  -27.742  -12.293  -13.216 0.7777777910
81070  -20.215  -14.866  -14.705 0.8888888955
81071  -20.902  -15.213  -15.303 1.0000000000
81088  -23.034  -14.011  -15.343 1.0000000000
81086  -21.421  -14.438  -15.618 1.0000000000
81983  -23.276  -13.121  -15.442 1.0000000000
81967  -24.092  -12.670  -14.768 1.0000000000
82890  -25.452  -11.999  -14.044 1.0000000000
83771  -26.052  -11.606  -13.730 1.0000000000
83793  -27.896  -11.514  -13.148 1.0000000000
83794  -29.032  -11.644  -14.107 0.8888888955
83795  -29.312  -11.883  -15.289 0.7777777910
131351  -29.142  -11.662  -16.323 0.7777777910
82887  -20.267  -12.794  -14.633 0.5555555820
83808  -21.917  -11.718  -16.685 0.7777777910
82904  -21.614  -12.933  -15.989 0.8888888955
82907  -23.526  -12.290  -15.650 1.0000000000
83810  -23.154  -11.827  -16.388 0.8888888955
83811  -23.792  -11.509  -15.815 1.0000000000
83791  -25.378  -11.411  -14.350 1.0000000000
84644  -27.540  -10.770  -13.336 1.0000000000
84645  -28.582  -10.722  -13.440 0.8888888955
85510  -29.278  -9.868  -13.758 1.0000000000
135935  -29.496  -10.153  -16.793 0.7777777910
84681  -29.388  -10.801  -18.649 0.6666666865
84676  -29.383  -10.512  -17.605 0.6666666865
84640  -20.320  -10.098  -13.985 0.4444444478
136611  -20.702  -11.100  -15.484 0.7777777910
84666  -20.751  -10.144  -16.014 0.6666666865
84669  -23.330  -10.750  -17.201 0.7777777910
84657  -23.520  -11.127  -16.636 0.8888888955
84659  -24.837  -10.283  -15.209 0.8888888955
84643  -26.519  -10.413  -14.058 1.0000000000
85519  -25.136  -9.471  -15.123 1.0000000000
85507  -26.370  -9.561  -14.249 1.0000000000
85509  -28.419  -9.584  -13.372 1.0000000000
85522  -28.945  -9.101  -13.649 0.8888888955
86429  -29.836  -8.768  -15.029 0.7777777910
85534  -29.821  -9.474  -16.371 0.7777777910
84688  -29.465  -10.328  -19.092 0.5555555820
86453  -29.528  -8.989  -17.727 0.7777777910
85551  -29.317  -9.623  -18.812 0.6666666865
85529  -21.075  -9.485  -16.673 0.6666666865
85531  -22.824  -10.152  -17.497 0.7777777910
85530  -21.913  -9.724  -17.327 0.7777777910
85533  -24.168  -9.764  -16.905 0.8888888955
151828  -24.650  -9.224  -15.755 0.8888888955
86428  -24.976  -8.707  -15.489 1.0000000000
86415  -25.677  -8.744  -14.615 1.0000000000
86417  -27.189  -8.280  -13.572 1.0000000000
85521  -28.226  -8.699  -13.512 0.8888888955
139820  -28.957  -7.339  -14.238 0.8888888955
86430  -29.984  -8.106  -15.594 0.8888888955
148899  -30.148  -8.799  -15.925 0.7777777910
87318  -29.907  -7.418  -15.296 0.7777777910
87337  -30.123  -7.566  -17.042 0.7777777910
86459  -29.254  -8.880  -18.426 0.7777777910
86465  -29.168  -9.010  -19.500 0.6666666865
86438  -21.331  -8.855  -17.158 0.6666666865
85517  -20.442  -9.214  -16.108 0.5555555820
85541  -21.967  -8.965  -17.618 0.7777777910
86451  -23.571  -8.640  -17.717 0.8888888955
142196  -25.115  -8.204  -16.128 0.8888888955
87327  -25.069  -7.490  -16.011 1.0000000000
87328  -25.303  -7.872  -14.914 1.0000000000
87315  -27.127  -7.287  -13.870 1.0000000000
87316  -28.150  -7.821  -13.838 0.8888888955
88206  -30.287  -6.784  -16.473 0.7777777910
87347  -30.257  -6.539  -17.237 0.7777777910
134516  -29.012  -7.966  -18.675 0.6666666865
87364  -29.051  -8.049  -19.962 0.5555555820
134629  -28.851  -8.914  -20.716 0.5555555820
86449  -21.603  -8.308  -17.620 0.7777777910
86448  -20.902  -8.004  -17.095 0.6666666865
86450  -22.395  -8.451  -18.019 0.8888888955
139612  -25.420  -7.073  -15.144 1.0000000000
88997  -28.034  -5.661  -14.308 0.8888888955
88185  -28.696  -6.284  -14.305 0.8888888955
88998  -28.794  -5.431  -14.487 0.8888888955
88198  -29.796  -6.271  -15.161 0.8888888955
88218  -30.168  -5.855  -17.387 0.7777777910
129275  -29.378  -5.775  -18.077 0.7777777910
88226  -29.129  -6.412  -18.628 0.7777777910
128282  -28.976  -7.155  -19.242 0.5555555820
89880  -29.456  -4.291  -16.276 0.7777777910
138241  -29.016  -6.198  -19.603 0.5555555820
88233  -29.013  -7.196  -20.438 0.5555555820
89049  -29.119  -5.165  -19.260 0.6666666865
88193  -19.427  -6.622  -15.990 0.4444444478
87342  -20.612  -7.206  -17.171 0.5555555820
88215  -23.165  -6.829  -18.319 0.7777777910
88195  -24.543  -6.686  -16.176 1.0000000000
87344  -23.130  -7.461  -18.346 0.8888888955
89007  -24.653  -5.923  -15.806 1.0000000000
89008  -25.456  -5.567  -15.173 0.8888888955
134693  -26.415  -4.939  -15.040 0.8888888955
89010  -27.272  -5.173  -14.611 0.8888888955
89856  -28.401  -4.872  -14.601 0.8888888955
89011  -29.150  -4.861  -14.872 0.8888888955
89031  -29.634  -5.088  -17.591 0.6666666865
89048  -28.879  -5.354  -20.283 0.5555555820
89901  -22.046  -4.305  -18.618 0.6666666865
88225  -21.863  -5.972  -18.509 0.6666666865
89890  -23.250  -4.707  -17.708 0.7777777910
89020  -24.947  -5.009  -15.854 0.8888888955
89877  -24.516  -4.372  -16.576 0.7777777910
89878  -25.316  -4.092  -15.782 0.7777777910
89866  -25.663  -4.706  -15.385 0.8888888955
89879  -25.858  -3.338  -15.861 0.7777777910
89868  -27.450  -4.436  -14.954 0.8888888955
90723  -28.314  -3.225  -15.252 0.7777777910
89869  -28.670  -3.918  -14.897 0.7777777910
89870  -29.217  -3.984  -15.392 0.6666666865
91567  -27.577  -1.930  -15.588 0.6666666865
91579  -29.252  -2.574  -16.332 0.6666666865
149061  -29.342  -3.090  -16.772 0.6666666865
90735  -29.455  -3.778  -16.892 0.5555555820
143957  -28.717  -1.530  -16.466 0.6666666865
91590  -29.298  -2.524  -17.158 0.5555555820
141927  -29.314  -2.887  -18.931 0.5555555820
89912  -29.062  -4.411  -19.773 0.4444444478
91607  -29.361  -2.524  -18.112 0.5555555820
91603  -21.213  -2.452  -18.238 0.3333333433
90757  -21.458  -3.224  -18.482 0.3333333433
90759  -22.199  -3.412  -18.652 0.5555555820
90760  -22.851  -3.425  -18.103 0.6666666865
141695  -22.552  -2.729  -18.437 0.5555555820
90745  -23.609  -3.435  -17.492 0.7777777910
141863  -24.360  -3.498  -16.958 0.7777777910
91576  -24.521  -2.131  -16.959 0.6666666865
90734  -25.503  -2.757  -16.241 0.6666666865
90733  -24.791  -2.787  -16.690 0.6666666865
91566  -26.749  -2.162  -15.618 0.6666666865
92398  -26.362  -1.572  -15.996 0.6666666865
93239  -27.887  -0.717  -15.450 0.6666666865
93240  -28.158  -0.910  -15.693 0.6666666865
92426  -29.314  -1.775  -17.511 0.5555555820
92441  -29.307  -1.615  -18.302 0.5555555820
92425  -28.970  -1.247  -17.031 0.6666666865
92437  -21.460  -1.558  -18.513 0.4444444478
92422  -20.831  -1.730  -17.872 0.4444444478
91604  -21.829  -2.335  -18.801 0.4444444478
92438  -21.955  -1.365  -19.071 0.5555555820
91606  -22.303  -1.984  -18.606 0.5555555820
91588  -22.905  -2.042  -17.961 0.6666666865
91589  -23.749  -2.091  -17.444 0.6666666865
92424  -24.126  -1.434  -17.084 0.6666666865
91577  -25.208  -2.146  -16.461 0.6666666865
93237  -26.310  -0.894  -15.967 0.6666666865
93238  -27.155  -0.600  -15.579 0.6666666865
94065  -28.429  0.055  -16.349 0.6666666865
93285  -28.801  -0.161  -17.911 0.5555555820
93266  -29.182  -0.948  -17.857 0.6666666865
93282  -21.624  -0.625  -18.679 0.4444444478
93263  -23.016  -0.627  -17.900 0.6666666865
92423  -23.397  -1.361  -17.696 0.6666666865
93264  -23.716  -0.657  -17.255 0.6666666865
92411  -24.880  -1.489  -16.589 0.6666666865
93249  -24.486  -0.708  -16.687 0.6666666865
94057  -27.592  -0.051  -15.453 0.6666666865
78318  -20.664  -18.006  -14.189 0.8888888955
78316  -19.163  -17.819  -13.042 1.0000000000
78335  -20.508  -17.118  -14.295 1.0000000000
79240  -22.022  -16.750  -14.810 1.0000000000
81040  -24.729  -14.783  -12.938 1.0000000000
84641  -20.217  -10.140  -14.938 0.5555555820
86418  -28.939  -8.312  -13.809 0.8888888955
86437  -20.552  -8.471  -16.489 0.5555555820
88212  -20.016  -5.918  -16.769 0.5555555820
138717  -23.120  -8.193  -18.233 0.7777777910
88196  -25.098  -6.556  -15.452 1.0000000000
89012  -29.792  -5.546  -15.627 0.8888888955
89004  -19.389  -5.979  -15.966 0.2222222239
89913  -29.343  -4.292  -18.842 0.6666666865
140168  -25.025  -3.440  -16.324 0.7777777910
90770  -29.259  -3.569  -19.319 0.4444444478
92440  -22.662  -1.298  -18.367 0.6666666865
93284  -22.330  -0.566  -18.601 0.6666666865
85505  -20.652  -9.032  -14.095 0.4444444478
86426  -20.269  -8.506  -15.796 0.4444444478
140760  -29.196  -0.952  -18.546 0.5555555820
92448  -28.655  -1.528  -19.977 0.5555555820
92410  -20.476  -1.905  -16.984 0.2222222239
93286  -29.215  -0.285  -18.587 0.5555555820
73857  -17.930  -21.711  -11.928 0.5555555820
129398  -19.234  -21.550  -12.846 0.5555555820
75661  -18.958  -20.729  -12.940 0.6666666865
75681  -20.074  -20.344  -13.536 0.5555555820
75682  -21.017  -20.385  -13.103 0.5555555820
77400  -23.612  -18.569  -12.470 0.7777777910
78306  -23.796  -17.766  -12.504 0.8888888955
141362  -17.311  -21.751  -11.398 0.5555555820
76557  -21.450  -19.593  -13.253 0.6666666865
77399  -22.743  -18.663  -12.738 0.8888888955
144157  -24.733  -17.497  -12.299 0.7777777910
79209  -26.228  -16.631  -12.651 0.7777777910
80140  -27.052  -15.290  -12.939 0.8888888955
74758  -16.795  -21.185  -10.706 0.4444444478
77387  -18.054  -18.756  -11.874 0.5555555820
81054  -26.650  -14.481  -12.552 1.0000000000
139927  -18.328  -17.775  -11.897 0.2222222239
130620  -18.843  -17.175  -12.557 0.6666666865
81951  -28.350  -13.921  -14.172 0.8888888955
81969  -28.490  -13.322  -15.703 0.6666666865
83812  -28.710  -12.448  -16.663 0.7777777910
134185  -19.190  -15.775  -12.903 0.5555555820
83821  -28.842  -12.042  -17.365 0.6666666865
81052  -19.202  -14.449  -13.003 0.4444444478
83833  -29.624  -11.716  -19.104 0.5555555820
84690  -31.035  -11.062  -20.089 0.5555555820
83770  -19.337  -12.054  -13.378 0.2222222239
84689  -30.150  -10.624  -19.777 0.5555555820
134899  -29.365  -9.768  -20.482 0.5555555820
138529  -18.242  -8.152  -14.020 0.3333333433
85565  -29.232  -9.564  -21.347 0.5555555820
87324  -19.769  -6.920  -16.199 0.4444444478
145114  -28.682  -8.245  -22.145 0.4444444478
88179  -18.543  -6.647  -14.953 0.3333333433
89072  -28.514  -6.495  -22.036 0.5555555820
89057  -28.684  -5.586  -21.465 0.4444444478
90732  -20.414  -3.413  -17.281 0.3333333433
90743  -20.853  -3.862  -17.720 0.3333333433
90744  -21.399  -3.941  -18.293 0.4444444478
90769  -29.002  -3.682  -20.120 0.4444444478
91628  -28.561  -2.295  -20.345 0.4444444478
93312  -28.542  -0.899  -20.344 0.2222222239
93281  -20.952  -0.842  -18.200 0.3333333433
93283  -21.980  -0.549  -18.992 0.6666666865
135995  -23.335  -0.022  -17.461 0.6666666865
136145  -25.023  0.014  -16.296 0.6666666865
94062  -25.845  0.670  -15.781 0.6666666865
94879  -25.522  1.670  -16.215 0.6666666865
94880  -26.535  1.580  -15.863 0.6666666865
94064  -28.007  0.585  -15.841 0.6666666865
139693  -28.389  0.749  -16.544 0.6666666865
94092  -29.094  0.500  -18.273 0.4444444478
93297  -29.287  -0.497  -19.059 0.3333333433
94090  -22.206  0.261  -18.665 0.5555555820
75660  -18.707  -19.878  -12.745 0.6666666865
74787  -18.017  -20.804  -12.090 0.5555555820
74788  -18.511  -21.242  -12.491 0.6666666865
74803  -19.648  -20.986  -13.295 0.6666666865
76555  -18.685  -19.161  -12.705 0.6666666865
75679  -19.141  -19.307  -13.174 0.7777777910
137868  -20.594  -19.632  -13.604 0.7777777910
77417  -21.108  -18.591  -14.019 0.8888888955
79221  -22.729  -17.153  -14.029 1.0000000000
78336  -21.311  -17.352  -14.498 1.0000000000
78319  -21.635  -18.106  -14.170 0.8888888955
80127  -23.911  -16.312  -12.911 1.0000000000
78321  -23.261  -17.451  -13.155 0.8888888955
152762  -23.221  -18.102  -12.862 0.8888888955
74778  -17.578  -21.115  -11.631 0.5555555820
74777  -17.133  -21.092  -11.179 0.4444444478
75629  -17.146  -20.590  -11.049 0.4444444478
76525  -17.679  -19.727  -11.557 0.5555555820
77397  -18.199  -18.867  -12.106 0.6666666865
76537  -18.340  -19.335  -12.339 0.6666666865
78305  -18.703  -17.972  -12.481 0.8888888955
77398  -18.501  -18.687  -12.408 0.5555555820
151051  -20.123  -18.276  -13.894 0.8888888955
78320  -22.578  -18.027  -13.646 0.8888888955
79222  -23.365  -16.667  -13.442 1.0000000000
144969  -24.416  -15.680  -12.798 1.0000000000
79241  -22.873  -16.307  -14.317 1.0000000000
147179  -24.051  -15.152  -13.365 1.0000000000
128698  -25.773  -15.979  -12.405 1.0000000000
81934  -25.410  -14.178  -12.817 1.0000000000
78291  -18.524  -17.405  -12.117 0.6666666865
129992  -19.843  -17.654  -13.761 1.0000000000
139409  -19.282  -17.005  -13.155 0.8888888955
79220  -19.348  -16.342  -13.219 0.8888888955
79238  -20.321  -16.314  -14.410 1.0000000000
79237  -19.656  -15.883  -13.785 0.8888888955
133854  -22.397  -15.969  -15.001 1.0000000000
80159  -23.044  -15.403  -14.642 1.0000000000
81053  -24.058  -14.551  -13.688 1.0000000000
80174  -21.655  -15.066  -15.509 1.0000000000
81087  -22.217  -14.419  -15.633 1.0000000000
131488  -24.680  -14.013  -13.453 1.0000000000
81950  -27.738  -13.851  -13.345 0.8888888955
135136  -26.475  -13.117  -12.872 1.0000000000
82870  -25.012  -12.590  -13.982 1.0000000000
82871  -25.998  -12.386  -13.386 1.0000000000
82872  -27.082  -12.597  -13.078 1.0000000000
141608  -28.007  -13.061  -13.407 0.8888888955
82891  -29.068  -12.578  -14.723 0.7777777910
150819  -20.186  -14.196  -14.676 1.0000000000
81069  -19.601  -14.473  -13.987 0.5555555820
80138  -19.354  -15.157  -13.345 0.6666666865
81981  -21.857  -13.680  -15.904 1.0000000000
81980  -21.188  -13.686  -15.667 0.8888888955
81982  -22.535  -13.456  -15.778 1.0000000000
82908  -24.145  -11.929  -15.184 1.0000000000
151110  -26.034  -11.032  -14.052 1.0000000000
84646  -29.416  -10.854  -14.382 0.8888888955
84660  -29.527  -10.938  -15.531 0.7777777910
83827  -29.090  -11.531  -18.130 0.6666666865
82869  -19.633  -12.861  -13.808 0.5555555820
81948  -19.366  -13.693  -13.448 0.5555555820
83788  -20.042  -11.968  -14.111 0.6666666865
82888  -20.914  -12.837  -15.453 0.6666666865
81965  -20.536  -13.582  -15.041 0.7777777910
83807  -21.333  -12.016  -15.926 0.7777777910
84656  -21.369  -11.113  -16.368 0.6666666865
83819  -22.393  -11.310  -17.012 0.8888888955
83809  -22.487  -11.971  -16.567 0.8888888955
83820  -22.959  -11.375  -16.994 0.8888888955
82905  -22.204  -12.814  -16.110 1.0000000000
84658  -24.115  -10.706  -15.918 0.8888888955
84642  -25.486  -10.696  -14.581 1.0000000000
85508  -27.491  -10.027  -13.480 1.0000000000
85511  -29.721  -9.883  -14.810 0.8888888955
138245  -29.346  -11.006  -16.768 0.7777777910
85544  -29.522  -9.619  -17.362 0.6666666865
84682  -29.910  -11.040  -19.453 0.5555555820
84624  -19.644  -10.358  -13.503 0.3333333433
140811  -19.795  -11.107  -13.746 0.3333333433
140473  -20.261  -11.068  -14.510 0.4444444478
83789  -20.567  -11.965  -15.044 0.6666666865
84667  -21.552  -10.393  -16.829 0.6666666865
84668  -22.220  -10.663  -17.243 0.7777777910
85518  -24.399  -9.836  -16.048 0.8888888955
146120  -25.700  -10.051  -14.715 1.0000000000
86416  -26.497  -8.720  -13.798 1.0000000000
86419  -29.391  -8.104  -14.460 0.7777777910
86441  -30.091  -8.134  -16.308 0.7777777910
85557  -29.551  -9.919  -19.608 0.5555555820
86439  -23.978  -9.281  -17.284 0.8888888955
87314  -26.051  -7.972  -13.837 1.0000000000
87346  -29.554  -7.320  -17.812 0.7777777910
148442  -29.515  -8.255  -17.778 0.7777777910
86412  -20.741  -8.311  -13.988 0.4444444478
138681  -24.603  -8.147  -16.654 0.8888888955
87329  -25.900  -7.132  -14.303 1.0000000000
88183  -26.600  -6.390  -14.084 0.8888888955
89013  -30.175  -6.257  -15.937 0.7777777910
87357  -29.169  -7.072  -18.447 0.6666666865
87372  -28.603  -8.138  -21.088 0.5555555820
86480  -28.762  -8.657  -21.639 0.5555555820
87335  -20.336  -7.427  -16.571 0.5555555820
87355  -22.515  -7.593  -18.394 0.6666666865
146389  -23.489  -7.978  -18.051 0.8888888955
88197  -25.712  -6.375  -14.702 1.0000000000
88999  -29.345  -5.744  -14.684 0.8888888955
89021  -29.787  -5.162  -16.670 0.8888888955
89058  -29.115  -6.367  -20.956 0.5555555820
87334  -20.117  -6.639  -16.636 0.5555555820
87354  -21.818  -6.871  -18.457 0.5555555820
88205  -23.949  -6.475  -16.845 1.0000000000
88216  -23.422  -6.353  -17.677 0.7777777910
89039  -22.879  -6.123  -18.203 0.7777777910
89019  -24.264  -5.515  -16.529 0.7777777910
89889  -21.061  -4.530  -17.973 0.5555555820
89029  -21.394  -5.210  -18.289 0.5555555820
90758  -21.814  -3.706  -18.664 0.4444444478
142203  -22.255  -4.943  -18.427 0.6666666865
89902  -22.583  -4.280  -18.232 0.6666666865
89030  -23.305  -5.549  -17.686 0.7777777910
88214  -21.119  -6.054  -17.976 0.7777777910
138313  -20.451  -5.736  -17.283 0.6666666865
89891  -23.826  -4.165  -17.267 0.7777777910
142220  -23.839  -5.013  -17.158 0.7777777910
89867  -26.406  -4.028  -15.365 0.7777777910
90722  -26.677  -3.046  -15.418 0.6666666865
90724  -29.030  -3.260  -15.421 0.6666666865
139808  -28.584  -2.773  -15.484 0.6666666865
92400  -28.029  -1.387  -15.615 0.6666666865
91578  -28.840  -2.048  -16.162 0.6666666865
90747  -29.362  -3.269  -17.545 0.5555555820
90761  -29.386  -3.449  -18.435 0.5555555820
91618  -28.974  -2.825  -19.737 0.4444444478
89925  -28.720  -4.459  -20.887 0.4444444478
91619  -29.104  -2.197  -18.968 0.5555555820
135680  -21.894  -3.051  -18.855 0.5555555820
90746  -24.075  -2.783  -17.200 0.7777777910
94058  -28.151  -0.299  -15.661 0.6666666865
93265  -28.738  -0.436  -17.126 0.6666666865
141350  -22.009  -1.913  -18.911 0.5555555820
92439  -22.098  -1.264  -19.005 0.6666666865
93250  -25.328  -0.838  -16.237 0.6666666865
138929  -25.792  -0.226  -15.839 0.6666666865
138981  -20.516  -7.693  -14.672 0.4444444478
89018  -19.722  -5.452  -16.529 0.3333333433
85489  -20.284  -9.237  -13.794 0.4444444478
92460  -28.345  -1.639  -20.784 0.3333333433
94093  -29.527  0.471  -19.061 0.3333333433
77401  -24.300  -18.764  -12.458 0.6666666865
142816  -16.866  -21.803  -10.947 0.4444444478
73846  -17.070  -22.492  -11.224 0.5555555820
80141  -27.728  -15.349  -13.838 0.7777777910
74732  -16.701  -21.899  -10.410 0.3333333433
82892  -28.713  -12.702  -15.888 0.6666666865
83769  -18.758  -11.965  -12.769 0.1111111119
140818  -18.902  -11.288  -13.112 0.1111111119
86395  -19.650  -8.545  -13.674 0.4444444478
87294  -19.897  -7.653  -14.107 0.3333333433
87308  -19.137  -7.296  -15.068 0.3333333433
89888  -20.444  -4.595  -17.311 0.3333333433
94881  -27.514  1.474  -16.017 0.6666666865
94891  -28.570  1.229  -16.979 0.4444444478
72846  -22.813  -23.975  -13.721 0.4444444478
150908  -24.028  -24.340  -12.317 0.2222222239
72842  -18.739  -22.980  -12.144 0.4444444478
143912  -19.584  -23.205  -12.030 0.4444444478
74789  -19.934  -21.761  -13.059 0.4444444478
73860  -20.322  -22.322  -12.606 0.4444444478
130292  -22.426  -23.169  -12.851 0.4444444478
73863  -23.643  -22.618  -13.391 0.4444444478
73881  -24.399  -22.848  -14.074 0.2222222239
75663  -21.235  -21.261  -12.681 0.4444444478
147406  -22.226  -21.431  -12.501 0.4444444478
74791  -23.135  -21.567  -12.661 0.4444444478
73864  -25.712  -22.385  -13.695 0.1111111119
73865  -26.702  -22.643  -13.206 0.1111111119
75665  -23.386  -20.810  -12.594 0.4444444478
75683  -24.675  -21.196  -13.368 0.3333333433
75664  -22.511  -20.545  -12.520 0.4444444478
75666  -24.020  -20.534  -12.652 0.3333333433
144630  -25.391  -20.810  -13.699 0.3333333433
74805  -26.518  -21.254  -14.157 0.2222222239
130538  -23.229  -19.978  -12.391 0.4444444478
76559  -24.745  -20.187  -13.070 0.3333333433
76538  -21.795  -20.111  -12.821 0.5555555820
140005  -26.890  -19.067  -14.574 0.2222222239
76574  -27.406  -19.359  -14.919 0.1111111119
76584  -28.409  -19.090  -15.396 0.1111111119
76572  -26.269  -19.269  -13.913 0.3333333433
77433  -26.644  -18.500  -14.275 0.3333333433
78308  -26.111  -17.318  -12.735 0.4444444478
79242  -26.936  -17.031  -13.386 0.5555555820
79223  -27.370  -16.145  -13.690 0.6666666865
79254  -27.882  -16.700  -16.379 0.4444444478
138017  -28.774  -15.382  -16.970 0.3333333433
80142  -27.984  -15.205  -14.712 0.6666666865
81097  -27.787  -14.689  -16.973 0.5555555820
81073  -28.206  -14.645  -15.008 0.6666666865
81997  -27.975  -13.978  -17.229 0.5555555820
81998  -28.549  -14.002  -17.592 0.5555555820
81099  -29.294  -14.659  -17.159 0.4444444478
81999  -29.782  -13.943  -17.666 0.3333333433
81968  -28.295  -13.973  -15.407 0.5555555820
82928  -30.697  -12.859  -18.532 0.4444444478
82938  -30.150  -12.499  -19.063 0.5555555820
82011  -28.917  -13.334  -18.029 0.4444444478
83834  -30.695  -11.783  -19.540 0.4444444478
94074  -23.979  0.263  -16.832 0.5555555820
94073  -23.399  0.705  -17.596 0.5555555820
94061  -24.766  0.975  -16.424 0.5555555820
94878  -24.672  1.848  -16.795 0.5555555820
95723  -26.185  2.402  -16.269 0.5555555820
72844  -21.111  -23.700  -12.224 0.4444444478
72847  -23.587  -23.667  -13.687 0.2222222239
75684  -25.977  -21.196  -13.992 0.2222222239
76573  -26.912  -19.819  -14.356 0.2222222239
75696  -27.325  -20.147  -14.835 0.1111111119
78338  -27.074  -17.767  -14.450 0.4444444478
77442  -27.845  -17.979  -15.408 0.3333333433
78322  -26.439  -17.911  -13.554 0.4444444478
80160  -27.646  -15.971  -15.063 0.6666666865
80175  -27.816  -16.118  -16.583 0.4444444478
82013  -30.863  -13.296  -17.599 0.3333333433
82939  -31.009  -12.459  -19.147 0.4444444478
84698  -31.195  -10.891  -20.866 0.4444444478
94889  -23.573  1.432  -17.819 0.5555555820
95737  -23.495  2.038  -18.236 0.5555555820
75662  -20.346  -21.131  -13.186 0.4444444478
79268  -28.886  -16.769  -16.413 0.2222222239
95724  -27.163  2.307  -16.185 0.5555555820
70873  -19.794  -25.295  -11.702 0.4444444478
71863  -20.791  -24.402  -12.016 0.4444444478
149869  -21.245  -24.943  -12.171 0.4444444478
144642  -22.935  -24.566  -13.080 0.2222222239
71849  -23.857  -24.712  -11.914 0.2222222239
70877  -24.458  -25.236  -11.252 0.1111111119
72832  -18.033  -23.608  -11.923 0.4444444478
72833  -19.087  -23.924  -11.839 0.4444444478
72848  -24.596  -23.351  -13.339 0.1111111119
147688  -25.871  -22.859  -13.244 0.1111111119
71850  -24.661  -24.490  -11.822 0.1111111119
73866  -27.763  -22.859  -13.089 0.1111111119
74806  -27.168  -21.367  -14.206 0.1111111119
74818  -28.524  -21.158  -14.679 0.1111111119
76585  -29.127  -19.447  -15.499 0.1111111119
77444  -28.946  -18.548  -15.632 0.1111111119
140244  -29.635  -17.350  -15.969 0.2222222239
81100  -30.587  -14.553  -16.762 0.1111111119
79269  -29.469  -16.065  -16.577 0.2222222239
82000  -31.170  -13.880  -17.011 0.2222222239
82929  -31.836  -12.905  -17.835 0.2222222239
82940  -31.972  -12.425  -18.679 0.3333333433
83845  -31.438  -11.335  -19.744 0.4444444478
84691  -31.857  -10.881  -20.091 0.3333333433
84709  -31.612  -10.517  -21.297 0.3333333433
85566  -29.697  -10.416  -21.189 0.4444444478
85567  -30.655  -10.442  -21.403 0.3333333433
89028  -20.727  -5.200  -17.643 0.4444444478
87383  -28.512  -7.971  -21.934 0.4444444478
129432  -28.279  -4.036  -21.678 0.3333333433
94089  -21.658  0.335  -18.724 0.4444444478
95725  -28.042  2.177  -16.426 0.5555555820
94897  -22.817  1.187  -18.408 0.5555555820
95738  -24.073  2.014  -17.543 0.5555555820
95739  -24.720  2.760  -17.177 0.5555555820
96558  -25.710  3.069  -16.733 0.5555555820
94896  -22.224  1.689  -18.778 0.5555555820
73847  -18.010  -22.683  -11.989 0.4444444478
73858  -18.650  -22.105  -12.356 0.4444444478
73859  -19.533  -22.405  -12.525 0.4444444478
76539  -22.341  -19.507  -12.672 0.5555555820
76540  -23.129  -19.179  -12.376 0.5555555820
78307  -25.717  -18.055  -12.676 0.6666666865
137630  -26.639  -16.048  -12.806 0.6666666865
82909  -28.207  -13.269  -16.876 0.5555555820
82920  -28.482  -12.884  -17.550 0.5555555820
82926  -28.911  -12.514  -18.132 0.4444444478
85573  -29.931  -9.940  -21.773 0.4444444478
90783  -28.504  -3.292  -20.792 0.3333333433
77418  -25.535  -18.896  -13.127 0.3333333433
76541  -23.977  -19.481  -12.434 0.3333333433
132629  -21.291  -22.856  -12.440 0.4444444478
71865  -22.622  -24.440  -12.921 0.3333333433
73862  -22.992  -23.412  -13.540 0.4444444478
72845  -22.126  -23.747  -12.620 0.4444444478
127721  -23.011  -24.259  -13.834 0.3333333433
71867  -24.205  -23.909  -12.681 0.1111111119
72843  -20.346  -23.015  -12.197 0.4444444478
72834  -20.170  -23.742  -11.818 0.4444444478
74790  -20.713  -21.898  -12.691 0.4444444478
73861  -21.827  -22.189  -12.420 0.4444444478
127599  -22.769  -22.418  -12.799 0.4444444478
72865  -23.514  -23.623  -13.696 0.4444444478
74792  -23.960  -21.504  -12.884 0.4444444478
72866  -24.307  -23.178  -14.041 0.2222222239
74804  -24.438  -22.084  -13.540 0.4444444478
72867  -25.121  -22.984  -13.864 0.1111111119
127489  -25.119  -21.894  -13.936 0.2222222239
73884  -27.407  -22.090  -13.634 0.1111111119
147181  -27.312  -23.441  -12.635 0.1111111119
76561  -26.244  -20.285  -13.873 0.3333333433
76560  -25.509  -19.796  -13.427 0.3333333433
75685  -26.777  -20.627  -14.307 0.2222222239
139232  -27.377  -18.438  -14.912 0.2222222239
77434  -27.895  -18.774  -15.208 0.1111111119
76575  -27.837  -19.791  -15.289 0.1111111119
77443  -28.248  -18.012  -15.638 0.1111111119
75699  -28.557  -19.987  -15.456 0.1111111119
77419  -26.108  -18.538  -13.555 0.3333333433
79243  -27.444  -16.914  -14.675 0.4444444478
79253  -27.646  -16.666  -15.918 0.4444444478
80188  -28.504  -16.054  -16.815 0.3333333433
78339  -27.582  -17.537  -15.338 0.4444444478
78349  -27.851  -17.320  -15.950 0.3333333433
79270  -30.589  -16.130  -16.308 0.1111111119
80187  -27.917  -15.550  -16.978 0.4444444478
81089  -27.915  -14.681  -16.242 0.5555555820
130445  -27.817  -15.406  -16.636 0.5555555820
146451  -28.284  -13.483  -17.526 0.5555555820
83835  -31.694  -11.927  -19.320 0.4444444478
94890  -23.912  1.250  -16.977 0.5555555820
95722  -25.343  2.370  -16.612 0.5555555820
71864  -21.680  -24.426  -12.380 0.4444444478
74817  -27.728  -20.923  -14.676 0.1111111119
133673  -22.232  2.497  -18.899 0.5555555820
78351  -28.883  -17.643  -15.943 0.2222222239
133182  -20.588  -25.103  -11.888 0.4444444478
71848  -19.949  -24.520  -11.761 0.4444444478
70890  -21.895  -25.078  -12.398 0.4444444478
70891  -22.588  -25.070  -12.482 0.2222222239
72849  -25.535  -23.316  -12.872 0.1111111119
71868  -25.114  -23.834  -12.290 0.1111111119
126396  -19.866  -32.208  -8.333 0.1111111119
67058  -17.281  -29.339  -10.244 0.3333333433
66141  -19.247  -30.464  -9.513 0.2222222239
65208  -19.359  -31.659  -8.679 0.2222222239
65209  -20.221  -31.564  -8.485 0.1111111119
66125  -20.518  -30.830  -8.713 0.1111111119
68964  -16.025  -26.907  -9.729 0.3333333433
68011  -16.324  -27.672  -9.909 0.3333333433
68012  -16.698  -28.513  -10.122 0.3333333433
68014  -18.435  -28.540  -10.784 0.3333333433
137325  -19.093  -28.792  -10.682 0.3333333433
67060  -19.512  -29.342  -10.164 0.2222222239
66142  -20.010  -30.243  -9.214 0.2222222239
131362  -20.083  -29.639  -9.587 0.2222222239
71826  -16.078  -25.047  -9.486 0.2222222239
69883  -16.384  -26.135  -10.010 0.2222222239
70850  -16.002  -25.715  -9.576 0.2222222239
68965  -16.741  -26.964  -10.272 0.3333333433
146332  -17.193  -27.779  -10.462 0.3333333433
68013  -17.665  -28.580  -10.570 0.3333333433
67061  -20.292  -28.974  -9.854 0.1111111119
147306  -16.570  -24.004  -10.051 0.2222222239
70861  -16.400  -25.272  -10.021 0.3333333433
71837  -16.914  -24.754  -10.586 0.3333333433
70862  -16.945  -25.588  -10.549 0.3333333433
133925  -17.528  -25.107  -11.082 0.3333333433
69884  -17.033  -26.333  -10.555 0.3333333433
69896  -18.336  -26.461  -11.275 0.3333333433
68978  -19.474  -27.435  -11.353 0.3333333433
69897  -19.142  -26.710  -11.489 0.3333333433
69898  -19.995  -26.726  -11.523 0.3333333433
68979  -20.439  -27.381  -11.077 0.3333333433
68016  -20.564  -28.174  -10.289 0.1111111119
68968  -21.269  -27.444  -10.366 0.2222222239
72823  -16.701  -23.341  -10.366 0.2222222239
71844  -16.826  -23.996  -10.567 0.2222222239
72830  -16.942  -23.262  -11.029 0.3333333433
71845  -17.368  -24.072  -11.270 0.3333333433
71846  -18.302  -24.648  -11.570 0.3333333433
70871  -18.240  -25.618  -11.355 0.3333333433
70872  -18.993  -25.396  -11.524 0.3333333433
133778  -19.554  -26.025  -11.531 0.3333333433
134905  -20.485  -25.896  -11.645 0.3333333433
68980  -21.223  -26.925  -10.946 0.1111111119
73805  -16.617  -22.705  -10.005 0.3333333433
73829  -16.771  -22.572  -10.694 0.3333333433
145770  -17.512  -22.355  -11.622 0.3333333433
71847  -19.221  -24.755  -11.663 0.3333333433
70874  -21.248  -25.471  -11.943 0.3333333433
70875  -21.977  -25.726  -11.878 0.3333333433
83846  -32.343  -11.288  -19.604 0.2222222239
83836  -32.805  -11.785  -19.031 0.2222222239
86493  -30.023  -8.613  -22.766 0.3333333433
85586  -30.480  -9.287  -22.401 0.2222222239
66153  -17.941  -30.039  -10.109 0.3333333433
67046  -18.865  -29.878  -10.073 0.3333333433
66124  -19.680  -30.940  -8.908 0.2222222239
152641  -20.398  -29.862  -9.221 0.1111111119
71836  -16.505  -24.598  -10.030 0.3333333433
68977  -18.610  -27.300  -11.257 0.3333333433
68027  -18.903  -28.084  -11.159 0.3333333433
152364  -21.254  -26.049  -11.665 0.3333333433
64318  -19.045  -32.490  -8.447 0.1111111119
63437  -19.914  -32.985  -7.982 0.1111111119
67044  -16.154  -29.331  -9.671 0.3333333433
67045  -17.017  -30.131  -9.866 0.3333333433
66139  -17.629  -30.782  -9.771 0.3333333433
65221  -18.132  -31.351  -9.502 0.3333333433
65222  -18.898  -31.133  -9.221 0.3333333433
144959  -20.819  -33.246  -7.781 0.1111111119
65210  -21.135  -31.470  -8.353 0.1111111119
149340  -15.951  -25.017  -9.330 0.2222222239
67034  -21.478  -29.885  -8.758 0.1111111119
134652  -16.350  -24.472  -9.495 0.2222222239
68001  -21.096  -28.635  -9.528 0.1111111119
68017  -21.387  -27.988  -9.819 0.1111111119
72809  -16.555  -23.595  -9.764 0.2222222239
68952  -22.068  -27.550  -9.835 0.1111111119
69899  -21.636  -26.416  -11.320 0.1111111119
134166  -16.664  -22.064  -9.990 0.1111111119
84699  -32.370  -10.613  -20.854 0.2222222239
87395  -29.577  -7.960  -23.144 0.2222222239
86494  -31.413  -8.511  -23.198 0.2222222239
75628  -16.781  -20.930  -10.643 0.2222222239
79219  -19.004  -16.425  -12.648 0.5555555820
76511  -16.977  -19.392  -10.209 0.3333333433
72831  -17.422  -23.108  -11.590 0.4444444478
85574  -31.838  -9.891  -21.846 0.2222222239
64301  -20.755  -32.347  -8.073 0.1111111119
66140  -18.458  -30.616  -9.726 0.3333333433
69882  -15.810  -26.338  -9.451 0.2222222239
68951  -15.603  -27.570  -9.372 0.2222222239
68000  -15.768  -28.341  -9.518 0.3333333433
67059  -18.328  -29.262  -10.516 0.3333333433
150578  -18.954  -29.352  -10.437 0.3333333433
68967  -18.096  -27.896  -10.869 0.3333333433
67047  -19.535  -29.911  -9.721 0.2222222239
147070  -19.829  -28.700  -10.430 0.2222222239
67048  -20.799  -29.447  -9.228 0.1111111119
69895  -17.576  -26.024  -11.025 0.3333333433
68966  -17.679  -26.968  -10.791 0.3333333433
68015  -19.712  -28.128  -10.921 0.3333333433
140671  -18.848  -26.052  -11.447 0.3333333433
134049  -20.848  -26.580  -11.388 0.3333333433
136036  -16.539  -23.175  -9.593 0.2222222239
63436  -19.115  -33.232  -8.110 0.1111111119
65207  -18.557  -31.807  -8.937 0.2222222239
66138  -16.147  -30.337  -9.573 0.3333333433
127051  -15.016  -29.011  -9.179 0.2222222239
129233  -16.851  -30.851  -9.692 0.3333333433
142017  -15.588  -26.941  -9.281 0.2222222239
68950  -15.268  -27.600  -8.890 0.2222222239
84692  -32.995  -10.815  -20.071 0.1111111119
83847  -33.563  -11.293  -19.572 0.1111111119
128773  -35.751  -11.073  -20.475 0.1111111119
84693  -34.355  -10.804  -20.115 0.1111111119
85576  -34.382  -9.534  -21.735 0.1111111119
85577  -35.622  -9.622  -21.642 0.1111111119
85587  -31.668  -9.215  -22.525 0.1111111119
85589  -34.130  -8.913  -22.368 0.1111111119
85588  -32.899  -9.068  -22.482 0.1111111119
86496  -33.963  -8.360  -23.238 0.1111111119
88252  -28.968  -6.199  -23.021 0.2222222239
86495  -32.779  -8.458  -23.235 0.1111111119
89944  -27.722  -5.077  -23.172 0.1111111119
89940  -28.080  -4.953  -22.076 0.2222222239
90793  -27.880  -3.315  -21.837 0.1111111119
89083  -28.235  -5.511  -23.451 0.1111111119
134763  -27.232  -3.984  -23.760 0.1111111119
94091  -22.755  0.168  -18.017 0.4444444478
91634  -28.159  -2.464  -21.229 0.1111111119
95751  -21.172  1.786  -18.391 0.4444444478
139333  -22.089  0.949  -18.822 0.4444444478
92466  -27.792  -1.755  -21.585 0.1111111119
95754  -23.992  2.768  -17.958 0.4444444478
95740  -28.593  2.035  -17.040 0.3333333433
94898  -28.810  1.282  -17.757 0.2222222239
94105  -29.005  -0.105  -19.868 0.1111111119
93321  -28.121  -0.946  -21.208 0.1111111119
94134  -27.758  -0.055  -21.497 0.1111111119
140261  -23.410  2.784  -18.643 0.4444444478
95753  -22.798  2.829  -18.998 0.4444444478
96592  -23.098  3.493  -19.219 0.4444444478
96576  -24.466  3.394  -17.718 0.4444444478
139536  -23.941  3.572  -18.460 0.4444444478
96578  -26.134  3.910  -16.883 0.4444444478
97410  -26.986  4.127  -16.788 0.4444444478
96560  -27.631  3.486  -16.790 0.2222222239
96580  -28.336  3.595  -17.271 0.2222222239
95755  -28.829  2.128  -18.137 0.2222222239
95756  -29.295  2.272  -18.930 0.2222222239
94907  -29.410  1.561  -19.369 0.2222222239
99841  -27.224  7.793  -19.448 0.1111111119
98985  -28.851  6.147  -18.655 0.1111111119
95775  -28.661  2.209  -21.063 0.1111111119
95735  -20.851  2.452  -17.881 0.4444444478
95736  -21.067  3.073  -18.299 0.4444444478
95752  -21.582  2.771  -18.876 0.4444444478
96591  -21.087  3.344  -19.169 0.3333333433
95764  -22.097  3.158  -19.463 0.4444444478
96606  -23.033  4.205  -19.828 0.4444444478
98202  -23.807  4.638  -19.557 0.4444444478
130677  -24.234  4.396  -18.671 0.4444444478
97422  -24.663  4.086  -17.917 0.4444444478
97423  -25.571  4.466  -17.594 0.4444444478
97442  -23.009  4.771  -20.707 0.3333333433
98194  -25.993  5.177  -17.749 0.3333333433
98195  -26.804  5.553  -17.466 0.1111111119
136561  -27.965  4.948  -17.379 0.1111111119
152431  -28.535  5.065  -17.701 0.1111111119
141874  -29.094  3.020  -18.413 0.2222222239
96593  -28.962  3.747  -17.862 0.1111111119
97436  -29.115  4.689  -18.151 0.1111111119
96557  -20.387  3.145  -17.662 0.2222222239
96604  -21.381  3.887  -19.899 0.3333333433
97441  -22.070  3.807  -20.867 0.3333333433
98203  -24.509  5.119  -18.966 0.4444444478
98988  -23.507  5.643  -21.138 0.2222222239
98213  -24.026  5.383  -19.962 0.2222222239
98205  -26.175  5.938  -18.007 0.2222222239
146187  -26.806  6.252  -17.803 0.1111111119
98999  -23.845  6.368  -21.302 0.1111111119
98989  -24.277  6.200  -20.330 0.1111111119
98990  -25.053  6.699  -19.696 0.1111111119
98984  -28.086  6.335  -18.215 0.1111111119
99838  -24.377  7.111  -20.922 0.1111111119
99832  -25.887  7.108  -19.123 0.1111111119
98983  -27.216  6.670  -18.159 0.1111111119
97434  -20.551  4.115  -19.530 0.3333333433
97420  -19.496  4.423  -18.058 0.3333333433
97433  -19.875  4.686  -18.956 0.3333333433
147048  -20.703  4.265  -20.505 0.3333333433
98212  -21.685  4.382  -21.739 0.3333333433
98219  -22.413  5.177  -22.128 0.2222222239
98998  -22.991  6.255  -21.846 0.1111111119
99840  -26.288  7.842  -19.554 0.1111111119
100641  -25.377  8.898  -21.634 0.1111111119
98166  -18.545  4.877  -15.478 0.1111111119
126193  -17.406  5.440  -15.889 0.1111111119
98187  -18.623  6.022  -17.558 0.2222222239
98973  -18.833  6.941  -17.719 0.2222222239
98200  -19.644  5.642  -19.208 0.3333333433
98978  -19.333  6.669  -19.388 0.2222222239
98211  -20.609  5.058  -21.204 0.3333333433
98979  -19.811  6.919  -20.516 0.2222222239
99847  -20.197  7.916  -21.208 0.1111111119
99848  -21.125  7.447  -22.264 0.1111111119
99849  -22.253  7.099  -22.704 0.1111111119
99850  -23.544  6.935  -22.144 0.1111111119
132227  -24.099  7.676  -22.241 0.1111111119
99839  -25.325  7.585  -20.046 0.1111111119
100636  -27.588  8.253  -20.118 0.1111111119
99842  -28.154  7.656  -19.499 0.1111111119
126070  -18.080  5.811  -15.422 0.1111111119
125983  -19.311  6.017  -14.965 0.1111111119
125810  -17.810  6.071  -16.134 0.1111111119
125812  -18.775  6.620  -15.566 0.1111111119
99821  -19.809  7.983  -16.663 0.1111111119
125814  -19.352  7.957  -17.229 0.1111111119
134495  -19.259  7.842  -19.265 0.2222222239
99831  -19.423  8.755  -18.746 0.1111111119
100630  -19.871  9.408  -19.161 0.1111111119
100632  -20.062  9.249  -20.463 0.1111111119
101321  -20.800  9.950  -21.022 0.1111111119
145672  -21.615  8.420  -22.782 0.1111111119
99798  -20.530  7.082  -14.614 0.1111111119
99790  -20.737  6.711  -13.957 0.1111111119
99809  -20.419  7.711  -15.997 0.1111111119
99810  -21.161  8.157  -15.718 0.1111111119
99822  -20.625  8.355  -16.591 0.1111111119
140398  -21.297  8.883  -16.345 0.1111111119
101307  -20.781  9.819  -18.135 0.1111111119
100583  -21.672  8.301  -14.013 0.1111111119
99792  -21.959  8.035  -13.220 0.1111111119
100594  -21.436  8.367  -14.866 0.1111111119
83848  -34.990  -11.460  -19.813 0.1111111119
84700  -33.787  -10.442  -20.676 0.1111111119
85568  -34.693  -10.126  -21.282 0.1111111119
84713  -36.281  -10.037  -21.314 0.1111111119
87404  -31.164  -7.394  -24.102 0.1111111119
86504  -32.766  -7.894  -23.932 0.1111111119
87403  -30.076  -7.506  -23.927 0.1111111119
90792  -27.275  -3.316  -22.796 0.1111111119
151338  -27.599  2.815  -16.523 0.4444444478
96561  -28.219  2.841  -16.903 0.3333333433
94899  -29.370  1.320  -18.642 0.2222222239
94120  -29.233  0.898  -19.806 0.1111111119
94119  -28.538  0.583  -20.705 0.1111111119
93320  -27.277  -1.047  -22.106 0.1111111119
95765  -29.378  2.554  -19.662 0.2222222239
98197  -28.062  5.618  -17.672 0.1111111119
98206  -28.708  5.594  -18.122 0.1111111119
96607  -29.835  3.935  -19.497 0.1111111119
96624  -21.784  3.795  -20.652 0.3333333433
99833  -26.814  7.191  -18.880 0.1111111119
98977  -19.095  7.338  -18.533 0.2222222239
99837  -19.543  8.503  -19.912 0.1111111119
138696  -19.987  7.184  -15.407 0.1111111119
100617  -20.780  9.023  -17.294 0.1111111119
101315  -20.567  10.071  -19.512 0.1111111119
100605  -21.583  8.926  -15.417 0.1111111119
85561  -36.694  -10.606  -20.453 0.1111111119
83855  -36.723  -11.153  -20.436 0.1111111119
87394  -28.855  -7.748  -22.736 0.2222222239
89071  -28.360  -5.658  -22.571 0.2222222239
91633  -27.532  -2.548  -22.078 0.1111111119
94895  -21.633  1.281  -18.755 0.4444444478
134804  -21.701  2.088  -18.732 0.4444444478
150067  -23.638  4.065  -19.131 0.4444444478
96605  -22.325  3.833  -19.891 0.4444444478
97435  -24.996  4.745  -18.261 0.4444444478
98204  -25.357  5.452  -18.394 0.2222222239
98937  -20.145  6.372  -14.334 0.1111111119
98154  -21.094  5.938  -12.642 0.1111111119
99791  -21.488  7.547  -13.642 0.1111111119
134696  -20.781  7.613  -15.248 0.1111111119
83849  -37.048  -11.871  -20.001 0.1111111119
82941  -33.424  -12.302  -18.541 0.1111111119
83837  -34.184  -11.906  -19.155 0.1111111119
129279  -36.359  -11.781  -20.114 0.1111111119
84683  -36.893  -10.868  -19.686 0.1111111119
84684  -37.144  -11.674  -19.684 0.1111111119
86467  -36.018  -9.191  -20.559 0.1111111119
86498  -35.498  -8.624  -22.200 0.1111111119
87396  -35.176  -8.134  -23.036 0.1111111119
86505  -33.815  -7.984  -24.064 0.1111111119
87408  -30.667  -7.025  -24.344 0.1111111119
87405  -32.340  -7.254  -24.269 0.1111111119
87406  -33.497  -7.562  -24.146 0.1111111119
88275  -29.832  -6.890  -24.350 0.1111111119
89093  -28.706  -4.909  -24.196 0.1111111119
89947  -27.228  -4.450  -24.373 0.1111111119
90797  -26.690  -3.166  -23.706 0.1111111119
91636  -26.796  -2.554  -22.885 0.1111111119
94133  -27.264  0.680  -22.073 0.1111111119
148200  -26.340  -0.902  -22.800 0.1111111119
94960  -26.948  1.477  -22.559 0.1111111119
95776  -29.293  2.780  -20.579 0.1111111119
96575  -19.817  3.738  -17.620 0.2222222239
97419  -19.342  4.244  -17.121 0.2222222239
97443  -30.196  4.645  -19.756 0.1111111119
134480  -19.069  4.182  -15.564 0.1111111119
97409  -18.977  5.062  -17.522 0.2222222239
99843  -29.069  7.298  -19.722 0.1111111119
97381  -19.089  4.747  -14.619 0.1111111119
97378  -19.444  4.865  -13.535 0.1111111119
98153  -20.579  5.345  -12.986 0.1111111119
98143  -20.587  5.703  -11.726 0.1111111119
100643  -27.102  8.703  -20.923 0.1111111119
98144  -21.037  6.078  -11.452 0.1111111119
98929  -21.554  6.608  -12.248 0.1111111119
101333  -22.881  10.117  -22.888 0.1111111119
101334  -23.850  9.408  -22.982 0.1111111119
101327  -24.993  9.447  -22.930 0.1111111119
99777  -21.851  7.203  -12.897 0.1111111119
101298  -21.418  9.764  -16.934 0.1111111119
131167  -21.564  10.354  -17.603 0.1111111119
100595  -21.897  9.100  -14.491 0.1111111119
88264  -28.735  -7.017  -23.554 0.1111111119
140984  -28.452  -0.299  -20.733 0.1111111119
96559  -26.774  3.187  -16.517 0.4444444478
84711  -33.402  -10.065  -21.244 0.1111111119
89939  -27.708  -4.228  -22.739 0.2222222239
85575  -33.132  -9.629  -21.827 0.1111111119
86475  -36.211  -9.553  -21.450 0.1111111119
86497  -34.958  -8.345  -22.909 0.1111111119
88263  -28.623  -6.045  -23.795 0.1111111119
89082  -27.470  -4.930  -23.901 0.1111111119
89087  -28.028  -5.168  -23.895 0.1111111119
92471  -26.511  -1.699  -22.877 0.1111111119
93327  -26.792  -0.153  -22.414 0.1111111119
97424  -26.482  4.717  -17.157 0.2222222239
96579  -27.787  4.242  -17.097 0.2222222239
97426  -28.514  4.377  -17.542 0.1111111119
142195  -29.154  2.053  -20.167 0.2222222239
94922  -28.819  1.473  -20.445 0.1111111119
98991  -28.574  6.821  -19.028 0.1111111119
100634  -25.841  8.284  -20.541 0.1111111119
97437  -29.609  4.661  -19.078 0.1111111119
99834  -27.702  7.093  -18.831 0.1111111119
98214  -29.956  5.444  -19.465 0.1111111119
95780  -27.433  2.223  -22.449 0.1111111119
94941  -27.641  1.437  -21.840 0.1111111119
140332  -29.447  3.177  -19.228 0.2222222239
98980  -24.743  5.924  -19.248 0.2222222239
98982  -26.427  6.604  -18.391 0.1111111119
97421  -20.327  3.746  -18.438 0.3333333433
98193  -19.296  5.390  -18.335 0.3333333433
98201  -20.125  4.857  -20.027 0.3333333433
98218  -21.240  5.212  -22.312 0.2222222239
98997  -21.725  6.238  -22.385 0.1111111119
100633  -24.904  8.002  -21.261 0.1111111119
100640  -24.515  8.528  -22.461 0.1111111119
100642  -26.352  8.819  -21.153 0.1111111119
97389  -18.216  4.521  -15.989 0.1111111119
131252  -19.254  5.131  -13.951 0.1111111119
97407  -17.289  4.999  -16.273 0.1111111119
125811  -17.630  6.044  -16.657 0.1111111119
98192  -19.192  6.393  -18.469 0.3333333433
98969  -17.990  6.542  -16.915 0.1111111119
98210  -19.777  5.768  -20.169 0.3333333433
98996  -20.729  6.367  -21.813 0.1111111119
100638  -20.722  8.731  -21.696 0.1111111119
132280  -23.028  7.796  -22.828 0.1111111119
147889  -23.677  8.363  -22.888 0.1111111119
143597  -18.939  5.349  -14.907 0.1111111119
99797  -19.735  6.714  -14.956 0.1111111119
139179  -19.699  5.590  -13.924 0.1111111119
125813  -18.528  6.984  -16.411 0.1111111119
126111  -19.162  7.641  -16.657 0.1111111119
126162  -19.454  7.387  -16.098 0.1111111119
99826  -19.775  8.556  -17.533 0.1111111119
98972  -18.815  7.331  -17.089 0.1111111119
99830  -19.237  8.139  -18.278 0.1111111119
100627  -20.059  9.229  -18.115 0.1111111119
101320  -21.200  9.218  -21.946 0.1111111119
101326  -21.783  9.791  -22.228 0.1111111119
100639  -22.726  8.946  -22.975 0.1111111119
98938  -20.719  6.002  -13.544 0.1111111119
98939  -21.295  6.683  -13.315 0.1111111119
126218  -21.041  7.180  -13.999 0.1111111119
99799  -21.187  7.710  -14.514 0.1111111119
82948  -35.613  -12.276  -19.561 0.1111111119
85569  -36.555  -9.932  -20.894 0.1111111119
144856  -27.895  0.807  -21.428 0.1111111119
96641  -29.600  3.371  -21.094 0.1111111119
129951  -21.199  10.651  -19.817 0.1111111119
144471  -21.935  9.559  -15.188 0.1111111119
85560  -36.399  -9.980  -20.115 0.1111111119
88273  -28.569  -5.740  -23.892 0.1111111119
89091  -27.401  -4.540  -24.412 0.1111111119
95782  -28.973  2.893  -21.545 0.1111111119
98215  -30.435  5.296  -19.996 0.1111111119
97408  -18.543  4.926  -16.642 0.1111111119
96538  -19.187  4.002  -15.310 0.1111111119
98992  -29.487  6.361  -19.335 0.1111111119
132509  -19.904  4.918  -13.257 0.1111111119
101322  -21.835  10.836  -20.774 0.1111111119
151685  -21.730  10.334  -16.974 0.1111111119
101308  -21.318  10.594  -18.664 0.1111111119
65220  -16.164  -31.280  -9.431 0.2222222239
80137  -18.989  -15.091  -12.561 0.2222222239
81051  -18.966  -14.410  -12.511 0.2222222239
78272  -17.429  -17.892  -10.655 0.3333333433
127028  -18.842  -15.857  -12.325 0.3333333433
94088  -20.987  0.024  -18.404 0.2222222239
94877  -20.219  1.850  -17.154 0.1111111119
95721  -20.239  2.467  -17.253 0.1111111119
90742  -20.158  -4.131  -17.085 0.2222222239
133661  -19.487  -5.254  -16.223 0.1111111119
79205  -18.683  -16.605  -12.181 0.2222222239
89863  -19.403  -4.681  -16.098 0.1111111119
135893  -20.422  0.895  -17.454 0.1111111119
94870  -19.852  1.582  -15.466 0.1111111119
95720  -19.865  2.704  -16.730 0.1111111119
93262  -20.555  -1.033  -17.448 0.1111111119
77375  -17.227  -18.645  -10.514 0.2222222239
79190  -18.504  -16.926  -11.915 0.2222222239
85488  -18.979  -9.639  -13.385 0.2222222239
142502  -20.535  -0.287  -17.957 0.1111111119
84623  -18.267  -10.601  -13.032 0.1111111119
85487  -17.860  -9.782  -13.034 0.3333333433
94894  -21.012  0.908  -18.479 0.3333333433
94888  -20.569  1.537  -17.755 0.3333333433
79204  -18.699  -16.157  -12.026 0.2222222239
94060  -20.404  -0.205  -17.437 0.1111111119
94072  -20.548  0.476  -17.951 0.1111111119
128689  -20.220  0.851  -15.672 0.1111111119
93247  -19.765  -1.887  -16.113 0.1111111119
142851  -20.191  -0.179  -15.727 0.1111111119
129971  -29.856  -18.171  -15.625 0.1111111119
64329  -16.596  -32.170  -9.188 0.1111111119
135320  -17.255  -31.572  -9.507 0.1111111119
64330  -17.397  -32.380  -9.139 0.1111111119
65206  -14.812  -31.676  -8.707 0.1111111119
66136  -14.803  -30.079  -8.883 0.1111111119
67043  -15.403  -29.803  -9.276 0.1111111119
135277  -15.202  -28.170  -9.058 0.1111111119
77328  -17.034  -18.921  -9.285 0.1111111119
81039  -18.932  -14.722  -12.414 0.1111111119
87293  -18.308  -7.352  -14.525 0.2222222239
88164  -17.910  -6.625  -14.161 0.2222222239
88971  -17.860  -5.929  -13.484 0.2222222239
65219  -14.653  -30.844  -8.811 0.1111111119
81932  -18.985  -13.936  -12.560 0.1111111119
81947  -19.049  -13.730  -12.744 0.1111111119
65205  -13.956  -31.351  -8.345 0.1111111119
64328  -15.724  -31.950  -8.907 0.1111111119
136233  -16.852  -32.844  -9.037 0.1111111119
64331  -17.909  -31.950  -9.266 0.1111111119
66122  -13.958  -30.266  -8.007 0.1111111119
66135  -14.411  -29.857  -8.422 0.1111111119
67991  -14.566  -28.708  -8.357 0.1111111119
67999  -14.804  -28.475  -8.685 0.1111111119
69861  -15.335  -27.186  -8.663 0.1111111119
69874  -15.496  -26.492  -9.052 0.1111111119
150321  -15.681  -26.126  -9.267 0.1111111119
71825  -15.732  -25.146  -9.075 0.1111111119
76465  -17.067  -19.727  -9.121 0.1111111119
78242  -17.077  -17.950  -9.743 0.1111111119
80112  -17.991  -16.185  -10.401 0.1111111119
81026  -18.789  -14.398  -11.310 0.1111111119
87269  -17.251  -7.441  -12.870 0.2222222239
88953  -17.704  -5.824  -12.663 0.2222222239
89835  -18.529  -5.151  -13.863 0.1111111119
64315  -16.068  -32.921  -8.959 0.1111111119
88972  -18.475  -5.768  -14.631 0.2222222239
88991  -19.073  -5.293  -15.582 0.1111111119
78290  -17.608  -17.228  -10.653 0.1111111119
141928  -17.525  -8.258  -13.338 0.2222222239
82868  -19.116  -12.892  -13.049 0.1111111119
71810  -16.157  -24.677  -9.133 0.1111111119
75607  -16.892  -20.241  -9.298 0.1111111119
76487  -16.883  -19.311  -9.538 0.1111111119
66137  -15.350  -30.580  -9.248 0.1111111119
80126  -18.822  -15.415  -12.242 0.1111111119
149895  -17.032  -18.007  -10.074 0.1111111119
150316  -16.991  -18.529  -9.566 0.1111111119
150322  -15.314  -31.261  -9.100 0.1111111119
64314  -15.133  -32.544  -8.617 0.1111111119
66123  -14.158  -30.487  -8.380 0.1111111119
67042  -14.544  -29.343  -8.603 0.1111111119
88144  -17.152  -6.808  -12.484 0.1111111119
67998  -14.513  -29.068  -8.409 0.1111111119
68937  -14.858  -28.202  -8.542 0.1111111119
75592  -17.121  -20.434  -8.859 0.1111111119
77317  -17.340  -19.443  -8.901 0.1111111119
78273  -17.257  -17.336  -10.024 0.1111111119
138887  -18.309  -5.042  -12.906 0.1111111119
90690  -18.517  -4.762  -13.391 0.1111111119
90731  -19.810  -3.671  -16.730 0.1111111119
140965  -17.143  -8.127  -12.500 0.1111111119
90716  -19.236  -4.045  -15.863 0.1111111119
91574  -19.648  -2.967  -16.341 0.1111111119
91575  -20.139  -2.778  -16.818 0.1111111119
67033  -20.737  -30.134  -8.895 0.1111111119
70892  -23.156  -25.012  -12.404 0.2222222239
71866  -23.391  -24.326  -12.962 0.2222222239
73882  -24.951  -22.587  -13.988 0.1111111119
73883  -26.475  -21.863  -13.833 0.1111111119
75686  -27.179  -20.750  -14.562 0.1111111119
75697  -27.631  -20.373  -14.942 0.1111111119
75698  -28.149  -20.445  -15.114 0.1111111119
76542  -24.818  -19.253  -12.766 0.3333333433
77347  -16.920  -18.574  -9.846 0.2222222239
77402  -24.911  -18.441  -12.459 0.3333333433
77416  -20.390  -18.801  -13.852 0.8888888955
78350  -28.202  -17.106  -16.242 0.4444444478
79208  -25.412  -16.745  -12.386 0.7777777910
79255  -30.026  -16.760  -16.194 0.2222222239
79267  -28.072  -16.387  -16.686 0.3333333433
80128  -25.242  -15.372  -12.428 1.0000000000
80155  -19.724  -15.227  -14.130 1.0000000000
80157  -21.589  -15.863  -15.234 1.0000000000
80161  -27.844  -15.334  -15.770 0.5555555820
80189  -30.032  -15.296  -16.613 0.1111111119
81041  -25.472  -14.763  -12.516 1.0000000000
81042  -25.967  -14.453  -12.448 1.0000000000
81055  -27.422  -14.554  -13.142 0.7777777910
81056  -28.107  -14.627  -13.951 0.6666666865
81085  -20.730  -14.376  -15.281 1.0000000000
81098  -28.139  -14.655  -17.186 0.5555555820
81964  -19.892  -13.609  -14.274 0.5555555820
81966  -23.699  -13.585  -14.689 1.0000000000
81984  -27.900  -13.973  -16.607 0.5555555820
82012  -29.896  -13.339  -18.210 0.4444444478
82873  -28.489  -12.249  -13.646 0.7777777910
82874  -28.640  -13.236  -14.408 0.8888888955
82889  -24.759  -11.955  -14.560 1.0000000000
82906  -22.826  -12.574  -16.032 1.0000000000
82927  -29.589  -12.889  -18.537 0.4444444478
82937  -29.381  -12.287  -18.676 0.5555555820
83790  -24.585  -11.187  -15.054 1.0000000000
83792  -26.829  -11.192  -13.547 1.0000000000
83818  -21.887  -11.100  -16.944 0.6666666865
83844  -30.707  -11.202  -19.805 0.5555555820
83850  -37.166  -11.923  -19.766 0.1111111119
83856  -37.061  -11.288  -20.210 0.1111111119
84670  -23.925  -10.410  -16.786 0.7777777910
84697  -30.322  -10.801  -20.763 0.4444444478
84701  -35.115  -10.559  -20.847 0.1111111119
84702  -36.169  -10.526  -20.864 0.1111111119
84703  -36.559  -10.431  -20.717 0.1111111119
84710  -32.400  -10.207  -21.408 0.1111111119
84712  -35.690  -10.217  -21.280 0.1111111119
84714  -36.412  -9.899  -21.242 0.1111111119
85506  -20.280  -9.270  -15.353 0.5555555820
85520  -27.358  -9.129  -13.417 0.8888888955
85523  -29.955  -9.431  -15.571 0.7777777910
85532  -23.673  -9.999  -17.284 0.7777777910
85542  -22.579  -9.270  -17.687 0.7777777910
85543  -23.318  -9.386  -17.617 0.7777777910
85558  -29.855  -10.334  -20.312 0.5555555820
85578  -36.142  -9.513  -21.547 0.1111111119
85590  -35.254  -8.958  -22.170 0.1111111119
85591  -35.834  -9.059  -22.049 0.1111111119
86413  -20.524  -8.195  -14.644 0.4444444478
86420  -29.747  -7.940  -14.992 0.8888888955
86427  -24.451  -8.969  -16.430 1.0000000000
86440  -29.815  -8.691  -16.909 0.7777777910
86452  -23.885  -8.045  -17.329 0.8888888955
86474  -36.136  -9.014  -21.470 0.1111111119
86481  -29.541  -9.104  -22.017 0.5555555820
86482  -36.053  -9.098  -21.874 0.1111111119
86492  -29.074  -8.447  -22.397 0.4444444478
86502  -30.623  -8.026  -23.526 0.1111111119
86503  -31.710  -7.799  -23.840 0.1111111119
86506  -34.472  -7.889  -23.690 0.1111111119
87292  -17.635  -7.450  -13.777 0.2222222239
87309  -19.714  -7.202  -15.639 0.3333333433
87310  -20.380  -7.802  -15.217 0.4444444478
87317  -29.512  -7.340  -14.758 0.7777777910
87325  -20.089  -7.662  -16.064 0.5555555820
87330  -30.116  -7.480  -16.058 0.7777777910
87336  -24.238  -7.373  -16.768 1.0000000000
87343  -21.775  -7.681  -18.082 0.6666666865
87345  -23.575  -7.261  -17.684 0.8888888955
87356  -22.547  -6.700  -18.521 0.7777777910
87384  -35.333  -7.872  -22.257 0.1111111119
87402  -29.067  -7.371  -23.812 0.1111111119
87407  -34.091  -7.765  -24.056 0.1111111119
87409  -31.420  -6.904  -24.416 0.1111111119
88143  -16.865  -6.934  -12.084 0.1111111119
88163  -17.468  -6.715  -13.259 0.2222222239
88180  -19.077  -6.696  -15.602 0.4444444478
88184  -27.638  -6.406  -14.106 0.8888888955
88186  -29.375  -6.592  -14.643 0.8888888955
88187  -29.755  -6.857  -15.039 0.7777777910
88199  -30.049  -6.837  -15.613 0.7777777910
88204  -19.655  -6.248  -16.335 0.5555555820
88213  -20.507  -6.413  -17.253 0.5555555820
88217  -29.491  -6.490  -17.919 0.7777777910
88242  -28.692  -7.318  -21.543 0.5555555820
88253  -28.661  -7.196  -22.481 0.1111111119
88274  -28.857  -6.609  -24.281 0.1111111119
88280  -30.819  -6.501  -24.554 0.1111111119
88996  -27.164  -5.835  -14.158 0.8888888955
89009  -26.354  -5.653  -14.517 1.0000000000
89022  -30.449  -6.008  -16.778 0.7777777910
89027  -20.194  -5.233  -16.958 0.4444444478
89037  -21.907  -5.105  -18.548 0.5555555820
89038  -22.314  -5.726  -18.442 0.6666666865
89040  -29.429  -5.022  -18.410 0.6666666865
89092  -27.995  -4.708  -24.365 0.1111111119
89818  -17.889  -5.454  -12.615 0.2222222239
89834  -18.154  -5.335  -13.030 0.1111111119
89876  -19.666  -4.786  -16.519 0.1111111119
89887  -19.964  -4.745  -16.816 0.3333333433
89892  -29.570  -4.520  -17.079 0.6666666865
89900  -21.650  -4.448  -18.469 0.5555555820
89903  -29.497  -4.193  -17.843 0.5555555820
89943  -27.367  -4.720  -23.742 0.1111111119
90669  -18.026  -4.894  -12.072 0.1111111119
90717  -19.539  -4.196  -16.420 0.1111111119
90721  -26.159  -2.692  -15.909 0.6666666865
90725  -29.418  -3.289  -15.955 0.6666666865
91565  -25.954  -2.139  -16.134 0.6666666865
91568  -29.128  -2.669  -15.779 0.6666666865
91587  -20.670  -2.587  -17.509 0.1111111119
91605  -22.085  -2.586  -18.832 0.5555555820
92399  -27.189  -1.294  -15.720 0.6666666865
92401  -28.365  -1.488  -15.915 0.6666666865
92412  -25.650  -1.528  -16.224 0.6666666865
92413  -29.169  -1.933  -16.752 0.5555555820
92449  -28.976  -1.418  -19.149 0.5555555820
92465  -27.230  -1.901  -22.309 0.1111111119
92470  -25.596  -1.334  -23.515 0.1111111119
93248  -20.335  -1.301  -16.671 0.1111111119
93251  -28.465  -0.840  -16.311 0.6666666865
93296  -28.837  -0.910  -19.650 0.2222222239
94056  -26.611  -0.057  -15.544 0.6666666865
94063  -27.036  0.700  -15.637 0.6666666865
94075  -28.649  0.459  -17.288 0.6666666865
94882  -28.243  1.394  -16.425 0.6666666865
94942  -28.273  1.426  -21.181 0.1111111119
96577  -25.203  3.622  -17.312 0.4444444478
96594  -29.373  3.867  -18.688 0.2222222239
96608  -30.203  4.097  -20.062 0.1111111119
96625  -29.816  3.394  -20.077 0.1111111119
97406  -17.239  4.779  -16.276 0.1111111119
97425  -27.229  4.871  -17.133 0.2222222239
97440  -21.325  3.897  -21.045 0.3333333433
97444  -30.354  4.692  -20.428 0.1111111119
98158  -17.875  5.404  -15.470 0.1111111119
98184  -16.990  5.191  -16.273 0.1111111119
98185  -17.269  5.457  -16.305 0.1111111119
98186  -17.604  5.749  -16.882 0.1111111119
98196  -27.491  5.430  -17.427 0.1111111119
98207  -29.298  5.499  -18.784 0.1111111119
98974  -27.403  6.034  -17.707 0.1111111119
98981  -25.580  6.323  -18.737 0.1111111119
99829  -19.207  7.670  -17.769 0.1111111119
100626  -19.351  8.172  -17.676 0.1111111119
100635  -26.747  8.387  -20.145 0.1111111119
126570  -21.289  2.468  -18.451 0.4444444478
126716  -17.507  4.971  -15.947 0.1111111119
128014  -22.850  2.174  -18.658 0.5555555820
128388  -25.707  -21.843  -13.931 0.1111111119
129084  -21.161  -6.987  -17.778 0.5555555820
130077  -15.358  -25.536  -9.010 0.1111111119
131152  -27.526  -3.554  -15.177 0.7777777910
131925  -29.420  -4.801  -15.739 0.8888888955
133034  -24.248  -18.175  -12.376 0.8888888955
133286  -28.634  2.897  -17.610 0.2222222239
133526  -22.722  -5.247  -18.142 0.6666666865
134023  -27.042  -13.782  -12.653 1.0000000000
134075  -21.962  -12.341  -16.365 0.8888888955
134151  -29.682  -10.165  -15.936 0.7777777910
134837  -27.762  8.561  -20.913 0.1111111119
134944  -25.038  -16.017  -12.289 1.0000000000
135701  -29.389  -9.013  -14.162 0.8888888955
136984  -19.799  -4.337  -16.736 0.2222222239
137553  -28.326  -2.140  -15.683 0.6666666865
137775  -18.350  -11.227  -12.791 0.1111111119
137809  -29.181  -5.717  -18.773 0.5555555820
138625  -29.496  -10.055  -18.222 0.6666666865
139176  -22.143  10.814  -17.156 0.1111111119
139210  -27.654  -2.675  -15.389 0.6666666865
139381  -20.950  -3.140  -17.843 0.3333333433
140719  -26.616  2.204  -23.084 0.1111111119
140772  -18.830  -6.108  -15.437 0.2222222239
141156  -22.763  -10.917  -17.262 0.8888888955
141893  -28.174  -7.079  -14.161 1.0000000000
141895  -23.228  -3.994  -17.767 0.6666666865
142389  -28.766  -2.041  -19.602 0.5555555820
142439  -23.278  -2.760  -17.762 0.6666666865
142440  -17.481  -6.285  -12.773 0.2222222239
142453  -23.029  -8.820  -17.942 0.8888888955
143830  -17.072  5.078  -16.213 0.1111111119
144832  -30.860  -9.800  -21.987 0.4444444478
144839  -28.040  1.974  -21.671 0.1111111119
146423  -21.159  7.949  -15.108 0.1111111119
146977  -18.452  -20.521  -12.518 0.5555555820
147748  -25.511  4.935  -18.028 0.4444444478
147880  -28.409  -5.178  -23.976 0.1111111119
147973  -27.673  -15.918  -16.165 0.4444444478
148521  -29.494  -9.470  -18.099 0.6666666865
148849  -21.204  -7.653  -17.541 0.6666666865
151410  -18.428  5.464  -17.235 0.2222222239
151628  -21.725  -20.704  -12.675 0.4444444478
151777  -25.518  -17.404  -12.461 0.7777777910
151985  -24.326  -6.156  -16.322 1.0000000000
152446  -29.194  1.507  -19.927 0.2222222239
152469  -23.746  -5.783  -17.161 0.7777777910
152569  -28.525  -11.504  -13.528 1.0000000000
152895  -24.129  -8.635  -17.157 0.8888888955
