#!ascii label  , from subject sub-v1s1x0050657_ses-1 vox2ras=TkReg
876
145076  -39.347  -74.304  -23.180 0.5000000000
135756  -39.130  -74.534  -24.389 0.8000000119
24423  -39.329  -74.063  -27.240 0.8000000119
24416  -39.887  -74.256  -26.091 0.8000000119
24410  -39.728  -74.335  -24.951 0.8000000119
24393  -39.503  -74.197  -21.288 0.5000000000
24402  -38.887  -74.535  -23.595 0.5000000000
24403  -39.564  -74.291  -23.967 0.6000000238
26114  -39.776  -72.841  -27.161 0.6999999881
25270  -39.996  -73.461  -27.168 0.6999999881
24411  -40.361  -74.088  -25.526 0.8000000119
24404  -40.377  -73.984  -24.506 0.6999999881
25223  -40.170  -73.881  -20.833 0.6000000238
25236  -40.199  -73.799  -21.713 0.5000000000
25246  -40.461  -73.734  -22.643 0.6000000238
26101  -38.641  -72.300  -25.573 0.6999999881
24398  -39.993  -73.966  -23.372 0.6000000238
25247  -41.336  -73.529  -22.909 0.6000000238
146520  -39.544  -72.027  -26.280 0.6999999881
26113  -39.006  -72.879  -27.057 0.6999999881
25262  -41.319  -73.303  -26.486 0.6999999881
127321  -40.838  -73.718  -23.667 0.6000000238
143785  -42.198  -73.408  -23.217 0.6000000238
25257  -41.871  -73.368  -25.588 0.8000000119
144669  -41.190  -73.693  -24.666 0.8000000119
25251  -41.784  -73.478  -24.139 0.6999999881
142146  -40.895  -73.636  -20.510 0.4000000060
141500  -41.395  -73.490  -21.194 0.6000000238
26102  -39.134  -71.933  -25.152 0.6999999881
144227  -42.855  -73.317  -22.712 0.6000000238
26989  -39.895  -71.605  -25.256 0.6999999881
26996  -40.544  -71.890  -26.404 0.6999999881
26115  -40.571  -72.915  -27.073 0.6999999881
25272  -41.301  -72.953  -26.827 0.6999999881
25264  -42.549  -72.796  -25.959 0.6000000238
25252  -43.227  -73.057  -24.501 0.6999999881
26098  -45.140  -72.161  -24.234 0.5000000000
26109  -41.779  -72.629  -26.482 0.6000000238
26110  -42.905  -72.326  -25.905 0.6000000238
26097  -43.241  -72.605  -25.440 0.6000000238
26104  -44.594  -71.995  -25.074 0.6000000238
26103  -43.750  -72.092  -25.601 0.6000000238
26994  -44.711  -71.717  -24.856 0.5000000000
25213  -42.821  -73.627  -19.735 0.4000000060
25224  -41.837  -73.505  -20.311 0.5000000000
26089  -39.267  -71.865  -22.999 0.6999999881
141313  -42.150  -73.415  -21.158 0.6000000238
25239  -43.797  -73.209  -21.340 0.6000000238
26990  -40.931  -71.557  -25.618 0.6999999881
25248  -43.720  -73.087  -22.387 0.6000000238
26991  -41.947  -71.628  -25.622 0.6999999881
26090  -44.514  -72.653  -23.319 0.5000000000
26092  -46.519  -71.949  -22.907 0.6000000238
26992  -42.918  -71.798  -25.730 0.6999999881
26111  -43.168  -72.080  -25.834 0.6000000238
26987  -46.149  -71.304  -23.937 0.5000000000
26093  -46.756  -71.448  -23.309 0.5000000000
27914  -44.226  -71.532  -24.999 0.5000000000
26963  -38.069  -71.650  -20.726 0.6000000238
26964  -38.525  -71.298  -21.258 0.6000000238
24378  -43.347  -74.167  -19.059 0.5000000000
25214  -44.078  -73.799  -19.548 0.5000000000
26974  -39.020  -71.635  -21.988 0.6999999881
26088  -38.670  -72.324  -22.364 0.6999999881
25226  -43.742  -73.410  -20.404 0.5000000000
25240  -44.590  -73.219  -20.882 0.5000000000
25228  -46.414  -73.301  -19.954 0.4000000060
137324  -39.723  -71.388  -23.711 0.6999999881
26078  -45.606  -73.015  -20.840 0.5000000000
26985  -40.324  -71.280  -24.482 0.6999999881
26986  -41.175  -71.268  -24.857 0.6999999881
149226  -45.884  -72.608  -21.662 0.5000000000
27905  -41.781  -71.148  -24.511 0.6999999881
27912  -42.553  -71.436  -25.111 0.6000000238
26091  -45.664  -72.306  -22.865 0.5000000000
27913  -43.342  -71.462  -25.111 0.6000000238
27907  -43.744  -70.883  -24.272 0.5000000000
27908  -44.705  -70.888  -24.325 0.5000000000
140400  -45.548  -70.823  -24.181 0.5000000000
26988  -46.937  -70.888  -23.517 0.5000000000
27909  -46.320  -70.802  -23.897 0.5000000000
27900  -47.950  -69.858  -22.894 0.3000000119
26050  -46.846  -73.356  -18.485 0.3000000119
26962  -37.430  -71.569  -20.304 0.6000000238
27868  -37.966  -70.991  -20.712 0.6000000238
25215  -46.174  -73.891  -19.223 0.4000000060
25216  -46.873  -73.460  -19.220 0.4000000060
27886  -39.390  -70.417  -22.298 0.6000000238
145165  -46.758  -72.782  -20.829 0.5000000000
27903  -40.096  -70.875  -23.450 0.6999999881
152071  -40.362  -70.628  -23.241 0.6999999881
141450  -47.303  -72.276  -21.281 0.5000000000
26084  -47.454  -71.644  -21.487 0.5000000000
27906  -42.623  -70.886  -24.133 0.5000000000
26976  -47.587  -70.915  -21.755 0.4000000060
26984  -47.652  -70.546  -22.548 0.3000000119
148071  -47.806  -70.003  -22.161 0.4000000060
28866  -47.476  -69.473  -23.458 0.5000000000
27911  -47.740  -69.824  -23.245 0.4000000060
27867  -37.060  -70.776  -20.322 0.6000000238
27884  -37.620  -70.225  -21.097 0.6000000238
27885  -38.418  -70.385  -21.485 0.6000000238
28843  -38.674  -69.683  -21.737 0.6000000238
28844  -39.476  -69.832  -22.100 0.6000000238
151556  -47.012  -72.379  -19.678 0.3000000119
26079  -47.200  -72.567  -20.405 0.4000000060
27893  -39.968  -70.394  -22.731 0.6000000238
26965  -47.024  -71.663  -20.223 0.3000000119
27894  -40.733  -70.391  -23.033 0.6000000238
27895  -41.577  -70.612  -23.524 0.6999999881
27869  -46.354  -70.737  -20.438 0.3000000119
26080  -47.485  -72.114  -20.825 0.3000000119
28856  -41.452  -70.016  -22.575 0.6000000238
28830  -46.855  -69.903  -20.947 0.3000000119
27870  -47.303  -70.788  -20.937 0.3000000119
28857  -42.512  -69.897  -22.545 0.5000000000
147650  -42.240  -70.378  -23.160 0.5000000000
27896  -43.122  -70.390  -23.273 0.5000000000
134337  -47.391  -68.924  -21.408 0.3000000119
139048  -47.586  -69.923  -21.535 0.3000000119
27897  -44.132  -70.330  -23.390 0.5000000000
27898  -45.165  -70.210  -23.627 0.5000000000
29824  -48.213  -68.120  -22.077 0.3000000119
28859  -44.425  -69.599  -22.837 0.5000000000
29837  -47.769  -68.645  -23.497 0.4000000060
29832  -48.363  -68.590  -22.661 0.3000000119
27883  -36.796  -69.987  -21.132 0.5000000000
151495  -37.205  -69.593  -21.286 0.6000000238
28842  -37.917  -69.612  -21.390 0.5000000000
126603  -39.973  -69.230  -21.781 0.6000000238
29808  -45.435  -68.801  -20.396 0.3000000119
28845  -40.909  -69.301  -21.881 0.6000000238
30824  -45.215  -67.942  -20.382 0.3000000119
136915  -46.366  -69.106  -20.759 0.3000000119
28846  -41.918  -69.304  -21.927 0.6000000238
28858  -43.453  -69.828  -22.645 0.5000000000
147646  -45.349  -68.206  -23.251 0.5000000000
29836  -47.039  -68.997  -23.633 0.4000000060
30849  -47.017  -68.195  -23.676 0.4000000060
28841  -36.552  -69.261  -21.406 0.5000000000
29817  -37.200  -68.847  -21.240 0.5000000000
29818  -38.219  -69.019  -21.305 0.5000000000
29805  -38.762  -68.397  -20.857 0.5000000000
145328  -43.641  -68.655  -19.443 0.3000000119
29798  -43.952  -68.173  -19.615 0.3000000119
29829  -44.137  -68.771  -22.398 0.5000000000
30843  -48.392  -67.698  -22.722 0.4000000060
31913  -47.582  -66.717  -23.268 0.4000000060
30831  -36.810  -67.664  -21.057 0.5000000000
29804  -37.792  -68.028  -20.836 0.5000000000
30820  -38.599  -67.357  -20.550 0.5000000000
29792  -41.924  -68.311  -18.395 0.4000000060
30808  -42.185  -67.477  -18.655 0.4000000060
29806  -39.634  -68.618  -21.144 0.5000000000
30832  -40.863  -68.135  -21.069 0.5000000000
30812  -42.898  -67.427  -19.221 0.4000000060
30813  -43.672  -67.481  -19.594 0.3000000119
30822  -40.632  -67.421  -20.885 0.4000000060
139346  -44.959  -67.184  -20.367 0.3000000119
29821  -41.364  -68.607  -21.448 0.5000000000
29822  -42.387  -68.429  -21.605 0.4000000060
30840  -43.735  -67.925  -22.247 0.4000000060
128118  -46.896  -67.266  -23.577 0.4000000060
30819  -37.474  -67.022  -20.772 0.5000000000
30807  -41.406  -67.593  -18.039 0.4000000060
30821  -39.693  -67.294  -20.597 0.5000000000
31877  -39.120  -66.411  -20.589 0.4000000060
31861  -41.743  -66.758  -18.483 0.4000000060
31866  -42.445  -66.679  -19.078 0.4000000060
31878  -40.214  -66.382  -20.820 0.4000000060
30833  -41.552  -67.701  -21.232 0.4000000060
31868  -44.186  -66.922  -20.000 0.4000000060
30834  -42.411  -67.427  -21.611 0.4000000060
31890  -43.132  -67.146  -22.172 0.4000000060
31902  -44.103  -67.059  -22.777 0.4000000060
128121  -45.084  -67.418  -23.263 0.4000000060
31903  -44.844  -66.571  -23.368 0.4000000060
31912  -46.684  -66.340  -23.611 0.4000000060
32976  -47.675  -65.686  -22.811 0.4000000060
142899  -47.301  -65.773  -23.399 0.4000000060
133948  -36.686  -66.813  -21.471 0.5000000000
31875  -37.354  -66.273  -21.486 0.4000000060
30802  -40.052  -67.138  -17.254 0.4000000060
31876  -38.146  -66.338  -20.787 0.5000000000
30823  -41.159  -66.764  -21.140 0.4000000060
32937  -42.662  -65.811  -19.514 0.4000000060
31889  -42.367  -66.408  -21.887 0.4000000060
31901  -43.223  -66.155  -22.671 0.4000000060
32962  -47.504  -65.590  -22.288 0.3000000119
31911  -45.629  -66.044  -23.690 0.4000000060
31885  -36.741  -66.198  -22.510 0.4000000060
31886  -38.006  -65.699  -21.676 0.5000000000
32955  -38.759  -65.373  -21.916 0.4000000060
31860  -40.697  -66.117  -18.032 0.4000000060
32956  -39.632  -65.066  -21.953 0.4000000060
32943  -40.188  -65.472  -21.264 0.4000000060
32957  -40.589  -64.975  -21.850 0.4000000060
31887  -40.939  -65.798  -21.292 0.4000000060
32958  -41.621  -65.394  -21.902 0.4000000060
32959  -42.436  -65.571  -22.355 0.4000000060
146922  -44.042  -66.234  -23.225 0.4000000060
32975  -44.637  -65.752  -23.592 0.4000000060
34003  -47.514  -64.410  -23.052 0.4000000060
32982  -46.495  -65.436  -23.836 0.4000000060
32983  -47.145  -64.900  -23.666 0.4000000060
32954  -37.368  -65.759  -22.711 0.4000000060
32970  -38.082  -65.451  -23.103 0.4000000060
33988  -40.026  -64.697  -22.936 0.4000000060
32972  -42.046  -64.763  -22.558 0.4000000060
33993  -47.255  -64.704  -22.304 0.4000000060
34002  -43.317  -64.425  -23.428 0.4000000060
32980  -44.394  -64.858  -23.783 0.4000000060
34010  -44.157  -63.974  -24.017 0.4000000060
32981  -45.466  -65.175  -23.996 0.4000000060
34012  -46.505  -64.397  -24.226 0.4000000060
149161  -38.283  -65.222  -23.694 0.4000000060
32971  -38.940  -65.194  -23.273 0.4000000060
33999  -40.572  -64.215  -23.758 0.4000000060
33989  -41.117  -64.537  -22.582 0.4000000060
34008  -41.459  -63.721  -23.991 0.4000000060
34000  -41.693  -64.180  -23.190 0.4000000060
34009  -42.404  -63.886  -23.590 0.4000000060
129336  -43.197  -63.609  -23.930 0.4000000060
35002  -47.303  -63.596  -23.465 0.3000000119
35011  -45.950  -63.520  -24.713 0.4000000060
34013  -47.423  -64.075  -23.773 0.4000000060
32978  -37.883  -65.234  -23.761 0.4000000060
32979  -38.469  -65.030  -23.965 0.4000000060
34005  -38.381  -64.677  -23.985 0.4000000060
33998  -39.397  -64.656  -23.895 0.4000000060
35006  -39.878  -64.076  -24.292 0.4000000060
35008  -42.309  -63.301  -24.231 0.4000000060
151253  -43.081  -63.181  -24.237 0.4000000060
33992  -46.312  -64.294  -21.766 0.4000000060
34997  -47.076  -63.909  -22.599 0.3000000119
35010  -44.897  -63.575  -24.552 0.4000000060
34014  -46.983  -63.322  -24.429 0.5000000000
36050  -47.187  -62.751  -23.814 0.4000000060
35018  -45.264  -62.733  -24.925 0.5000000000
35003  -38.066  -64.393  -23.725 0.4000000060
35004  -38.607  -63.852  -24.016 0.4000000060
34006  -38.962  -64.487  -24.163 0.4000000060
135816  -39.122  -63.414  -24.215 0.4000000060
35009  -43.960  -63.167  -24.405 0.4000000060
35019  -46.425  -62.617  -24.868 0.5000000000
36042  -38.082  -62.692  -22.757 0.4000000060
36043  -38.461  -62.812  -23.376 0.4000000060
36047  -38.857  -62.786  -23.868 0.4000000060
148848  -45.960  -62.072  -25.074 0.5000000000
36969  -38.194  -61.900  -22.958 0.4000000060
36974  -38.566  -61.810  -23.438 0.4000000060
36984  -45.715  -61.463  -24.703 0.5000000000
37908  -37.149  -60.504  -22.880 0.4000000060
36968  -37.588  -61.511  -22.480 0.4000000060
36973  -37.927  -60.929  -23.298 0.4000000060
135587  -38.612  -60.909  -23.770 0.5000000000
36967  -36.777  -60.888  -22.224 0.4000000060
29830  -45.053  -68.910  -22.873 0.5000000000
30842  -46.023  -67.798  -23.566 0.5000000000
30850  -47.900  -67.692  -23.327 0.4000000060
24397  -38.767  -74.528  -22.717 0.5000000000
24415  -39.196  -74.492  -26.809 0.8000000119
24429  -38.532  -74.250  -27.436 0.8000000119
26116  -38.179  -73.373  -27.222 0.6999999881
24385  -39.574  -74.299  -20.325 0.5000000000
26107  -38.855  -72.463  -26.645 0.6999999881
24374  -39.803  -74.561  -19.407 0.5000000000
26100  -37.883  -72.780  -24.755 0.6999999881
147173  -41.880  -73.742  -19.543 0.4000000060
24386  -40.316  -73.960  -19.971 0.4000000060
147226  -38.620  -72.351  -24.452 0.6999999881
26077  -38.392  -72.158  -21.304 0.6999999881
24377  -42.347  -74.087  -19.059 0.4000000060
24379  -44.487  -74.383  -18.874 0.4000000060
25198  -46.590  -73.998  -18.414 0.4000000060
27850  -36.012  -70.893  -19.779 0.6000000238
27866  -36.160  -70.254  -20.639 0.5000000000
133555  -36.010  -69.576  -21.327 0.5000000000
29816  -36.229  -68.328  -21.413 0.5000000000
30830  -36.086  -67.375  -21.728 0.4000000060
30829  -36.130  -66.631  -22.568 0.4000000060
31899  -36.396  -66.073  -23.420 0.4000000060
31900  -36.885  -65.778  -23.450 0.4000000060
32968  -36.872  -65.680  -23.548 0.4000000060
32977  -37.455  -65.333  -23.601 0.4000000060
33997  -37.549  -64.775  -23.581 0.4000000060
34999  -37.733  -63.730  -22.940 0.4000000060
36036  -37.564  -62.531  -22.136 0.4000000060
37907  -36.428  -60.145  -22.503 0.4000000060
23565  -38.472  -75.053  -26.063 0.8000000119
24417  -40.621  -73.803  -26.406 0.8000000119
150526  -40.703  -73.627  -21.231 0.5000000000
25269  -39.049  -73.527  -27.206 0.6999999881
26108  -41.011  -72.481  -26.811 0.6999999881
25238  -41.947  -73.432  -22.083 0.6000000238
25253  -43.578  -73.045  -23.564 0.6999999881
25258  -42.624  -73.194  -25.054 0.6999999881
130890  -44.788  -72.843  -21.887 0.6000000238
148158  -44.107  -72.466  -24.738 0.6000000238
26982  -39.543  -71.018  -22.680 0.6999999881
26975  -38.984  -70.834  -21.942 0.6000000238
146949  -45.163  -74.033  -19.250 0.5000000000
25227  -45.125  -73.530  -20.011 0.5000000000
26068  -47.093  -72.872  -19.530 0.3000000119
28865  -46.420  -69.939  -23.623 0.5000000000
29819  -39.106  -69.171  -21.533 0.6000000238
29823  -43.322  -68.616  -21.981 0.5000000000
29831  -46.111  -68.825  -23.516 0.5000000000
31904  -45.836  -66.900  -23.539 0.4000000060
137960  -47.799  -66.276  -22.573 0.4000000060
32974  -43.719  -65.433  -23.275 0.4000000060
32969  -37.357  -65.469  -23.546 0.4000000060
34011  -45.212  -64.313  -24.336 0.4000000060
17860  -29.074  -81.477  -31.654 0.4000000060
147229  -29.060  -82.166  -30.607 0.4000000060
151231  -29.300  -80.973  -29.560 0.4000000060
142539  -29.408  -81.113  -28.025 0.4000000060
19824  -29.822  -79.873  -30.891 0.4000000060
141919  -29.747  -80.210  -29.976 0.4000000060
18822  -29.835  -80.118  -28.016 0.4000000060
19807  -30.625  -79.373  -27.508 0.4000000060
19798  -31.265  -79.218  -26.066 0.5000000000
145137  -30.195  -79.213  -31.002 0.4000000060
19815  -30.143  -79.691  -29.350 0.4000000060
20850  -31.150  -78.690  -28.444 0.5000000000
20839  -31.641  -78.593  -26.782 0.5000000000
20840  -32.274  -78.056  -26.626 0.6000000238
20881  -30.061  -78.694  -31.172 0.4000000060
19833  -30.635  -78.536  -30.776 0.4000000060
20870  -31.260  -78.096  -30.373 0.4000000060
20823  -31.866  -78.704  -25.934 0.5000000000
24376  -41.421  -74.125  -19.067 0.3000000119
24358  -41.950  -74.812  -18.541 0.4000000060
24361  -44.890  -75.000  -18.194 0.3000000119
19788  -32.125  -79.015  -25.145 0.5000000000
22680  -37.617  -75.543  -20.519 0.5000000000
23525  -39.172  -75.197  -18.998 0.4000000060
22753  -30.998  -76.430  -29.588 0.4000000060
21828  -31.792  -77.975  -28.803 0.5000000000
20852  -32.028  -77.949  -27.653 0.5000000000
22752  -30.514  -76.868  -30.183 0.4000000060
20879  -31.136  -77.833  -30.743 0.4000000060
20824  -32.522  -78.289  -25.698 0.6000000238
20811  -33.422  -78.277  -24.523 0.6000000238
21772  -34.757  -77.689  -23.781 0.6999999881
135414  -38.157  -75.022  -21.162 0.5000000000
20812  -34.095  -78.002  -24.131 0.6999999881
21761  -35.418  -77.403  -22.556 0.6999999881
23540  -36.980  -75.939  -20.868 0.6999999881
21773  -35.354  -77.301  -23.435 0.6999999881
22703  -35.882  -76.860  -23.103 0.6999999881
21829  -32.521  -77.331  -28.625 0.5000000000
21815  -32.776  -77.414  -27.482 0.6000000238
21802  -32.997  -77.618  -26.360 0.6000000238
21803  -33.751  -77.334  -25.983 0.6000000238
21849  -31.325  -76.873  -30.340 0.4000000060
21845  -31.851  -77.062  -30.190 0.5000000000
21804  -34.560  -77.052  -25.613 0.6000000238
21789  -35.244  -77.146  -24.265 0.6000000238
24380  -45.742  -74.452  -18.519 0.3000000119
21787  -33.920  -77.626  -25.005 0.6000000238
23541  -37.521  -75.485  -21.507 0.6000000238
24384  -38.836  -74.605  -20.740 0.5000000000
23592  -32.014  -75.575  -29.243 0.6000000238
23593  -32.626  -75.290  -29.320 0.6000000238
150190  -33.455  -75.818  -29.332 0.6999999881
22743  -33.988  -76.351  -28.179 0.6000000238
22734  -34.528  -76.302  -27.451 0.6000000238
22723  -35.400  -76.420  -25.858 0.6000000238
22754  -31.840  -76.323  -29.783 0.5000000000
21839  -32.750  -76.749  -29.231 0.6000000238
127527  -35.695  -76.574  -24.813 0.6000000238
22711  -35.819  -76.710  -23.912 0.6999999881
23556  -36.936  -75.954  -23.877 0.6999999881
23547  -36.961  -75.921  -22.940 0.6999999881
23542  -38.047  -75.015  -22.240 0.6000000238
142365  -37.410  -75.527  -22.309 0.6999999881
24425  -32.835  -74.693  -28.900 0.6000000238
23587  -33.601  -75.367  -29.253 0.6999999881
149327  -34.486  -75.484  -29.016 0.6999999881
22744  -34.537  -75.788  -28.565 0.6999999881
22735  -35.330  -75.975  -27.088 0.6000000238
23549  -38.198  -74.862  -23.271 0.5000000000
22724  -36.278  -76.027  -25.562 0.6999999881
22712  -36.486  -76.188  -24.479 0.6999999881
23548  -37.640  -75.335  -22.943 0.6000000238
23590  -36.302  -74.615  -28.693 0.6999999881
152493  -38.039  -74.870  -27.780 0.6999999881
24431  -34.976  -74.385  -29.039 0.6999999881
23574  -36.052  -75.390  -27.902 0.6000000238
23575  -36.908  -75.231  -27.575 0.5000000000
22745  -35.243  -75.614  -28.214 0.6999999881
23569  -37.041  -75.668  -25.376 0.6999999881
23558  -38.480  -74.771  -24.239 0.5000000000
23563  -37.144  -75.713  -24.544 0.6999999881
23557  -37.638  -75.345  -23.979 0.6000000238
148214  -37.510  -74.617  -28.051 0.6999999881
23577  -38.078  -74.681  -27.723 0.6999999881
139468  -38.148  -73.827  -27.478 0.6999999881
23564  -37.696  -75.342  -25.186 0.6000000238
23571  -38.397  -74.906  -27.249 0.6999999881
24373  -38.975  -74.802  -19.792 0.5000000000
23570  -37.767  -75.300  -26.310 0.6000000238
17854  -29.322  -80.905  -30.622 0.4000000060
19808  -31.089  -79.114  -26.834 0.4000000060
20877  -29.774  -78.165  -30.957 0.4000000060
19825  -30.748  -78.839  -29.935 0.4000000060
20862  -31.701  -77.674  -29.850 0.4000000060
151062  -31.363  -77.393  -30.489 0.4000000060
22686  -36.027  -76.805  -21.584 0.6999999881
135342  -36.926  -75.903  -21.854 0.6999999881
21816  -33.610  -76.900  -27.178 0.6000000238
22722  -34.792  -76.518  -26.466 0.6000000238
21846  -32.434  -76.457  -29.570 0.6999999881
22750  -33.199  -76.200  -29.364 0.6000000238
23582  -35.892  -75.049  -28.703 0.6999999881
22736  -36.117  -75.699  -26.699 0.6000000238
23584  -37.567  -74.847  -28.033 0.6000000238
24430  -33.843  -74.634  -29.108 0.5000000000
23578  -31.141  -75.777  -28.046 0.4000000060
23580  -32.179  -74.946  -28.246 0.5000000000
24427  -34.420  -73.923  -28.793 0.6000000238
22742  -30.697  -76.323  -27.606 0.4000000060
22733  -31.232  -75.906  -27.118 0.5000000000
23579  -31.677  -75.352  -27.727 0.5000000000
24418  -32.691  -74.483  -27.988 0.5000000000
128170  -34.027  -73.876  -28.149 0.5000000000
24421  -34.807  -73.621  -27.199 0.5000000000
24426  -33.514  -74.227  -28.525 0.5000000000
24432  -35.844  -73.983  -28.797 0.6000000238
25274  -35.889  -73.349  -28.616 0.5000000000
25265  -34.795  -73.475  -28.173 0.5000000000
25267  -36.691  -73.098  -27.863 0.6999999881
150057  -35.805  -73.295  -27.032 0.6000000238
25260  -36.798  -73.082  -27.014 0.6000000238
22732  -30.680  -76.640  -26.687 0.5000000000
23566  -31.645  -75.954  -26.326 0.5000000000
23567  -32.285  -75.564  -26.139 0.5000000000
24413  -34.501  -74.315  -26.238 0.5000000000
24419  -33.373  -74.222  -27.585 0.5000000000
25276  -37.264  -73.589  -27.731 0.6000000238
24414  -35.378  -73.731  -26.493 0.6000000238
25259  -36.182  -73.391  -26.385 0.5000000000
26106  -38.003  -72.628  -26.020 0.6000000238
22720  -31.409  -76.406  -25.761 0.5000000000
23561  -33.324  -75.482  -24.820 0.5000000000
24405  -33.846  -74.959  -25.492 0.5000000000
140268  -35.123  -74.302  -25.564 0.5000000000
25268  -37.434  -73.168  -27.333 0.6000000238
24407  -35.770  -73.972  -25.440 0.5000000000
25255  -37.265  -73.024  -25.502 0.6000000238
22709  -31.354  -76.694  -24.843 0.5000000000
22721  -31.904  -76.125  -25.447 0.5000000000
23553  -32.883  -75.959  -24.183 0.5000000000
136676  -33.586  -75.639  -23.895 0.5000000000
23546  -34.310  -75.457  -22.644 0.6000000238
23562  -34.083  -75.228  -24.456 0.4000000060
24390  -34.836  -75.070  -22.004 0.4000000060
23555  -34.267  -75.336  -23.516 0.5000000000
24399  -34.779  -74.865  -24.025 0.5000000000
24406  -34.588  -74.703  -25.047 0.4000000060
135092  -35.291  -74.627  -21.230 0.4000000060
24391  -35.973  -74.068  -21.686 0.5000000000
24400  -35.517  -74.494  -23.689 0.5000000000
146164  -35.745  -74.019  -20.830 0.4000000060
24401  -36.210  -74.057  -23.483 0.6000000238
135898  -36.536  -73.731  -24.178 0.6000000238
137622  -37.103  -73.322  -24.444 0.6000000238
26095  -38.707  -72.368  -23.416 0.6000000238
24395  -34.994  -74.919  -22.956 0.5000000000
25233  -36.298  -73.496  -20.824 0.5000000000
25234  -36.799  -73.427  -21.567 0.5000000000
24396  -36.480  -73.795  -22.548 0.5000000000
25211  -35.774  -72.916  -19.819 0.4000000060
25221  -36.357  -72.887  -20.146 0.5000000000
25244  -37.386  -73.272  -22.473 0.6000000238
25249  -36.868  -73.573  -23.441 0.6000000238
26094  -38.115  -72.814  -22.927 0.6000000238
25222  -36.994  -72.871  -20.662 0.5000000000
145942  -35.493  -70.464  -20.328 0.3000000119
26948  -35.762  -71.697  -19.583 0.4000000060
26066  -36.176  -72.278  -19.730 0.4000000060
26075  -36.951  -72.228  -20.063 0.5000000000
25235  -37.593  -72.821  -21.370 0.5000000000
26087  -38.086  -72.726  -22.020 0.6000000238
145030  -35.626  -67.138  -22.768 0.3000000119
29815  -35.420  -67.966  -22.115 0.3000000119
151101  -35.883  -68.906  -21.605 0.4000000060
27882  -35.198  -69.884  -21.215 0.4000000060
31898  -35.587  -66.644  -23.649 0.3000000119
33996  -37.013  -65.214  -23.483 0.3000000119
140384  -36.383  -66.198  -23.601 0.3000000119
33987  -36.470  -64.689  -22.546 0.3000000119
34998  -37.144  -64.277  -22.743 0.3000000119
34992  -37.242  -63.337  -22.150 0.3000000119
36035  -36.982  -62.477  -21.522 0.3000000119
36964  -37.054  -61.597  -21.806 0.3000000119
26949  -36.614  -71.541  -19.847 0.5000000000
25277  -36.272  -73.651  -28.551 0.5000000000
23572  -31.896  -75.381  -26.982 0.5000000000
137873  -35.296  -74.439  -24.666 0.5000000000
25250  -37.588  -73.138  -23.641 0.6000000238
23523  -37.808  -75.759  -19.638 0.3000000119
21751  -35.556  -77.453  -21.512 0.6000000238
141284  -36.464  -76.420  -21.246 0.6000000238
22631  -43.434  -76.758  -17.428 0.3000000119
140172  -42.299  -76.331  -17.701 0.3000000119
134310  -41.288  -75.507  -18.234 0.3000000119
22647  -40.916  -76.231  -18.053 0.3000000119
23510  -39.947  -75.089  -18.763 0.3000000119
147408  -40.266  -74.645  -18.994 0.3000000119
21740  -36.041  -77.121  -20.673 0.6000000238
147984  -37.148  -76.114  -19.949 0.5000000000
21695  -44.456  -77.537  -16.991 0.3000000119
23496  -44.130  -76.102  -17.549 0.3000000119
23512  -42.160  -75.599  -17.995 0.3000000119
23513  -42.926  -75.177  -18.218 0.3000000119
152975  -39.434  -75.911  -18.497 0.3000000119
147877  -38.732  -75.801  -18.794 0.3000000119
22665  -37.531  -76.471  -19.307 0.4000000060
22749  -31.359  -75.901  -28.990 0.4000000060
20716  -45.394  -77.659  -16.353 0.3000000119
22632  -44.897  -76.600  -17.154 0.3000000119
22633  -45.663  -76.193  -16.779 0.3000000119
23514  -43.985  -75.449  -17.925 0.3000000119
17799  -30.282  -81.918  -25.374 0.5000000000
17777  -30.821  -81.704  -24.708 0.5000000000
152139  -29.154  -81.662  -29.759 0.4000000060
17833  -29.332  -82.035  -27.633 0.4000000060
17818  -29.538  -82.193  -26.729 0.4000000060
143831  -30.289  -83.014  -26.125 0.5000000000
19758  -32.540  -80.140  -23.360 0.5000000000
18775  -31.663  -81.102  -23.871 0.5000000000
18799  -30.489  -80.881  -25.423 0.5000000000
18786  -31.216  -80.782  -24.536 0.5000000000
18814  -29.556  -81.190  -27.158 0.4000000060
19741  -34.151  -79.424  -21.926 0.6000000238
20782  -33.827  -79.098  -22.728 0.6000000238
131114  -33.204  -79.605  -23.033 0.5000000000
18787  -31.846  -80.352  -23.963 0.5000000000
18823  -29.984  -80.355  -26.790 0.3000000119
18800  -31.074  -79.945  -25.364 0.4000000060
19776  -31.637  -79.778  -24.730 0.5000000000
20773  -35.224  -78.289  -21.016 0.6000000238
20793  -33.524  -78.753  -23.640 0.6000000238
19787  -31.583  -79.323  -25.439 0.4000000060
137188  -32.367  -79.413  -24.243 0.5000000000
21739  -36.100  -77.804  -19.986 0.6000000238
132707  -39.343  -76.884  -18.424 0.3000000119
140734  -37.370  -77.102  -19.198 0.4000000060
20784  -34.947  -78.042  -21.937 0.6000000238
19777  -32.990  -78.851  -24.178 0.4000000060
21692  -40.725  -77.011  -17.976 0.3000000119
22630  -41.490  -76.702  -17.795 0.3000000119
22645  -38.664  -76.479  -18.654 0.3000000119
22664  -36.906  -76.822  -19.575 0.5000000000
21760  -34.861  -77.889  -22.910 0.6000000238
20783  -34.424  -78.605  -22.359 0.6000000238
21708  -38.577  -77.281  -18.691 0.3000000119
19709  -34.887  -79.662  -20.864 0.5000000000
19710  -35.562  -79.451  -20.398 0.5000000000
20762  -35.687  -78.582  -20.219 0.5000000000
19711  -36.298  -79.590  -20.120 0.4000000060
20750  -36.394  -78.457  -19.750 0.5000000000
18712  -35.844  -80.133  -20.552 0.5000000000
18711  -35.176  -80.086  -20.724 0.5000000000
18713  -36.739  -80.150  -20.535 0.4000000060
19695  -37.517  -79.080  -19.603 0.4000000060
134164  -38.031  -78.515  -19.275 0.4000000060
21724  -36.842  -77.637  -19.499 0.5000000000
19740  -33.550  -80.036  -22.222 0.5000000000
19725  -34.081  -80.101  -21.650 0.5000000000
21725  -37.758  -77.680  -19.062 0.4000000060
12723  -31.193  -85.764  -24.992 0.3000000119
13647  -30.687  -85.945  -24.209 0.3000000119
129136  -32.070  -85.259  -24.899 0.3000000119
132420  -32.827  -84.847  -25.377 0.3000000119
128937  -33.380  -84.560  -25.289 0.4000000060
13662  -32.566  -85.223  -26.092 0.3000000119
13676  -33.046  -85.035  -27.336 0.3000000119
142658  -34.691  -83.860  -25.370 0.4000000060
14675  -33.413  -84.619  -26.459 0.4000000060
13691  -33.387  -84.615  -28.559 0.3000000119
15702  -35.297  -83.260  -26.686 0.4000000060
142527  -35.092  -82.608  -27.735 0.4000000060
14696  -34.090  -83.776  -27.496 0.4000000060
14695  -33.595  -84.376  -27.743 0.4000000060
13706  -33.274  -84.525  -28.960 0.4000000060
14733  -33.620  -83.648  -28.582 0.4000000060
17802  -38.050  -81.344  -26.928 0.3000000119
16790  -35.729  -81.936  -28.026 0.4000000060
17821  -35.610  -81.626  -27.699 0.4000000060
16812  -35.136  -81.980  -28.011 0.4000000060
16788  -33.979  -82.290  -27.554 0.4000000060
15744  -33.563  -83.314  -28.484 0.4000000060
15770  -33.367  -83.634  -28.663 0.4000000060
17782  -37.385  -81.313  -25.415 0.3000000119
17801  -35.937  -81.407  -26.979 0.4000000060
17779  -34.602  -81.956  -25.695 0.4000000060
17800  -35.076  -81.668  -27.082 0.4000000060
16772  -34.123  -82.175  -26.589 0.4000000060
128844  -33.812  -82.347  -25.163 0.4000000060
151778  -33.364  -82.585  -26.512 0.4000000060
16770  -32.402  -82.964  -25.618 0.4000000060
15721  -32.900  -83.184  -27.984 0.4000000060
15743  -32.555  -83.579  -28.253 0.4000000060
17781  -36.454  -81.521  -24.494 0.4000000060
126507  -35.651  -81.673  -24.759 0.4000000060
16752  -33.167  -82.471  -24.173 0.4000000060
16751  -32.245  -82.556  -24.379 0.4000000060
15720  -31.657  -83.577  -27.156 0.4000000060
15701  -32.055  -83.344  -26.456 0.4000000060
14713  -32.498  -84.088  -28.748 0.4000000060
16735  -34.982  -81.917  -23.762 0.4000000060
16734  -34.179  -82.118  -23.233 0.4000000060
16732  -32.629  -82.195  -23.451 0.4000000060
16750  -31.419  -82.357  -24.497 0.4000000060
15719  -30.625  -83.436  -26.745 0.4000000060
16749  -30.784  -82.380  -24.980 0.4000000060
17762  -34.654  -81.825  -22.761 0.4000000060
16717  -33.062  -81.835  -22.777 0.4000000060
18753  -32.614  -80.928  -22.794 0.4000000060
18733  -36.234  -80.629  -21.062 0.4000000060
17747  -34.328  -81.451  -22.113 0.4000000060
17728  -34.183  -81.023  -21.717 0.4000000060
18714  -37.830  -79.963  -20.737 0.3000000119
142982  -38.415  -79.171  -19.706 0.3000000119
17778  -31.441  -81.648  -24.097 0.4000000060
17729  -34.828  -81.101  -21.542 0.4000000060
19696  -38.944  -78.720  -19.348 0.3000000119
18754  -33.222  -80.818  -22.370 0.4000000060
14677  -34.626  -83.664  -26.684 0.4000000060
15722  -34.712  -83.051  -27.669 0.4000000060
16811  -34.536  -82.391  -27.966 0.4000000060
15745  -34.060  -83.037  -28.327 0.4000000060
143824  -36.883  -81.369  -26.877 0.4000000060
17822  -36.326  -81.559  -27.535 0.4000000060
17783  -38.671  -81.145  -25.749 0.3000000119
16789  -34.742  -81.951  -27.761 0.4000000060
137449  -37.138  -81.390  -24.107 0.3000000119
132516  -36.289  -81.426  -25.774 0.4000000060
17780  -35.416  -81.597  -25.924 0.4000000060
16753  -34.133  -82.215  -24.222 0.4000000060
17763  -36.394  -81.521  -23.363 0.4000000060
16733  -33.436  -82.213  -23.285 0.4000000060
16769  -31.389  -82.963  -25.331 0.4000000060
17761  -32.448  -81.621  -23.157 0.4000000060
140263  -35.135  -81.518  -22.178 0.4000000060
15704  -37.086  -83.085  -26.259 0.3000000119
14645  -35.187  -84.612  -23.935 0.3000000119
14644  -34.180  -84.607  -23.728 0.3000000119
136283  -35.133  -84.018  -24.619 0.3000000119
15703  -36.157  -83.063  -26.276 0.3000000119
135130  -34.563  -84.268  -24.382 0.3000000119
15688  -35.604  -83.655  -25.370 0.3000000119
16774  -37.293  -82.389  -27.406 0.3000000119
16773  -36.498  -82.401  -27.220 0.3000000119
16813  -36.630  -81.865  -27.721 0.3000000119
17750  -37.300  -81.216  -23.293 0.3000000119
17749  -36.598  -81.213  -22.466 0.3000000119
18755  -36.649  -80.844  -21.757 0.3000000119
18734  -37.198  -80.469  -21.330 0.3000000119
17823  -37.474  -81.680  -27.687 0.3000000119
139672  -35.878  -81.473  -22.502 0.3000000119
13661  -31.765  -85.702  -25.793 0.3000000119
13692  -33.556  -84.073  -28.750 0.4000000060
14676  -34.055  -84.215  -25.946 0.4000000060
14714  -33.677  -84.055  -28.363 0.4000000060
14732  -33.539  -84.000  -28.717 0.4000000060
15700  -31.054  -83.348  -26.110 0.4000000060
15723  -35.633  -82.488  -27.443 0.4000000060
15746  -34.767  -82.355  -27.948 0.4000000060
15747  -35.233  -82.158  -28.012 0.4000000060
16718  -33.829  -81.844  -22.654 0.4000000060
16731  -31.902  -82.099  -23.712 0.4000000060
16767  -29.910  -82.394  -26.000 0.5000000000
16768  -30.523  -82.719  -25.554 0.5000000000
16771  -33.150  -82.595  -25.352 0.4000000060
16786  -29.868  -82.940  -26.603 0.5000000000
16787  -33.120  -82.835  -27.165 0.4000000060
16791  -36.481  -81.913  -27.805 0.3000000119
16792  -37.475  -81.915  -27.883 0.3000000119
16810  -33.846  -82.787  -28.145 0.4000000060
17730  -35.785  -81.141  -21.699 0.4000000060
17745  -32.945  -81.336  -22.625 0.4000000060
17746  -33.598  -81.281  -22.280 0.4000000060
17748  -35.486  -81.725  -23.014 0.3000000119
17760  -31.898  -81.569  -23.608 0.4000000060
17819  -29.836  -81.359  -26.129 0.5000000000
17820  -35.254  -81.765  -27.862 0.4000000060
17834  -35.435  -81.778  -27.925 0.4000000060
17835  -35.874  -81.801  -27.815 0.4000000060
17846  -29.233  -81.688  -28.730 0.4000000060
18730  -33.857  -80.672  -21.864 0.5000000000
18731  -34.603  -80.409  -21.310 0.5000000000
18732  -35.360  -80.632  -21.046 0.4000000060
18776  -32.102  -80.986  -23.382 0.5000000000
18833  -29.536  -80.601  -28.893 0.4000000060
19693  -36.049  -79.052  -19.883 0.5000000000
19694  -36.681  -79.044  -19.708 0.4000000060
19712  -37.139  -79.625  -20.013 0.4000000060
19726  -34.443  -79.725  -21.364 0.6000000238
19739  -32.981  -80.352  -22.686 0.5000000000
19759  -32.914  -79.326  -23.681 0.5000000000
19786  -30.564  -79.847  -26.226 0.3000000119
19816  -30.641  -79.168  -28.782 0.4000000060
20751  -37.165  -78.406  -19.453 0.4000000060
20761  -35.164  -78.998  -20.707 0.5000000000
20772  -34.689  -78.951  -21.401 0.6000000238
20794  -34.271  -78.339  -23.279 0.6000000238
20810  -32.778  -78.621  -24.860 0.5000000000
20825  -33.212  -77.924  -25.379 0.6000000238
20851  -31.395  -78.615  -27.667 0.5000000000
20861  -31.289  -78.408  -29.445 0.4000000060
20871  -31.464  -77.560  -30.420 0.4000000060
20878  -30.534  -78.137  -30.981 0.4000000060
21707  -37.941  -76.864  -18.837 0.4000000060
21709  -40.070  -77.345  -18.300 0.3000000119
21786  -30.567  -77.352  -24.809 0.5000000000
21788  -34.638  -77.440  -24.626 0.6000000238
21817  -34.229  -76.816  -26.503 0.6000000238
21838  -32.260  -77.192  -29.566 0.4000000060
21840  -33.271  -76.691  -28.523 0.6000000238
21847  -30.126  -77.457  -30.638 0.4000000060
21848  -30.883  -77.407  -30.707 0.4000000060
22646  -40.131  -76.510  -18.247 0.3000000119
22666  -38.147  -76.125  -18.993 0.4000000060
22679  -36.598  -76.566  -20.308 0.5000000000
22694  -35.900  -76.861  -22.310 0.6999999881
22695  -36.313  -76.474  -22.824 0.6999999881
22704  -36.410  -76.371  -23.512 0.6999999881
22719  -30.909  -76.786  -25.724 0.5000000000
22741  -30.204  -76.774  -27.941 0.4000000060
22751  -33.887  -75.864  -29.040 0.6999999881
22755  -33.055  -75.746  -29.494 0.6000000238
23495  -43.108  -75.885  -17.756 0.3000000119
23511  -40.399  -75.651  -18.373 0.3000000119
23524  -38.486  -75.442  -19.343 0.3000000119
23533  -38.278  -75.148  -20.172 0.5000000000
23554  -33.785  -75.686  -23.156 0.6000000238
23560  -32.576  -75.764  -25.133 0.5000000000
23568  -33.051  -75.246  -25.870 0.5000000000
23573  -32.656  -74.840  -26.950 0.5000000000
23576  -37.741  -75.137  -27.392 0.6999999881
23581  -35.073  -75.194  -29.055 0.6999999881
23583  -36.704  -74.925  -28.370 0.6000000238
23585  -31.708  -75.388  -28.487 0.5000000000
23586  -32.227  -75.100  -28.843 0.6000000238
23588  -34.344  -75.119  -29.199 0.6999999881
23589  -35.674  -74.672  -28.969 0.6999999881
23591  -36.955  -74.625  -28.321 0.6000000238
23594  -33.189  -75.126  -29.285 0.6000000238
24344  -45.875  -75.040  -17.761 0.3000000119
24357  -40.814  -74.823  -18.704 0.3000000119
24362  -46.294  -74.516  -17.942 0.3000000119
24375  -40.596  -74.245  -19.271 0.3000000119
24392  -38.772  -74.528  -21.748 0.5000000000
24408  -36.004  -74.105  -24.423 0.5000000000
24409  -39.049  -74.685  -25.373 0.8000000119
24412  -33.556  -74.558  -26.566 0.5000000000
24420  -34.136  -73.941  -27.327 0.5000000000
24422  -38.722  -74.448  -27.364 0.6999999881
24424  -40.030  -73.922  -26.975 0.8000000119
24428  -37.751  -74.274  -27.794 0.6999999881
24433  -36.460  -74.198  -28.570 0.6999999881
24434  -36.908  -74.058  -28.199 0.5000000000
25177  -46.697  -73.885  -17.953 0.4000000060
25212  -41.124  -73.743  -19.719 0.4000000060
25220  -35.789  -73.508  -20.232 0.4000000060
25225  -42.760  -73.388  -20.661 0.5000000000
25229  -47.037  -73.054  -19.942 0.3000000119
25237  -40.964  -73.507  -21.946 0.6000000238
25245  -39.566  -74.153  -22.370 0.5000000000
25254  -36.525  -73.545  -25.200 0.6000000238
25256  -41.010  -73.775  -25.579 0.8000000119
25261  -37.424  -72.951  -26.526 0.6000000238
25263  -41.989  -72.952  -26.512 0.6000000238
25266  -35.499  -73.236  -27.693 0.6000000238
25271  -40.699  -73.361  -26.945 0.6999999881
25273  -35.283  -73.573  -28.772 0.6000000238
25275  -36.393  -73.410  -28.280 0.6000000238
26076  -37.673  -72.222  -20.597 0.6000000238
26096  -39.281  -71.865  -24.186 0.6999999881
26099  -45.926  -71.719  -23.669 0.5000000000
26105  -45.268  -71.670  -24.376 0.5000000000
26112  -38.204  -72.939  -26.903 0.6999999881
26952  -47.267  -72.256  -20.266 0.3000000119
26983  -47.368  -71.079  -22.945 0.3000000119
26993  -43.649  -71.893  -25.571 0.6000000238
26995  -45.420  -71.328  -24.296 0.5000000000
26997  -41.476  -72.042  -26.321 0.6999999881
26998  -42.416  -72.169  -26.081 0.6000000238
27871  -47.495  -71.499  -20.956 0.3000000119
27899  -47.530  -70.382  -23.158 0.5000000000
27904  -40.824  -70.859  -23.881 0.6999999881
27910  -47.150  -70.235  -23.478 0.4000000060
28809  -42.360  -68.991  -18.658 0.4000000060
28829  -45.754  -69.772  -20.419 0.3000000119
28847  -42.896  -69.292  -22.047 0.5000000000
28848  -43.632  -69.255  -22.326 0.5000000000
28849  -48.117  -69.124  -22.089 0.3000000119
28855  -40.400  -69.866  -22.348 0.6000000238
28860  -45.427  -69.542  -23.361 0.5000000000
28861  -48.175  -69.311  -22.648 0.3000000119
28867  -48.144  -69.171  -23.168 0.4000000060
29793  -42.620  -68.205  -18.890 0.3000000119
29797  -43.306  -68.139  -19.306 0.3000000119
29799  -44.582  -68.440  -19.995 0.3000000119
29807  -40.133  -68.066  -20.870 0.5000000000
29820  -40.477  -68.667  -21.358 0.5000000000
30803  -40.652  -67.339  -17.579 0.4000000060
30814  -44.401  -67.679  -19.963 0.3000000119
30835  -43.045  -67.897  -21.794 0.4000000060
30841  -44.574  -68.063  -22.761 0.5000000000
30851  -48.141  -67.043  -22.937 0.4000000060
31855  -41.047  -66.741  -18.014 0.4000000060
31867  -43.317  -66.606  -19.630 0.4000000060
31888  -41.621  -66.258  -21.470 0.4000000060
31905  -48.103  -66.953  -22.657 0.4000000060
31914  -47.828  -66.227  -22.981 0.4000000060
32941  -38.638  -65.729  -21.034 0.4000000060
32942  -39.419  -65.593  -21.081 0.4000000060
32973  -42.855  -65.115  -22.878 0.4000000060
33994  -47.560  -65.100  -22.759 0.4000000060
34001  -42.468  -64.422  -23.067 0.4000000060
34004  -37.912  -65.012  -23.910 0.4000000060
34996  -46.375  -63.545  -22.215 0.3000000119
35000  -38.198  -63.566  -23.405 0.4000000060
35005  -39.228  -63.949  -24.298 0.4000000060
35012  -47.372  -63.194  -24.046 0.4000000060
35013  -39.737  -63.447  -24.365 0.4000000060
36057  -46.518  -61.965  -24.751 0.5000000000
126239  -38.952  -70.188  -22.002 0.6000000238
126736  -32.187  -74.974  -27.576 0.5000000000
128131  -31.180  -76.346  -26.362 0.5000000000
128178  -32.431  -75.888  -29.545 0.6000000238
128450  -47.164  -71.734  -22.321 0.5000000000
128535  -35.648  -77.836  -20.601 0.6000000238
128693  -36.044  -73.107  -28.264 0.6999999881
128996  -36.968  -75.495  -26.452 0.6000000238
129122  -42.316  -72.592  -26.183 0.6000000238
129422  -41.856  -66.928  -21.400 0.4000000060
129717  -36.818  -73.150  -26.116 0.5000000000
129832  -28.696  -82.209  -32.325 0.4000000060
131175  -44.181  -71.905  -25.333 0.6000000238
133314  -36.431  -77.179  -19.907 0.5000000000
136264  -36.186  -73.131  -27.471 0.6000000238
137095  -36.413  -76.371  -22.152 0.6999999881
137920  -35.762  -74.346  -22.736 0.5000000000
139001  -34.951  -81.850  -24.876 0.4000000060
141646  -42.897  -73.295  -21.596 0.6000000238
142846  -42.543  -73.335  -24.088 0.6999999881
143305  -30.286  -79.368  -30.434 0.4000000060
144392  -35.115  -76.970  -25.019 0.6000000238
145175  -39.503  -72.419  -26.989 0.6999999881
145594  -47.569  -65.148  -23.219 0.4000000060
145675  -44.891  -71.342  -24.591 0.5000000000
145794  -40.193  -72.351  -26.979 0.6999999881
145862  -46.643  -72.278  -21.982 0.5000000000
146285  -47.518  -70.638  -21.473 0.4000000060
146929  -38.237  -75.003  -24.970 0.6000000238
147404  -41.601  -76.040  -17.886 0.3000000119
148084  -39.365  -67.982  -20.660 0.5000000000
148599  -35.545  -73.223  -28.478 0.5000000000
149105  -37.905  -79.533  -20.020 0.3000000119
149464  -35.812  -81.724  -23.835 0.4000000060
149670  -30.149  -80.589  -26.085 0.4000000060
149763  -42.882  -73.290  -23.602 0.6999999881
150377  -31.794  -82.784  -24.854 0.4000000060
150413  -43.263  -73.296  -20.974 0.6000000238
150458  -38.173  -72.726  -23.819 0.6000000238
151452  -35.389  -74.627  -22.117 0.5000000000
152092  -47.471  -71.189  -22.203 0.4000000060
152299  -39.759  -71.508  -24.414 0.6999999881
152583  -48.272  -68.352  -23.112 0.4000000060
152668  -32.996  -83.191  -28.391 0.4000000060
