#!ascii label  , from subject sub-v1s1x0050657_ses-1 vox2ras=TkReg
1815
31884  -31.052  -67.046  -21.850 0.5000000000
31874  -31.495  -66.690  -21.022 0.4000000060
126490  -32.157  -66.484  -20.110 0.6000000238
32935  -31.042  -66.130  -20.743 0.6000000238
32940  -29.784  -65.849  -21.345 0.6000000238
31873  -30.405  -66.401  -21.620 0.5000000000
32948  -29.649  -65.666  -22.089 0.6000000238
148250  -31.513  -65.826  -19.977 0.6999999881
32926  -32.162  -65.926  -19.114 0.6999999881
32934  -30.525  -65.556  -20.433 0.6999999881
32933  -29.698  -65.295  -20.821 0.6999999881
33973  -29.320  -64.996  -21.492 0.6999999881
34988  -29.698  -63.999  -21.897 0.5000000000
33980  -29.122  -64.162  -21.568 0.6999999881
33981  -29.574  -65.000  -22.049 0.5000000000
31851  -25.597  -67.126  -17.781 0.5000000000
133562  -31.264  -65.314  -19.537 0.6999999881
33967  -29.319  -64.632  -20.713 0.6999999881
33960  -29.764  -64.348  -19.731 0.6999999881
34974  -28.781  -63.882  -20.551 0.6999999881
34968  -29.375  -63.668  -19.394 0.6999999881
34978  -29.136  -63.406  -21.495 0.6000000238
31812  -31.945  -65.682  -14.455 0.6999999881
32897  -31.899  -65.038  -15.121 0.6999999881
32925  -31.755  -65.230  -18.535 0.6999999881
33942  -32.110  -65.240  -17.523 0.6999999881
31850  -24.981  -66.265  -18.905 0.6000000238
31870  -24.692  -66.202  -20.609 0.4000000060
33961  -30.881  -64.696  -19.112 0.6999999881
33972  -28.855  -64.220  -21.295 0.6999999881
34977  -28.585  -63.628  -21.312 0.6999999881
36017  -28.376  -62.653  -20.441 0.6999999881
138122  -29.848  -63.016  -21.274 0.6000000238
31770  -31.289  -66.076  -12.303 0.6999999881
127681  -31.547  -66.011  -13.080 0.6999999881
32898  -32.242  -65.824  -15.278 0.6999999881
33913  -31.718  -64.869  -14.296 0.6999999881
33902  -31.588  -64.662  -13.425 0.6999999881
149360  -24.867  -65.602  -16.516 0.6000000238
34959  -31.023  -63.920  -17.592 0.6999999881
32911  -32.074  -65.188  -15.971 0.6999999881
33924  -31.589  -64.285  -14.941 0.6999999881
127056  -31.552  -64.054  -14.123 0.6999999881
32931  -23.907  -65.022  -20.305 0.5000000000
32939  -24.437  -65.479  -20.473 0.5000000000
34969  -30.381  -64.125  -18.657 0.6999999881
34931  -31.432  -63.596  -14.756 0.6999999881
139930  -23.539  -66.238  -20.592 0.4000000060
34967  -28.551  -63.160  -20.039 0.6999999881
139494  -31.684  -64.423  -15.817 0.6999999881
34940  -31.403  -63.645  -15.551 0.6999999881
30797  -22.690  -66.827  -18.741 0.4000000060
34958  -30.156  -63.332  -18.315 0.6999999881
35981  -31.203  -62.823  -15.114 0.6999999881
148496  -28.458  -63.276  -20.802 0.6999999881
36013  -29.186  -62.772  -19.062 0.6999999881
36926  -30.000  -61.668  -16.468 0.6999999881
35998  -31.066  -62.935  -16.208 0.6999999881
136468  -28.506  -62.881  -21.090 0.6999999881
35996  -29.387  -61.853  -17.418 0.6999999881
36949  -29.594  -61.922  -20.495 0.6000000238
149073  -28.310  -62.063  -20.278 0.6999999881
36011  -28.191  -62.102  -20.062 0.6999999881
37876  -30.785  -60.864  -18.874 0.5000000000
36942  -31.431  -61.441  -19.166 0.5000000000
134308  -33.282  -61.274  -19.122 0.4000000060
36943  -32.630  -61.033  -18.894 0.5000000000
33883  -31.478  -64.452  -12.390 0.6999999881
33940  -24.198  -64.770  -16.607 0.6000000238
34953  -31.337  -63.774  -16.521 0.6999999881
32924  -24.526  -65.306  -19.573 0.5000000000
127459  -31.439  -63.116  -14.064 0.6999999881
34952  -30.739  -63.095  -17.252 0.6999999881
36012  -28.318  -62.317  -19.745 0.6999999881
137190  -29.336  -59.663  -18.849 0.6999999881
36957  -28.723  -62.241  -20.709 0.6999999881
37875  -29.636  -60.803  -19.427 0.6999999881
36948  -28.661  -61.733  -20.182 0.6999999881
141839  -30.050  -60.165  -18.808 0.6999999881
33882  -26.217  -64.750  -12.211 0.6999999881
33867  -27.250  -64.866  -10.962 0.6999999881
33854  -27.770  -64.452  -10.283 0.8000000119
33842  -29.109  -64.209  -9.596 0.8000000119
33901  -25.367  -64.598  -13.403 0.6000000238
33865  -25.842  -63.980  -11.866 0.6000000238
33866  -26.538  -64.416  -11.437 0.6000000238
34885  -29.849  -64.380  -9.945 0.8000000119
34919  -24.979  -63.890  -13.056 0.6000000238
34918  -24.441  -63.439  -13.504 0.6000000238
127526  -31.336  -63.843  -11.628 0.6999999881
33923  -24.329  -64.543  -15.526 0.6000000238
33911  -24.550  -64.366  -14.630 0.6000000238
135422  -24.064  -64.478  -17.728 0.6000000238
139740  -23.765  -63.919  -16.170 0.6000000238
34920  -31.499  -62.907  -13.111 0.6999999881
33966  -23.739  -64.492  -19.650 0.5000000000
33958  -23.869  -64.108  -19.021 0.6000000238
34904  -31.515  -63.427  -12.393 0.6999999881
35966  -31.193  -62.384  -14.392 0.6999999881
36940  -28.543  -61.918  -18.675 0.6999999881
36005  -29.793  -62.553  -17.916 0.6999999881
35980  -30.709  -62.165  -15.872 0.6999999881
37874  -28.048  -60.367  -19.193 0.8000000119
37885  -28.481  -61.088  -19.581 0.6999999881
36913  -30.342  -61.438  -15.591 0.6999999881
38860  -28.444  -59.628  -18.967 0.8000000119
36939  -28.111  -61.597  -19.528 0.6999999881
36934  -28.542  -61.202  -17.859 0.6999999881
37877  -31.750  -60.805  -18.727 0.5000000000
137086  -33.178  -60.105  -19.317 0.5000000000
137012  -33.002  -59.426  -19.542 0.5000000000
37887  -33.592  -60.371  -19.467 0.4000000060
34893  -26.196  -63.627  -11.113 0.6000000238
33853  -26.971  -64.033  -10.705 0.6999999881
34866  -27.905  -63.284  -9.350 0.8000000119
33841  -28.300  -63.987  -9.656 0.8999999762
34903  -25.247  -63.549  -12.343 0.6000000238
34868  -29.675  -63.450  -9.610 0.8000000119
35915  -31.048  -62.825  -10.721 0.8000000119
34930  -24.195  -63.678  -14.241 0.6000000238
34938  -23.273  -63.107  -15.710 0.6000000238
152030  -31.099  -63.464  -11.055 0.8000000119
149513  -22.749  -64.546  -19.649 0.6000000238
34957  -23.404  -63.248  -18.019 0.6000000238
34951  -23.350  -63.189  -16.958 0.6000000238
139335  -31.446  -62.090  -12.060 0.6999999881
32930  -22.938  -65.108  -19.895 0.5000000000
36883  -31.175  -61.594  -13.373 0.6999999881
36869  -31.337  -61.430  -12.573 0.6999999881
142201  -22.313  -66.097  -18.669 0.5000000000
32923  -22.172  -64.776  -19.279 0.5000000000
36901  -30.962  -61.757  -14.148 0.6999999881
35965  -30.910  -61.927  -14.989 0.6999999881
38859  -27.892  -59.558  -18.677 0.8000000119
37884  -27.885  -61.082  -19.326 0.8000000119
36933  -27.842  -61.112  -18.878 0.6999999881
37861  -28.649  -60.690  -16.915 0.6999999881
36912  -29.565  -61.066  -16.154 0.6999999881
146901  -24.919  -62.881  -12.152 0.6999999881
35913  -25.494  -62.364  -11.002 0.6999999881
34882  -25.892  -62.987  -10.820 0.6999999881
34883  -26.614  -63.196  -10.329 0.8000000119
35898  -27.455  -62.634  -9.251 0.8000000119
34902  -24.672  -63.142  -12.789 0.6999999881
35914  -26.052  -62.439  -10.383 0.8000000119
35900  -29.009  -62.449  -9.048 0.8000000119
34917  -23.944  -63.099  -13.913 0.6000000238
34869  -30.404  -62.754  -10.025 0.8000000119
35964  -23.228  -62.426  -14.961 0.6000000238
36837  -30.936  -62.024  -10.392 0.6999999881
34966  -23.415  -63.552  -18.723 0.6000000238
36010  -23.046  -62.791  -18.391 0.6000000238
36852  -31.403  -61.310  -11.707 0.8000000119
137279  -31.272  -61.259  -10.820 0.6999999881
33957  -22.710  -64.006  -19.267 0.6000000238
37780  -31.306  -60.410  -11.351 0.8000000119
32918  -21.226  -65.572  -17.633 0.4000000060
36900  -30.560  -61.208  -14.738 0.6999999881
37823  -31.005  -60.852  -13.106 0.6999999881
31828  -20.833  -66.928  -15.594 0.4000000060
36882  -30.702  -61.062  -13.887 0.6999999881
37873  -27.822  -60.456  -18.874 0.8000000119
37867  -27.877  -60.508  -18.116 0.8000000119
37850  -29.937  -60.749  -15.317 0.6999999881
38846  -29.446  -59.052  -18.397 0.8000000119
38847  -30.409  -59.406  -18.120 0.6999999881
38862  -32.430  -60.164  -18.868 0.5000000000
38880  -33.845  -59.300  -20.628 0.4000000060
36850  -24.606  -61.249  -11.566 0.6000000238
139500  -25.619  -61.856  -10.548 0.6999999881
152296  -27.120  -62.199  -9.195 0.8000000119
35880  -27.595  -62.024  -8.824 0.8000000119
36881  -24.059  -61.936  -12.882 0.6999999881
35951  -23.639  -62.476  -14.091 0.6999999881
36819  -29.663  -61.831  -9.272 0.8000000119
36911  -22.905  -61.683  -15.393 0.6000000238
36805  -29.092  -61.586  -8.835 0.8000000119
35978  -22.817  -61.542  -16.564 0.6000000238
37760  -30.187  -61.202  -9.483 0.8000000119
36821  -30.846  -61.254  -10.038 0.8000000119
34964  -22.293  -63.182  -18.775 0.6000000238
36009  -22.493  -62.352  -18.421 0.6000000238
37812  -31.252  -60.639  -12.279 0.8999999762
37762  -31.164  -60.473  -10.417 0.8000000119
37822  -30.555  -60.304  -13.658 0.8000000119
37811  -30.865  -60.057  -12.867 0.8000000119
33950  -21.194  -64.819  -18.335 0.5000000000
38808  -29.508  -59.393  -14.484 0.8000000119
37839  -30.240  -60.498  -14.470 0.6999999881
32910  -20.663  -65.708  -16.780 0.4000000060
152362  -27.722  -58.755  -18.495 0.8000000119
38845  -27.676  -59.753  -18.271 0.8000000119
37838  -29.498  -59.982  -15.031 0.6999999881
39789  -28.331  -58.746  -18.626 0.8000000119
37849  -29.152  -60.422  -15.933 0.6999999881
38831  -28.032  -59.912  -17.145 0.8000000119
40693  -28.919  -57.733  -18.293 0.8000000119
38844  -27.547  -59.138  -17.599 0.8000000119
39790  -31.313  -58.660  -18.092 0.6000000238
39775  -30.348  -58.710  -17.927 0.6000000238
39799  -32.759  -58.608  -19.674 0.5000000000
37810  -24.101  -60.798  -12.134 0.6000000238
36836  -26.054  -61.752  -9.945 0.6999999881
129975  -23.409  -61.210  -13.693 0.6000000238
37759  -26.407  -60.696  -8.991 0.6999999881
36804  -27.879  -61.304  -8.501 0.6999999881
36899  -23.257  -61.651  -14.401 0.6000000238
36867  -23.759  -61.191  -12.923 0.6000000238
37795  -23.791  -60.109  -11.965 0.6000000238
37836  -22.617  -60.221  -15.282 0.6000000238
140001  -29.614  -61.176  -9.056 0.8000000119
36932  -22.236  -61.322  -18.091 0.6000000238
36910  -22.664  -60.913  -15.881 0.6000000238
37745  -29.191  -60.762  -8.636 0.6999999881
34963  -21.432  -63.262  -18.428 0.5000000000
37761  -30.666  -60.522  -9.703 0.8000000119
34956  -20.430  -63.594  -17.667 0.3000000119
38771  -31.005  -59.129  -11.624 0.8000000119
151104  -31.205  -59.749  -11.447 0.8000000119
38794  -30.375  -59.557  -13.429 0.8000000119
38770  -30.649  -59.183  -12.626 0.8000000119
131462  -29.240  -58.770  -14.374 0.8000000119
38858  -27.543  -58.966  -18.310 0.8000000119
38817  -28.597  -59.769  -15.907 0.8000000119
39762  -27.927  -59.196  -16.506 0.8000000119
39761  -27.464  -58.542  -16.946 0.8000000119
39774  -29.564  -58.430  -18.140 0.6999999881
40707  -31.664  -57.696  -18.740 0.6000000238
39805  -33.424  -58.465  -20.813 0.3000000119
37796  -24.372  -60.337  -11.340 0.6000000238
37778  -24.887  -60.347  -10.537 0.6999999881
37758  -25.859  -60.323  -9.354 0.6999999881
37743  -26.836  -60.245  -8.468 0.6999999881
131773  -18.164  -59.847  -15.287 0.5000000000
37837  -22.928  -60.806  -14.279 0.6000000238
38792  -22.992  -59.734  -13.256 0.6000000238
143496  -28.431  -60.640  -8.360 0.6999999881
37866  -22.213  -60.404  -18.036 0.5000000000
37848  -22.582  -60.034  -16.535 0.5000000000
37820  -22.709  -59.952  -14.202 0.6000000238
38709  -28.941  -60.006  -8.311 0.6999999881
36000  -20.041  -62.846  -17.409 0.3000000119
36938  -21.984  -61.649  -18.328 0.5000000000
152636  -29.512  -60.017  -8.659 0.8000000119
39664  -30.740  -58.511  -9.437 0.8000000119
38729  -31.006  -59.786  -9.951 0.8000000119
39708  -30.217  -58.381  -12.877 0.8999999762
39699  -30.784  -58.427  -11.445 0.8999999762
39688  -30.988  -58.725  -10.830 0.8000000119
39665  -31.026  -58.990  -10.085 0.8000000119
33949  -20.483  -64.519  -17.609 0.4000000060
130958  -29.594  -58.327  -13.624 0.8999999762
38793  -29.801  -59.136  -13.880 0.8999999762
128655  -30.580  -58.452  -12.119 0.8999999762
135376  -27.521  -57.652  -18.354 0.8000000119
39787  -27.479  -58.306  -18.326 0.8000000119
39746  -28.374  -59.061  -15.635 0.8000000119
38818  -28.937  -59.264  -15.027 0.8000000119
39788  -27.850  -58.113  -18.557 0.8000000119
149249  -31.171  -57.779  -18.176 0.6000000238
40708  -32.361  -57.651  -19.785 0.6000000238
38769  -23.774  -59.400  -11.468 0.6000000238
38750  -24.417  -59.580  -10.651 0.6000000238
38751  -24.955  -59.720  -10.065 0.6999999881
137192  -23.365  -59.549  -12.387 0.6000000238
38727  -26.175  -59.920  -8.898 0.6999999881
38706  -26.606  -59.452  -8.378 0.8000000119
38842  -21.539  -59.437  -17.764 0.6000000238
129450  -22.489  -59.385  -17.042 0.5000000000
38807  -22.376  -59.327  -15.123 0.6000000238
38707  -27.382  -59.723  -8.102 0.6999999881
39625  -29.374  -58.577  -7.726 0.8000000119
36922  -19.924  -61.035  -17.344 0.4000000060
39644  -30.011  -58.772  -8.379 0.6999999881
36001  -20.922  -62.589  -18.051 0.4000000060
38710  -30.108  -59.530  -8.861 0.8000000119
40595  -30.483  -57.733  -11.663 0.8000000119
39687  -30.871  -58.076  -10.195 0.8000000119
40632  -28.949  -58.096  -14.238 0.8999999762
133291  -30.245  -57.869  -12.412 0.8000000119
130505  -30.804  -58.073  -10.991 0.8000000119
40616  -28.955  -57.370  -13.678 0.8000000119
40649  -27.768  -57.692  -15.499 0.8000000119
40680  -27.150  -57.748  -17.998 0.8000000119
39745  -27.888  -58.511  -15.953 0.8000000119
136253  -28.059  -57.338  -18.525 0.8000000119
40665  -27.141  -57.840  -17.236 0.8000000119
40695  -31.049  -56.946  -18.347 0.6999999881
42676  -31.162  -55.436  -19.861 0.6000000238
42681  -31.816  -55.410  -20.321 0.6000000238
148938  -32.211  -55.994  -20.428 0.6000000238
38780  -22.718  -58.979  -12.910 0.6000000238
39663  -25.009  -58.501  -9.293 0.8000000119
131615  -25.384  -58.933  -9.219 0.6999999881
39741  -19.122  -58.337  -15.015 0.5000000000
39730  -21.885  -58.583  -15.115 0.5000000000
38691  -27.990  -59.190  -7.744 0.8000000119
38692  -28.801  -59.318  -7.844 0.6999999881
39759  -20.627  -58.285  -16.488 0.5000000000
39743  -22.065  -58.910  -15.889 0.5000000000
38690  -27.143  -58.965  -7.879 0.8000000119
39623  -27.739  -58.476  -7.400 0.8000000119
141387  -19.373  -59.366  -16.488 0.5000000000
39624  -28.564  -58.609  -7.450 0.8000000119
40524  -30.065  -58.034  -7.946 0.8000000119
144970  -30.080  -57.365  -7.625 0.8000000119
127465  -30.460  -58.205  -8.702 0.8000000119
40563  -30.684  -57.675  -9.307 0.8000000119
40541  -30.458  -57.335  -8.368 0.8000000119
40584  -30.654  -57.404  -10.833 0.8000000119
40605  -29.768  -57.641  -12.997 0.8000000119
40631  -28.387  -57.568  -14.575 0.8000000119
131869  -27.666  -57.012  -18.367 0.8000000119
127253  -26.958  -57.079  -17.413 0.8000000119
136081  -29.927  -56.873  -18.218 0.6999999881
129699  -28.849  -56.886  -18.387 0.6999999881
41670  -31.108  -56.087  -19.274 0.6999999881
41665  -29.289  -56.108  -18.465 0.6999999881
140166  -30.343  -56.113  -18.657 0.6999999881
42669  -29.874  -55.342  -18.752 0.6999999881
42675  -30.571  -55.405  -19.294 0.6999999881
40581  -22.585  -57.101  -10.887 0.8000000119
39685  -23.373  -58.431  -11.166 0.6000000238
40582  -23.296  -57.630  -10.490 0.6000000238
40583  -23.819  -57.787  -9.927 0.8000000119
40602  -19.819  -57.533  -12.411 0.6000000238
40614  -19.372  -56.869  -13.727 0.5000000000
39719  -22.084  -58.249  -13.330 0.6000000238
40604  -21.893  -57.554  -12.606 0.6000000238
39642  -25.509  -58.363  -8.694 0.8000000119
38724  -21.809  -59.422  -10.350 0.6000000238
40579  -20.593  -57.636  -11.227 0.6000000238
40591  -19.548  -56.750  -12.333 0.6000000238
41610  -19.923  -56.170  -14.457 0.5000000000
128402  -21.085  -57.151  -14.612 0.5000000000
39641  -23.187  -58.770  -8.343 0.5000000000
38703  -22.610  -59.168  -9.158 0.5000000000
40580  -21.150  -57.813  -10.488 0.6000000238
40592  -20.066  -57.417  -11.857 0.6000000238
40647  -19.536  -57.470  -15.307 0.5000000000
41611  -20.403  -56.565  -14.606 0.5000000000
40521  -27.466  -57.753  -7.039 0.8000000119
129950  -28.980  -58.051  -7.223 0.8000000119
39640  -22.538  -58.353  -8.790 0.5000000000
127004  -21.293  -57.805  -15.268 0.5000000000
38683  -24.549  -59.668  -6.770 0.4000000060
39742  -21.561  -58.439  -15.972 0.5000000000
40510  -29.747  -56.988  -7.079 0.6999999881
41555  -30.506  -56.163  -9.986 0.8000000119
41540  -30.651  -56.790  -9.173 0.8000000119
41525  -30.526  -56.538  -8.461 0.6999999881
41593  -28.611  -56.285  -13.383 0.8000000119
40606  -29.978  -57.186  -12.297 0.8000000119
133727  -30.497  -56.685  -10.641 0.8000000119
41565  -29.702  -55.858  -11.567 0.8000000119
41651  -26.926  -56.194  -17.487 0.8999999762
41625  -27.358  -56.957  -15.483 0.8000000119
126444  -27.074  -57.212  -16.399 1.0000000000
148776  -27.818  -57.068  -14.904 0.8000000119
41664  -28.306  -56.604  -18.365 0.8000000119
140192  -28.484  -55.913  -18.294 0.6999999881
41564  -21.912  -56.520  -11.386 0.8000000119
40560  -23.589  -57.150  -9.812 0.8000000119
40561  -24.231  -57.446  -9.458 0.8000000119
41551  -19.576  -55.597  -11.287 0.6000000238
41563  -21.237  -55.803  -11.996 0.6000000238
40593  -22.224  -57.296  -11.663 0.6000000238
40562  -24.827  -57.855  -9.059 0.8000000119
40539  -25.280  -57.473  -8.392 0.8000000119
39661  -22.006  -58.366  -9.442 0.5000000000
127243  -19.203  -55.570  -12.592 0.6000000238
41574  -20.808  -55.935  -12.871 0.6000000238
40540  -26.042  -57.866  -8.002 0.8000000119
40520  -26.591  -57.433  -7.345 0.8000000119
40508  -28.084  -57.224  -6.574 0.6999999881
40558  -21.252  -57.236  -9.874 0.5000000000
42591  -20.026  -54.440  -13.115 0.6000000238
41575  -21.524  -56.659  -12.257 0.6000000238
39620  -23.660  -58.363  -7.500 0.4000000060
41522  -22.199  -56.923  -8.473 0.4000000060
40536  -21.673  -57.044  -9.140 0.4000000060
42548  -20.620  -55.903  -9.965 0.4000000060
40509  -29.010  -57.360  -6.756 0.6999999881
40517  -22.838  -57.758  -8.157 0.4000000060
41521  -21.629  -56.241  -8.828 0.4000000060
43666  -18.747  -53.874  -11.888 0.4000000060
41509  -30.284  -56.603  -7.687 0.6999999881
132797  -21.549  -55.351  -8.634 0.4000000060
43651  -20.190  -54.284  -10.063 0.5000000000
42552  -30.542  -55.880  -8.978 0.6999999881
135096  -22.798  -56.092  -7.451 0.3000000119
43639  -20.940  -54.602  -9.163 0.5000000000
138871  -19.683  -52.871  -10.577 0.5000000000
126202  -29.362  -56.820  -12.903 0.8000000119
41576  -29.598  -56.395  -12.203 0.8000000119
42580  -30.191  -56.010  -10.867 0.8000000119
131787  -30.491  -55.000  -8.961 0.8000000119
131583  -30.339  -55.261  -9.711 0.8000000119
41612  -27.472  -56.323  -14.912 0.8000000119
42622  -27.447  -55.430  -14.657 0.8000000119
41613  -28.188  -56.757  -14.230 0.8000000119
42609  -28.709  -55.524  -12.804 0.8000000119
128354  -29.237  -55.638  -12.225 0.8000000119
41640  -26.747  -56.395  -16.811 1.0000000000
42608  -28.224  -55.415  -13.446 0.8000000119
41663  -27.677  -56.249  -18.028 0.8000000119
42634  -26.969  -55.604  -15.482 0.8000000119
42623  -27.890  -55.941  -14.042 0.8000000119
42668  -28.978  -55.294  -18.555 0.6999999881
43760  -29.558  -54.642  -18.754 0.6999999881
43768  -30.236  -54.704  -19.193 0.6999999881
43769  -30.804  -54.762  -19.714 0.6999999881
43776  -32.157  -54.687  -20.611 0.6000000238
141764  -31.199  -54.121  -19.884 0.6999999881
141561  -29.970  -54.107  -19.057 0.6999999881
44773  -31.866  -53.820  -20.338 0.6000000238
41554  -22.937  -56.880  -10.183 0.8000000119
41539  -23.970  -56.652  -9.284 0.8000000119
41561  -19.504  -56.123  -11.702 0.5000000000
42577  -21.042  -54.831  -11.796 0.8000000119
42567  -21.666  -54.490  -10.937 0.8000000119
42550  -22.278  -55.538  -10.376 0.8000000119
41524  -25.051  -56.632  -8.116 0.8000000119
40557  -20.665  -57.094  -10.619 0.5000000000
42576  -18.908  -54.668  -12.259 0.6000000238
43695  -19.260  -53.520  -12.619 0.5000000000
42578  -21.683  -55.646  -11.114 0.8000000119
40519  -25.759  -57.057  -7.691 0.6999999881
41537  -21.188  -56.449  -9.525 0.4000000060
43667  -19.421  -54.045  -11.014 0.5000000000
43697  -20.442  -53.840  -12.531 0.6999999881
40507  -27.137  -57.015  -6.668 0.6999999881
41493  -27.722  -56.423  -6.233 0.6999999881
42533  -22.214  -55.972  -8.119 0.3000000119
41494  -28.653  -56.535  -6.391 0.6999999881
42508  -29.254  -55.894  -6.351 0.6999999881
134599  -29.678  -55.330  -6.589 0.6999999881
43638  -20.558  -53.492  -9.568 0.5000000000
43631  -30.439  -54.947  -7.731 0.6999999881
42516  -22.000  -55.102  -8.130 0.4000000060
44646  -21.243  -53.591  -8.773 0.4000000060
42579  -29.796  -55.240  -11.008 0.8000000119
42536  -30.494  -55.390  -8.305 0.6999999881
131598  -29.328  -55.071  -11.662 0.8000000119
42594  -28.849  -54.924  -12.267 0.8000000119
44688  -29.215  -53.630  -11.342 0.6999999881
42658  -26.735  -55.314  -17.189 0.8999999762
42659  -27.305  -55.438  -17.611 0.8999999762
41639  -26.602  -55.753  -16.990 0.8999999762
42646  -26.544  -55.133  -16.703 0.8000000119
42633  -26.549  -55.014  -15.998 0.8000000119
43723  -27.621  -54.697  -14.394 0.8000000119
43752  -27.753  -54.652  -17.744 0.8999999762
43751  -26.955  -54.655  -17.310 0.8000000119
42667  -28.149  -55.355  -18.082 0.8999999762
43759  -28.732  -54.523  -18.275 0.8000000119
41679  -32.801  -56.355  -20.946 0.4000000060
140142  -29.464  -53.927  -18.605 0.6999999881
44766  -30.584  -53.916  -19.485 0.6999999881
140144  -32.580  -53.010  -20.679 0.5000000000
148616  -22.870  -55.623  -9.699 0.6999999881
152175  -22.703  -56.224  -10.032 0.8000000119
43668  -21.501  -53.131  -11.402 0.6999999881
42519  -24.551  -55.248  -8.092 0.6999999881
42549  -21.094  -55.625  -9.291 0.4000000060
45549  -21.147  -51.119  -11.656 0.6000000238
42534  -23.164  -54.804  -9.347 0.6999999881
41508  -26.300  -56.672  -7.029 0.6999999881
41492  -26.772  -56.256  -6.364 0.6999999881
42507  -28.389  -55.649  -5.937 0.6999999881
45529  -20.018  -51.268  -10.909 0.5000000000
43618  -29.218  -55.063  -6.060 0.6999999881
151626  -21.292  -52.870  -8.728 0.4000000060
43630  -30.155  -55.158  -7.063 0.6999999881
44636  -22.133  -53.496  -7.708 0.3000000119
44635  -21.606  -52.877  -8.245 0.3000000119
45517  -21.603  -50.855  -9.771 0.5000000000
43670  -29.462  -54.437  -11.127 0.6999999881
43654  -30.258  -54.462  -9.523 0.6999999881
44639  -30.416  -53.581  -7.668 0.6999999881
45505  -21.429  -52.007  -8.939 0.4000000060
44670  -29.603  -53.769  -10.594 0.6999999881
43642  -30.435  -54.285  -8.801 0.6999999881
44671  -29.950  -53.924  -9.947 0.6999999881
43686  -29.016  -54.310  -11.792 0.6999999881
43734  -27.024  -54.690  -15.268 0.8000000119
42607  -27.844  -55.254  -14.023 0.8000000119
43712  -28.038  -54.720  -13.678 0.8000000119
42593  -28.402  -54.699  -12.928 0.8000000119
44711  -27.936  -54.077  -14.044 0.8000000119
43742  -26.497  -54.454  -16.487 0.8000000119
44750  -27.292  -53.952  -17.432 0.8000000119
44749  -26.606  -53.900  -17.055 0.8000000119
43750  -26.572  -54.538  -16.968 0.8999999762
44751  -28.229  -53.880  -17.814 0.8000000119
44758  -29.437  -53.181  -18.273 0.8000000119
44759  -30.108  -53.311  -18.932 0.6999999881
141763  -30.689  -53.051  -19.445 0.6999999881
46538  -29.783  -51.706  -18.011 0.6999999881
42551  -23.598  -55.797  -9.191 0.6999999881
44659  -22.488  -52.301  -10.304 0.6000000238
43653  -22.751  -53.659  -9.726 0.6000000238
43640  -23.501  -53.838  -8.924 0.6999999881
43628  -24.730  -54.661  -7.583 0.6999999881
42520  -25.081  -55.381  -7.468 0.6999999881
41507  -25.537  -56.164  -7.402 0.6999999881
46443  -20.412  -50.634  -11.517 0.5000000000
44668  -21.197  -52.157  -11.720 0.6000000238
43617  -25.707  -54.779  -6.306 0.6999999881
42504  -25.617  -55.460  -6.803 0.6999999881
42505  -26.318  -55.449  -6.133 0.6999999881
152093  -21.801  -50.948  -11.244 0.6000000238
46444  -21.543  -50.410  -10.899 0.5000000000
45530  -21.665  -50.556  -11.143 0.5000000000
44647  -23.500  -52.835  -8.914 0.6000000238
47332  -22.214  -50.490  -9.871 0.4000000060
47340  -22.258  -50.400  -10.197 0.5000000000
45506  -23.125  -51.169  -9.160 0.6000000238
44627  -29.688  -53.518  -6.214 0.6999999881
141756  -30.476  -52.942  -8.188 0.6999999881
44628  -30.203  -53.575  -6.886 0.6999999881
44649  -30.432  -53.596  -8.513 0.6999999881
135361  -22.593  -50.759  -7.624 0.3000000119
44661  -29.899  -53.069  -9.989 0.6999999881
43713  -28.211  -54.160  -13.393 0.8000000119
44701  -28.456  -53.856  -12.845 0.8000000119
44702  -28.828  -53.524  -12.135 0.6999999881
141590  -29.136  -52.825  -11.632 0.6999999881
45531  -29.706  -52.194  -10.450 0.6999999881
44722  -27.397  -53.969  -14.771 0.8000000119
45571  -28.411  -52.542  -13.653 0.8000000119
44743  -26.423  -53.830  -16.788 0.8000000119
43733  -26.580  -54.368  -15.917 0.8000000119
44735  -26.708  -53.752  -15.638 0.8000000119
142890  -27.796  -53.488  -14.357 0.8000000119
141165  -26.751  -53.271  -17.274 0.8000000119
131607  -25.913  -52.254  -16.212 0.8000000119
45585  -27.266  -52.300  -14.962 0.8000000119
46503  -26.851  -51.542  -15.140 0.8000000119
47406  -26.434  -50.955  -15.012 0.8000000119
141560  -31.971  -52.917  -20.282 0.6000000238
44767  -31.296  -53.222  -19.863 0.6999999881
45612  -29.286  -52.461  -17.854 0.8000000119
45619  -30.550  -52.417  -19.067 0.6000000238
47441  -28.900  -50.210  -17.284 0.6999999881
47448  -29.548  -50.836  -17.673 0.6000000238
46539  -30.423  -51.670  -18.622 0.6000000238
138289  -23.262  -52.017  -9.232 0.6000000238
42491  -26.194  -54.694  -5.831 0.6999999881
42492  -26.927  -54.910  -5.682 0.6999999881
44637  -24.440  -52.989  -7.623 0.6000000238
43604  -26.557  -54.184  -5.530 0.6999999881
43605  -27.643  -54.228  -5.533 0.6999999881
43606  -28.547  -54.708  -5.695 0.6999999881
46418  -22.912  -50.733  -9.092 0.4000000060
46428  -22.503  -50.690  -9.712 0.4000000060
44625  -24.727  -52.747  -6.935 0.5000000000
44613  -26.226  -53.566  -5.397 0.6999999881
43607  -29.235  -54.213  -5.831 0.6999999881
133785  -24.245  -52.071  -7.582 0.5000000000
45491  -24.533  -51.851  -6.889 0.5000000000
45493  -29.579  -52.706  -5.883 0.6999999881
46417  -22.636  -50.729  -8.905 0.3000000119
46411  -23.046  -50.633  -8.050 0.3000000119
46412  -23.723  -50.696  -7.656 0.4000000060
45494  -30.110  -52.762  -6.523 0.6999999881
47328  -23.570  -50.153  -7.523 0.3000000119
152758  -30.445  -52.554  -8.534 0.6999999881
45508  -30.512  -52.301  -8.107 0.6999999881
45520  -30.119  -52.149  -9.637 0.6999999881
135903  -30.482  -51.480  -8.239 0.6999999881
44712  -28.245  -53.434  -13.639 0.8000000119
45550  -29.377  -52.146  -11.200 0.6999999881
138976  -29.450  -52.936  -10.859 0.6999999881
47334  -30.382  -50.681  -8.752 0.6999999881
145475  -29.567  -51.572  -10.810 0.6999999881
47341  -29.869  -50.463  -10.280 0.6999999881
44734  -26.466  -53.905  -16.303 0.8000000119
133790  -27.269  -53.191  -14.983 0.8000000119
45563  -29.059  -51.990  -12.033 0.6999999881
131661  -29.580  -50.853  -10.835 0.6999999881
44723  -27.911  -52.831  -14.340 0.8000000119
45562  -28.706  -52.243  -12.848 0.8000000119
47366  -29.397  -50.498  -11.626 0.8000000119
48236  -29.722  -49.100  -11.018 0.6999999881
142003  -26.213  -53.215  -16.942 0.8000000119
47394  -28.295  -50.743  -14.268 0.8000000119
47382  -29.153  -50.249  -12.576 0.8000000119
45603  -26.005  -52.435  -16.635 0.8000000119
46516  -26.168  -52.052  -15.691 0.8000000119
129922  -27.439  -51.016  -14.698 0.8000000119
48259  -28.706  -50.089  -13.577 0.8000000119
45610  -27.314  -52.535  -17.463 0.8000000119
46515  -25.439  -51.648  -16.056 0.8000000119
47407  -27.454  -50.394  -14.587 0.8000000119
48273  -28.471  -49.389  -14.000 0.8000000119
46530  -26.917  -51.862  -17.292 0.8000000119
48288  -26.236  -50.186  -14.717 0.8000000119
45633  -32.508  -52.172  -20.529 0.5000000000
46546  -30.988  -51.581  -19.235 0.6000000238
47439  -26.573  -51.174  -17.138 0.8000000119
140061  -27.609  -51.226  -17.359 0.8000000119
45626  -31.812  -52.264  -20.028 0.6000000238
134948  -31.412  -50.771  -19.462 0.6000000238
134949  -30.235  -51.032  -18.243 0.6000000238
47457  -30.843  -50.771  -18.845 0.6000000238
147703  -24.518  -53.870  -7.640 0.6999999881
151519  -24.922  -54.222  -7.164 0.6999999881
146079  -23.990  -52.346  -8.106 0.6000000238
44612  -25.703  -53.129  -5.605 0.6999999881
146554  -27.346  -52.900  -5.065 0.6999999881
44615  -28.112  -53.309  -5.310 0.6999999881
45492  -25.133  -52.485  -6.189 0.5000000000
45478  -26.445  -52.833  -5.081 0.6999999881
144091  -24.317  -50.910  -7.110 0.4000000060
47316  -24.583  -50.519  -6.474 0.4000000060
46405  -24.921  -51.455  -6.042 0.5000000000
44616  -29.104  -53.404  -5.607 0.6999999881
46406  -30.006  -51.985  -6.143 0.6999999881
128822  -24.395  -49.923  -6.798 0.3000000119
48202  -24.672  -49.901  -6.069 0.3000000119
47317  -25.072  -50.606  -5.529 0.5000000000
46399  -29.842  -51.211  -5.752 0.6999999881
46407  -30.277  -51.240  -6.497 0.6999999881
135372  -23.103  -49.666  -7.492 0.3000000119
49048  -24.911  -48.743  -5.111 0.3000000119
47324  -30.449  -50.509  -7.016 0.6999999881
131343  -24.607  -47.990  -5.490 0.3000000119
138173  -30.488  -49.758  -7.662 0.6999999881
46475  -28.852  -51.565  -12.767 0.8000000119
46461  -29.365  -51.361  -11.448 0.6999999881
141790  -30.302  -49.960  -9.087 0.6999999881
47356  -29.676  -49.928  -10.862 0.6999999881
49083  -29.921  -48.891  -10.334 0.6999999881
45597  -26.455  -52.843  -15.714 0.8000000119
45586  -28.105  -52.144  -14.313 0.8000000119
46476  -29.144  -51.092  -12.252 0.6999999881
48245  -29.426  -49.486  -11.884 0.8000000119
45596  -26.218  -53.172  -16.449 0.8000000119
134100  -28.188  -49.994  -14.309 0.8000000119
49124  -28.720  -48.668  -13.537 0.8000000119
46525  -25.627  -51.771  -16.333 0.8000000119
46529  -25.961  -51.971  -16.880 0.8000000119
47420  -25.708  -51.429  -15.609 0.8000000119
140899  -26.944  -49.242  -14.474 0.8000000119
50078  -28.204  -47.936  -14.056 0.8000000119
47429  -25.712  -50.920  -16.877 0.8000000119
47438  -25.480  -51.451  -16.546 0.8000000119
48287  -25.178  -50.935  -15.440 0.8000000119
48286  -24.604  -50.253  -15.245 0.8000000119
47440  -27.811  -50.540  -17.307 0.8000000119
44638  -24.852  -53.577  -7.041 0.6000000238
151282  -23.989  -50.459  -7.477 0.3000000119
151983  -24.107  -51.301  -7.554 0.5000000000
45465  -26.401  -51.942  -4.749 0.6000000238
46381  -25.603  -51.369  -5.002 0.5000000000
46383  -27.304  -51.549  -4.481 0.6999999881
46396  -27.935  -51.875  -4.802 0.6999999881
46397  -28.693  -51.887  -5.050 0.6999999881
47304  -26.550  -50.432  -4.163 0.6000000238
46384  -28.340  -51.173  -4.596 0.6999999881
46398  -29.240  -51.214  -5.091 0.6999999881
49055  -24.488  -48.626  -6.118 0.3000000119
48189  -25.170  -49.728  -5.084 0.3000000119
47306  -28.407  -50.383  -4.296 0.6999999881
49054  -24.030  -48.596  -7.007 0.3000000119
135798  -25.937  -46.990  -3.551 0.3000000119
47318  -29.634  -50.480  -5.315 0.6999999881
47319  -30.182  -50.361  -6.109 0.6999999881
51946  -23.819  -45.778  -5.005 0.3000000119
50969  -24.397  -46.532  -4.704 0.3000000119
50970  -25.074  -45.933  -3.831 0.3000000119
139006  -23.268  -44.950  -5.239 0.3000000119
153005  -30.439  -50.091  -8.392 0.6999999881
48224  -30.271  -49.319  -9.212 0.6999999881
49096  -29.561  -48.509  -11.655 0.8000000119
49112  -29.268  -48.641  -12.569 0.8000000119
50079  -28.946  -47.893  -13.140 0.8000000119
139900  -25.138  -51.418  -16.167 0.8000000119
47419  -24.949  -51.245  -15.961 0.8000000119
48298  -24.437  -50.848  -15.823 0.8000000119
49142  -25.715  -49.407  -14.515 0.8000000119
50096  -26.932  -48.353  -14.280 0.8000000119
48308  -26.793  -50.302  -17.134 0.8000000119
140853  -26.898  -49.549  -17.082 0.6999999881
46382  -26.480  -51.117  -4.430 0.6000000238
48192  -28.073  -49.770  -3.928 0.6000000238
47307  -29.060  -50.491  -4.674 0.6999999881
49026  -25.960  -48.089  -3.626 0.4000000060
49037  -27.587  -48.997  -3.618 0.6000000238
48193  -28.897  -49.765  -4.309 0.6999999881
48203  -29.438  -49.805  -4.870 0.6999999881
138982  -28.038  -48.065  -3.592 0.4000000060
141896  -29.718  -49.122  -5.063 0.6999999881
48204  -29.926  -49.727  -5.527 0.6999999881
48210  -30.417  -49.733  -6.736 0.6999999881
52925  -25.608  -44.284  -3.770 0.3000000119
49987  -28.296  -47.243  -3.611 0.4000000060
50001  -29.696  -47.713  -4.792 0.6000000238
49050  -30.363  -48.355  -6.050 0.6999999881
143982  -30.504  -49.129  -7.147 0.6999999881
48219  -30.415  -49.438  -8.527 0.6999999881
140209  -30.496  -48.000  -7.689 0.6999999881
49064  -30.342  -48.735  -8.815 0.6999999881
50029  -30.218  -48.040  -9.188 0.6999999881
48260  -29.051  -49.427  -13.006 0.8000000119
49143  -27.881  -48.802  -14.294 0.8000000119
50062  -29.045  -47.075  -12.818 0.8000000119
146124  -27.561  -47.113  -13.910 0.8000000119
48306  -24.440  -50.623  -16.277 0.8000000119
146904  -23.753  -49.883  -15.208 0.8000000119
49141  -24.353  -49.477  -14.589 0.8000000119
50095  -25.373  -48.632  -14.186 0.8000000119
47449  -30.324  -50.131  -18.284 0.6000000238
48319  -29.281  -49.367  -17.364 0.6000000238
49167  -27.624  -48.734  -16.966 0.6999999881
48191  -27.051  -49.853  -3.789 0.6000000238
49038  -28.706  -48.871  -3.954 0.6000000238
133781  -26.801  -46.726  -3.381 0.3000000119
145723  -29.286  -49.225  -4.489 0.6000000238
129693  -26.010  -45.223  -3.472 0.3000000119
50956  -27.904  -46.457  -3.477 0.3000000119
49988  -29.013  -47.716  -3.978 0.5000000000
51929  -27.967  -45.375  -3.522 0.3000000119
50957  -28.776  -46.744  -3.876 0.5000000000
50002  -30.180  -47.691  -5.600 0.6999999881
53901  -24.927  -43.156  -4.460 0.3000000119
53902  -26.183  -43.578  -3.883 0.3000000119
140164  -29.642  -46.302  -4.990 0.4000000060
50010  -30.437  -47.610  -6.396 0.6999999881
54889  -24.390  -42.647  -4.944 0.3000000119
50014  -30.499  -47.472  -7.196 0.6000000238
152284  -30.013  -46.755  -8.992 0.6000000238
51973  -30.181  -46.568  -8.229 0.6000000238
144149  -29.767  -47.630  -10.697 0.8000000119
144944  -30.025  -47.299  -9.479 0.6999999881
50991  -29.869  -46.044  -8.915 0.6000000238
50050  -29.621  -47.681  -11.394 0.8000000119
50028  -29.807  -47.108  -10.218 0.6999999881
51001  -29.829  -46.508  -9.630 0.6999999881
50063  -29.387  -47.776  -12.249 0.8000000119
51024  -29.460  -46.297  -11.274 0.6999999881
51012  -29.612  -46.193  -10.475 0.6999999881
51983  -29.645  -45.638  -9.676 0.6999999881
132457  -28.515  -47.255  -13.538 0.8000000119
51035  -29.419  -46.840  -11.904 0.8000000119
52016  -29.193  -45.898  -11.867 0.6999999881
138410  -29.368  -45.615  -11.116 0.6999999881
51049  -28.445  -46.500  -13.341 0.8000000119
52005  -28.748  -45.344  -12.142 0.6999999881
52006  -29.067  -45.263  -11.567 0.6999999881
47428  -24.834  -51.130  -16.308 0.8000000119
131794  -23.886  -50.226  -15.853 0.8000000119
51064  -26.155  -47.592  -14.015 0.8000000119
52030  -27.637  -46.013  -13.570 0.8000000119
50094  -24.015  -48.877  -13.959 0.8000000119
49164  -23.788  -49.370  -16.406 0.8000000119
51062  -24.012  -47.895  -13.599 0.8000000119
48307  -25.546  -50.232  -16.867 0.8000000119
49165  -24.823  -49.521  -16.639 0.8000000119
50116  -24.561  -48.574  -16.833 0.6999999881
49177  -29.757  -48.668  -17.709 0.6000000238
49166  -26.318  -49.037  -16.929 0.8000000119
50118  -27.094  -48.041  -16.843 0.6999999881
50958  -29.398  -46.938  -4.470 0.5000000000
136013  -27.034  -45.035  -3.370 0.3000000119
51930  -28.893  -45.359  -4.142 0.4000000060
50972  -30.287  -47.071  -5.941 0.6000000238
136011  -27.094  -43.569  -3.593 0.3000000119
50981  -30.073  -46.422  -5.783 0.5000000000
50982  -30.359  -46.739  -6.656 0.6000000238
138883  -26.650  -42.727  -4.089 0.3000000119
136580  -28.033  -43.633  -3.762 0.3000000119
51957  -30.038  -45.841  -6.459 0.6000000238
51966  -30.170  -46.106  -7.363 0.6000000238
54868  -24.700  -41.851  -5.171 0.3000000119
142331  -26.544  -41.700  -4.566 0.3000000119
132644  -28.856  -43.686  -4.431 0.3000000119
55884  -25.088  -41.113  -5.336 0.3000000119
51972  -29.910  -45.624  -8.121 0.6000000238
56838  -23.814  -40.601  -5.573 0.3000000119
137704  -29.650  -45.171  -8.892 0.6999999881
51995  -29.437  -45.251  -10.407 0.6999999881
51048  -26.542  -46.599  -13.702 0.8000000119
52014  -27.613  -45.181  -13.108 0.6999999881
135339  -28.225  -44.869  -12.469 0.6999999881
52029  -26.561  -45.598  -13.400 0.6999999881
51063  -25.341  -47.169  -13.647 0.8000000119
51047  -25.658  -46.329  -13.491 0.6999999881
49140  -23.315  -49.409  -14.757 0.8000000119
50093  -22.438  -48.640  -14.391 0.6999999881
51046  -24.345  -46.734  -13.294 0.6000000238
49186  -31.239  -48.220  -19.116 0.6000000238
50107  -23.042  -48.861  -16.754 0.6999999881
50119  -28.228  -47.825  -16.934 0.6999999881
50117  -25.860  -48.316  -16.858 0.6999999881
52048  -24.008  -45.383  -16.770 0.5000000000
52049  -25.391  -45.298  -16.120 0.5000000000
51965  -29.762  -45.156  -7.195 0.6000000238
145573  -29.515  -44.064  -8.146 0.6000000238
52985  -29.408  -44.687  -9.690 0.6999999881
152958  -29.275  -44.097  -9.479 0.6999999881
150579  -29.219  -44.565  -10.406 0.6999999881
57855  -22.278  -39.612  -5.363 0.3000000119
53008  -28.689  -44.605  -11.683 0.6999999881
52996  -28.855  -44.176  -10.862 0.6999999881
51061  -22.844  -47.450  -13.485 0.6999999881
53023  -26.922  -44.806  -13.101 0.6999999881
142473  -27.555  -44.443  -12.707 0.6000000238
49152  -23.228  -49.615  -15.785 0.6999999881
49139  -22.450  -49.389  -15.590 0.6999999881
50106  -21.919  -48.520  -16.332 0.6999999881
50127  -29.144  -47.571  -17.310 0.6000000238
50128  -29.968  -47.771  -17.851 0.5000000000
139473  -25.553  -47.670  -16.830 0.6999999881
51086  -25.878  -46.812  -16.643 0.6999999881
51087  -27.164  -46.372  -16.424 0.6000000238
52954  -29.600  -44.367  -6.599 0.5000000000
54900  -29.495  -42.986  -6.484 0.4000000060
128722  -29.552  -43.630  -6.947 0.5000000000
52961  -29.593  -44.256  -7.464 0.6000000238
142096  -29.467  -42.918  -7.271 0.5000000000
53938  -29.461  -43.544  -7.742 0.6000000238
53967  -29.143  -43.589  -9.274 0.6000000238
136620  -22.048  -38.719  -5.436 0.3000000119
58839  -23.011  -39.044  -5.443 0.3000000119
53979  -29.061  -43.906  -10.021 0.6999999881
53989  -28.451  -43.704  -11.449 0.6000000238
53978  -28.640  -43.373  -10.642 0.6000000238
53024  -28.138  -44.044  -12.177 0.6000000238
52028  -25.265  -45.691  -13.264 0.6000000238
140421  -23.127  -46.583  -13.228 0.6000000238
53038  -25.978  -44.872  -12.983 0.6000000238
50077  -21.616  -47.548  -14.092 0.6999999881
51045  -21.752  -46.657  -13.570 0.6000000238
51073  -23.041  -47.583  -17.045 0.6999999881
130316  -27.736  -47.144  -16.679 0.6999999881
51097  -29.772  -46.841  -17.631 0.5000000000
51096  -28.804  -46.965  -17.060 0.6000000238
146964  -29.486  -46.083  -17.287 0.5000000000
51074  -24.731  -46.344  -16.791 0.6000000238
52058  -27.248  -45.595  -15.994 0.5000000000
52059  -28.162  -45.555  -16.368 0.5000000000
52050  -26.705  -45.106  -15.698 0.5000000000
145134  -29.416  -42.313  -6.149 0.4000000060
150556  -29.499  -42.383  -6.811 0.4000000060
55904  -29.433  -41.631  -6.664 0.4000000060
56842  -27.372  -40.039  -5.223 0.4000000060
53953  -29.307  -43.525  -8.525 0.6000000238
58854  -22.638  -38.032  -5.525 0.3000000119
58855  -23.573  -38.163  -5.548 0.3000000119
58856  -24.486  -38.246  -5.655 0.3000000119
53966  -28.707  -42.973  -9.761 0.6000000238
60773  -22.650  -36.459  -6.321 0.3000000119
54962  -28.294  -42.849  -11.238 0.6000000238
54002  -27.405  -43.665  -12.488 0.5000000000
53988  -27.954  -43.220  -11.950 0.6000000238
53037  -24.831  -45.020  -12.689 0.6000000238
52027  -24.073  -45.821  -13.150 0.6000000238
133193  -26.685  -44.188  -12.812 0.6000000238
52026  -22.916  -45.818  -13.256 0.6000000238
53021  -24.238  -44.316  -12.579 0.6000000238
50092  -21.058  -47.889  -15.208 0.6999999881
51044  -21.847  -45.492  -13.532 0.6000000238
135349  -23.202  -46.387  -17.056 0.6999999881
52057  -26.232  -45.881  -16.253 0.5000000000
53055  -24.637  -44.690  -15.934 0.5000000000
56843  -28.750  -41.005  -5.499 0.4000000060
54912  -29.352  -42.082  -7.536 0.4000000060
56844  -29.205  -41.054  -6.208 0.4000000060
128563  -29.249  -42.856  -8.088 0.5000000000
57879  -28.628  -39.363  -6.570 0.4000000060
54928  -29.027  -42.174  -8.441 0.4000000060
54941  -29.022  -42.884  -8.896 0.4000000060
59888  -24.115  -37.393  -5.893 0.3000000119
59889  -25.037  -37.543  -6.120 0.3000000119
58857  -25.341  -38.331  -5.809 0.4000000060
60775  -24.670  -36.731  -6.459 0.3000000119
59890  -25.935  -37.708  -6.367 0.4000000060
54952  -28.461  -42.638  -10.506 0.6000000238
54001  -26.468  -43.374  -12.644 0.5000000000
53022  -25.491  -44.075  -12.644 0.6000000238
55973  -27.024  -42.001  -12.225 0.5000000000
53036  -23.760  -45.108  -12.798 0.6000000238
52046  -20.795  -46.481  -15.601 0.6000000238
53034  -21.397  -44.914  -13.916 0.6000000238
52047  -22.392  -45.830  -16.523 0.5000000000
52040  -23.153  -44.766  -16.223 0.5000000000
53049  -25.026  -44.005  -15.074 0.5000000000
53056  -26.059  -44.416  -15.366 0.5000000000
56859  -28.880  -40.252  -6.160 0.4000000060
55915  -29.379  -41.265  -7.317 0.4000000060
55927  -29.094  -41.342  -8.084 0.4000000060
54927  -28.787  -41.636  -8.750 0.4000000060
57880  -29.155  -39.973  -7.078 0.4000000060
56884  -28.675  -40.971  -8.678 0.4000000060
55940  -28.465  -41.449  -9.312 0.4000000060
60774  -23.704  -36.566  -6.313 0.3000000119
55963  -28.105  -41.961  -10.892 0.4000000060
137251  -28.440  -42.057  -9.972 0.5000000000
61654  -23.326  -35.784  -6.685 0.3000000119
55961  -26.961  -41.248  -12.068 0.4000000060
54972  -26.254  -42.480  -12.536 0.5000000000
143435  -24.505  -43.572  -12.477 0.6000000238
54000  -25.361  -43.065  -12.561 0.5000000000
55972  -26.192  -41.531  -12.509 0.5000000000
131950  -22.828  -45.099  -13.126 0.6000000238
54971  -23.980  -42.871  -12.361 0.5000000000
126623  -24.876  -42.038  -12.715 0.5000000000
52039  -21.542  -45.182  -15.593 0.5000000000
53046  -21.458  -44.695  -14.480 0.6000000238
53035  -22.224  -44.504  -13.479 0.6000000238
53999  -23.394  -43.555  -12.604 0.6000000238
54009  -21.735  -44.173  -13.948 0.6000000238
148280  -23.957  -44.127  -15.683 0.5000000000
54019  -27.390  -43.229  -15.032 0.5000000000
53047  -22.690  -44.254  -15.123 0.5000000000
64303  -22.236  -32.745  -7.987 0.3000000119
63438  -23.868  -33.139  -8.154 0.4000000060
54969  -22.400  -43.118  -13.050 0.5000000000
65212  -23.149  -31.452  -8.380 0.4000000060
54983  -21.929  -43.511  -13.813 0.5000000000
56931  -22.232  -40.928  -13.259 0.5000000000
56932  -23.906  -40.455  -12.885 0.5000000000
54993  -22.364  -43.151  -14.291 0.5000000000
55984  -22.107  -41.764  -13.344 0.5000000000
141372  -22.899  -43.561  -14.767 0.6000000238
140654  -26.227  -42.934  -14.636 0.5000000000
54017  -25.010  -43.158  -14.737 0.6000000238
64321  -23.678  -32.268  -8.398 0.4000000060
62630  -25.677  -34.346  -8.438 0.4000000060
54984  -21.999  -42.911  -13.568 0.5000000000
145217  -22.105  -42.511  -14.122 0.5000000000
152480  -22.832  -42.616  -14.498 0.5000000000
54994  -22.500  -41.894  -14.433 0.5000000000
132566  -21.917  -41.119  -14.256 0.5000000000
53048  -23.951  -43.606  -15.086 0.5000000000
54016  -23.568  -43.067  -14.808 0.5000000000
55991  -26.382  -41.239  -14.895 0.4000000060
54995  -23.976  -42.343  -14.723 0.5000000000
54996  -25.582  -42.214  -14.694 0.5000000000
64323  -25.259  -32.812  -9.027 0.4000000060
66128  -23.662  -30.782  -8.599 0.4000000060
55983  -21.878  -41.953  -13.776 0.5000000000
57953  -22.698  -39.982  -12.954 0.4000000060
149668  -23.524  -41.652  -14.715 0.4000000060
55990  -24.667  -41.356  -14.850 0.5000000000
139550  -25.869  -40.480  -14.963 0.3000000119
56930  -21.677  -40.302  -13.372 0.4000000060
136701  -23.140  -41.172  -14.793 0.4000000060
56950  -24.348  -40.512  -14.908 0.5000000000
134419  -25.668  -39.631  -15.029 0.4000000060
134178  -24.119  -39.783  -14.821 0.4000000060
56949  -22.882  -40.515  -14.772 0.4000000060
58972  -28.484  -38.843  -15.551 0.4000000060
137499  -26.098  -38.842  -15.192 0.4000000060
58955  -22.478  -38.359  -14.102 0.4000000060
149117  -26.292  -38.420  -14.903 0.4000000060
58959  -27.814  -38.601  -15.001 0.4000000060
59983  -28.163  -38.097  -14.225 0.4000000060
59984  -29.148  -37.878  -14.233 0.4000000060
138033  -23.940  -39.025  -14.596 0.4000000060
137590  -25.104  -38.981  -14.868 0.3000000119
133765  -25.594  -38.307  -14.876 0.4000000060
59979  -24.214  -37.545  -14.391 0.4000000060
59978  -23.048  -37.586  -14.110 0.4000000060
59980  -25.140  -37.612  -14.654 0.3000000119
59981  -26.007  -37.776  -14.567 0.4000000060
59982  -26.971  -38.210  -14.367 0.4000000060
59972  -28.561  -37.605  -13.545 0.4000000060
58957  -24.704  -38.284  -14.668 0.3000000119
59970  -26.500  -37.424  -13.714 0.4000000060
59971  -27.519  -37.614  -13.518 0.5000000000
60866  -24.585  -36.979  -14.483 0.4000000060
59969  -25.467  -36.993  -14.132 0.4000000060
133061  -31.392  -64.585  -18.026 0.6999999881
33868  -30.445  -64.674  -10.608 0.6999999881
147424  -24.198  -64.678  -18.745 0.6000000238
131658  -31.351  -62.072  -11.184 0.8000000119
150841  -29.278  -62.970  -9.324 0.8000000119
36868  -24.330  -61.615  -12.287 0.6000000238
36834  -24.860  -60.940  -10.956 0.6000000238
36835  -25.412  -61.120  -10.366 0.6999999881
38752  -31.201  -59.604  -10.795 0.8000000119
144208  -18.869  -60.948  -16.806 0.4000000060
39773  -27.286  -58.438  -17.856 0.8000000119
39686  -23.845  -58.358  -10.362 0.6000000238
152050  -19.209  -57.912  -14.705 0.5000000000
40523  -29.547  -57.730  -7.371 0.8000000119
134972  -30.725  -57.134  -10.010 0.8000000119
39622  -26.874  -58.210  -7.621 0.8000000119
42592  -20.502  -55.023  -12.690 0.6000000238
42565  -19.923  -55.212  -10.545 0.5000000000
44700  -19.838  -52.248  -12.760 0.6000000238
41506  -24.903  -55.911  -7.922 0.6999999881
43698  -28.679  -54.265  -12.365 0.6999999881
42493  -27.776  -55.042  -5.709 0.6999999881
44626  -25.259  -53.363  -6.364 0.6999999881
48289  -27.611  -49.625  -14.434 0.8000000119
45480  -28.058  -52.481  -5.051 0.6999999881
49072  -30.158  -48.785  -9.600 0.6999999881
50037  -30.041  -48.012  -10.064 0.6999999881
137699  -30.387  -48.045  -8.394 0.6999999881
51002  -30.226  -47.344  -8.721 0.6000000238
49036  -26.516  -49.144  -3.709 0.6000000238
141061  -29.150  -46.156  -4.328 0.5000000000
53928  -29.497  -43.676  -6.086 0.4000000060
56860  -29.353  -40.745  -6.820 0.4000000060
54018  -25.990  -43.616  -14.743 0.5000000000
56948  -21.988  -40.435  -14.279 0.4000000060
31872  -29.718  -66.080  -22.089 0.5000000000
30811  -32.934  -67.114  -18.750 0.6999999881
34979  -30.139  -63.409  -21.526 0.5000000000
31845  -25.671  -66.840  -16.665 0.5000000000
36025  -29.287  -62.663  -21.081 0.6999999881
32846  -31.287  -65.360  -11.959 0.6999999881
128237  -31.550  -63.771  -13.253 0.6999999881
36925  -29.231  -61.318  -16.922 0.6999999881
35997  -30.349  -62.351  -16.851 0.6999999881
36941  -30.289  -61.410  -19.634 0.6000000238
38861  -31.352  -59.983  -18.398 0.5000000000
34939  -23.911  -63.824  -15.111 0.6000000238
35953  -31.312  -62.322  -13.656 0.6999999881
127042  -28.821  -60.207  -19.324 0.6999999881
33912  -25.214  -64.814  -14.226 0.6000000238
34886  -30.508  -63.684  -10.354 0.8000000119
35936  -31.436  -62.155  -12.877 0.6999999881
38871  -33.577  -59.618  -19.969 0.4000000060
34867  -28.762  -63.334  -9.293 0.8000000119
35995  -23.055  -62.391  -16.765 0.6000000238
36004  -23.124  -62.474  -17.769 0.6000000238
35935  -24.494  -62.395  -12.510 0.6999999881
36820  -30.328  -61.947  -9.759 0.6999999881
33955  -21.053  -64.074  -18.177 0.5000000000
38781  -31.103  -59.852  -12.046 0.8000000119
39791  -32.258  -59.222  -18.837 0.5000000000
150150  -27.330  -61.509  -8.730 0.6999999881
127456  -22.661  -60.687  -16.864 0.6000000238
145362  -30.489  -59.911  -9.415 0.8000000119
38809  -30.010  -59.807  -14.157 0.8000000119
40694  -30.477  -57.863  -17.984 0.6999999881
39798  -32.120  -58.366  -19.020 0.6000000238
36803  -27.119  -60.997  -8.645 0.6999999881
144231  -22.412  -59.394  -16.193 0.6000000238
39731  -28.502  -58.444  -14.997 0.8999999762
39744  -27.421  -57.975  -16.401 0.8000000119
41671  -31.715  -56.830  -19.410 0.6000000238
40715  -33.302  -57.897  -21.083 0.4000000060
36921  -17.930  -61.263  -16.210 0.3000000119
37860  -22.494  -59.981  -17.535 0.5000000000
37865  -21.855  -60.057  -18.139 0.5000000000
36002  -21.378  -61.696  -18.193 0.5000000000
35993  -19.107  -62.480  -17.229 0.4000000060
130458  -27.218  -57.028  -18.038 0.8000000119
38749  -23.946  -58.952  -10.769 0.6000000238
38768  -23.150  -58.787  -12.070 0.6000000238
150671  -24.658  -59.325  -10.170 0.6000000238
39643  -26.332  -58.667  -8.230 0.8000000119
144498  -22.383  -58.981  -14.040 0.5000000000
36923  -20.932  -60.248  -17.890 0.4000000060
142301  -20.408  -59.586  -17.365 0.5000000000
38830  -21.583  -58.754  -17.167 0.5000000000
41566  -30.225  -56.731  -11.472 0.8000000119
43775  -31.449  -54.738  -20.151 0.6000000238
42682  -32.500  -55.447  -20.782 0.4000000060
39707  -22.491  -58.365  -12.534 0.6000000238
38806  -18.587  -59.242  -14.449 0.5000000000
39758  -19.651  -58.110  -15.879 0.5000000000
39729  -21.635  -58.074  -14.314 0.5000000000
40664  -20.821  -57.868  -15.881 0.5000000000
40522  -28.343  -57.950  -6.985 0.6999999881
40594  -22.823  -57.725  -11.174 0.6000000238
40601  -19.443  -57.358  -13.126 0.5000000000
41590  -19.456  -56.075  -13.709 0.6000000238
41609  -19.556  -56.403  -14.231 0.5000000000
41573  -19.365  -56.281  -13.184 0.6000000238
128201  -19.287  -57.897  -13.853 0.5000000000
40615  -21.479  -57.364  -13.702 0.5000000000
39660  -21.556  -58.604  -10.238 0.6000000238
39683  -21.104  -58.389  -11.093 0.6000000238
41624  -19.734  -56.726  -14.939 0.5000000000
41592  -20.132  -55.864  -14.093 0.6000000238
41591  -19.841  -55.195  -13.555 0.6000000238
40630  -20.626  -57.155  -15.199 0.5000000000
132521  -20.808  -56.546  -14.041 0.5000000000
42521  -29.912  -56.067  -6.924 0.6999999881
139403  -30.465  -56.032  -8.198 0.6999999881
135386  -26.983  -56.380  -15.895 0.8999999762
42564  -19.230  -54.843  -11.518 0.5000000000
42590  -19.295  -54.581  -12.790 0.6000000238
42605  -19.446  -55.403  -13.384 0.6000000238
42606  -20.193  -55.326  -13.511 0.6000000238
43696  -19.995  -53.391  -12.857 0.6000000238
43652  -20.543  -55.162  -9.752 0.4000000060
45546  -19.049  -51.890  -12.383 0.5000000000
44667  -18.883  -52.873  -11.604 0.5000000000
42522  -30.341  -55.712  -7.611 0.6999999881
43626  -21.594  -54.483  -8.476 0.4000000060
137063  -19.177  -51.787  -11.532 0.5000000000
43671  -29.934  -54.639  -10.347 0.6999999881
42647  -26.699  -55.709  -16.323 0.8000000119
41523  -24.351  -56.073  -8.568 0.6999999881
42566  -21.078  -53.873  -11.748 0.6999999881
135594  -22.472  -54.627  -10.084 0.6999999881
43685  -20.811  -52.915  -12.055 0.6000000238
43619  -29.799  -54.458  -6.549 0.6999999881
45516  -20.883  -51.524  -9.871 0.5000000000
132087  -30.459  -54.251  -8.036 0.6999999881
140321  -21.776  -53.764  -8.245 0.4000000060
44757  -28.960  -53.745  -18.087 0.8000000119
44669  -21.852  -51.886  -11.173 0.6000000238
42535  -23.915  -55.036  -8.714 0.6999999881
44686  -20.125  -51.651  -12.683 0.6000000238
46442  -19.391  -50.849  -12.075 0.5000000000
45498  -21.737  -51.949  -8.277 0.3000000119
44662  -30.267  -53.687  -9.327 0.6999999881
45501  -30.424  -52.745  -7.351 0.6999999881
46410  -22.069  -51.151  -8.977 0.3000000119
139357  -27.794  -53.218  -17.584 0.8999999762
44752  -28.762  -53.174  -17.776 0.8000000119
45618  -29.944  -52.461  -18.466 0.6000000238
132803  -28.539  -51.033  -17.386 0.8000000119
45518  -22.170  -50.897  -10.771 0.6000000238
43641  -24.232  -54.338  -8.228 0.6999999881
43603  -25.760  -54.032  -5.820 0.6999999881
46427  -22.277  -50.497  -10.262 0.5000000000
45500  -23.514  -51.285  -8.226 0.4000000060
45521  -30.329  -52.866  -9.023 0.6999999881
131165  -28.569  -53.049  -12.865 0.8000000119
46429  -29.903  -51.309  -10.133 0.6999999881
45609  -26.310  -52.615  -17.117 0.8000000119
45611  -28.418  -52.470  -17.640 0.8000000119
139844  -28.591  -53.972  -5.553 0.6999999881
135970  -30.363  -52.013  -6.847 0.6999999881
150759  -24.060  -49.185  -7.176 0.3000000119
132300  -30.383  -52.116  -8.806 0.6999999881
46413  -30.472  -51.311  -7.320 0.6999999881
46430  -30.275  -51.378  -9.221 0.6999999881
47329  -30.494  -50.635  -7.895 0.6999999881
143188  -30.063  -49.670  -9.957 0.6999999881
46488  -28.545  -51.650  -13.722 0.8000000119
47381  -28.826  -50.884  -13.184 0.8000000119
45481  -28.899  -52.631  -5.343 0.6999999881
138535  -29.422  -51.940  -5.525 0.6999999881
150059  -24.680  -49.263  -5.830 0.3000000119
47303  -25.755  -50.543  -4.663 0.5000000000
50009  -24.201  -47.890  -6.332 0.3000000119
49060  -30.492  -48.778  -7.896 0.6999999881
47305  -27.471  -50.652  -4.131 0.6000000238
49985  -26.393  -47.496  -3.482 0.3000000119
51927  -25.992  -46.252  -3.466 0.3000000119
146975  -30.255  -49.577  -6.090 0.6999999881
48309  -28.087  -49.572  -17.159 0.6999999881
49986  -27.419  -47.360  -3.433 0.4000000060
49049  -29.992  -48.412  -5.263 0.6999999881
142391  -30.173  -49.038  -5.718 0.6999999881
141807  -30.407  -49.028  -6.442 0.6999999881
49056  -30.541  -48.338  -6.978 0.6999999881
50018  -30.385  -47.370  -7.960 0.6000000238
51034  -28.967  -46.268  -12.569 0.8000000119
147152  -24.975  -47.976  -14.001 0.8000000119
49176  -28.923  -48.496  -17.179 0.6000000238
51928  -26.986  -45.836  -3.326 0.3000000119
49027  -26.857  -48.253  -3.491 0.5000000000
50971  -29.879  -47.020  -5.266 0.5000000000
54869  -25.189  -42.420  -4.709 0.3000000119
51947  -29.775  -45.701  -5.569 0.5000000000
137586  -29.611  -46.965  -10.986 0.8000000119
131413  -29.666  -44.751  -8.120 0.6000000238
52015  -28.410  -45.655  -12.910 0.6999999881
133585  -26.596  -47.352  -16.712 0.6999999881
139878  -25.923  -42.303  -4.528 0.3000000119
55885  -25.964  -40.986  -5.065 0.3000000119
52973  -29.436  -44.257  -8.893 0.6000000238
51085  -24.520  -47.598  -17.030 0.6999999881
51060  -20.844  -46.989  -14.393 0.6000000238
52038  -21.065  -45.780  -14.386 0.6000000238
138651  -28.431  -46.267  -16.719 0.6000000238
55887  -29.244  -41.654  -5.864 0.4000000060
147544  -26.407  -39.076  -5.665 0.4000000060
59887  -23.155  -37.288  -5.847 0.3000000119
54973  -27.202  -42.837  -12.364 0.5000000000
51072  -21.766  -47.196  -16.570 0.5000000000
54940  -28.739  -42.199  -9.199 0.4000000060
54961  -27.702  -42.407  -11.722 0.5000000000
56898  -28.290  -40.597  -9.248 0.4000000060
55949  -27.675  -41.203  -10.898 0.4000000060
54015  -21.984  -43.880  -14.257 0.6000000238
64304  -22.990  -32.914  -7.994 0.3000000119
63439  -24.704  -33.375  -8.412 0.4000000060
54985  -22.205  -42.502  -13.210 0.5000000000
145161  -22.933  -38.913  -14.426 0.4000000060
60865  -23.458  -36.607  -14.093 0.4000000060
60852  -28.445  -36.891  -12.285 0.3000000119
26877  -30.404  -70.900  -14.724 0.5000000000
147970  -31.633  -69.753  -16.259 0.5000000000
26842  -27.834  -71.158  -12.836 0.4000000060
26843  -28.668  -71.064  -12.990 0.5000000000
26862  -28.925  -71.530  -13.522 0.5000000000
27778  -30.772  -70.361  -14.422 0.5000000000
27779  -31.317  -69.947  -14.932 0.6000000238
29776  -31.703  -69.469  -15.535 0.6000000238
27748  -28.271  -70.479  -12.625 0.5000000000
138613  -27.208  -69.901  -12.467 0.5000000000
27749  -29.166  -70.382  -12.721 0.5000000000
28752  -30.832  -69.575  -13.363 0.5000000000
28735  -26.668  -69.507  -12.523 0.5000000000
144450  -31.878  -68.550  -14.098 0.6000000238
29766  -32.245  -68.327  -14.697 0.6000000238
28769  -31.722  -69.118  -14.639 0.6000000238
137450  -32.473  -68.079  -15.355 0.6000000238
30794  -32.761  -67.537  -16.624 0.6000000238
30784  -32.647  -67.457  -15.779 0.6000000238
30800  -32.820  -67.648  -17.431 0.6000000238
30801  -33.034  -67.051  -17.939 0.6000000238
31852  -32.939  -66.898  -17.172 0.6000000238
28736  -27.521  -69.247  -12.327 0.5000000000
28739  -30.384  -69.312  -12.729 0.5000000000
29748  -31.653  -68.339  -13.447 0.6000000238
29731  -26.109  -69.048  -12.780 0.5000000000
29732  -26.791  -68.688  -12.471 0.5000000000
29749  -32.147  -67.894  -14.032 0.6000000238
29764  -25.763  -67.934  -14.918 0.5000000000
29746  -26.431  -68.116  -12.944 0.5000000000
30769  -32.444  -67.449  -14.828 0.6000000238
127828  -32.762  -66.742  -16.341 0.6000000238
31859  -32.754  -66.474  -18.439 0.6000000238
29734  -29.840  -68.880  -12.244 0.5000000000
29735  -30.591  -68.534  -12.431 0.5000000000
138523  -26.977  -67.985  -12.460 0.5000000000
30720  -28.351  -67.844  -11.826 0.5000000000
29718  -29.207  -68.425  -11.928 0.5000000000
29719  -30.052  -68.181  -11.862 0.5000000000
148351  -31.724  -67.426  -13.318 0.6000000238
29765  -26.137  -67.788  -13.918 0.5000000000
30739  -26.954  -67.318  -12.633 0.5000000000
31803  -32.162  -67.146  -14.072 0.6000000238
30767  -25.994  -67.411  -15.373 0.5000000000
30768  -26.222  -67.265  -14.702 0.5000000000
31813  -32.263  -66.519  -14.619 0.6000000238
31831  -32.541  -66.642  -15.473 0.6000000238
32919  -32.397  -65.876  -18.036 0.6000000238
126464  -32.596  -66.050  -17.065 0.6000000238
30740  -27.471  -67.529  -12.144 0.5000000000
30722  -30.191  -67.389  -11.668 0.5000000000
30741  -30.856  -66.899  -12.138 0.6000000238
31786  -27.304  -66.747  -12.121 0.5000000000
30742  -31.239  -67.395  -12.618 0.6000000238
31787  -31.440  -66.703  -12.863 0.6000000238
30783  -25.942  -67.229  -15.973 0.5000000000
144809  -25.162  -66.127  -17.423 0.5000000000
32912  -32.450  -65.961  -16.117 0.6000000238
33941  -31.777  -64.600  -16.865 0.6000000238
139595  -27.716  -66.333  -11.529 0.5000000000
30719  -27.923  -67.050  -11.642 0.5000000000
31767  -28.750  -67.081  -11.386 0.5000000000
31755  -30.288  -66.231  -11.032 0.6000000238
31801  -26.521  -66.518  -13.739 0.5000000000
31810  -25.967  -66.268  -15.000 0.5000000000
32887  -26.184  -65.995  -14.204 0.6000000238
32843  -27.525  -65.617  -11.290 0.6000000238
146204  -28.313  -66.588  -11.265 0.5000000000
31754  -29.658  -66.049  -10.680 0.5000000000
32834  -30.215  -65.524  -10.658 0.6000000238
32874  -26.338  -65.792  -13.357 0.6000000238
32861  -27.138  -65.947  -12.033 0.6000000238
149787  -31.105  -65.837  -11.778 0.6000000238
32895  -24.660  -65.225  -15.807 0.5000000000
32885  -24.944  -65.066  -15.042 0.5000000000
32873  -25.769  -65.321  -13.783 0.6000000238
144007  -24.633  -65.541  -18.434 0.4000000060
32859  -25.913  -65.093  -12.958 0.6000000238
32842  -26.860  -65.189  -11.755 0.6000000238
32831  -28.050  -65.265  -10.585 0.6000000238
32832  -28.963  -65.576  -10.478 0.5000000000
32833  -29.629  -65.427  -10.427 0.6000000238
33869  -31.055  -64.744  -11.377 0.6000000238
33856  -29.345  -64.889  -10.129 0.6999999881
45464  -25.633  -52.247  -5.337 0.5000000000
49082  -29.783  -48.316  -10.856 0.6000000238
47442  -29.644  -49.966  -17.642 0.5000000000
48320  -30.037  -49.283  -18.009 0.5000000000
135832  -27.768  -36.641  -12.422 0.4000000060
60845  -28.123  -36.250  -11.797 0.3000000119
61717  -28.930  -35.450  -10.779 0.3000000119
62638  -29.692  -34.683  -9.838 0.3000000119
26859  -26.347  -71.727  -13.054 0.4000000060
140382  -29.522  -71.354  -13.887 0.5000000000
28786  -31.803  -69.591  -17.060 0.5000000000
26840  -25.904  -70.879  -12.778 0.4000000060
28779  -32.090  -69.133  -16.214 0.6000000238
29783  -32.497  -68.302  -16.170 0.6000000238
28787  -32.345  -68.830  -16.945 0.5000000000
29791  -32.825  -67.736  -18.271 0.5000000000
27761  -24.714  -70.762  -13.510 0.4000000060
28751  -25.564  -69.524  -13.226 0.5000000000
28767  -25.330  -68.790  -14.925 0.5000000000
136509  -25.773  -68.652  -13.414 0.5000000000
149731  -25.591  -68.310  -15.477 0.3000000119
132076  -25.900  -67.839  -17.562 0.4000000060
31858  -25.216  -66.508  -20.069 0.4000000060
40714  -32.793  -57.334  -20.690 0.4000000060
41675  -32.230  -56.713  -20.232 0.4000000060
48190  -26.044  -49.837  -4.183 0.5000000000
148805  -26.008  -48.631  -3.723 0.4000000060
48326  -30.745  -49.162  -18.715 0.5000000000
49185  -30.405  -48.443  -18.395 0.5000000000
134147  -29.714  -45.067  -6.156 0.4000000060
61725  -28.327  -35.534  -11.311 0.3000000119
139133  -29.276  -33.922  -10.048 0.3000000119
26858  -25.473  -71.652  -13.149 0.4000000060
31802  -31.843  -66.416  -13.718 0.6000000238
130207  -24.448  -65.263  -17.536 0.5000000000
152504  -25.416  -66.208  -16.370 0.5000000000
32896  -25.364  -65.790  -15.583 0.6000000238
151322  -31.249  -50.322  -19.246 0.5000000000
30793  -25.833  -67.566  -16.801 0.4000000060
27786  -31.316  -70.205  -15.777 0.6000000238
26860  -27.289  -71.814  -13.142 0.4000000060
144960  -30.629  -70.148  -13.745 0.5000000000
28768  -31.156  -69.722  -14.120 0.6000000238
28738  -29.580  -69.629  -12.499 0.5000000000
28734  -25.995  -69.946  -12.721 0.5000000000
30721  -29.385  -67.658  -11.588 0.5000000000
151595  -26.531  -67.097  -14.093 0.5000000000
31785  -26.816  -66.378  -12.826 0.5000000000
28750  -25.014  -69.970  -13.714 0.4000000060
29786  -32.537  -68.468  -17.751 0.4000000060
151287  -32.783  -67.738  -19.075 0.4000000060
28766  -24.865  -69.614  -14.523 0.4000000060
37817  -18.799  -59.480  -14.228 0.4000000060
37834  -18.087  -59.846  -14.590 0.3000000119
38828  -19.119  -58.933  -15.556 0.4000000060
37859  -19.505  -60.222  -16.963 0.4000000060
37807  -20.586  -59.609  -13.077 0.4000000060
38790  -19.070  -58.774  -14.074 0.4000000060
36816  -22.862  -61.533  -10.004 0.4000000060
37777  -21.797  -60.504  -11.054 0.4000000060
38779  -21.056  -59.530  -12.322 0.4000000060
38766  -20.367  -58.782  -12.721 0.4000000060
126942  -24.528  -62.059  -7.922 0.3000000119
36817  -23.470  -61.695  -9.361 0.3000000119
36791  -24.613  -61.628  -7.370 0.4000000060
38767  -21.181  -59.064  -11.701 0.4000000060
35878  -24.108  -61.875  -8.692 0.4000000060
37757  -23.133  -60.973  -9.371 0.5000000000
36802  -24.362  -61.100  -8.035 0.4000000060
38704  -23.351  -59.707  -8.541 0.4000000060
38725  -22.290  -59.778  -9.851 0.5000000000
38689  -23.976  -59.397  -7.658 0.4000000060
140774  -25.446  -48.377  -4.234 0.3000000119
51931  -29.444  -45.521  -4.811 0.3000000119
52928  -28.491  -44.506  -3.933 0.3000000119
138602  -29.575  -45.028  -5.372 0.3000000119
52929  -29.289  -44.567  -4.732 0.3000000119
52946  -29.529  -44.389  -5.676 0.3000000119
54970  -22.943  -42.857  -12.723 0.4000000060
55886  -28.894  -41.679  -5.273 0.3000000119
136067  -28.253  -40.294  -5.420 0.3000000119
54986  -23.149  -42.270  -12.860 0.4000000060
57860  -27.275  -39.243  -5.650 0.3000000119
58842  -25.592  -39.057  -5.644 0.3000000119
58858  -26.169  -38.416  -5.965 0.3000000119
56933  -25.125  -40.978  -12.713 0.4000000060
55971  -23.530  -41.390  -12.981 0.4000000060
56943  -21.777  -41.074  -13.648 0.4000000060
56942  -21.605  -40.527  -13.681 0.3000000119
57861  -28.140  -39.588  -5.751 0.3000000119
57878  -27.947  -38.828  -6.176 0.3000000119
58843  -27.068  -38.543  -6.027 0.3000000119
57897  -28.779  -39.214  -7.442 0.3000000119
56872  -29.058  -39.899  -7.856 0.3000000119
58859  -27.715  -38.112  -6.613 0.3000000119
58860  -28.372  -38.569  -6.959 0.3000000119
58880  -28.452  -38.425  -7.762 0.3000000119
57910  -28.648  -39.179  -8.367 0.3000000119
136312  -28.693  -40.137  -8.586 0.3000000119
55950  -28.000  -41.157  -10.073 0.3000000119
60776  -25.713  -36.828  -6.711 0.3000000119
59891  -26.873  -37.832  -6.418 0.3000000119
61656  -25.218  -36.138  -6.845 0.3000000119
56908  -27.469  -40.514  -10.587 0.3000000119
61688  -24.449  -35.033  -7.353 0.3000000119
56921  -27.215  -40.816  -11.439 0.3000000119
56920  -26.349  -40.568  -12.094 0.3000000119
57940  -26.015  -39.637  -11.566 0.3000000119
56919  -25.218  -40.032  -12.354 0.3000000119
133549  -23.951  -31.503  -8.616 0.3000000119
144997  -22.845  -30.767  -8.458 0.3000000119
56941  -21.636  -39.858  -13.825 0.3000000119
59892  -27.514  -37.397  -7.008 0.3000000119
58879  -28.090  -37.862  -7.338 0.3000000119
58911  -28.262  -38.881  -9.053 0.3000000119
56897  -27.767  -40.167  -9.803 0.3000000119
60777  -26.701  -37.081  -6.791 0.3000000119
60799  -27.281  -36.705  -7.538 0.3000000119
59905  -28.119  -37.696  -7.994 0.3000000119
58910  -27.830  -38.300  -9.211 0.3000000119
57920  -27.714  -39.141  -9.698 0.3000000119
57929  -27.257  -39.707  -10.383 0.3000000119
60797  -26.019  -35.996  -7.188 0.3000000119
60798  -26.718  -36.016  -7.749 0.3000000119
138296  -27.642  -37.069  -8.181 0.3000000119
62616  -23.684  -34.548  -7.433 0.3000000119
61689  -25.352  -35.432  -7.381 0.3000000119
61690  -26.210  -35.523  -7.750 0.3000000119
57941  -26.782  -40.100  -11.073 0.3000000119
62629  -24.958  -34.041  -8.117 0.3000000119
57939  -25.124  -39.124  -11.987 0.3000000119
64322  -24.473  -32.719  -8.569 0.3000000119
65213  -24.719  -31.959  -8.855 0.3000000119
65214  -25.352  -32.070  -9.378 0.3000000119
57954  -24.130  -39.580  -12.531 0.3000000119
57952  -21.631  -39.361  -12.895 0.3000000119
57951  -20.936  -39.034  -12.993 0.3000000119
57968  -21.965  -39.114  -13.972 0.3000000119
57960  -21.035  -39.160  -13.217 0.3000000119
58894  -28.250  -38.316  -8.504 0.3000000119
59917  -27.827  -37.619  -8.671 0.3000000119
59931  -27.442  -37.597  -9.369 0.3000000119
58925  -27.282  -38.319  -9.867 0.3000000119
60811  -27.151  -36.281  -8.433 0.3000000119
60824  -27.470  -36.911  -8.884 0.3000000119
136888  -27.104  -38.964  -10.283 0.3000000119
62618  -25.176  -34.679  -7.795 0.3000000119
62619  -25.961  -34.983  -8.086 0.3000000119
60810  -26.551  -35.486  -8.433 0.3000000119
57928  -26.553  -39.300  -10.777 0.3000000119
58937  -25.809  -38.802  -11.154 0.3000000119
63440  -25.457  -33.664  -8.764 0.3000000119
58936  -24.859  -38.354  -11.477 0.3000000119
63447  -25.757  -33.342  -9.444 0.3000000119
57938  -23.958  -38.764  -12.120 0.3000000119
64332  -25.633  -32.536  -9.724 0.3000000119
58943  -22.546  -38.596  -12.407 0.3000000119
58942  -21.324  -38.552  -12.761 0.3000000119
58948  -21.012  -38.400  -12.918 0.3000000119
136726  -26.503  -35.146  -9.067 0.3000000119
145865  -26.851  -35.737  -8.915 0.3000000119
59930  -27.162  -36.952  -9.521 0.3000000119
60835  -26.516  -36.637  -10.071 0.3000000119
59943  -26.903  -37.559  -9.985 0.3000000119
141749  -26.519  -38.376  -10.487 0.3000000119
63441  -25.969  -34.067  -9.095 0.3000000119
64333  -25.805  -33.034  -10.201 0.3000000119
142457  -24.049  -37.312  -11.674 0.3000000119
65224  -25.616  -31.668  -9.874 0.3000000119
145324  -25.676  -32.232  -10.200 0.3000000119
59953  -23.547  -38.040  -11.703 0.3000000119
58935  -22.164  -38.019  -12.321 0.3000000119
146988  -21.785  -37.387  -12.617 0.3000000119
59959  -21.322  -37.990  -12.759 0.3000000119
59977  -22.100  -37.807  -13.681 0.3000000119
60823  -27.082  -36.293  -9.198 0.3000000119
61710  -26.577  -35.735  -9.499 0.3000000119
149153  -26.288  -37.558  -10.467 0.3000000119
62637  -26.186  -34.511  -9.330 0.3000000119
61716  -26.143  -35.079  -9.826 0.3000000119
133985  -26.095  -35.836  -10.163 0.3000000119
58924  -25.644  -38.032  -10.885 0.3000000119
63448  -26.001  -33.873  -9.712 0.3000000119
63456  -25.819  -33.914  -10.469 0.3000000119
60843  -24.877  -36.898  -11.304 0.3000000119
65233  -25.603  -31.556  -10.631 0.3000000119
65225  -25.719  -30.903  -10.285 0.3000000119
129181  -25.517  -32.267  -10.914 0.3000000119
63466  -25.234  -33.139  -11.390 0.3000000119
59952  -22.880  -37.320  -12.070 0.3000000119
136813  -21.732  -36.759  -12.920 0.3000000119
59967  -21.396  -37.707  -13.114 0.3000000119
59968  -22.201  -36.903  -13.536 0.3000000119
60834  -25.631  -36.368  -10.720 0.3000000119
59942  -25.665  -37.212  -10.807 0.3000000119
62644  -25.808  -34.672  -10.456 0.3000000119
61715  -25.552  -35.447  -10.808 0.3000000119
60842  -23.842  -36.493  -11.884 0.3000000119
65243  -25.237  -31.430  -11.905 0.3000000119
64347  -24.911  -32.196  -11.910 0.3000000119
62652  -25.119  -34.445  -11.392 0.3000000119
60841  -22.329  -36.541  -12.517 0.3000000119
61736  -22.179  -35.777  -13.348 0.3000000119
60859  -24.463  -36.276  -14.145 0.3000000119
60858  -23.300  -35.461  -14.412 0.3000000119
144911  -24.947  -36.154  -11.313 0.3000000119
65234  -25.810  -30.787  -11.244 0.3000000119
61723  -24.467  -35.492  -11.691 0.3000000119
64346  -24.015  -32.527  -12.626 0.3000000119
63465  -24.044  -33.614  -12.369 0.3000000119
62651  -23.808  -34.677  -12.362 0.3000000119
61722  -23.193  -35.634  -12.507 0.3000000119
62658  -21.891  -34.368  -13.708 0.3000000119
61729  -22.129  -35.533  -13.231 0.3000000119
62670  -21.420  -33.569  -14.488 0.3000000119
62665  -23.285  -34.487  -14.904 0.3000000119
61744  -21.949  -34.491  -14.489 0.3000000119
61743  -22.324  -35.574  -13.955 0.3000000119
61737  -24.516  -35.285  -14.182 0.3000000119
66162  -25.529  -30.674  -12.699 0.3000000119
65257  -24.587  -30.976  -13.650 0.3000000119
63475  -22.724  -32.894  -13.416 0.3000000119
62659  -22.740  -33.944  -13.130 0.3000000119
61730  -22.659  -34.839  -13.028 0.3000000119
64360  -22.922  -31.929  -14.031 0.3000000119
63474  -21.621  -33.391  -13.940 0.3000000119
63488  -22.018  -32.365  -15.817 0.3000000119
63487  -21.515  -32.755  -15.003 0.3000000119
62672  -23.137  -33.361  -15.676 0.3000000119
62671  -21.965  -33.471  -15.216 0.3000000119
62666  -24.608  -34.280  -14.522 0.3000000119
60860  -26.165  -36.698  -13.401 0.3000000119
133808  -25.418  -36.120  -13.618 0.3000000119
60861  -27.008  -36.878  -12.883 0.3000000119
66172  -24.989  -30.470  -14.383 0.3000000119
64361  -24.269  -31.715  -13.152 0.3000000119
65273  -23.275  -31.027  -14.640 0.3000000119
65290  -23.179  -30.888  -15.618 0.3000000119
64375  -21.704  -32.441  -14.554 0.3000000119
64392  -21.941  -32.099  -15.375 0.3000000119
61731  -26.580  -35.341  -12.711 0.3000000119
60844  -27.266  -35.962  -12.405 0.3000000119
65274  -23.934  -30.657  -15.229 0.3000000119
127720  -32.669  -67.231  -19.656 0.4000000060
35895  -23.816  -62.428  -9.345 0.3000000119
39718  -19.509  -58.280  -13.414 0.4000000060
37756  -22.488  -60.665  -10.075 0.4000000060
37741  -22.875  -60.148  -9.273 0.4000000060
49035  -25.613  -49.100  -4.313 0.3000000119
135682  -29.362  -43.682  -5.190 0.3000000119
56873  -29.239  -40.618  -7.551 0.3000000119
62617  -24.488  -34.421  -7.667 0.3000000119
63427  -24.176  -33.834  -7.821 0.3000000119
66129  -24.578  -31.016  -8.863 0.3000000119
57921  -28.293  -39.664  -9.157 0.3000000119
35894  -23.283  -62.165  -9.877 0.4000000060
35912  -22.837  -62.282  -10.510 0.4000000060
133451  -21.668  -60.873  -11.759 0.4000000060
37794  -21.450  -60.015  -11.676 0.4000000060
35864  -24.582  -62.315  -7.010 0.3000000119
136524  -23.714  -61.237  -8.833 0.4000000060
147239  -27.762  -37.338  -7.638 0.3000000119
147407  -26.540  -36.466  -7.151 0.3000000119
65223  -25.253  -31.366  -9.306 0.3000000119
62631  -26.231  -34.725  -8.750 0.3000000119
59954  -24.817  -37.696  -11.316 0.3000000119
62645  -26.067  -34.380  -9.899 0.3000000119
147966  -21.809  -34.758  -14.013 0.3000000119
61738  -25.689  -35.098  -13.455 0.3000000119
64393  -22.365  -31.419  -15.937 0.3000000119
64394  -23.751  -31.181  -16.038 0.3000000119
34863  -24.073  -63.218  -9.338 0.4000000060
128284  -33.033  -58.143  -20.416 0.4000000060
31844  -21.436  -66.319  -16.840 0.3000000119
31849  -22.143  -66.792  -17.585 0.3000000119
130702  -20.768  -66.343  -16.097 0.3000000119
30804  -22.944  -66.128  -19.715 0.3000000119
128667  -24.719  -61.042  -7.062 0.3000000119
37729  -24.460  -60.319  -7.358 0.3000000119
37723  -24.611  -60.483  -6.488 0.3000000119
139617  -21.400  -61.787  -13.204 0.3000000119
35921  -22.427  -62.519  -11.371 0.3000000119
37808  -21.266  -60.241  -12.479 0.3000000119
36849  -22.222  -61.379  -10.922 0.3000000119
37818  -19.849  -59.880  -13.878 0.3000000119
37819  -20.783  -60.441  -13.363 0.3000000119
34880  -22.999  -63.157  -10.896 0.3000000119
147986  -21.878  -61.881  -12.158 0.3000000119
39804  -33.363  -58.913  -20.323 0.3000000119
26841  -26.914  -71.073  -12.799 0.4000000060
26861  -28.173  -71.735  -13.277 0.4000000060
27746  -26.668  -70.299  -12.612 0.4000000060
27747  -27.457  -70.490  -12.613 0.5000000000
27762  -25.367  -70.365  -13.102 0.5000000000
27763  -29.449  -70.903  -13.313 0.5000000000
27764  -30.115  -70.192  -13.074 0.5000000000
27777  -30.136  -70.790  -13.936 0.5000000000
27785  -30.851  -70.581  -15.218 0.5000000000
28737  -28.559  -69.671  -12.356 0.5000000000
28753  -31.445  -69.065  -13.736 0.6000000238
28798  -32.181  -69.147  -17.607 0.5000000000
29733  -28.367  -68.758  -12.137 0.5000000000
29736  -31.293  -68.103  -12.730 0.5000000000
29747  -31.101  -68.859  -13.008 0.6000000238
29775  -25.846  -67.912  -15.957 0.3000000119
29777  -32.189  -68.749  -15.416 0.6000000238
30754  -26.660  -67.211  -13.340 0.5000000000
30781  -20.397  -67.430  -15.237 0.4000000060
30799  -25.822  -67.743  -18.407 0.4000000060
30805  -23.200  -66.955  -19.777 0.4000000060
31753  -28.967  -66.395  -10.913 0.5000000000
31768  -29.647  -66.799  -11.253 0.5000000000
31769  -30.826  -66.262  -11.637 0.6000000238
31811  -26.344  -66.685  -14.521 0.5000000000
31829  -25.800  -66.573  -15.798 0.5000000000
31830  -26.168  -66.907  -15.252 0.5000000000
31848  -21.769  -66.045  -17.843 0.5000000000
31856  -22.537  -65.499  -19.542 0.5000000000
31857  -24.864  -65.772  -20.054 0.5000000000
31862  -23.355  -65.543  -20.257 0.5000000000
31863  -24.776  -65.809  -20.506 0.5000000000
31864  -25.037  -66.454  -20.600 0.4000000060
31865  -32.644  -66.605  -19.215 0.6999999881
31869  -23.904  -65.752  -20.652 0.4000000060
32844  -28.258  -65.992  -10.966 0.5000000000
32845  -30.810  -65.614  -11.299 0.6000000238
32860  -26.555  -65.513  -12.538 0.6000000238
32862  -31.500  -65.346  -12.806 0.6999999881
32875  -31.681  -65.495  -13.650 0.6999999881
32886  -25.597  -65.551  -14.635 0.5000000000
32917  -20.475  -65.150  -17.445 0.4000000060
32922  -21.806  -65.437  -18.625 0.5000000000
32932  -24.453  -65.313  -20.358 0.5000000000
33855  -28.614  -64.739  -10.087 0.8000000119
33857  -30.885  -64.074  -11.013 0.6999999881
33881  -25.576  -64.322  -12.629 0.6000000238
33900  -24.746  -64.170  -13.807 0.6000000238
33939  -23.763  -63.903  -17.317 0.6000000238
33951  -23.829  -63.888  -18.380 0.6000000238
33956  -21.779  -64.015  -18.794 0.5000000000
33959  -24.099  -64.816  -19.763 0.5000000000
33965  -23.295  -64.448  -19.737 0.6000000238
33968  -30.325  -64.889  -20.101 0.6999999881
34865  -27.220  -63.062  -9.701 0.8000000119
34884  -27.465  -63.675  -10.001 0.8000000119
34892  -25.461  -63.096  -11.549 0.6999999881
34894  -31.409  -62.914  -11.615 0.8000000119
34929  -23.610  -63.146  -14.616 0.6000000238
34965  -22.986  -63.331  -18.809 0.6000000238
34973  -23.412  -63.983  -19.236 0.6000000238
35881  -28.401  -61.907  -8.732 0.8000000119
35897  -26.731  -62.432  -9.691 0.8000000119
35899  -28.187  -62.666  -8.958 0.8000000119
35901  -29.724  -62.567  -9.499 0.8000000119
35922  -24.861  -62.196  -11.689 0.6999999881
35952  -24.158  -62.605  -13.315 0.6000000238
35979  -23.002  -62.268  -15.837 0.6000000238
35994  -22.931  -61.809  -17.501 0.6000000238
36003  -22.745  -61.931  -18.034 0.6000000238
36008  -21.834  -62.381  -18.502 0.5000000000
36016  -28.367  -62.394  -20.539 0.6999999881
36783  -24.522  -61.714  -6.582 0.3000000119
36818  -26.745  -61.605  -9.160 0.6999999881
36851  -25.132  -61.616  -11.025 0.6999999881
36866  -21.395  -61.079  -12.732 0.3000000119
36880  -23.695  -61.855  -13.515 0.6000000238
36898  -22.748  -61.105  -14.988 0.6000000238
36924  -22.532  -61.050  -17.633 0.6000000238
36929  -20.199  -61.934  -17.570 0.3000000119
36930  -20.900  -61.108  -17.989 0.5000000000
36931  -21.744  -60.857  -18.168 0.5000000000
36947  -28.159  -61.712  -19.739 0.6999999881
37728  -24.001  -60.212  -8.066 0.4000000060
37742  -23.556  -60.562  -8.692 0.4000000060
37744  -27.629  -60.487  -8.319 0.6999999881
37746  -29.961  -60.451  -9.111 0.8000000119
37779  -25.412  -60.354  -9.892 0.6999999881
37809  -23.544  -60.330  -12.666 0.6000000238
37821  -23.248  -60.537  -13.479 0.6000000238
37857  -18.379  -60.482  -16.148 0.3000000119
37858  -18.786  -59.973  -16.240 0.5000000000
37886  -29.286  -61.386  -19.898 0.6999999881
37893  -34.045  -59.871  -20.219 0.4000000060
38693  -29.454  -59.373  -8.276 0.6999999881
38705  -25.887  -59.173  -8.787 0.8000000119
38708  -28.212  -59.913  -8.077 0.6999999881
38726  -25.521  -59.629  -9.442 0.6999999881
38728  -30.691  -59.265  -9.434 0.8000000119
38747  -21.593  -59.737  -11.001 0.4000000060
38748  -22.017  -60.139  -10.492 0.6000000238
38791  -19.624  -59.078  -13.608 0.4000000060
38815  -18.525  -59.161  -14.671 0.5000000000
38816  -22.072  -58.846  -16.790 0.5000000000
38829  -20.612  -58.960  -17.033 0.5000000000
38843  -22.163  -59.299  -17.476 0.5000000000
39662  -24.399  -58.290  -9.707 0.8000000119
39684  -21.482  -59.052  -10.883 0.6000000238
39697  -20.422  -58.123  -11.964 0.6000000238
39698  -22.638  -58.084  -11.837 0.6000000238
39706  -19.830  -58.016  -12.731 0.4000000060
39720  -30.150  -58.912  -13.300 0.8999999762
39728  -19.068  -58.494  -14.344 0.5000000000
39760  -21.432  -58.438  -16.568 0.5000000000
40537  -22.160  -57.684  -8.902 0.5000000000
40538  -24.592  -57.036  -8.794 0.8000000119
40559  -21.720  -57.663  -9.430 0.5000000000
40603  -21.249  -56.637  -13.217 0.6000000238
40629  -19.341  -57.362  -14.423 0.5000000000
40648  -20.119  -57.116  -15.517 0.5000000000
40663  -20.087  -57.637  -15.936 0.5000000000
41491  -26.056  -56.047  -6.681 0.6999999881
41495  -29.348  -56.590  -6.647 0.6999999881
41504  -22.778  -56.802  -7.762 0.3000000119
41536  -20.773  -56.606  -10.118 0.4000000060
41538  -23.282  -56.426  -9.660 0.8000000119
41552  -20.217  -56.217  -10.806 0.5000000000
41553  -22.346  -56.360  -10.632 0.8000000119
41562  -20.091  -56.903  -11.409 0.6000000238
41594  -29.125  -56.120  -12.722 0.8000000119
42506  -27.302  -55.666  -5.895 0.6999999881
42568  -30.179  -55.453  -10.406 0.8000000119
42621  -19.691  -55.748  -13.969 0.6000000238
43620  -30.292  -54.337  -7.279 0.6999999881
43627  -22.165  -54.386  -7.942 0.4000000060
43629  -25.214  -54.786  -6.987 0.6999999881
43669  -22.131  -53.387  -10.597 0.6000000238
43682  -18.888  -52.758  -12.330 0.5000000000
43683  -18.870  -53.745  -12.320 0.5000000000
43684  -20.258  -52.612  -12.639 0.6000000238
43710  -19.763  -54.214  -12.946 0.6000000238
43711  -19.736  -53.180  -12.755 0.5000000000
44614  -27.004  -53.520  -5.272 0.6999999881
44645  -20.963  -52.725  -9.247 0.4000000060
44648  -23.993  -53.232  -8.306 0.6000000238
44658  -20.418  -52.411  -9.981 0.5000000000
44660  -23.070  -52.681  -9.485 0.6000000238
44685  -18.820  -51.917  -12.130 0.5000000000
44687  -20.597  -51.796  -12.272 0.6000000238
44699  -19.348  -52.495  -12.589 0.5000000000
45479  -27.225  -52.287  -4.804 0.6999999881
45507  -23.562  -52.163  -8.653 0.6000000238
45519  -22.656  -51.356  -9.825 0.6000000238
45547  -19.190  -51.224  -12.369 0.5000000000
45548  -20.196  -50.860  -12.417 0.6000000238
45560  -19.422  -51.494  -12.583 0.5000000000
45561  -19.810  -51.246  -12.693 0.6000000238
45625  -31.144  -52.349  -19.567 0.6000000238
46425  -21.041  -50.578  -10.602 0.5000000000
46426  -21.782  -50.358  -10.352 0.5000000000
46445  -22.045  -50.340  -10.631 0.5000000000
46459  -19.936  -50.619  -12.190 0.6000000238
46460  -20.768  -50.669  -11.626 0.6000000238
46474  -19.577  -50.869  -12.462 0.5000000000
46504  -27.830  -51.537  -14.526 0.8000000119
46531  -27.982  -51.768  -17.563 0.8000000119
46532  -29.019  -51.724  -17.548 0.8000000119
46547  -31.629  -51.492  -19.766 0.6000000238
47323  -24.187  -50.244  -7.217 0.3000000119
47333  -22.457  -50.703  -9.683 0.4000000060
47339  -22.079  -50.301  -10.437 0.5000000000
47342  -30.164  -50.576  -9.595 0.6999999881
47450  -31.048  -49.875  -19.035 0.5000000000
48209  -24.370  -49.309  -6.652 0.3000000119
48215  -23.979  -49.635  -7.328 0.3000000119
49039  -29.445  -48.517  -4.522 0.6000000238
50987  -30.371  -46.834  -7.484 0.6000000238
53009  -29.199  -44.873  -11.037 0.6999999881
53020  -23.230  -44.419  -12.841 0.6000000238
54010  -22.078  -43.563  -13.606 0.5000000000
55859  -25.536  -41.701  -4.880 0.3000000119
55862  -28.450  -41.413  -4.945 0.3000000119
55883  -24.267  -41.259  -5.471 0.3000000119
55962  -27.487  -41.597  -11.547 0.5000000000
57961  -21.465  -39.647  -13.347 0.3000000119
57969  -22.682  -39.716  -14.528 0.4000000060
58954  -21.451  -38.465  -13.420 0.3000000119
58956  -23.637  -38.296  -14.409 0.4000000060
58958  -26.892  -38.745  -15.214 0.4000000060
59960  -28.009  -37.202  -12.851 0.4000000060
59961  -28.889  -37.326  -12.901 0.4000000060
60851  -26.299  -36.066  -12.919 0.3000000119
60857  -21.662  -37.027  -13.041 0.3000000119
61687  -23.031  -35.103  -7.087 0.3000000119
61735  -21.744  -34.608  -13.882 0.3000000119
61742  -21.496  -34.192  -14.190 0.3000000119
62664  -21.346  -33.860  -14.160 0.3000000119
63481  -21.368  -33.198  -14.455 0.3000000119
64376  -22.344  -31.513  -15.169 0.3000000119
127221  -29.117  -69.082  -12.202 0.5000000000
127929  -30.732  -67.772  -12.201 0.6000000238
129799  -18.917  -61.639  -17.115 0.4000000060
130173  -25.903  -61.007  -9.562 0.6999999881
130253  -25.475  -67.099  -18.925 0.5000000000
131240  -32.799  -66.473  -17.701 0.6000000238
131688  -21.512  -57.954  -9.868 0.5000000000
132445  -30.476  -58.869  -8.918 0.8000000119
133631  -21.295  -66.832  -16.012 0.4000000060
133930  -25.612  -68.440  -14.183 0.5000000000
134665  -29.897  -64.992  -10.335 0.6000000238
134853  -31.676  -56.079  -19.957 0.5000000000
135487  -20.566  -56.051  -13.591 0.6000000238
135667  -28.857  -38.322  -15.002 0.4000000060
136655  -30.493  -51.973  -7.552 0.6999999881
137202  -25.313  -69.155  -13.961 0.5000000000
137906  -31.494  -62.692  -12.413 0.6999999881
138102  -30.495  -54.771  -8.367 0.6999999881
138827  -19.105  -55.386  -11.936 0.5000000000
139041  -18.698  -53.023  -12.096 0.4000000060
139434  -28.556  -46.028  -3.834 0.5000000000
141980  -30.893  -47.525  -18.710 0.6000000238
142154  -25.142  -71.043  -13.089 0.4000000060
143109  -25.279  -54.142  -6.596 0.6999999881
144038  -32.616  -68.178  -16.968 0.6000000238
144812  -32.245  -65.382  -16.696 0.6000000238
145417  -24.375  -58.925  -10.244 0.6000000238
146009  -28.866  -52.723  -12.280 0.6999999881
146276  -19.558  -54.872  -13.191 0.6000000238
146563  -28.860  -45.774  -12.380 0.6999999881
146791  -28.994  -40.588  -8.164 0.3000000119
147163  -24.905  -59.048  -9.740 0.6000000238
147182  -30.356  -66.757  -11.500 0.6000000238
147413  -21.387  -37.608  -12.887 0.3000000119
147541  -28.618  -61.261  -8.565 0.8000000119
147551  -20.128  -56.674  -15.029 0.5000000000
147817  -27.804  -69.964  -12.443 0.5000000000
147859  -19.809  -58.637  -16.408 0.5000000000
147914  -22.031  -59.082  -9.793 0.6000000238
148233  -22.148  -59.784  -17.930 0.5000000000
149480  -22.142  -60.669  -10.654 0.4000000060
150158  -30.641  -65.155  -10.957 0.6000000238
150396  -28.521  -72.113  -13.761 0.5000000000
150750  -22.673  -43.837  -13.109 0.6000000238
150868  -19.849  -55.746  -14.038 0.5000000000
151175  -28.567  -60.237  -16.432 0.8000000119
151301  -23.064  -39.245  -12.605 0.3000000119
151809  -27.539  -68.318  -12.245 0.5000000000
152263  -29.827  -49.404  -10.534 0.6999999881
