#!ascii label  , from subject sub-v1s1x0050657_ses-1 vox2ras=TkReg
1304
135309  15.707  -46.991  67.467 0.0000000000
45096  8.422  -51.792  53.082 0.0000000000
42031  11.208  -55.325  70.501 0.0000000000
47828  7.384  -48.730  66.877 0.0000000000
53378  5.146  -43.190  61.758 0.0000000000
138764  14.796  -50.276  71.711 0.0000000000
49737  10.727  -47.440  72.002 0.0000000000
46847  17.661  -50.774  64.415 0.0000000000
43004  16.207  -54.581  67.663 0.0000000000
36777  12.923  -58.513  67.466 0.0000000000
135074  4.286  -42.981  69.790 0.0000000000
48812  4.781  -47.352  63.628 0.0000000000
57242  4.962  -39.512  64.919 0.0000000000
42058  7.578  -56.596  65.439 0.0000000000
43975  11.069  -53.947  64.299 0.0000000000
126798  10.891  -51.715  69.476 0.0000000000
51537  6.204  -45.460  70.795 0.0000000000
139979  11.278  -50.635  60.009 0.0000000000
47928  6.969  -48.929  55.983 0.0000000000
52532  6.396  -45.048  55.146 0.0000000000
149381  8.063  -39.905  59.228 0.0000000000
48768  15.431  -47.727  69.845 0.0000000000
51540  14.895  -45.854  70.662 0.0000000000
47837  16.464  -49.896  65.336 0.0000000000
44931  16.398  -52.708  66.181 0.0000000000
152492  15.575  -51.100  67.867 0.0000000000
44922  15.587  -52.849  70.320 0.0000000000
136203  4.645  -40.837  67.732 0.0000000000
42040  9.525  -56.291  67.693 0.0000000000
43966  10.246  -54.187  67.957 0.0000000000
43957  10.877  -53.207  70.055 0.0000000000
51555  9.453  -45.503  69.850 0.0000000000
50665  8.538  -46.527  71.516 0.0000000000
38982  12.000  -57.061  70.257 0.0000000000
36788  9.752  -59.027  66.907 0.0000000000
38996  9.142  -57.776  67.174 0.0000000000
41052  7.555  -57.301  65.946 0.0000000000
46862  11.170  -50.670  65.206 0.0000000000
44959  11.541  -52.057  62.477 0.0000000000
148300  9.627  -49.727  63.899 0.0000000000
52468  4.641  -44.667  62.590 0.0000000000
46927  5.692  -48.736  60.126 0.0000000000
49821  5.554  -46.942  59.322 0.0000000000
130859  5.500  -47.561  55.409 0.0000000000
129247  6.499  -45.042  58.625 0.0000000000
43944  12.916  -52.984  72.086 0.0000000000
45874  11.846  -51.722  72.113 0.0000000000
48753  12.999  -48.805  72.042 0.0000000000
129623  11.949  -45.479  69.401 0.0000000000
44945  18.815  -50.667  63.217 0.0000000000
43995  16.754  -52.219  61.641 0.0000000000
43027  17.176  -52.505  64.425 0.0000000000
41077  15.519  -55.396  65.148 0.0000000000
38994  14.758  -56.896  68.001 0.0000000000
42030  14.262  -55.191  71.290 0.0000000000
49751  5.428  -46.517  68.304 0.0000000000
47841  5.798  -48.457  65.589 0.0000000000
52419  4.939  -44.761  66.552 0.0000000000
54366  4.510  -42.854  64.618 0.0000000000
55360  4.584  -41.614  63.074 0.0000000000
49786  15.836  -47.194  64.130 0.0000000000
46908  22.014  -48.656  61.784 0.0000000000
47866  23.279  -48.129  63.517 0.0000000000
47852  19.842  -48.820  64.055 0.0000000000
48809  17.849  -48.456  64.060 0.0000000000
146125  6.631  -56.587  63.907 0.0000000000
43039  7.961  -56.167  62.786 0.0000000000
43020  9.711  -55.306  65.073 0.0000000000
44933  11.352  -52.447  66.636 0.0000000000
137481  9.775  -49.662  67.930 0.0000000000
46824  10.659  -49.725  71.508 0.0000000000
47810  8.667  -48.743  70.335 0.0000000000
48770  6.106  -47.565  69.708 0.0000000000
145854  4.847  -43.946  70.545 0.0000000000
43050  9.587  -54.940  61.040 0.0000000000
44038  10.573  -53.173  58.394 0.0000000000
45043  10.575  -51.633  55.978 0.0000000000
45933  8.126  -49.204  62.027 0.0000000000
46965  9.001  -49.866  57.713 0.0000000000
47957  9.649  -49.646  54.262 0.0000000000
48899  7.077  -48.199  52.983 0.0000000000
49886  5.337  -46.601  51.987 0.0000000000
59282  4.540  -37.678  63.366 0.0000000000
146047  5.092  -39.793  61.763 0.0000000000
57288  5.801  -38.720  60.588 0.0000000000
55389  6.900  -42.149  60.453 0.0000000000
53407  8.487  -43.661  58.580 0.0000000000
49752  15.602  -47.261  68.141 0.0000000000
50676  16.084  -45.982  68.529 0.0000000000
131905  16.277  -45.718  67.839 0.0000000000
48775  15.696  -48.321  66.240 0.0000000000
46839  15.696  -50.011  66.835 0.0000000000
47820  15.495  -49.208  67.543 0.0000000000
47815  15.477  -49.446  68.529 0.0000000000
46050  7.860  -51.603  52.322 0.0000000000
46066  8.564  -51.064  51.919 0.0000000000
42037  10.029  -55.973  68.466 0.0000000000
43002  10.214  -54.961  68.964 0.0000000000
43955  10.968  -54.195  70.297 0.0000000000
44979  18.142  -50.635  60.396 0.0000000000
40007  11.494  -56.200  70.509 0.0000000000
38992  10.587  -57.345  68.328 0.0000000000
40013  10.536  -56.276  68.996 0.0000000000
41047  9.197  -56.865  67.361 0.0000000000
46842  9.936  -49.837  66.329 0.0000000000
46863  10.425  -50.224  64.899 0.0000000000
128974  8.910  -49.489  65.118 0.0000000000
142789  4.997  -44.279  62.065 0.0000000000
50735  5.379  -46.259  60.981 0.0000000000
52491  5.549  -45.247  60.622 0.0000000000
51646  5.830  -45.997  59.115 0.0000000000
53401  5.925  -44.060  60.344 0.0000000000
45871  13.741  -52.057  72.061 0.0000000000
46814  13.475  -51.098  72.060 0.0000000000
47796  13.879  -49.962  71.913 0.0000000000
51552  13.484  -45.573  70.067 0.0000000000
51568  11.548  -45.214  67.921 0.0000000000
151367  18.209  -50.328  64.126 0.0000000000
44946  18.060  -51.212  63.757 0.0000000000
44939  17.393  -51.628  64.579 0.0000000000
44928  16.070  -53.216  66.980 0.0000000000
126476  16.520  -53.455  65.937 0.0000000000
133434  16.013  -55.223  66.555 0.0000000000
41045  15.626  -55.339  68.462 0.0000000000
45879  15.300  -51.999  71.273 0.0000000000
42992  15.327  -54.001  71.115 0.0000000000
129494  14.749  -52.878  71.810 0.0000000000
42989  13.646  -54.456  71.739 0.0000000000
52407  4.846  -44.293  68.760 0.0000000000
51570  5.135  -45.220  67.138 0.0000000000
138302  4.861  -44.203  67.713 0.0000000000
143076  4.904  -40.329  66.629 0.0000000000
134248  4.750  -41.906  65.830 0.0000000000
135104  4.767  -41.188  65.142 0.0000000000
54377  4.465  -42.636  63.855 0.0000000000
56306  4.443  -40.546  63.765 0.0000000000
136376  20.571  -49.264  63.992 0.0000000000
42069  6.779  -56.728  64.788 0.0000000000
42068  7.743  -56.413  64.622 0.0000000000
43015  8.256  -56.164  65.366 0.0000000000
147156  10.915  -52.929  68.484 0.0000000000
43968  10.790  -53.380  66.725 0.0000000000
44929  11.274  -52.087  67.499 0.0000000000
45893  11.137  -51.287  67.773 0.0000000000
45890  10.720  -50.958  68.793 0.0000000000
47800  11.431  -49.264  72.121 0.0000000000
45878  11.228  -50.630  71.784 0.0000000000
48757  10.465  -48.226  72.141 0.0000000000
51536  7.047  -45.932  70.819 0.0000000000
49741  8.093  -47.025  71.674 0.0000000000
48764  6.967  -47.216  70.701 0.0000000000
47811  7.674  -48.422  69.846 0.0000000000
49743  6.440  -46.605  70.664 0.0000000000
50674  5.590  -46.307  70.033 0.0000000000
51538  5.591  -45.189  70.707 0.0000000000
134806  16.193  -52.987  62.139 0.0000000000
43047  16.087  -52.613  61.358 0.0000000000
36800  12.174  -58.840  65.377 0.0000000000
35783  10.830  -59.378  63.548 0.0000000000
35760  11.343  -59.309  65.242 0.0000000000
36795  8.472  -59.009  66.141 0.0000000000
35762  8.726  -59.498  65.110 0.0000000000
41057  7.623  -56.863  65.976 0.0000000000
42059  6.801  -56.879  65.278 0.0000000000
43029  9.653  -55.216  62.913 0.0000000000
43051  8.837  -55.510  61.404 0.0000000000
43987  10.332  -54.420  62.460 0.0000000000
45953  11.386  -50.957  60.764 0.0000000000
44981  11.056  -52.647  60.567 0.0000000000
44990  11.230  -51.859  59.359 0.0000000000
45011  10.755  -52.303  57.215 0.0000000000
45987  11.031  -50.619  57.970 0.0000000000
48805  5.105  -47.802  64.470 0.0000000000
47870  6.499  -49.332  63.844 0.0000000000
47878  5.894  -49.135  62.779 0.0000000000
46955  5.854  -49.066  58.151 0.0000000000
45980  7.665  -49.541  58.617 0.0000000000
46966  7.880  -49.590  57.257 0.0000000000
47927  9.707  -49.910  55.814 0.0000000000
47943  8.064  -49.570  55.007 0.0000000000
48885  8.505  -48.746  53.074 0.0000000000
48871  6.977  -48.644  54.415 0.0000000000
51671  5.914  -45.804  55.205 0.0000000000
49859  5.154  -47.103  53.940 0.0000000000
51687  4.909  -45.294  53.847 0.0000000000
60210  5.234  -36.546  62.877 0.0000000000
58297  4.508  -38.427  62.674 0.0000000000
58309  4.724  -38.226  61.966 0.0000000000
58332  7.333  -38.733  58.745 0.0000000000
57295  6.873  -38.937  59.623 0.0000000000
56342  6.787  -40.512  60.417 0.0000000000
55397  7.558  -40.907  59.921 0.0000000000
53398  8.117  -43.115  59.408 0.0000000000
54418  9.297  -42.017  59.236 0.0000000000
149157  15.221  -48.892  70.967 0.0000000000
49740  14.873  -47.568  71.045 0.0000000000
50673  15.515  -46.424  70.099 0.0000000000
47836  17.017  -49.966  64.693 0.0000000000
127654  16.910  -51.335  64.974 0.0000000000
148055  16.379  -51.256  65.593 0.0000000000
44932  15.954  -52.440  66.932 0.0000000000
43964  16.004  -53.224  67.899 0.0000000000
43959  15.988  -54.065  68.913 0.0000000000
45889  15.661  -52.375  68.954 0.0000000000
46829  15.460  -50.741  69.993 0.0000000000
140941  4.335  -41.220  70.505 0.0000000000
134250  4.456  -41.766  68.546 0.0000000000
57227  4.639  -40.178  68.829 0.0000000000
58248  4.963  -38.887  67.978 0.0000000000
58259  5.139  -38.831  66.857 0.0000000000
42048  8.664  -56.130  66.561 0.0000000000
43009  9.146  -55.697  66.361 0.0000000000
43003  9.648  -55.510  67.638 0.0000000000
43962  10.313  -54.231  68.744 0.0000000000
44925  10.917  -52.265  70.020 0.0000000000
51533  10.246  -46.369  71.254 0.0000000000
50658  9.222  -46.815  71.719 0.0000000000
51545  8.931  -45.828  70.595 0.0000000000
51546  8.035  -45.890  70.758 0.0000000000
152626  6.621  -45.085  70.540 0.0000000000
52395  5.594  -43.925  70.951 0.0000000000
37908  12.617  -57.920  68.621 0.0000000000
36786  11.135  -59.081  67.044 0.0000000000
37914  10.708  -58.414  67.765 0.0000000000
151914  9.465  -58.478  67.126 0.0000000000
37921  8.374  -58.319  66.416 0.0000000000
39001  7.603  -57.923  65.802 0.0000000000
40023  8.292  -57.555  66.530 0.0000000000
41050  8.780  -56.704  67.027 0.0000000000
44940  11.689  -52.281  64.518 0.0000000000
44960  11.291  -52.901  62.837 0.0000000000
44947  11.663  -51.734  63.747 0.0000000000
46894  11.209  -50.529  62.803 0.0000000000
46910  10.723  -50.127  61.547 0.0000000000
50723  4.482  -46.079  62.938 0.0000000000
152680  5.185  -48.008  61.993 0.0000000000
138494  5.091  -47.012  61.530 0.0000000000
48831  5.125  -47.813  60.018 0.0000000000
47931  5.501  -48.366  57.427 0.0000000000
47946  5.820  -48.476  56.182 0.0000000000
50760  5.487  -47.102  57.436 0.0000000000
51653  6.116  -46.255  56.867 0.0000000000
130838  7.068  -45.056  56.714 0.0000000000
57301  8.160  -38.910  58.466 0.0000000000
55407  9.923  -41.701  58.628 0.0000000000
56370  9.790  -39.891  57.925 0.0000000000
151795  11.612  -54.961  71.326 0.0000000000
43952  11.479  -53.951  71.167 0.0000000000
44915  12.514  -52.700  71.976 0.0000000000
133976  12.459  -50.264  72.117 0.0000000000
49729  11.971  -48.045  72.140 0.0000000000
143155  14.212  -46.729  71.251 0.0000000000
50661  12.802  -46.836  71.599 0.0000000000
51532  11.254  -46.425  71.294 0.0000000000
51554  10.427  -45.551  69.560 0.0000000000
43983  18.877  -50.627  62.347 0.0000000000
153150  18.337  -50.854  61.453 0.0000000000
43984  18.073  -51.339  62.432 0.0000000000
43970  16.825  -52.770  65.293 0.0000000000
43019  16.456  -53.869  64.937 0.0000000000
42077  15.444  -55.147  63.390 0.0000000000
37924  13.742  -58.144  66.453 0.0000000000
130266  13.555  -57.974  67.869 0.0000000000
42032  15.413  -54.534  69.683 0.0000000000
40009  14.493  -56.123  69.707 0.0000000000
151639  13.335  -57.184  69.497 0.0000000000
40005  12.914  -56.749  70.591 0.0000000000
41033  12.102  -55.542  71.455 0.0000000000
153162  6.148  -48.095  67.583 0.0000000000
47839  7.298  -48.751  66.031 0.0000000000
48777  5.637  -47.526  66.713 0.0000000000
49757  4.876  -46.223  65.517 0.0000000000
50695  4.588  -45.891  64.943 0.0000000000
151711  4.660  -43.181  67.428 0.0000000000
53332  4.623  -44.118  65.608 0.0000000000
52443  4.247  -44.952  64.476 0.0000000000
53365  4.296  -44.162  63.827 0.0000000000
54389  4.733  -43.051  62.972 0.0000000000
54404  4.891  -42.838  62.333 0.0000000000
50694  16.073  -46.477  66.249 0.0000000000
45941  20.364  -49.680  61.479 0.0000000000
47875  25.194  -48.416  62.835 0.0000000000
136848  24.522  -47.625  64.368 0.0000000000
47877  23.621  -48.290  62.724 0.0000000000
46876  22.549  -48.460  63.001 0.0000000000
45929  21.157  -49.240  61.990 0.0000000000
44957  20.368  -49.728  62.332 0.0000000000
144994  19.346  -49.516  64.073 0.0000000000
134924  18.559  -49.517  64.340 0.0000000000
48801  18.861  -48.766  64.231 0.0000000000
47854  17.733  -49.584  64.540 0.0000000000
47855  16.936  -49.429  64.782 0.0000000000
48804  16.027  -48.323  64.888 0.0000000000
42067  8.469  -56.055  64.000 0.0000000000
43976  10.408  -54.684  64.523 0.0000000000
43013  9.833  -55.205  65.956 0.0000000000
43973  10.489  -54.410  65.425 0.0000000000
43972  11.218  -53.269  65.173 0.0000000000
138384  11.597  -51.820  66.059 0.0000000000
46841  10.677  -50.288  66.753 0.0000000000
46837  9.013  -49.339  67.432 0.0000000000
44921  11.377  -52.357  71.322 0.0000000000
45883  10.949  -51.451  70.849 0.0000000000
45884  10.644  -50.703  70.498 0.0000000000
48760  9.423  -47.833  71.700 0.0000000000
47809  9.513  -49.183  70.745 0.0000000000
46830  9.923  -50.177  69.989 0.0000000000
46831  9.351  -49.510  69.293 0.0000000000
47817  7.619  -48.765  68.502 0.0000000000
47818  7.004  -48.438  68.194 0.0000000000
135448  5.612  -46.889  69.022 0.0000000000
51558  4.974  -45.040  69.600 0.0000000000
53316  4.452  -43.402  70.276 0.0000000000
137637  4.978  -43.188  71.230 0.0000000000
54333  4.605  -42.401  71.544 0.0000000000
55308  4.417  -41.948  70.945 0.0000000000
35800  10.047  -59.371  62.730 0.0000000000
35761  9.621  -59.508  65.260 0.0000000000
43996  10.700  -53.495  61.051 0.0000000000
44025  10.033  -54.165  59.717 0.0000000000
149612  9.637  -51.959  54.038 0.0000000000
46866  7.658  -49.144  64.665 0.0000000000
46897  8.996  -49.250  62.805 0.0000000000
143064  9.515  -49.542  60.983 0.0000000000
46926  6.572  -49.280  60.905 0.0000000000
45954  8.718  -49.512  59.495 0.0000000000
46938  9.961  -49.773  59.154 0.0000000000
152882  10.347  -50.139  56.840 0.0000000000
46993  10.333  -50.308  55.226 0.0000000000
47015  9.973  -50.736  53.063 0.0000000000
132152  9.443  -49.278  52.013 0.0000000000
48887  6.176  -47.905  53.756 0.0000000000
49870  5.859  -47.210  52.330 0.0000000000
133159  5.350  -37.348  65.831 0.0000000000
60196  5.217  -36.730  64.621 0.0000000000
58276  5.006  -38.377  64.856 0.0000000000
57259  4.415  -39.586  63.313 0.0000000000
56320  4.647  -40.444  62.574 0.0000000000
55376  5.162  -41.443  62.046 0.0000000000
57277  5.397  -39.216  61.274 0.0000000000
128961  5.538  -40.870  61.529 0.0000000000
54412  6.027  -42.409  60.830 0.0000000000
53400  6.544  -43.686  60.004 0.0000000000
52497  7.116  -44.391  58.573 0.0000000000
133277  7.406  -44.747  56.802 0.0000000000
53423  8.874  -44.337  56.596 0.0000000000
50679  15.976  -46.412  68.021 0.0000000000
50684  16.158  -46.246  67.217 0.0000000000
49755  15.755  -47.276  66.667 0.0000000000
47826  15.660  -49.119  66.628 0.0000000000
48773  15.566  -48.067  67.278 0.0000000000
141381  15.475  -48.325  68.289 0.0000000000
46049  8.888  -51.317  52.491 0.0000000000
42034  10.872  -55.409  69.779 0.0000000000
43000  10.711  -54.921  69.705 0.0000000000
42998  11.080  -54.873  70.412 0.0000000000
144770  19.873  -49.846  60.915 0.0000000000
137956  19.157  -50.266  60.728 0.0000000000
41039  11.281  -55.782  70.328 0.0000000000
40012  11.156  -56.305  69.719 0.0000000000
41042  10.976  -55.751  69.754 0.0000000000
41044  10.396  -55.869  69.083 0.0000000000
46843  8.652  -49.265  66.581 0.0000000000
129667  9.150  -49.563  66.001 0.0000000000
46844  7.978  -48.925  66.299 0.0000000000
53391  5.251  -43.991  61.626 0.0000000000
52478  5.279  -44.752  61.473 0.0000000000
52477  5.537  -44.439  60.920 0.0000000000
53390  5.493  -43.639  61.159 0.0000000000
148336  14.309  -51.478  71.951 0.0000000000
46813  14.119  -50.870  71.999 0.0000000000
47795  14.384  -50.164  71.812 0.0000000000
148187  18.487  -50.004  64.176 0.0000000000
44938  17.989  -51.167  64.081 0.0000000000
45906  17.819  -50.961  64.313 0.0000000000
43963  16.251  -53.867  67.563 0.0000000000
43007  16.321  -54.085  66.904 0.0000000000
42047  16.213  -54.880  67.094 0.0000000000
149013  15.832  -55.916  66.678 0.0000000000
41056  15.984  -55.699  67.212 0.0000000000
41049  15.587  -56.184  67.535 0.0000000000
42038  15.957  -55.014  68.147 0.0000000000
46819  14.965  -51.122  71.749 0.0000000000
44917  15.154  -52.415  71.564 0.0000000000
45876  14.905  -51.797  71.797 0.0000000000
44912  14.484  -52.354  71.890 0.0000000000
53320  4.593  -43.668  69.024 0.0000000000
133340  4.927  -40.391  65.568 0.0000000000
135103  4.503  -41.201  64.230 0.0000000000
134240  4.679  -40.479  64.527 0.0000000000
43010  8.391  -56.174  65.949 0.0000000000
44927  10.976  -52.010  68.445 0.0000000000
145205  11.020  -52.615  67.885 0.0000000000
48756  10.991  -48.442  72.296 0.0000000000
47801  10.810  -49.049  72.089 0.0000000000
49731  10.566  -47.741  72.123 0.0000000000
49742  7.324  -46.752  71.085 0.0000000000
50667  6.817  -46.138  70.840 0.0000000000
50668  6.032  -46.031  70.750 0.0000000000
50671  5.823  -46.079  70.538 0.0000000000
51548  5.724  -44.631  70.848 0.0000000000
140983  12.472  -58.885  66.336 0.0000000000
35754  11.903  -59.199  65.694 0.0000000000
36792  12.057  -59.205  66.149 0.0000000000
36796  8.174  -58.954  65.933 0.0000000000
147219  8.021  -59.114  65.718 0.0000000000
42049  7.958  -56.629  66.060 0.0000000000
42050  7.189  -56.909  65.684 0.0000000000
43979  10.481  -54.480  63.511 0.0000000000
44980  11.319  -51.628  60.102 0.0000000000
45965  11.421  -51.013  59.339 0.0000000000
145009  11.254  -51.536  58.731 0.0000000000
46936  11.138  -50.437  59.345 0.0000000000
146863  4.874  -47.383  64.071 0.0000000000
47871  5.671  -48.974  63.417 0.0000000000
47872  5.126  -48.337  63.209 0.0000000000
47914  6.545  -49.224  56.918 0.0000000000
46967  7.149  -49.453  57.436 0.0000000000
47913  7.359  -49.378  56.642 0.0000000000
46995  8.153  -49.671  55.722 0.0000000000
46982  7.663  -49.285  55.860 0.0000000000
47959  7.663  -49.040  54.406 0.0000000000
47960  6.920  -48.678  55.182 0.0000000000
52533  5.806  -45.213  54.752 0.0000000000
51680  5.386  -45.497  54.433 0.0000000000
52545  5.326  -45.030  54.194 0.0000000000
60209  5.904  -36.355  62.426 0.0000000000
60211  4.802  -36.775  62.339 0.0000000000
59294  4.779  -37.367  61.820 0.0000000000
57294  7.726  -39.264  59.079 0.0000000000
56350  7.401  -39.877  59.761 0.0000000000
56349  8.020  -40.478  59.487 0.0000000000
55396  8.484  -41.308  59.575 0.0000000000
134070  15.361  -48.900  70.260 0.0000000000
48765  15.219  -47.874  70.663 0.0000000000
50678  16.155  -45.471  68.226 0.0000000000
45898  16.681  -50.681  65.077 0.0000000000
46833  15.730  -50.919  67.033 0.0000000000
45895  16.010  -51.513  66.447 0.0000000000
146522  15.782  -51.712  67.444 0.0000000000
45892  15.824  -52.411  68.042 0.0000000000
44926  15.782  -52.937  68.623 0.0000000000
46832  15.658  -51.693  68.405 0.0000000000
136439  15.462  -48.570  69.255 0.0000000000
47812  15.464  -49.684  69.527 0.0000000000
151453  15.412  -49.820  70.221 0.0000000000
46826  15.353  -50.062  70.926 0.0000000000
56274  4.353  -40.414  70.070 0.0000000000
58247  5.269  -38.454  68.515 0.0000000000
58258  5.359  -38.270  67.418 0.0000000000
42042  9.131  -56.076  67.238 0.0000000000
42039  9.876  -55.685  68.194 0.0000000000
43958  10.607  -54.178  69.520 0.0000000000
43961  10.715  -53.441  69.126 0.0000000000
51544  10.059  -45.877  70.578 0.0000000000
143134  9.338  -46.154  71.026 0.0000000000
152840  8.854  -45.452  69.988 0.0000000000
51556  8.197  -45.392  69.982 0.0000000000
51557  7.273  -45.374  70.341 0.0000000000
52394  6.573  -44.584  70.376 0.0000000000
38987  12.207  -57.331  69.856 0.0000000000
37909  11.987  -57.955  68.551 0.0000000000
37905  11.826  -57.515  69.099 0.0000000000
38993  9.840  -57.550  67.651 0.0000000000
37912  10.112  -57.888  67.673 0.0000000000
37916  9.462  -58.165  67.238 0.0000000000
37920  8.991  -58.522  66.830 0.0000000000
37917  8.885  -58.151  66.912 0.0000000000
38997  8.552  -57.912  66.703 0.0000000000
40020  8.841  -57.429  67.032 0.0000000000
41048  8.604  -57.162  66.863 0.0000000000
42043  8.337  -56.623  66.558 0.0000000000
45899  11.613  -51.376  65.386 0.0000000000
45907  11.588  -51.202  64.537 0.0000000000
133953  10.220  -50.086  64.039 0.0000000000
46881  10.739  -50.234  63.439 0.0000000000
46882  10.034  -49.776  63.324 0.0000000000
46895  10.497  -50.003  62.521 0.0000000000
51609  4.383  -45.437  62.789 0.0000000000
49798  4.880  -46.705  62.263 0.0000000000
138798  4.762  -46.004  62.216 0.0000000000
49813  5.399  -46.859  60.248 0.0000000000
128387  5.209  -47.310  60.402 0.0000000000
49814  5.346  -47.393  59.670 0.0000000000
47906  5.527  -48.362  58.420 0.0000000000
49822  5.458  -47.472  58.741 0.0000000000
48847  5.420  -47.952  57.367 0.0000000000
49829  5.489  -47.022  58.293 0.0000000000
51652  6.271  -45.610  58.296 0.0000000000
143337  5.932  -46.115  57.966 0.0000000000
52507  6.783  -45.270  57.396 0.0000000000
52506  6.952  -44.951  57.534 0.0000000000
147127  7.765  -38.612  58.151 0.0000000000
58343  8.462  -38.635  57.656 0.0000000000
57300  8.927  -39.340  58.129 0.0000000000
57309  9.402  -39.139  57.357 0.0000000000
42986  12.630  -53.366  71.823 0.0000000000
42990  12.227  -53.865  71.571 0.0000000000
47797  13.316  -49.716  72.035 0.0000000000
47798  12.683  -49.532  72.124 0.0000000000
48754  12.302  -48.704  72.102 0.0000000000
49728  12.736  -48.079  71.977 0.0000000000
50669  15.163  -46.456  70.770 0.0000000000
50652  14.309  -46.965  71.225 0.0000000000
50659  14.703  -46.565  71.097 0.0000000000
51542  12.954  -45.893  70.889 0.0000000000
51531  12.365  -46.431  71.312 0.0000000000
51543  11.856  -45.932  70.895 0.0000000000
142812  10.905  -46.015  70.936 0.0000000000
51553  11.252  -45.683  70.167 0.0000000000
43977  17.632  -51.989  63.821 0.0000000000
150366  17.194  -52.609  63.895 0.0000000000
44936  16.788  -52.139  65.324 0.0000000000
44935  17.012  -52.220  65.030 0.0000000000
43971  16.658  -52.800  65.677 0.0000000000
43012  16.454  -53.864  65.626 0.0000000000
42066  15.908  -54.581  64.663 0.0000000000
137311  15.776  -54.462  63.817 0.0000000000
41086  15.454  -55.264  64.242 0.0000000000
40067  14.697  -57.113  63.746 0.0000000000
38998  14.845  -57.075  67.422 0.0000000000
153072  14.259  -57.545  67.328 0.0000000000
37919  13.540  -58.121  67.155 0.0000000000
38995  14.337  -57.181  68.208 0.0000000000
43956  15.751  -53.760  69.508 0.0000000000
150035  15.802  -54.135  69.301 0.0000000000
43953  15.607  -53.731  70.186 0.0000000000
42029  14.612  -55.094  70.793 0.0000000000
42033  14.966  -54.932  70.103 0.0000000000
40002  14.290  -56.104  70.192 0.0000000000
38983  14.049  -56.505  69.763 0.0000000000
40003  13.925  -56.269  70.423 0.0000000000
38979  13.087  -56.999  70.183 0.0000000000
41036  13.799  -55.837  71.110 0.0000000000
43943  13.314  -53.200  72.025 0.0000000000
42024  13.265  -54.891  71.637 0.0000000000
42025  12.610  -54.889  71.602 0.0000000000
41034  11.633  -55.376  71.260 0.0000000000
49750  5.750  -47.320  68.314 0.0000000000
48774  5.873  -47.718  67.570 0.0000000000
49753  5.570  -47.040  67.443 0.0000000000
136383  5.037  -45.899  66.495 0.0000000000
135288  4.834  -45.357  66.027 0.0000000000
51582  4.562  -45.442  65.226 0.0000000000
54345  4.562  -42.543  67.896 0.0000000000
134249  4.737  -41.834  67.119 0.0000000000
54357  4.621  -42.570  65.402 0.0000000000
134552  4.607  -43.344  65.528 0.0000000000
53341  4.507  -43.864  64.831 0.0000000000
52442  4.426  -44.567  64.951 0.0000000000
53353  4.306  -44.367  64.380 0.0000000000
52450  4.189  -44.770  64.026 0.0000000000
129952  4.390  -43.556  64.173 0.0000000000
151992  4.502  -41.917  63.533 0.0000000000
53364  4.509  -43.288  63.567 0.0000000000
136020  4.570  -42.412  63.273 0.0000000000
129101  4.737  -42.155  62.746 0.0000000000
50705  15.933  -46.792  65.151 0.0000000000
50693  16.549  -45.560  65.946 0.0000000000
50704  16.294  -46.071  64.665 0.0000000000
46921  22.129  -48.626  61.125 0.0000000000
45950  21.390  -48.965  60.752 0.0000000000
45940  21.282  -49.133  61.278 0.0000000000
48796  23.758  -47.576  63.983 0.0000000000
49770  24.517  -47.428  64.437 0.0000000000
47849  24.025  -47.778  63.910 0.0000000000
46893  20.979  -49.281  62.781 0.0000000000
46860  19.929  -49.088  64.047 0.0000000000
138518  19.263  -49.271  64.171 0.0000000000
49775  18.968  -48.298  63.910 0.0000000000
145297  18.308  -49.055  64.458 0.0000000000
48802  17.327  -48.953  64.462 0.0000000000
49776  16.039  -48.020  64.147 0.0000000000
49777  15.863  -47.628  64.708 0.0000000000
49765  15.811  -47.643  65.600 0.0000000000
130014  6.046  -56.561  63.047 0.0000000000
43021  8.763  -55.852  64.824 0.0000000000
126977  9.538  -55.453  64.015 0.0000000000
43005  9.890  -54.922  67.458 0.0000000000
43008  9.796  -55.013  66.748 0.0000000000
132978  10.839  -53.720  65.939 0.0000000000
44934  11.072  -53.029  66.050 0.0000000000
132729  11.452  -52.537  65.849 0.0000000000
46835  10.600  -50.347  67.774 0.0000000000
46840  11.131  -50.862  67.092 0.0000000000
46836  9.930  -49.752  67.174 0.0000000000
44919  12.026  -52.847  71.738 0.0000000000
135777  11.654  -53.071  71.461 0.0000000000
140045  11.813  -52.261  71.723 0.0000000000
45880  11.397  -51.439  71.588 0.0000000000
45881  10.818  -50.443  71.180 0.0000000000
45887  10.894  -51.565  70.321 0.0000000000
142101  10.257  -49.577  71.051 0.0000000000
151349  9.532  -47.224  71.877 0.0000000000
49739  8.990  -47.127  71.778 0.0000000000
47808  8.080  -48.174  70.736 0.0000000000
47807  9.015  -48.578  71.054 0.0000000000
46828  9.296  -49.389  70.087 0.0000000000
47813  8.521  -48.922  69.578 0.0000000000
48766  6.731  -48.005  69.728 0.0000000000
135837  7.799  -48.739  69.159 0.0000000000
47814  7.027  -48.455  69.034 0.0000000000
48769  6.338  -48.042  69.092 0.0000000000
147676  6.555  -48.254  68.530 0.0000000000
127759  5.906  -47.538  69.051 0.0000000000
51549  4.981  -44.872  70.305 0.0000000000
50675  5.238  -45.793  69.753 0.0000000000
141107  4.711  -44.319  70.145 0.0000000000
52396  4.606  -43.645  70.533 0.0000000000
52390  5.372  -43.785  70.896 0.0000000000
43985  17.452  -51.752  62.038 0.0000000000
43994  17.398  -51.404  61.043 0.0000000000
152952  10.838  -59.447  64.157 0.0000000000
35753  10.453  -59.247  66.739 0.0000000000
35756  10.562  -59.439  66.135 0.0000000000
35757  9.842  -59.331  66.342 0.0000000000
42070  5.913  -56.822  64.299 0.0000000000
133887  5.591  -56.695  63.677 0.0000000000
129769  8.084  -55.779  60.766 0.0000000000
146043  8.913  -55.371  60.643 0.0000000000
43062  8.518  -55.438  59.830 0.0000000000
43986  10.863  -53.485  62.034 0.0000000000
149264  11.299  -52.640  62.093 0.0000000000
44024  10.589  -53.398  59.265 0.0000000000
44009  10.612  -53.454  60.162 0.0000000000
44039  9.974  -54.139  58.677 0.0000000000
44040  9.197  -54.684  58.514 0.0000000000
44058  10.101  -53.704  57.801 0.0000000000
45025  10.764  -51.678  56.704 0.0000000000
45026  10.376  -52.584  56.360 0.0000000000
128080  10.148  -52.392  55.487 0.0000000000
131022  9.895  -52.235  54.680 0.0000000000
45060  10.382  -51.581  55.155 0.0000000000
47840  6.464  -48.778  65.700 0.0000000000
47856  7.205  -48.982  65.317 0.0000000000
47857  6.647  -49.176  64.748 0.0000000000
46885  7.468  -49.429  62.815 0.0000000000
45922  8.393  -49.254  63.289 0.0000000000
148654  8.480  -49.178  62.619 0.0000000000
46912  9.353  -49.233  61.837 0.0000000000
45943  8.972  -49.329  60.998 0.0000000000
47891  5.411  -48.306  60.763 0.0000000000
47889  6.043  -49.052  61.573 0.0000000000
147867  6.089  -49.096  60.234 0.0000000000
45979  8.285  -49.607  58.343 0.0000000000
45967  8.224  -49.548  59.039 0.0000000000
45966  8.759  -49.604  58.738 0.0000000000
46939  9.253  -49.592  59.277 0.0000000000
126566  9.327  -49.875  58.057 0.0000000000
46951  10.014  -49.924  58.433 0.0000000000
46964  9.962  -50.020  57.579 0.0000000000
47942  9.629  -49.849  55.024 0.0000000000
47926  10.054  -49.982  55.387 0.0000000000
47941  10.078  -49.947  54.749 0.0000000000
47014  10.148  -50.661  53.712 0.0000000000
47025  10.142  -50.165  53.127 0.0000000000
47026  9.784  -50.413  52.515 0.0000000000
47968  9.792  -49.523  53.398 0.0000000000
128131  7.722  -48.627  53.240 0.0000000000
49868  7.541  -47.718  52.038 0.0000000000
48860  5.526  -48.094  55.892 0.0000000000
48859  5.950  -48.193  55.293 0.0000000000
127463  5.603  -47.825  54.918 0.0000000000
49871  5.305  -47.029  52.788 0.0000000000
48901  5.801  -47.496  53.248 0.0000000000
49885  5.841  -46.646  51.499 0.0000000000
60195  5.949  -36.510  64.310 0.0000000000
60197  4.689  -37.000  64.153 0.0000000000
59272  5.015  -37.384  64.918 0.0000000000
145207  4.661  -37.911  64.121 0.0000000000
135246  4.732  -39.003  64.033 0.0000000000
58286  4.493  -38.645  63.360 0.0000000000
57278  4.759  -39.861  62.137 0.0000000000
57268  4.461  -39.785  62.639 0.0000000000
56330  5.032  -40.503  62.046 0.0000000000
58326  5.633  -38.211  59.997 0.0000000000
59304  5.432  -37.858  60.128 0.0000000000
58318  5.578  -38.456  60.785 0.0000000000
59299  5.418  -37.954  60.935 0.0000000000
148193  7.008  -41.361  60.326 0.0000000000
56343  6.043  -40.226  61.005 0.0000000000
55390  6.217  -41.334  60.876 0.0000000000
55391  5.547  -41.856  61.482 0.0000000000
53389  5.923  -43.276  60.640 0.0000000000
53388  6.750  -42.972  60.358 0.0000000000
53408  7.649  -43.859  58.982 0.0000000000
53416  7.791  -44.377  57.841 0.0000000000
52505  7.177  -44.762  57.596 0.0000000000
48771  15.557  -47.504  68.990 0.0000000000
49746  15.601  -46.835  69.546 0.0000000000
49749  15.786  -46.618  68.767 0.0000000000
51566  16.256  -44.966  67.855 0.0000000000
47838  15.956  -49.181  65.814 0.0000000000
146108  15.971  -49.810  66.116 0.0000000000
46834  15.533  -50.241  67.758 0.0000000000
127297  15.543  -50.666  68.787 0.0000000000
47039  7.959  -50.428  50.910 0.0000000000
47038  8.732  -50.428  51.367 0.0000000000
42036  10.312  -55.545  69.086 0.0000000000
40011  11.595  -56.743  70.064 0.0000000000
38991  11.242  -57.434  68.758 0.0000000000
38989  11.218  -56.948  69.259 0.0000000000
40016  10.775  -56.716  68.896 0.0000000000
40017  10.207  -56.879  68.227 0.0000000000
40019  9.518  -57.154  67.567 0.0000000000
147176  9.942  -56.406  68.147 0.0000000000
46850  10.640  -50.247  65.826 0.0000000000
46851  9.768  -49.891  65.464 0.0000000000
46864  9.633  -49.857  64.583 0.0000000000
46865  9.093  -49.518  64.195 0.0000000000
51621  4.847  -45.412  62.099 0.0000000000
51620  4.998  -44.930  61.935 0.0000000000
51629  5.289  -45.500  61.394 0.0000000000
127341  5.493  -45.834  60.661 0.0000000000
50751  5.686  -46.516  58.754 0.0000000000
51639  5.571  -45.778  60.015 0.0000000000
52490  5.966  -44.795  59.926 0.0000000000
127840  13.384  -52.567  72.117 0.0000000000
45872  13.271  -51.799  72.126 0.0000000000
150410  13.828  -51.044  72.042 0.0000000000
146876  13.650  -50.556  72.023 0.0000000000
48752  13.596  -48.982  71.779 0.0000000000
131561  14.502  -45.590  70.152 0.0000000000
141440  12.769  -45.411  69.466 0.0000000000
51561  12.478  -45.255  68.623 0.0000000000
152352  11.604  -45.405  68.737 0.0000000000
45919  18.533  -50.503  63.811 0.0000000000
43974  17.537  -51.805  64.314 0.0000000000
43967  16.324  -53.399  66.523 0.0000000000
128249  16.283  -54.351  66.348 0.0000000000
42057  16.012  -54.687  65.655 0.0000000000
40022  15.217  -56.741  67.219 0.0000000000
41046  15.462  -55.965  68.167 0.0000000000
44920  15.443  -52.692  71.024 0.0000000000
131184  15.513  -53.620  70.670 0.0000000000
43950  15.390  -53.186  71.219 0.0000000000
43951  15.209  -53.496  71.467 0.0000000000
42987  14.634  -54.145  71.661 0.0000000000
42023  13.888  -55.042  71.608 0.0000000000
43947  14.340  -53.503  71.846 0.0000000000
127311  13.793  -53.033  71.999 0.0000000000
51564  5.132  -44.998  68.508 0.0000000000
50680  5.163  -45.811  67.797 0.0000000000
149243  5.030  -44.650  67.721 0.0000000000
134738  4.830  -41.096  66.296 0.0000000000
134247  4.581  -41.938  64.807 0.0000000000
55349  4.482  -41.928  64.047 0.0000000000
135102  4.480  -41.191  63.516 0.0000000000
47850  23.157  -48.065  64.021 0.0000000000
46859  20.516  -48.594  63.871 0.0000000000
48799  20.356  -48.414  63.864 0.0000000000
48810  16.668  -48.325  63.887 0.0000000000
43014  8.989  -55.747  65.628 0.0000000000
149917  10.606  -53.628  68.428 0.0000000000
132554  10.185  -54.121  67.159 0.0000000000
43965  10.753  -53.383  67.713 0.0000000000
44930  11.026  -52.762  67.286 0.0000000000
45896  11.450  -51.533  66.900 0.0000000000
45891  10.082  -49.884  68.668 0.0000000000
46818  11.423  -50.019  72.024 0.0000000000
46820  11.520  -50.789  72.031 0.0000000000
46821  11.057  -49.869  71.856 0.0000000000
47803  10.310  -49.098  71.780 0.0000000000
50666  7.829  -46.441  71.334 0.0000000000
48763  7.637  -47.464  71.130 0.0000000000
140583  7.219  -47.792  70.376 0.0000000000
48767  6.483  -47.393  70.261 0.0000000000
49745  5.966  -46.866  70.205 0.0000000000
134673  5.765  -46.967  69.619 0.0000000000
50672  5.410  -45.620  70.305 0.0000000000
136738  5.206  -44.180  70.726 0.0000000000
36812  12.417  -58.583  64.781 0.0000000000
36813  11.897  -58.861  64.656 0.0000000000
35767  11.370  -59.258  64.473 0.0000000000
35768  10.754  -59.457  64.654 0.0000000000
126991  9.297  -59.399  65.809 0.0000000000
41058  7.044  -57.248  65.550 0.0000000000
42060  6.197  -56.985  64.820 0.0000000000
140515  8.767  -55.778  63.255 0.0000000000
43052  7.945  -55.966  61.728 0.0000000000
43038  8.797  -55.643  62.335 0.0000000000
43037  9.642  -55.079  61.933 0.0000000000
132918  11.466  -51.954  61.737 0.0000000000
44971  11.154  -52.701  61.406 0.0000000000
44970  11.373  -51.849  60.987 0.0000000000
44991  10.983  -52.601  59.727 0.0000000000
45001  10.974  -52.465  58.915 0.0000000000
147668  10.561  -52.928  57.700 0.0000000000
134080  10.962  -52.116  58.065 0.0000000000
45977  11.194  -51.182  58.149 0.0000000000
45988  11.030  -51.214  57.435 0.0000000000
47858  5.488  -48.420  64.807 0.0000000000
129395  5.814  -48.980  64.346 0.0000000000
47869  6.430  -49.382  63.093 0.0000000000
46899  6.981  -49.483  62.666 0.0000000000
145015  5.954  -49.079  58.912 0.0000000000
46940  6.072  -49.155  59.421 0.0000000000
46953  6.985  -49.479  58.192 0.0000000000
45990  7.752  -49.567  57.930 0.0000000000
45989  8.454  -49.686  57.753 0.0000000000
133172  9.223  -49.938  57.143 0.0000000000
46980  8.898  -49.900  56.359 0.0000000000
46994  8.824  -49.877  55.392 0.0000000000
47958  8.982  -49.515  54.617 0.0000000000
47969  9.011  -49.116  53.758 0.0000000000
137590  8.345  -49.230  54.311 0.0000000000
47970  8.020  -48.978  53.724 0.0000000000
48886  7.273  -48.673  53.746 0.0000000000
50780  5.709  -46.488  55.591 0.0000000000
49850  5.370  -47.324  54.608 0.0000000000
50784  5.178  -46.642  54.398 0.0000000000
50789  4.845  -45.987  53.460 0.0000000000
145690  4.920  -46.171  52.574 0.0000000000
60202  5.946  -36.427  63.320 0.0000000000
60204  4.710  -36.862  63.217 0.0000000000
59288  4.576  -37.507  62.557 0.0000000000
144060  5.001  -39.382  61.756 0.0000000000
58325  6.127  -38.473  59.836 0.0000000000
152494  6.297  -38.942  60.324 0.0000000000
56351  6.547  -39.559  60.393 0.0000000000
54420  7.576  -42.649  59.981 0.0000000000
136947  7.716  -41.829  60.054 0.0000000000
54419  8.434  -42.327  59.635 0.0000000000
54431  9.005  -42.861  59.053 0.0000000000
47805  15.016  -49.518  71.349 0.0000000000
47802  14.594  -49.173  71.493 0.0000000000
48761  14.950  -48.460  71.182 0.0000000000
49744  15.173  -47.127  70.631 0.0000000000
51539  15.368  -46.059  70.403 0.0000000000
126773  15.825  -46.189  69.252 0.0000000000
51551  15.348  -45.584  69.780 0.0000000000
46848  17.134  -50.553  64.662 0.0000000000
45894  16.398  -51.937  65.855 0.0000000000
46838  16.060  -50.627  65.994 0.0000000000
136066  16.145  -53.869  68.330 0.0000000000
43001  16.088  -54.399  68.379 0.0000000000
43960  15.903  -53.529  68.791 0.0000000000
44924  15.672  -53.052  69.456 0.0000000000
45885  15.594  -52.363  69.833 0.0000000000
45886  15.580  -51.653  69.364 0.0000000000
145666  15.517  -51.748  70.145 0.0000000000
46825  15.421  -51.387  70.793 0.0000000000
46822  15.224  -51.163  71.415 0.0000000000
55311  4.129  -41.827  69.880 0.0000000000
54338  4.344  -42.466  69.225 0.0000000000
56276  4.398  -41.046  69.316 0.0000000000
58236  4.898  -39.038  69.080 0.0000000000
144969  4.803  -39.460  68.601 0.0000000000
57234  4.885  -39.699  67.533 0.0000000000
129872  5.042  -39.578  66.180 0.0000000000
58267  5.146  -38.680  65.767 0.0000000000
43006  9.338  -55.583  67.027 0.0000000000
130007  10.056  -54.963  68.177 0.0000000000
127630  10.867  -52.559  69.283 0.0000000000
50663  10.620  -46.790  71.585 0.0000000000
50657  10.131  -47.017  71.797 0.0000000000
50664  9.656  -46.648  71.556 0.0000000000
153163  9.018  -46.525  71.511 0.0000000000
51534  8.660  -46.267  71.237 0.0000000000
51535  7.932  -46.232  71.167 0.0000000000
138963  7.161  -45.758  70.733 0.0000000000
145545  6.344  -45.251  70.753 0.0000000000
51547  5.927  -44.573  70.914 0.0000000000
36778  12.788  -58.398  68.029 0.0000000000
134844  11.824  -58.843  67.013 0.0000000000
36779  11.652  -58.706  67.489 0.0000000000
36780  10.898  -58.792  67.495 0.0000000000
36781  10.180  -58.744  67.340 0.0000000000
37911  10.635  -57.931  68.040 0.0000000000
37915  9.996  -58.367  67.436 0.0000000000
36782  9.533  -58.676  67.068 0.0000000000
36789  9.154  -58.910  66.690 0.0000000000
36790  8.465  -58.680  66.339 0.0000000000
37925  7.974  -58.544  65.964 0.0000000000
37922  7.895  -58.228  66.006 0.0000000000
39000  8.033  -57.968  66.238 0.0000000000
40024  7.796  -57.585  66.094 0.0000000000
41051  8.113  -57.140  66.409 0.0000000000
44941  11.325  -53.104  64.246 0.0000000000
43978  11.135  -53.492  63.568 0.0000000000
44948  11.528  -52.624  63.674 0.0000000000
129908  11.593  -52.166  63.142 0.0000000000
134530  11.558  -51.374  62.985 0.0000000000
46880  11.000  -50.456  64.294 0.0000000000
45920  11.380  -50.790  63.639 0.0000000000
45931  11.483  -51.124  62.122 0.0000000000
46909  11.266  -50.626  61.432 0.0000000000
46922  11.021  -50.325  60.708 0.0000000000
50715  4.397  -46.158  63.605 0.0000000000
48816  4.859  -47.887  63.086 0.0000000000
138090  4.874  -47.219  62.550 0.0000000000
48825  5.178  -47.895  61.438 0.0000000000
50730  5.111  -46.472  61.614 0.0000000000
48826  5.127  -47.513  60.959 0.0000000000
47896  5.406  -48.418  60.032 0.0000000000
47905  5.687  -48.707  58.677 0.0000000000
47916  5.650  -48.755  57.815 0.0000000000
47930  5.664  -48.715  56.988 0.0000000000
47945  6.376  -48.582  55.644 0.0000000000
47947  5.551  -48.384  56.650 0.0000000000
129593  5.431  -48.077  56.716 0.0000000000
130713  5.447  -47.749  56.148 0.0000000000
50759  5.670  -46.629  57.652 0.0000000000
50768  6.075  -46.275  56.018 0.0000000000
51659  6.521  -45.910  56.023 0.0000000000
52518  6.885  -45.391  56.153 0.0000000000
129223  7.041  -45.087  55.889 0.0000000000
56361  8.466  -39.628  58.759 0.0000000000
55395  9.321  -41.074  59.001 0.0000000000
56360  9.211  -40.155  58.585 0.0000000000
57308  10.190  -39.724  57.120 0.0000000000
45078  9.057  -51.989  53.590 0.0000000000
42027  11.388  -55.116  71.081 0.0000000000
42994  11.267  -54.719  70.924 0.0000000000
42991  11.670  -54.452  71.322 0.0000000000
43948  12.268  -53.072  71.782 0.0000000000
44916  12.136  -52.296  71.878 0.0000000000
45873  12.623  -51.675  72.052 0.0000000000
46816  12.283  -50.965  72.061 0.0000000000
46817  11.831  -50.881  72.051 0.0000000000
132672  11.873  -50.149  72.126 0.0000000000
48755  11.615  -48.595  72.206 0.0000000000
49736  11.593  -47.591  72.024 0.0000000000
150885  14.326  -48.636  71.443 0.0000000000
49733  13.902  -47.472  71.523 0.0000000000
50653  13.779  -47.057  71.480 0.0000000000
51541  14.045  -45.881  70.868 0.0000000000
50660  13.685  -46.772  71.436 0.0000000000
50654  13.081  -47.157  71.707 0.0000000000
50655  12.148  -47.267  71.761 0.0000000000
50662  11.714  -46.884  71.576 0.0000000000
50656  11.115  -47.204  71.820 0.0000000000
148218  10.812  -45.375  68.629 0.0000000000
148587  19.740  -50.075  62.034 0.0000000000
44958  18.172  -51.346  63.140 0.0000000000
43035  17.472  -52.145  63.104 0.0000000000
43036  16.812  -52.628  62.565 0.0000000000
144799  15.608  -54.209  62.992 0.0000000000
45897  17.264  -51.535  64.706 0.0000000000
127180  17.113  -52.343  64.802 0.0000000000
43011  16.817  -53.121  65.084 0.0000000000
137993  16.804  -53.160  64.366 0.0000000000
42076  16.332  -53.829  64.141 0.0000000000
144258  16.090  -53.779  63.483 0.0000000000
42083  15.408  -55.069  62.574 0.0000000000
41078  15.072  -56.007  64.673 0.0000000000
37933  13.687  -58.143  65.699 0.0000000000
36798  13.258  -58.521  66.014 0.0000000000
36783  13.269  -58.430  66.593 0.0000000000
36784  13.228  -58.333  67.499 0.0000000000
134955  15.787  -54.845  68.639 0.0000000000
42035  15.473  -54.943  68.982 0.0000000000
41043  15.222  -55.636  68.858 0.0000000000
129067  15.327  -54.357  70.376 0.0000000000
41040  14.852  -55.603  69.546 0.0000000000
40008  14.742  -56.155  69.078 0.0000000000
38990  14.016  -56.857  68.954 0.0000000000
37906  13.393  -57.675  68.527 0.0000000000
131035  13.191  -58.237  68.005 0.0000000000
37903  12.874  -57.517  69.368 0.0000000000
38986  12.684  -57.401  69.944 0.0000000000
38981  12.433  -57.166  70.289 0.0000000000
151657  13.428  -55.572  71.438 0.0000000000
40000  12.632  -56.468  71.024 0.0000000000
132205  12.177  -56.592  70.897 0.0000000000
41037  11.733  -56.102  71.109 0.0000000000
41038  11.367  -55.668  70.882 0.0000000000
47824  6.881  -48.481  67.416 0.0000000000
47825  6.341  -48.322  67.144 0.0000000000
47830  6.113  -48.400  66.363 0.0000000000
48776  5.710  -48.010  66.124 0.0000000000
148281  5.298  -46.385  67.293 0.0000000000
49756  5.259  -46.753  66.364 0.0000000000
48788  5.394  -47.971  65.315 0.0000000000
152729  5.165  -47.456  65.067 0.0000000000
49766  4.922  -47.108  64.597 0.0000000000
48806  4.680  -46.744  64.158 0.0000000000
134252  4.515  -43.125  68.545 0.0000000000
53324  4.716  -43.699  67.648 0.0000000000
137814  4.799  -44.219  66.561 0.0000000000
54351  4.705  -42.747  66.504 0.0000000000
134251  4.691  -43.606  66.520 0.0000000000
52431  4.633  -44.674  65.647 0.0000000000
52432  4.403  -45.058  65.036 0.0000000000
144948  4.349  -45.515  64.555 0.0000000000
132317  4.461  -46.254  64.009 0.0000000000
51597  4.163  -45.273  63.971 0.0000000000
52458  4.168  -44.925  63.456 0.0000000000
53372  4.631  -43.977  63.227 0.0000000000
53379  4.892  -43.733  62.586 0.0000000000
151069  4.998  -43.594  62.073 0.0000000000
130111  16.443  -45.647  66.767 0.0000000000
51588  17.075  -44.802  65.390 0.0000000000
47848  25.059  -48.054  64.356 0.0000000000
141259  22.852  -48.569  62.279 0.0000000000
46879  19.915  -49.518  63.785 0.0000000000
45905  19.043  -50.053  64.003 0.0000000000
48800  19.603  -48.623  64.028 0.0000000000
47853  19.145  -48.969  64.258 0.0000000000
46861  17.922  -49.892  64.336 0.0000000000
48787  16.346  -49.048  65.170 0.0000000000
48803  16.532  -48.686  64.554 0.0000000000
144575  15.903  -48.551  65.513 0.0000000000
42078  7.658  -56.353  63.644 0.0000000000
152410  8.218  -56.147  63.435 0.0000000000
43969  10.295  -54.289  66.346 0.0000000000
149532  10.924  -54.163  64.876 0.0000000000
44937  11.652  -52.186  65.315 0.0000000000
46849  11.332  -50.881  66.200 0.0000000000
149101  9.342  -49.496  66.711 0.0000000000
47827  8.079  -49.058  67.167 0.0000000000
42997  11.191  -54.294  70.798 0.0000000000
43954  11.170  -53.384  70.925 0.0000000000
44923  11.007  -52.391  70.716 0.0000000000
45888  10.589  -50.928  69.801 0.0000000000
49738  9.884  -47.566  71.877 0.0000000000
48759  10.059  -48.383  71.905 0.0000000000
47806  9.851  -49.102  71.339 0.0000000000
48762  8.627  -47.780  71.468 0.0000000000
47804  9.523  -48.477  71.564 0.0000000000
46827  10.116  -49.858  70.560 0.0000000000
148082  10.162  -50.282  69.385 0.0000000000
47821  9.121  -49.382  68.383 0.0000000000
47816  8.406  -49.058  68.820 0.0000000000
47822  8.220  -49.126  68.016 0.0000000000
47823  7.504  -48.750  67.708 0.0000000000
47819  6.482  -48.255  67.883 0.0000000000
48772  6.120  -47.957  68.318 0.0000000000
49747  5.522  -46.465  69.537 0.0000000000
49748  5.398  -46.308  69.141 0.0000000000
50677  5.232  -45.754  68.896 0.0000000000
140720  4.839  -44.487  69.458 0.0000000000
138303  4.571  -43.980  69.829 0.0000000000
52391  4.881  -43.315  70.951 0.0000000000
53312  4.716  -42.782  71.417 0.0000000000
53313  4.679  -43.127  70.928 0.0000000000
54335  4.523  -42.712  70.856 0.0000000000
145183  4.149  -42.391  70.204 0.0000000000
51574  16.759  -44.990  66.849 0.0000000000
44006  17.192  -51.149  60.227 0.0000000000
44007  16.614  -51.843  60.778 0.0000000000
35755  11.373  -59.403  65.949 0.0000000000
145654  10.549  -59.468  65.400 0.0000000000
127078  9.957  -59.521  64.671 0.0000000000
35769  9.338  -59.547  64.031 0.0000000000
150148  7.597  -56.110  61.128 0.0000000000
147419  10.887  -53.794  62.875 0.0000000000
43997  10.254  -54.303  61.519 0.0000000000
44010  10.117  -54.207  60.620 0.0000000000
43061  9.442  -54.860  60.195 0.0000000000
43074  9.313  -54.803  59.294 0.0000000000
45012  10.226  -53.210  57.095 0.0000000000
46852  8.016  -48.986  65.381 0.0000000000
46867  7.359  -49.328  64.030 0.0000000000
45921  8.744  -49.312  63.715 0.0000000000
46883  9.351  -49.466  63.437 0.0000000000
46896  9.735  -49.403  62.623 0.0000000000
46911  10.016  -49.633  61.724 0.0000000000
46924  10.185  -49.898  60.744 0.0000000000
47880  5.175  -48.211  62.438 0.0000000000
46913  6.697  -49.346  61.931 0.0000000000
45945  7.488  -49.365  61.417 0.0000000000
45957  6.690  -49.405  59.881 0.0000000000
45956  7.483  -49.466  60.409 0.0000000000
45944  8.279  -49.337  60.973 0.0000000000
46925  9.193  -49.498  60.148 0.0000000000
141512  9.794  -49.689  59.934 0.0000000000
46923  10.662  -50.056  59.837 0.0000000000
46950  10.619  -50.220  58.199 0.0000000000
46963  10.707  -50.329  57.448 0.0000000000
45999  10.745  -50.687  56.596 0.0000000000
46979  9.826  -49.969  56.619 0.0000000000
46978  10.303  -50.107  56.039 0.0000000000
46010  10.547  -50.791  55.665 0.0000000000
46021  10.178  -51.344  54.321 0.0000000000
149792  9.740  -51.337  53.479 0.0000000000
46048  9.548  -51.033  52.742 0.0000000000
46065  9.268  -50.733  52.077 0.0000000000
47037  9.490  -49.955  51.737 0.0000000000
47987  9.016  -49.698  51.080 0.0000000000
48872  6.447  -48.373  54.823 0.0000000000
142594  6.432  -48.245  54.176 0.0000000000
130816  6.663  -48.283  53.707 0.0000000000
146100  5.759  -47.689  53.807 0.0000000000
48900  6.368  -47.763  53.099 0.0000000000
49869  6.641  -47.529  52.214 0.0000000000
49883  7.227  -47.186  51.243 0.0000000000
59263  5.729  -37.637  66.876 0.0000000000
58266  5.335  -38.062  66.379 0.0000000000
60189  5.293  -36.972  65.244 0.0000000000
134239  4.529  -39.892  63.957 0.0000000000
149920  4.415  -40.116  63.504 0.0000000000
56314  4.430  -40.374  63.154 0.0000000000
134569  4.424  -39.152  62.789 0.0000000000
140822  4.573  -40.953  62.959 0.0000000000
55377  4.820  -41.267  62.560 0.0000000000
137310  4.932  -41.976  62.342 0.0000000000
54403  5.128  -42.335  61.910 0.0000000000
58308  5.149  -38.684  61.463 0.0000000000
139497  5.833  -39.397  60.870 0.0000000000
56344  5.449  -39.973  61.477 0.0000000000
54413  5.483  -42.790  61.348 0.0000000000
52489  6.520  -44.395  59.318 0.0000000000
53399  7.296  -43.371  59.751 0.0000000000
148328  6.997  -43.932  59.360 0.0000000000
132974  6.854  -44.755  58.315 0.0000000000
52517  7.153  -44.955  56.713 0.0000000000
127961  7.188  -44.949  55.968 0.0000000000
54430  9.734  -42.568  58.549 0.0000000000
53415  8.709  -44.085  57.569 0.0000000000
53424  8.032  -44.486  56.760 0.0000000000
52531  6.745  -44.854  55.191 0.0000000000
35752  11.057  -59.339  66.492 0.0000000000
35759  11.767  -59.033  65.133 0.0000000000
36775  12.185  -58.430  68.020 0.0000000000
36776  11.436  -58.430  67.948 0.0000000000
36785  12.382  -58.620  67.370 0.0000000000
36787  10.446  -59.015  67.184 0.0000000000
36791  12.844  -58.708  66.342 0.0000000000
36793  11.649  -59.179  66.546 0.0000000000
36799  12.688  -58.680  65.666 0.0000000000
37904  12.446  -57.554  69.285 0.0000000000
37907  13.139  -57.382  69.318 0.0000000000
37910  11.279  -57.963  68.365 0.0000000000
37913  13.863  -57.455  68.371 0.0000000000
37918  14.029  -57.645  67.646 0.0000000000
38980  12.774  -57.149  70.249 0.0000000000
38984  13.579  -56.932  69.546 0.0000000000
38985  12.966  -57.342  69.898 0.0000000000
38988  11.695  -57.177  69.630 0.0000000000
38999  14.469  -57.485  67.052 0.0000000000
39999  13.186  -56.223  71.107 0.0000000000
40001  12.230  -56.147  71.263 0.0000000000
40004  13.404  -56.505  70.587 0.0000000000
40006  11.849  -56.652  70.615 0.0000000000
40010  13.526  -56.750  70.058 0.0000000000
40014  15.031  -56.360  68.438 0.0000000000
40015  14.555  -56.671  68.646 0.0000000000
40018  15.169  -56.576  67.799 0.0000000000
40053  14.862  -56.700  64.296 0.0000000000
41032  12.761  -55.719  71.435 0.0000000000
41035  14.252  -55.737  70.709 0.0000000000
41041  14.575  -55.647  70.194 0.0000000000
41087  15.248  -55.994  63.788 0.0000000000
42019  13.322  -54.210  71.741 0.0000000000
42020  12.997  -54.326  71.671 0.0000000000
42021  12.624  -54.126  71.634 0.0000000000
42022  14.329  -54.686  71.586 0.0000000000
42026  12.016  -54.768  71.530 0.0000000000
42028  15.078  -54.476  70.885 0.0000000000
42041  16.069  -55.189  67.625 0.0000000000
42984  13.624  -53.770  71.857 0.0000000000
42985  13.066  -53.680  71.826 0.0000000000
42988  14.101  -54.330  71.757 0.0000000000
42993  15.069  -54.022  71.426 0.0000000000
42995  15.646  -54.136  69.686 0.0000000000
42996  15.520  -54.055  70.271 0.0000000000
42999  15.752  -54.431  69.085 0.0000000000
43942  14.279  -52.802  71.928 0.0000000000
43945  15.099  -52.963  71.652 0.0000000000
43946  14.947  -53.502  71.699 0.0000000000
43949  11.925  -53.539  71.528 0.0000000000
44913  13.983  -52.446  72.002 0.0000000000
44914  12.819  -52.345  72.127 0.0000000000
44918  14.885  -52.366  71.787 0.0000000000
45869  14.604  -51.850  71.874 0.0000000000
45870  14.185  -51.947  71.959 0.0000000000
45875  15.098  -51.748  71.635 0.0000000000
45877  11.754  -51.502  71.893 0.0000000000
45882  15.484  -52.236  70.611 0.0000000000
45900  8.433  -49.244  64.497 0.0000000000
45908  8.110  -49.233  63.967 0.0000000000
45909  7.857  -49.299  63.521 0.0000000000
45923  7.935  -49.304  62.878 0.0000000000
45932  8.741  -49.124  61.887 0.0000000000
45934  7.506  -49.382  62.296 0.0000000000
45942  11.439  -51.280  61.406 0.0000000000
45955  8.176  -49.512  59.905 0.0000000000
45968  7.539  -49.526  59.448 0.0000000000
45978  8.865  -49.748  58.099 0.0000000000
45981  6.822  -49.457  58.997 0.0000000000
46034  9.182  -51.506  53.067 0.0000000000
46812  14.626  -51.116  71.901 0.0000000000
46815  13.131  -50.913  72.074 0.0000000000
46823  15.073  -50.435  71.529 0.0000000000
46884  7.257  -49.449  63.289 0.0000000000
46898  6.378  -49.326  62.531 0.0000000000
46937  10.645  -50.115  58.943 0.0000000000
46941  5.677  -48.718  59.421 0.0000000000
46952  9.305  -49.728  58.512 0.0000000000
46954  6.224  -49.279  58.549 0.0000000000
46968  6.319  -49.305  57.753 0.0000000000
46981  8.047  -49.625  56.512 0.0000000000
47004  10.272  -50.483  54.489 0.0000000000
47799  12.026  -49.396  72.130 0.0000000000
47829  6.706  -48.551  66.600 0.0000000000
47859  5.290  -48.372  63.976 0.0000000000
47879  5.476  -48.700  62.670 0.0000000000
47883  5.929  -49.079  62.219 0.0000000000
47884  5.597  -48.611  61.926 0.0000000000
47885  5.364  -48.255  61.605 0.0000000000
47890  5.788  -48.735  61.003 0.0000000000
47897  5.414  -48.286  59.450 0.0000000000
47915  5.898  -49.039  57.350 0.0000000000
47929  6.126  -48.868  56.514 0.0000000000
47944  7.564  -48.995  55.167 0.0000000000
47956  10.135  -49.991  53.950 0.0000000000
47978  9.846  -49.717  52.512 0.0000000000
48751  14.106  -49.188  71.584 0.0000000000
48758  14.065  -48.218  71.550 0.0000000000
48789  5.372  -47.447  65.807 0.0000000000
48811  4.946  -47.874  63.701 0.0000000000
48817  4.770  -47.337  63.096 0.0000000000
48821  5.014  -47.742  62.379 0.0000000000
48822  5.089  -47.373  61.864 0.0000000000
48830  5.180  -48.050  60.435 0.0000000000
48835  5.355  -47.933  59.083 0.0000000000
48839  5.431  -47.876  58.050 0.0000000000
48873  5.974  -47.962  54.389 0.0000000000
48874  5.491  -47.614  54.153 0.0000000000
48898  8.086  -48.236  52.593 0.0000000000
49727  13.428  -48.113  71.777 0.0000000000
49730  11.225  -47.923  72.295 0.0000000000
49732  14.439  -47.460  71.288 0.0000000000
49734  13.260  -47.522  71.745 0.0000000000
49735  12.477  -47.602  71.894 0.0000000000
49767  4.735  -46.445  64.763 0.0000000000
49784  16.891  -47.928  63.097 0.0000000000
49787  4.611  -46.748  63.643 0.0000000000
49794  4.635  -46.717  63.058 0.0000000000
49803  5.196  -46.909  60.971 0.0000000000
49830  5.431  -47.536  57.796 0.0000000000
49837  5.453  -47.516  56.852 0.0000000000
49844  5.514  -47.168  55.942 0.0000000000
49858  5.400  -47.346  53.522 0.0000000000
49872  5.051  -46.751  53.314 0.0000000000
50670  15.040  -46.214  70.951 0.0000000000
50683  16.460  -45.446  67.289 0.0000000000
50685  4.755  -45.736  65.565 0.0000000000
50706  4.487  -46.078  64.383 0.0000000000
50742  5.516  -46.297  59.921 0.0000000000
50769  5.681  -46.762  56.615 0.0000000000
50783  5.005  -45.930  54.168 0.0000000000
50790  4.996  -46.497  53.841 0.0000000000
51529  14.393  -46.358  71.136 0.0000000000
51530  13.449  -46.392  71.300 0.0000000000
51562  11.208  -45.505  69.288 0.0000000000
51565  16.444  -45.172  67.533 0.0000000000
51581  4.651  -45.074  65.621 0.0000000000
51630  5.140  -45.930  61.677 0.0000000000
51638  5.914  -45.429  59.464 0.0000000000
51658  6.513  -45.761  57.100 0.0000000000
51672  5.391  -46.141  54.808 0.0000000000
52519  6.359  -45.413  55.329 0.0000000000
56348  8.613  -40.404  59.129 0.0000000000
126383  15.549  -53.255  70.644 0.0000000000
126602  12.391  -59.018  65.947 0.0000000000
126840  8.561  -49.783  57.201 0.0000000000
127289  4.283  -45.797  64.027 0.0000000000
128263  15.176  -55.095  69.397 0.0000000000
128280  15.788  -55.583  67.869 0.0000000000
128411  11.119  -50.383  62.081 0.0000000000
129082  12.682  -58.646  66.841 0.0000000000
129257  14.476  -57.329  67.605 0.0000000000
129308  12.376  -45.617  70.183 0.0000000000
129412  14.679  -54.605  71.360 0.0000000000
130327  4.672  -39.130  62.163 0.0000000000
130528  13.026  -57.818  68.617 0.0000000000
131399  12.356  -52.060  71.957 0.0000000000
131784  5.964  -48.059  66.928 0.0000000000
132025  14.004  -57.746  67.026 0.0000000000
134927  13.091  -50.392  72.082 0.0000000000
135540  10.450  -50.891  54.958 0.0000000000
136797  14.584  -48.169  71.354 0.0000000000
137181  13.876  -51.493  72.042 0.0000000000
137234  4.200  -45.552  63.528 0.0000000000
137788  5.939  -48.877  65.083 0.0000000000
139335  11.198  -50.615  58.642 0.0000000000
139658  12.529  -56.870  70.562 0.0000000000
140097  13.237  -57.154  69.805 0.0000000000
140288  5.068  -46.878  65.307 0.0000000000
140652  8.531  -46.696  71.671 0.0000000000
141045  5.408  -46.887  55.114 0.0000000000
141175  8.513  -49.241  65.862 0.0000000000
141209  12.220  -58.867  66.670 0.0000000000
141292  14.785  -46.921  71.007 0.0000000000
142322  9.972  -47.189  71.876 0.0000000000
143129  14.370  -56.459  69.244 0.0000000000
143579  13.527  -57.207  69.044 0.0000000000
144008  15.645  -53.221  69.869 0.0000000000
144195  13.066  -58.474  66.995 0.0000000000
144912  5.174  -37.877  65.548 0.0000000000
145090  5.831  -44.936  54.570 0.0000000000
145469  12.177  -51.485  71.981 0.0000000000
145498  9.981  -59.477  65.808 0.0000000000
145744  11.715  -51.784  64.936 0.0000000000
147976  15.380  -47.100  70.180 0.0000000000
148441  8.681  -49.429  60.254 0.0000000000
149006  7.965  -47.495  51.237 0.0000000000
149201  12.207  -56.904  70.530 0.0000000000
150277  5.000  -36.958  64.739 0.0000000000
150805  4.102  -45.269  63.648 0.0000000000
150890  9.632  -49.634  60.440 0.0000000000
151722  7.823  -49.428  55.391 0.0000000000
