#!ascii label  , from subject sub-v1s1x0050657_ses-1 vox2ras=TkReg
682
78305  20.640  -17.303  -15.531 0.0000000000
85323  29.660  -10.427  -18.309 0.0000000000
127833  24.901  0.992  -15.818 0.0000000000
130118  21.774  -3.120  -19.442 0.0000000000
72908  22.889  -23.016  -14.943 0.0000000000
75577  26.262  -20.411  -17.230 0.0000000000
80905  24.090  -14.374  -16.830 0.0000000000
86136  23.085  -8.883  -19.243 0.0000000000
90325  27.910  -4.205  -15.464 0.0000000000
93924  28.391  0.556  -19.697 0.0000000000
98640  23.802  6.659  -17.415 0.0000000000
142524  21.713  -20.326  -15.534 0.0000000000
74742  24.349  -21.889  -15.992 0.0000000000
129120  23.003  -18.879  -16.502 0.0000000000
83610  20.844  -11.191  -16.894 0.0000000000
86105  20.263  -8.211  -16.820 0.0000000000
126195  23.564  -1.341  -17.129 0.0000000000
150583  24.252  -3.913  -17.035 0.0000000000
143850  26.213  -1.827  -15.141 0.0000000000
144752  29.424  -2.107  -17.184 0.0000000000
94694  28.774  1.159  -15.760 0.0000000000
98629  19.790  6.940  -16.277 0.0000000000
141657  21.092  5.019  -17.948 0.0000000000
127284  21.269  8.280  -20.115 0.0000000000
150252  26.691  -11.982  -15.709 0.0000000000
80902  27.457  -14.997  -16.773 0.0000000000
82710  30.330  -12.484  -18.165 0.0000000000
125755  22.351  1.123  -18.342 0.0000000000
86161  30.141  -8.663  -21.173 0.0000000000
80889  19.818  -14.449  -15.018 0.0000000000
79990  22.270  -15.798  -16.923 0.0000000000
81791  21.692  -13.561  -17.298 0.0000000000
83607  23.352  -11.811  -18.583 0.0000000000
149852  26.529  -9.042  -16.361 0.0000000000
87878  22.132  -6.544  -19.204 0.0000000000
87853  25.162  -6.443  -16.735 0.0000000000
87861  29.845  -7.064  -17.119 0.0000000000
152328  29.421  -5.224  -19.734 0.0000000000
96290  22.076  3.453  -18.002 0.0000000000
97089  24.688  4.302  -16.206 0.0000000000
127755  25.465  9.779  -17.330 0.0000000000
99456  26.517  7.703  -16.192 0.0000000000
151465  28.252  4.365  -15.700 0.0000000000
97112  28.653  4.235  -19.280 0.0000000000
127914  25.189  -16.973  -16.331 0.0000000000
79164  19.291  -16.313  -14.358 0.0000000000
78290  19.916  -17.848  -15.039 0.0000000000
77355  20.689  -18.207  -15.525 0.0000000000
76434  22.611  -19.458  -16.126 0.0000000000
77372  22.052  -17.889  -16.288 0.0000000000
143837  23.977  0.124  -16.528 0.0000000000
144125  24.419  -1.580  -16.196 0.0000000000
143831  25.569  -0.326  -15.560 0.0000000000
92923  28.292  -0.345  -15.299 0.0000000000
126177  27.294  0.805  -15.214 0.0000000000
125839  20.001  8.212  -18.661 0.0000000000
125838  19.934  7.101  -19.182 0.0000000000
125823  20.545  9.317  -20.546 0.0000000000
84468  28.890  -11.124  -16.565 0.0000000000
82690  29.003  -12.421  -17.425 0.0000000000
83627  30.027  -11.429  -18.858 0.0000000000
125765  21.015  0.251  -18.680 0.0000000000
153087  21.059  1.505  -18.448 0.0000000000
137915  21.212  -22.193  -14.397 0.0000000000
72893  21.513  -23.523  -14.369 0.0000000000
71982  23.273  -24.868  -14.834 0.0000000000
138579  24.191  -23.939  -15.563 0.0000000000
75578  25.570  -20.954  -16.783 0.0000000000
72923  26.173  -23.082  -16.452 0.0000000000
81774  20.327  -14.142  -15.687 0.0000000000
82697  20.408  -12.744  -16.102 0.0000000000
84485  21.799  -10.525  -18.151 0.0000000000
83608  22.371  -11.906  -18.390 0.0000000000
84498  23.356  -10.485  -18.981 0.0000000000
84484  24.471  -10.529  -17.739 0.0000000000
136693  24.305  -9.094  -18.307 0.0000000000
88724  20.771  -5.722  -18.216 0.0000000000
89540  21.570  -4.705  -19.249 0.0000000000
90327  25.371  -4.065  -15.282 0.0000000000
88712  24.205  -5.419  -17.508 0.0000000000
88701  27.068  -5.767  -15.488 0.0000000000
87851  27.032  -7.171  -15.819 0.0000000000
88700  28.538  -5.773  -15.679 0.0000000000
88721  30.002  -5.815  -18.363 0.0000000000
89527  29.814  -4.772  -17.303 0.0000000000
147883  28.866  -1.074  -18.447 0.0000000000
91154  28.845  -2.605  -19.736 0.0000000000
98642  22.348  5.881  -18.724 0.0000000000
97103  21.372  4.269  -17.835 0.0000000000
97874  22.748  4.808  -17.861 0.0000000000
97095  23.148  4.122  -17.266 0.0000000000
97869  24.183  5.485  -16.729 0.0000000000
97860  27.532  5.682  -15.586 0.0000000000
127925  28.708  5.883  -16.968 0.0000000000
97100  29.026  4.256  -17.009 0.0000000000
132781  23.391  -15.014  -17.138 0.0000000000
79195  23.952  -16.798  -16.410 0.0000000000
79987  25.227  -15.456  -16.144 0.0000000000
80006  28.750  -15.498  -17.777 0.0000000000
79210  27.840  -16.553  -17.884 0.0000000000
75539  20.339  -20.263  -14.684 0.0000000000
74745  21.851  -21.571  -15.250 0.0000000000
149154  23.909  -22.292  -15.611 0.0000000000
75558  22.974  -20.855  -15.938 0.0000000000
142456  23.853  -19.891  -16.396 0.0000000000
76433  24.769  -19.726  -16.513 0.0000000000
84473  20.004  -10.071  -16.049 0.0000000000
143318  20.765  -9.704  -17.047 0.0000000000
86121  21.597  -8.689  -18.325 0.0000000000
91137  22.617  -2.448  -18.813 0.0000000000
153027  22.879  -3.884  -19.225 0.0000000000
91123  23.362  -2.804  -18.007 0.0000000000
91113  25.052  -2.991  -15.455 0.0000000000
90312  27.195  -2.931  -15.272 0.0000000000
90323  29.609  -3.483  -16.566 0.0000000000
91992  28.845  -1.981  -15.537 0.0000000000
141248  29.335  -0.665  -16.821 0.0000000000
93902  28.974  0.575  -17.821 0.0000000000
97850  18.666  4.799  -15.391 0.0000000000
135054  20.072  6.256  -17.144 0.0000000000
98648  21.063  6.678  -19.540 0.0000000000
99464  22.361  7.252  -18.959 0.0000000000
81788  25.441  -13.076  -16.130 0.0000000000
80903  26.202  -14.956  -16.114 0.0000000000
138680  27.390  -13.612  -16.037 0.0000000000
81812  29.003  -13.812  -17.711 0.0000000000
91140  20.792  -2.473  -18.513 0.0000000000
92024  21.694  -1.243  -18.866 0.0000000000
128041  22.774  0.454  -17.941 0.0000000000
125756  23.459  1.338  -16.993 0.0000000000
128693  25.241  -23.829  -16.026 0.0000000000
86148  29.891  -9.024  -19.787 0.0000000000
84516  30.823  -10.234  -19.933 0.0000000000
79967  20.317  -15.646  -15.236 0.0000000000
79174  21.295  -16.823  -16.009 0.0000000000
79992  20.919  -15.612  -15.861 0.0000000000
80908  21.974  -15.028  -17.067 0.0000000000
80931  22.773  -14.101  -17.892 0.0000000000
83593  21.326  -11.988  -17.246 0.0000000000
82715  22.719  -12.728  -18.336 0.0000000000
81813  23.975  -12.818  -17.691 0.0000000000
82694  25.214  -12.124  -16.522 0.0000000000
84469  27.379  -10.325  -16.083 0.0000000000
85291  27.966  -9.668  -16.146 0.0000000000
86999  20.978  -7.127  -17.983 0.0000000000
87009  22.996  -7.420  -19.536 0.0000000000
89539  23.488  -4.883  -18.742 0.0000000000
87877  23.670  -6.199  -18.976 0.0000000000
86980  24.273  -7.701  -18.176 0.0000000000
86965  25.632  -7.650  -16.752 0.0000000000
86102  28.053  -8.327  -16.096 0.0000000000
86977  29.613  -8.411  -17.187 0.0000000000
138099  30.145  -7.388  -19.529 0.0000000000
87896  29.490  -6.950  -21.052 0.0000000000
90350  29.539  -3.772  -18.938 0.0000000000
95494  22.443  2.690  -17.917 0.0000000000
95481  23.713  2.592  -16.764 0.0000000000
95471  25.086  2.348  -15.691 0.0000000000
101089  23.784  9.190  -18.257 0.0000000000
100228  24.585  8.319  -17.289 0.0000000000
101074  26.007  9.042  -16.738 0.0000000000
145209  24.937  7.105  -16.552 0.0000000000
98628  26.018  6.129  -15.768 0.0000000000
97087  26.343  4.676  -15.523 0.0000000000
95469  27.161  2.539  -15.363 0.0000000000
138778  28.283  2.836  -15.621 0.0000000000
95505  29.218  2.832  -17.582 0.0000000000
136673  28.620  2.024  -18.797 0.0000000000
78325  22.598  -17.314  -16.597 0.0000000000
128268  24.239  -18.270  -16.437 0.0000000000
77368  26.163  -18.828  -16.985 0.0000000000
131520  26.851  -16.120  -16.964 0.0000000000
137768  26.813  -17.386  -17.465 0.0000000000
79163  19.911  -16.912  -14.995 0.0000000000
78291  19.201  -17.402  -14.234 0.0000000000
77354  21.483  -18.514  -15.873 0.0000000000
78304  21.351  -17.635  -15.959 0.0000000000
125747  24.583  0.423  -16.079 0.0000000000
143857  24.727  -0.163  -16.033 0.0000000000
126509  25.321  0.350  -15.735 0.0000000000
125741  26.330  0.332  -15.321 0.0000000000
94682  26.210  1.533  -15.411 0.0000000000
125837  20.151  8.902  -19.940 0.0000000000
149834  29.062  -10.458  -16.729 0.0000000000
84483  29.331  -11.000  -17.500 0.0000000000
84496  29.885  -10.725  -19.089 0.0000000000
73815  21.647  -22.214  -14.798 0.0000000000
73814  21.986  -22.922  -14.677 0.0000000000
72892  22.483  -23.879  -14.578 0.0000000000
72907  23.484  -23.898  -15.078 0.0000000000
74756  26.657  -21.687  -17.076 0.0000000000
127928  26.837  -20.983  -17.469 0.0000000000
75576  27.450  -20.690  -17.434 0.0000000000
138399  20.172  -13.370  -15.741 0.0000000000
82678  19.692  -12.733  -15.465 0.0000000000
85326  22.872  -9.762  -19.115 0.0000000000
84500  22.575  -10.500  -18.748 0.0000000000
85325  23.191  -9.802  -19.201 0.0000000000
85324  23.795  -9.690  -18.771 0.0000000000
150235  23.951  -9.103  -18.757 0.0000000000
89541  20.993  -4.732  -18.545 0.0000000000
128140  21.544  -3.933  -19.275 0.0000000000
90326  26.572  -4.211  -15.218 0.0000000000
89517  25.896  -5.085  -15.518 0.0000000000
147495  27.939  -5.107  -15.483 0.0000000000
88699  29.432  -5.258  -16.449 0.0000000000
89515  28.574  -4.855  -15.990 0.0000000000
92963  28.501  -0.271  -19.307 0.0000000000
92021  28.633  -1.082  -19.256 0.0000000000
98641  23.104  6.047  -17.815 0.0000000000
139325  22.651  5.447  -18.131 0.0000000000
137582  23.361  5.393  -17.514 0.0000000000
98637  23.721  6.029  -17.129 0.0000000000
151733  28.580  6.539  -17.081 0.0000000000
98646  28.776  6.649  -18.505 0.0000000000
134355  28.960  5.710  -18.285 0.0000000000
79988  24.258  -15.241  -16.468 0.0000000000
80928  30.104  -14.777  -17.331 0.0000000000
79208  29.092  -16.162  -17.719 0.0000000000
76402  20.136  -19.622  -14.986 0.0000000000
75561  20.964  -20.112  -15.260 0.0000000000
75560  21.471  -20.890  -15.208 0.0000000000
75559  22.097  -20.915  -15.625 0.0000000000
132118  22.267  -18.720  -16.202 0.0000000000
133812  23.267  -19.467  -16.386 0.0000000000
131376  23.896  -19.090  -16.529 0.0000000000
142802  20.005  -8.656  -16.394 0.0000000000
85294  20.109  -9.400  -16.306 0.0000000000
85311  20.487  -8.922  -16.927 0.0000000000
85310  21.150  -9.218  -17.670 0.0000000000
86122  20.850  -8.434  -17.570 0.0000000000
152988  22.540  -1.673  -18.529 0.0000000000
92022  23.171  -1.940  -17.976 0.0000000000
150261  25.016  -1.387  -15.622 0.0000000000
134187  24.597  -2.343  -16.126 0.0000000000
91100  26.164  -2.532  -15.211 0.0000000000
140523  26.220  -3.341  -15.192 0.0000000000
139774  27.119  -2.123  -15.113 0.0000000000
91099  28.112  -2.477  -15.351 0.0000000000
146855  27.998  -1.443  -15.182 0.0000000000
93878  28.647  0.494  -15.529 0.0000000000
92932  29.039  -0.187  -15.775 0.0000000000
93889  29.124  0.581  -15.972 0.0000000000
92940  29.259  -0.103  -17.266 0.0000000000
93888  29.204  0.644  -16.800 0.0000000000
98630  19.604  6.845  -15.438 0.0000000000
98616  18.605  5.752  -14.685 0.0000000000
97856  19.213  5.836  -15.348 0.0000000000
97864  19.819  5.812  -16.135 0.0000000000
125836  20.732  7.629  -19.807 0.0000000000
98649  20.412  7.062  -19.595 0.0000000000
99470  21.498  7.302  -19.585 0.0000000000
98647  21.899  6.495  -19.207 0.0000000000
99469  22.278  7.976  -19.312 0.0000000000
82693  26.081  -12.477  -15.753 0.0000000000
81787  26.467  -13.365  -15.811 0.0000000000
82692  27.275  -12.787  -15.806 0.0000000000
144982  29.478  -12.400  -17.877 0.0000000000
82712  28.740  -13.233  -17.378 0.0000000000
140561  29.733  -12.727  -17.952 0.0000000000
151986  29.379  -13.901  -17.681 0.0000000000
91124  20.191  -2.600  -17.568 0.0000000000
142629  20.995  -1.752  -18.751 0.0000000000
142005  21.579  -1.775  -19.090 0.0000000000
92025  21.195  -1.096  -18.781 0.0000000000
130722  21.865  1.026  -18.592 0.0000000000
125759  22.108  0.426  -18.549 0.0000000000
126182  23.406  0.622  -17.142 0.0000000000
128566  22.924  1.241  -17.681 0.0000000000
74743  23.487  -21.647  -15.725 0.0000000000
73827  24.550  -22.708  -15.949 0.0000000000
72904  26.610  -23.595  -16.157 0.0000000000
86147  29.775  -8.968  -20.700 0.0000000000
80876  19.372  -14.876  -14.535 0.0000000000
141351  20.006  -15.097  -14.930 0.0000000000
80888  20.437  -14.966  -15.506 0.0000000000
81792  20.921  -13.684  -16.419 0.0000000000
80909  21.108  -14.788  -16.306 0.0000000000
136091  21.598  -14.283  -16.953 0.0000000000
80932  22.213  -14.258  -17.504 0.0000000000
83594  20.622  -11.948  -16.442 0.0000000000
82736  22.977  -11.954  -18.749 0.0000000000
82714  23.319  -12.627  -18.326 0.0000000000
82713  23.894  -12.024  -17.983 0.0000000000
82695  24.422  -12.242  -17.244 0.0000000000
83592  24.589  -11.395  -17.311 0.0000000000
85293  24.989  -9.848  -17.152 0.0000000000
84471  25.066  -10.586  -16.952 0.0000000000
84470  26.097  -10.096  -16.471 0.0000000000
85292  27.076  -9.607  -16.185 0.0000000000
87879  21.335  -6.337  -18.571 0.0000000000
87865  20.619  -6.515  -17.771 0.0000000000
86998  21.697  -7.213  -18.698 0.0000000000
87889  22.862  -6.715  -19.565 0.0000000000
90340  23.503  -3.516  -18.051 0.0000000000
90351  23.388  -4.130  -18.584 0.0000000000
89529  23.773  -4.754  -17.922 0.0000000000
88704  24.556  -6.076  -17.260 0.0000000000
87864  23.947  -6.223  -17.967 0.0000000000
87863  24.510  -6.888  -17.546 0.0000000000
86995  23.916  -6.982  -18.583 0.0000000000
86979  24.877  -7.673  -17.347 0.0000000000
87862  25.219  -7.092  -16.908 0.0000000000
87850  28.116  -7.164  -15.805 0.0000000000
86963  27.554  -7.727  -16.027 0.0000000000
86962  28.611  -7.718  -16.104 0.0000000000
142852  29.034  -8.385  -16.387 0.0000000000
150184  29.889  -7.754  -17.431 0.0000000000
87008  30.135  -8.205  -19.080 0.0000000000
86994  30.186  -7.357  -18.240 0.0000000000
88734  29.765  -5.650  -19.296 0.0000000000
87887  29.644  -6.600  -20.158 0.0000000000
88744  29.309  -5.685  -20.270 0.0000000000
146022  29.404  -6.461  -21.488 0.0000000000
91121  29.527  -2.778  -16.942 0.0000000000
90338  29.605  -3.369  -17.837 0.0000000000
91135  29.411  -2.439  -17.933 0.0000000000
97877  20.289  5.182  -17.157 0.0000000000
97104  20.740  4.366  -17.398 0.0000000000
140442  21.854  4.170  -17.950 0.0000000000
96292  20.948  3.628  -17.657 0.0000000000
96291  21.526  3.503  -17.972 0.0000000000
125770  21.011  2.783  -18.077 0.0000000000
95495  21.725  2.805  -18.301 0.0000000000
97094  23.992  4.158  -16.756 0.0000000000
96283  23.624  3.396  -16.881 0.0000000000
147785  24.177  3.011  -16.405 0.0000000000
95480  24.354  2.414  -16.209 0.0000000000
140914  24.731  3.040  -15.876 0.0000000000
101099  23.887  10.057  -18.655 0.0000000000
141493  24.603  9.576  -17.825 0.0000000000
100229  23.812  8.407  -17.942 0.0000000000
130721  24.389  8.899  -17.678 0.0000000000
100215  27.460  8.541  -16.750 0.0000000000
101073  26.874  9.235  -16.812 0.0000000000
151351  26.046  8.266  -16.393 0.0000000000
99457  25.621  7.555  -16.330 0.0000000000
98635  25.409  6.681  -16.189 0.0000000000
98634  26.278  6.944  -15.907 0.0000000000
97085  28.123  5.013  -15.646 0.0000000000
97086  27.300  4.861  -15.451 0.0000000000
136699  26.990  4.008  -15.421 0.0000000000
96274  26.600  3.171  -15.383 0.0000000000
135918  27.690  3.255  -15.389 0.0000000000
96273  28.360  3.682  -15.765 0.0000000000
97106  29.064  4.224  -18.476 0.0000000000
96288  29.207  3.553  -17.277 0.0000000000
96299  29.185  3.503  -18.087 0.0000000000
95506  28.935  2.766  -18.435 0.0000000000
95517  28.491  2.741  -19.235 0.0000000000
79197  21.795  -16.351  -16.488 0.0000000000
78326  21.898  -17.091  -16.414 0.0000000000
79196  22.409  -16.552  -16.733 0.0000000000
78323  24.418  -17.532  -16.373 0.0000000000
78322  25.436  -18.027  -16.517 0.0000000000
79985  26.897  -15.577  -16.688 0.0000000000
78335  28.070  -17.138  -18.020 0.0000000000
78320  27.467  -17.299  -17.914 0.0000000000
139606  27.662  -17.865  -18.129 0.0000000000
77378  27.037  -17.991  -18.064 0.0000000000
77340  19.975  -18.785  -15.108 0.0000000000
76419  20.819  -19.132  -15.444 0.0000000000
76418  21.739  -19.495  -15.745 0.0000000000
126049  24.060  -0.699  -16.420 0.0000000000
126016  24.839  -0.881  -15.755 0.0000000000
125962  25.698  -1.162  -15.285 0.0000000000
143894  27.415  -0.724  -15.139 0.0000000000
126099  27.346  -0.002  -15.157 0.0000000000
93879  28.032  0.451  -15.230 0.0000000000
94680  28.150  1.278  -15.378 0.0000000000
99459  20.273  7.768  -16.483 0.0000000000
126238  19.899  7.531  -17.835 0.0000000000
126636  19.734  7.047  -17.189 0.0000000000
126203  20.241  7.984  -19.661 0.0000000000
140651  28.011  -11.136  -15.974 0.0000000000
133694  28.144  -12.589  -16.181 0.0000000000
83587  29.071  -11.691  -17.209 0.0000000000
83606  29.399  -11.832  -17.877 0.0000000000
82735  30.345  -11.922  -18.541 0.0000000000
126545  21.024  0.877  -18.499 0.0000000000
133628  21.444  1.302  -18.602 0.0000000000
74732  20.666  -21.663  -13.989 0.0000000000
74716  19.490  -21.536  -13.435 0.0000000000
73816  20.813  -22.662  -14.059 0.0000000000
71093  24.047  -25.533  -15.218 0.0000000000
71999  24.077  -24.672  -15.436 0.0000000000
74758  24.902  -21.441  -16.452 0.0000000000
73843  25.109  -22.286  -16.436 0.0000000000
74757  25.827  -21.803  -16.782 0.0000000000
83609  21.606  -11.341  -17.837 0.0000000000
83632  22.271  -11.135  -18.472 0.0000000000
83631  22.863  -11.241  -18.874 0.0000000000
83630  23.129  -11.204  -18.932 0.0000000000
83629  23.785  -11.143  -18.404 0.0000000000
84497  23.958  -10.344  -18.453 0.0000000000
85309  24.392  -9.769  -18.004 0.0000000000
85308  25.595  -9.109  -16.822 0.0000000000
88723  21.403  -5.403  -18.892 0.0000000000
152765  21.858  -5.840  -19.171 0.0000000000
90328  24.579  -3.801  -16.187 0.0000000000
89528  24.427  -4.560  -17.000 0.0000000000
89518  24.930  -4.635  -15.880 0.0000000000
88703  24.923  -5.519  -16.492 0.0000000000
88702  25.859  -6.126  -15.910 0.0000000000
87852  25.980  -6.965  -16.286 0.0000000000
137772  26.685  -6.554  -15.689 0.0000000000
139212  27.652  -6.526  -15.624 0.0000000000
87849  29.531  -6.229  -16.551 0.0000000000
87860  30.075  -6.392  -17.777 0.0000000000
88711  29.924  -5.560  -17.485 0.0000000000
89538  29.872  -5.102  -18.325 0.0000000000
92020  29.260  -1.625  -17.829 0.0000000000
91136  29.008  -1.909  -18.866 0.0000000000
92034  28.628  -1.743  -19.917 0.0000000000
97876  21.343  5.459  -18.807 0.0000000000
97102  21.688  4.907  -18.174 0.0000000000
151110  22.099  4.715  -18.059 0.0000000000
97101  22.373  4.123  -17.754 0.0000000000
97870  23.641  4.774  -17.149 0.0000000000
141558  24.302  4.751  -16.625 0.0000000000
99454  27.992  7.858  -16.745 0.0000000000
99448  27.103  7.090  -15.929 0.0000000000
98633  27.820  7.129  -16.314 0.0000000000
98625  28.288  6.356  -16.389 0.0000000000
97867  28.469  5.461  -16.253 0.0000000000
97093  28.593  4.503  -16.198 0.0000000000
97873  28.866  5.032  -17.041 0.0000000000
97872  29.137  4.913  -17.934 0.0000000000
143153  22.847  -15.530  -17.218 0.0000000000
139412  22.813  -16.118  -16.984 0.0000000000
79989  23.470  -15.934  -16.772 0.0000000000
134204  24.547  -16.084  -16.268 0.0000000000
79984  28.175  -15.283  -17.572 0.0000000000
80008  27.538  -15.875  -17.424 0.0000000000
79209  28.434  -16.378  -17.894 0.0000000000
75517  20.131  -20.753  -13.974 0.0000000000
75538  20.857  -20.861  -14.625 0.0000000000
74731  21.322  -21.556  -14.723 0.0000000000
73829  22.286  -22.236  -15.113 0.0000000000
73828  23.159  -22.279  -15.346 0.0000000000
74744  22.583  -21.563  -15.524 0.0000000000
74759  23.979  -21.132  -16.131 0.0000000000
76417  22.363  -20.173  -15.804 0.0000000000
75581  23.091  -20.054  -16.149 0.0000000000
75580  23.662  -20.492  -16.231 0.0000000000
75579  24.586  -20.552  -16.440 0.0000000000
141625  25.416  -20.256  -16.712 0.0000000000
76432  25.769  -19.622  -16.834 0.0000000000
84472  20.454  -10.316  -16.570 0.0000000000
84486  21.139  -10.498  -17.337 0.0000000000
143317  21.378  -9.912  -17.693 0.0000000000
85327  22.010  -9.644  -18.416 0.0000000000
86137  22.487  -8.852  -18.895 0.0000000000
90353  21.994  -3.747  -19.675 0.0000000000
90352  22.336  -3.293  -19.375 0.0000000000
133695  23.042  -3.316  -18.804 0.0000000000
90339  23.973  -3.329  -17.193 0.0000000000
91122  23.866  -2.332  -16.980 0.0000000000
139780  24.393  -2.947  -16.408 0.0000000000
148944  27.249  -3.577  -15.303 0.0000000000
90324  28.589  -3.034  -16.019 0.0000000000
90311  28.154  -3.256  -15.681 0.0000000000
91098  28.877  -2.677  -15.662 0.0000000000
133501  29.429  -2.240  -16.374 0.0000000000
92003  28.843  -1.069  -15.644 0.0000000000
133282  29.243  -0.847  -16.180 0.0000000000
92010  29.360  -1.431  -16.838 0.0000000000
92011  29.184  -0.862  -17.587 0.0000000000
92950  28.847  -0.277  -18.303 0.0000000000
93912  28.608  0.519  -18.780 0.0000000000
132178  20.761  5.866  -18.064 0.0000000000
125841  20.035  6.582  -18.214 0.0000000000
125840  20.695  6.303  -19.179 0.0000000000
98643  21.537  5.892  -19.189 0.0000000000
134039  22.964  6.789  -18.327 0.0000000000
134934  24.789  -13.727  -16.459 0.0000000000
80904  24.985  -14.589  -16.143 0.0000000000
133803  25.756  -13.974  -15.945 0.0000000000
139534  26.898  -14.217  -16.048 0.0000000000
81786  27.814  -14.166  -16.619 0.0000000000
141332  28.521  -12.728  -16.838 0.0000000000
81785  28.463  -14.001  -17.303 0.0000000000
80901  28.161  -14.639  -17.270 0.0000000000
80929  29.265  -14.552  -17.671 0.0000000000
90354  21.179  -3.141  -18.958 0.0000000000
91139  21.427  -2.409  -19.146 0.0000000000
92023  22.046  -1.782  -19.013 0.0000000000
92012  22.877  -1.114  -18.026 0.0000000000
92951  21.584  -0.345  -18.759 0.0000000000
125754  22.510  -0.326  -18.318 0.0000000000
126029  23.336  -0.329  -17.397 0.0000000000
126188  24.016  0.982  -16.326 0.0000000000
126405  23.878  -23.075  -15.396 0.0000000000
72906  24.679  -23.536  -15.875 0.0000000000
73826  25.326  -23.129  -16.286 0.0000000000
85341  29.956  -9.774  -19.177 0.0000000000
84517  30.181  -10.123  -19.691 0.0000000000
133177  30.241  -9.762  -20.284 0.0000000000
79176  20.021  -16.171  -14.926 0.0000000000
79175  20.641  -16.385  -15.534 0.0000000000
79198  21.278  -16.169  -16.077 0.0000000000
79991  21.568  -15.641  -16.484 0.0000000000
152430  22.450  -15.310  -17.222 0.0000000000
80907  22.704  -14.826  -17.545 0.0000000000
80906  23.320  -14.129  -17.691 0.0000000000
83576  19.944  -11.992  -15.713 0.0000000000
82696  21.177  -12.758  -16.843 0.0000000000
150888  21.780  -11.994  -17.879 0.0000000000
82716  21.921  -12.662  -17.772 0.0000000000
81816  22.459  -13.509  -17.894 0.0000000000
81815  23.044  -13.481  -18.175 0.0000000000
81814  23.498  -13.360  -17.964 0.0000000000
81790  24.047  -13.567  -17.288 0.0000000000
81789  24.618  -12.910  -16.847 0.0000000000
83590  25.970  -11.731  -15.932 0.0000000000
83591  25.578  -11.161  -16.508 0.0000000000
133973  26.700  -11.146  -15.935 0.0000000000
136310  28.424  -10.404  -16.235 0.0000000000
85306  29.360  -10.009  -17.259 0.0000000000
86966  20.006  -7.506  -16.738 0.0000000000
86982  20.604  -7.711  -17.430 0.0000000000
86981  21.250  -7.874  -18.161 0.0000000000
137841  22.057  -8.017  -18.800 0.0000000000
86997  22.776  -8.078  -19.258 0.0000000000
90367  22.471  -4.114  -19.553 0.0000000000
89552  22.487  -4.898  -19.526 0.0000000000
88735  23.062  -5.349  -19.467 0.0000000000
88713  23.701  -5.490  -18.390 0.0000000000
87888  23.247  -6.079  -19.458 0.0000000000
86996  23.395  -7.013  -19.348 0.0000000000
143093  23.765  -7.762  -18.970 0.0000000000
86135  23.520  -8.443  -19.111 0.0000000000
86120  24.590  -8.398  -17.843 0.0000000000
86119  25.254  -8.358  -17.120 0.0000000000
86104  26.068  -8.318  -16.612 0.0000000000
86964  26.528  -7.658  -16.339 0.0000000000
86103  27.025  -8.270  -16.281 0.0000000000
86101  28.474  -9.024  -16.250 0.0000000000
86118  29.267  -9.138  -16.852 0.0000000000
86117  29.751  -9.288  -17.914 0.0000000000
86133  29.964  -8.943  -18.799 0.0000000000
87007  30.137  -8.202  -20.116 0.0000000000
87876  30.101  -6.519  -18.886 0.0000000000
87023  29.987  -7.457  -20.540 0.0000000000
87035  30.010  -7.407  -21.089 0.0000000000
89514  29.251  -4.400  -16.657 0.0000000000
131143  29.795  -4.269  -18.168 0.0000000000
91153  29.285  -2.898  -18.855 0.0000000000
89560  29.160  -4.841  -20.169 0.0000000000
95508  21.400  2.079  -18.544 0.0000000000
125760  22.462  1.860  -18.183 0.0000000000
96289  22.742  3.439  -17.465 0.0000000000
95493  23.113  2.838  -17.241 0.0000000000
126142  23.147  2.058  -17.353 0.0000000000
125752  23.865  1.835  -16.581 0.0000000000
94684  24.590  1.689  -16.014 0.0000000000
125835  21.272  9.134  -20.521 0.0000000000
125832  22.207  8.827  -19.853 0.0000000000
125831  23.041  9.507  -19.224 0.0000000000
100238  23.094  8.599  -18.827 0.0000000000
137793  23.154  7.740  -18.506 0.0000000000
99463  23.971  7.523  -17.610 0.0000000000
101088  25.136  8.972  -17.293 0.0000000000
100217  25.383  8.333  -16.725 0.0000000000
99458  24.800  7.685  -16.825 0.0000000000
152027  24.385  7.101  -16.951 0.0000000000
98636  24.471  6.433  -16.663 0.0000000000
97868  25.122  5.846  -16.186 0.0000000000
97863  24.957  5.020  -16.274 0.0000000000
98627  26.899  6.331  -15.655 0.0000000000
97862  25.747  5.288  -15.789 0.0000000000
97088  25.441  4.489  -15.772 0.0000000000
139091  25.560  3.079  -15.532 0.0000000000
95470  26.168  2.274  -15.434 0.0000000000
94681  27.137  1.686  -15.326 0.0000000000
95468  27.931  2.283  -15.364 0.0000000000
95467  28.581  2.034  -15.793 0.0000000000
96281  28.862  3.633  -16.498 0.0000000000
96280  29.145  2.901  -16.793 0.0000000000
95491  29.177  2.166  -17.040 0.0000000000
94706  29.057  1.366  -17.365 0.0000000000
94715  28.766  1.299  -18.328 0.0000000000
94726  28.485  1.282  -19.237 0.0000000000
96308  28.302  3.455  -19.623 0.0000000000
95524  28.041  2.732  -19.991 0.0000000000
140777  28.003  2.029  -20.481 0.0000000000
94735  28.252  1.296  -20.124 0.0000000000
77371  22.767  -18.126  -16.547 0.0000000000
132831  23.084  -16.719  -16.777 0.0000000000
78324  23.451  -17.590  -16.553 0.0000000000
77370  23.409  -18.396  -16.538 0.0000000000
77369  25.073  -18.930  -16.501 0.0000000000
76431  26.600  -19.514  -17.555 0.0000000000
79986  26.156  -15.818  -16.361 0.0000000000
79194  26.324  -16.681  -16.696 0.0000000000
79193  27.192  -16.671  -17.454 0.0000000000
128672  26.143  -17.466  -16.744 0.0000000000
78321  26.512  -18.098  -17.358 0.0000000000
77379  26.813  -18.695  -17.907 0.0000000000
75589  26.995  -20.142  -17.707 0.0000000000
83648  30.394  -10.804  -19.302 0.0000000000
83626  30.839  -11.444  -18.811 0.0000000000
71092  24.794  -25.237  -15.567 0.0000000000
73842  25.777  -22.553  -16.569 0.0000000000
80005  29.478  -15.400  -17.517 0.0000000000
80007  28.178  -15.933  -17.832 0.0000000000
80930  28.680  -14.654  -17.626 0.0000000000
81811  29.539  -13.398  -17.738 0.0000000000
82691  28.163  -13.348  -16.503 0.0000000000
82711  29.239  -12.990  -17.713 0.0000000000
83588  28.575  -11.978  -16.476 0.0000000000
83589  27.630  -11.932  -15.828 0.0000000000
83605  29.803  -12.051  -18.354 0.0000000000
83628  29.670  -11.308  -18.444 0.0000000000
84499  23.033  -10.546  -19.162 0.0000000000
85307  28.854  -9.773  -16.464 0.0000000000
85340  29.967  -9.506  -20.179 0.0000000000
86134  24.036  -8.515  -18.675 0.0000000000
86149  23.260  -7.937  -19.321 0.0000000000
86978  29.445  -7.718  -16.684 0.0000000000
87010  22.472  -7.340  -19.274 0.0000000000
87022  30.185  -8.068  -20.851 0.0000000000
88722  23.409  -5.445  -19.141 0.0000000000
88736  22.522  -5.792  -19.466 0.0000000000
88737  21.938  -5.146  -19.411 0.0000000000
89516  27.073  -4.899  -15.353 0.0000000000
89551  23.092  -4.650  -19.268 0.0000000000
89553  21.960  -4.394  -19.602 0.0000000000
91097  29.273  -2.335  -15.851 0.0000000000
91112  29.404  -2.840  -16.012 0.0000000000
91138  21.988  -2.412  -19.379 0.0000000000
92002  29.293  -1.660  -16.003 0.0000000000
92931  29.303  -0.091  -16.379 0.0000000000
94683  25.434  1.627  -15.610 0.0000000000
94693  29.043  1.471  -16.367 0.0000000000
95478  28.950  2.296  -16.404 0.0000000000
95479  28.688  2.896  -16.131 0.0000000000
95492  29.025  2.071  -17.919 0.0000000000
95507  22.026  2.264  -18.525 0.0000000000
96275  25.963  3.870  -15.480 0.0000000000
96276  25.074  3.742  -15.740 0.0000000000
96282  24.386  3.611  -16.288 0.0000000000
96300  28.816  3.485  -18.877 0.0000000000
97099  29.192  4.176  -17.726 0.0000000000
97859  28.109  5.811  -15.841 0.0000000000
97861  26.650  5.509  -15.555 0.0000000000
97875  22.037  5.252  -18.590 0.0000000000
98626  27.680  6.424  -15.861 0.0000000000
99455  27.292  7.811  -16.368 0.0000000000
100216  26.699  8.463  -16.475 0.0000000000
100248  20.156  9.341  -20.227 0.0000000000
125743  26.555  1.067  -15.311 0.0000000000
125744  25.269  -1.965  -15.503 0.0000000000
125761  21.964  1.655  -18.630 0.0000000000
125762  21.482  0.594  -18.668 0.0000000000
125833  21.939  9.872  -20.207 0.0000000000
125834  20.468  8.583  -20.249 0.0000000000
126028  26.834  -1.306  -15.074 0.0000000000
126244  25.777  0.976  -15.507 0.0000000000
126832  20.031  8.841  -19.423 0.0000000000
130364  21.317  -22.819  -14.470 0.0000000000
130374  27.882  4.213  -15.455 0.0000000000
131122  29.968  -13.940  -17.557 0.0000000000
132196  26.278  -21.191  -17.121 0.0000000000
133799  23.839  -4.037  -17.606 0.0000000000
135596  29.131  -7.075  -16.232 0.0000000000
136517  28.636  -6.580  -15.818 0.0000000000
136758  29.225  -6.225  -21.024 0.0000000000
136854  23.551  -9.093  -19.029 0.0000000000
138104  22.185  -1.069  -18.659 0.0000000000
139659  28.326  2.019  -19.650 0.0000000000
141124  27.507  -8.968  -16.133 0.0000000000
142050  29.790  -4.061  -17.211 0.0000000000
142057  29.993  -8.310  -18.070 0.0000000000
143742  26.514  -0.526  -15.165 0.0000000000
144688  28.813  6.237  -17.678 0.0000000000
148486  24.846  -9.088  -17.528 0.0000000000
149022  29.088  4.596  -17.442 0.0000000000
150563  28.940  5.561  -17.598 0.0000000000
151152  20.855  8.809  -20.452 0.0000000000
151415  25.487  -16.199  -16.231 0.0000000000
151871  28.665  -0.680  -18.831 0.0000000000
