#!ascii label  , from subject sub-v1s1x0050657_ses-1 vox2ras=TkReg
2130
19624  47.875  -79.450  -18.099 0.2000000030
150671  48.085  -79.093  -17.743 0.2000000030
20566  48.000  -78.397  -17.892 0.2000000030
18638  47.245  -80.526  -18.536 0.2000000030
21530  47.094  -77.096  -19.212 0.1000000015
19607  48.218  -78.656  -17.419 0.3000000119
20547  48.384  -78.064  -17.388 0.2000000030
19636  47.346  -79.466  -18.551 0.1000000015
18650  47.315  -80.337  -18.601 0.2000000030
21510  47.967  -77.217  -17.884 0.1000000015
20589  47.463  -77.750  -18.344 0.1000000015
132612  47.728  -76.654  -18.766 0.1000000015
21529  48.450  -75.767  -19.458 0.1000000015
137667  47.717  -76.316  -19.698 0.1000000015
22516  49.927  -74.293  -19.940 0.1000000015
21538  48.342  -75.628  -20.589 0.1000000015
132547  49.800  -73.683  -19.865 0.2000000030
22529  49.804  -74.201  -21.040 0.1000000015
21484  50.137  -75.661  -16.354 0.1000000015
132029  50.214  -74.823  -16.887 0.1000000015
21509  48.554  -76.079  -18.382 0.1000000015
21491  48.836  -76.544  -17.355 0.1000000015
22517  49.422  -75.109  -19.180 0.1000000015
24490  49.934  -73.665  -18.885 0.1000000015
129884  47.870  -74.321  -18.799 0.2000000030
23485  49.305  -73.725  -18.330 0.2000000030
23486  46.454  -74.785  -18.733 0.1000000015
23511  49.158  -73.698  -19.309 0.2000000030
23488  44.580  -74.551  -18.620 0.2000000030
23515  44.800  -74.475  -19.277 0.1000000015
24492  43.544  -73.520  -18.649 0.1000000015
22487  50.128  -74.506  -17.791 0.1000000015
23456  50.133  -74.593  -16.705 0.1000000015
23484  50.181  -73.876  -18.432 0.1000000015
23474  44.889  -74.831  -17.823 0.2000000030
24464  43.167  -74.091  -17.134 0.2000000030
24476  42.749  -73.372  -17.480 0.2000000030
24475  43.277  -73.861  -17.925 0.2000000030
25530  42.993  -72.979  -18.233 0.1000000015
25541  43.429  -72.640  -18.911 0.2000000030
23469  50.137  -74.117  -17.462 0.1000000015
23457  49.583  -74.275  -16.714 0.1000000015
23470  49.465  -73.871  -17.508 0.1000000015
23471  48.245  -74.191  -17.766 0.2000000030
23460  45.899  -74.848  -16.979 0.2000000030
23473  46.104  -74.898  -17.923 0.3000000119
25522  42.003  -72.279  -16.875 0.3000000119
25531  42.497  -72.403  -17.647 0.2000000030
26622  42.563  -71.364  -18.032 0.2000000030
26647  43.815  -71.652  -19.884 0.2000000030
23461  44.709  -74.764  -16.807 0.3000000119
144393  47.061  -74.572  -17.274 0.2000000030
24466  41.832  -72.901  -16.206 0.3000000119
26593  41.282  -71.657  -15.879 0.3000000119
26594  40.762  -71.168  -15.393 0.3000000119
26604  41.735  -71.435  -16.725 0.3000000119
144672  41.678  -70.646  -16.983 0.2000000030
26621  43.125  -71.222  -18.777 0.2000000030
27629  43.267  -70.488  -19.137 0.2000000030
26572  40.086  -71.857  -13.534 0.4000000060
24455  41.812  -73.369  -15.231 0.3000000119
25514  40.872  -72.029  -15.100 0.3000000119
23462  43.789  -74.512  -16.589 0.2000000030
138806  42.402  -73.677  -16.075 0.2000000030
27598  41.202  -70.696  -16.218 0.3000000119
26617  42.115  -70.973  -17.423 0.2000000030
27610  41.368  -69.964  -16.898 0.2000000030
28630  41.943  -70.141  -17.593 0.2000000030
26573  39.613  -71.076  -13.175 0.3000000119
26583  40.389  -71.516  -14.550 0.3000000119
27599  40.200  -69.858  -15.279 0.2000000030
28631  41.010  -69.143  -16.986 0.2000000030
27611  40.691  -69.688  -16.165 0.2000000030
29639  40.761  -68.281  -17.195 0.1000000015
28638  42.043  -69.269  -18.117 0.2000000030
141463  41.548  -69.461  -17.461 0.2000000030
28637  42.960  -69.904  -18.859 0.2000000030
27582  39.458  -70.295  -13.638 0.3000000119
28596  39.356  -69.495  -14.043 0.3000000119
26584  39.890  -70.941  -14.062 0.3000000119
29594  38.949  -68.874  -13.614 0.2000000030
28603  39.709  -69.281  -14.842 0.3000000119
29608  38.871  -68.156  -14.032 0.2000000030
27591  39.763  -70.108  -14.495 0.3000000119
29615  39.596  -68.468  -15.129 0.1000000015
29627  39.913  -68.132  -15.876 0.1000000015
30660  40.624  -67.396  -17.329 0.1000000015
30649  40.272  -67.779  -16.623 0.1000000015
30634  39.395  -67.566  -15.269 0.1000000015
30659  41.200  -67.841  -17.862 0.1000000015
28577  38.948  -69.765  -12.269 0.3000000119
142507  38.656  -68.895  -12.657 0.2000000030
30584  38.287  -67.790  -12.560 0.2000000030
30570  38.073  -67.085  -11.855 0.2000000030
31618  38.096  -66.477  -11.295 0.1000000015
31633  37.979  -66.893  -12.651 0.1000000015
30599  38.448  -67.477  -13.613 0.1000000015
30616  39.225  -68.072  -14.666 0.1000000015
30650  39.744  -67.265  -16.116 0.1000000015
31697  39.582  -66.434  -16.389 0.1000000015
29563  38.512  -68.522  -11.760 0.2000000030
134040  37.795  -65.690  -11.457 0.1000000015
32667  37.606  -65.469  -12.342 0.1000000015
31646  37.743  -66.124  -12.925 0.1000000015
32679  37.982  -65.928  -13.778 0.1000000015
31659  38.488  -66.625  -14.290 0.1000000015
32689  38.304  -65.687  -14.583 0.1000000015
32710  39.066  -65.810  -15.944 0.1000000015
31678  38.729  -66.190  -15.154 0.1000000015
33655  37.522  -64.006  -11.836 0.1000000015
32711  38.551  -65.339  -15.325 0.1000000015
142299  39.466  -65.773  -16.587 0.1000000015
32650  37.608  -64.842  -11.661 0.1000000015
21490  49.869  -75.498  -17.109 0.1000000015
23514  45.683  -74.722  -19.403 0.1000000015
24358  46.679  -73.541  -6.242 0.5000000000
131517  45.274  -73.016  -6.499 0.5000000000
24359  46.052  -73.063  -6.421 0.5000000000
25403  46.688  -72.606  -6.353 0.5000000000
136779  47.546  -72.038  -6.234 0.5000000000
130808  41.946  -74.274  -6.494 0.2000000030
129363  42.972  -74.238  -6.595 0.2000000030
24361  43.689  -73.571  -6.600 0.3000000119
131622  44.365  -72.923  -6.602 0.5000000000
25405  44.962  -72.179  -6.559 0.5000000000
25404  45.876  -72.337  -6.453 0.5000000000
26492  45.696  -71.454  -6.486 0.5000000000
26491  46.639  -71.708  -6.401 0.5000000000
146651  48.120  -71.324  -6.146 0.5000000000
27479  48.215  -70.601  -6.313 0.5000000000
131283  48.456  -71.929  -5.948 0.5000000000
24349  50.535  -73.431  -5.388 0.5000000000
24362  42.663  -73.294  -6.608 0.3000000119
140614  46.542  -70.762  -6.438 0.5000000000
26490  47.427  -71.082  -6.303 0.5000000000
26489  48.812  -71.219  -6.068 0.5000000000
26488  49.585  -71.333  -6.071 0.5000000000
22313  52.622  -75.877  -4.610 0.4000000060
23309  52.865  -75.010  -4.766 0.5000000000
23310  52.042  -75.023  -4.558 0.5000000000
24348  51.621  -73.510  -5.293 0.5000000000
25390  49.860  -72.615  -5.632 0.5000000000
21301  52.857  -76.631  -4.856 0.4000000060
24363  41.486  -73.473  -6.515 0.3000000119
132086  41.969  -72.559  -6.596 0.4000000060
25407  42.993  -72.216  -6.609 0.4000000060
26493  44.558  -71.196  -6.538 0.5000000000
136222  45.608  -70.541  -6.489 0.5000000000
27481  44.904  -70.309  -6.513 0.5000000000
151627  45.476  -69.854  -6.490 0.5000000000
145487  46.425  -69.665  -6.519 0.5000000000
27480  47.357  -70.221  -6.469 0.5000000000
28477  48.546  -70.155  -6.609 0.5000000000
142358  50.262  -71.584  -6.113 0.6000000238
24347  52.578  -73.734  -5.366 0.5000000000
25389  50.871  -72.698  -5.617 0.5000000000
25399  51.074  -72.121  -5.952 0.5000000000
20407  52.493  -77.986  -5.398 0.4000000060
20392  52.626  -78.126  -4.895 0.4000000060
22312  53.190  -75.717  -5.013 0.5000000000
142988  41.222  -72.285  -2.992 0.1000000015
26448  39.721  -71.786  -2.827 0.1000000015
26449  38.856  -71.222  -2.735 0.1000000015
25366  39.350  -72.549  -3.926 0.1000000015
26459  39.140  -71.932  -3.334 0.1000000015
137007  38.655  -71.391  -3.467 0.1000000015
152789  39.071  -72.367  -4.465 0.1000000015
26467  38.934  -71.743  -4.661 0.1000000015
27461  38.567  -71.016  -4.155 0.1000000015
24364  40.701  -73.504  -6.292 0.2000000030
24353  39.775  -73.109  -5.432 0.1000000015
25408  41.012  -72.748  -6.473 0.3000000119
138247  43.607  -71.588  -6.562 0.5000000000
26496  41.453  -71.854  -6.531 0.4000000060
26495  42.259  -71.779  -6.595 0.4000000060
27482  44.038  -70.277  -6.534 0.4000000060
28480  44.815  -69.635  -6.501 0.5000000000
28479  45.558  -69.133  -6.497 0.5000000000
28496  46.976  -68.884  -6.723 0.5000000000
27478  49.103  -70.658  -6.406 0.5000000000
25388  51.890  -72.957  -5.684 0.5000000000
148291  52.961  -74.400  -5.107 0.5000000000
21315  52.883  -77.265  -5.152 0.4000000060
19472  50.862  -79.233  -6.133 0.5000000000
26433  44.677  -71.009  -1.554 0.1000000015
26435  42.920  -71.658  -2.092 0.1000000015
26436  42.458  -71.848  -2.355 0.1000000015
26437  41.592  -71.614  -2.504 0.1000000015
26438  40.374  -71.399  -2.408 0.1000000015
26439  39.396  -71.143  -2.335 0.1000000015
27433  38.899  -70.608  -2.048 0.1000000015
27430  41.925  -70.893  -2.028 0.1000000015
27454  38.411  -70.701  -3.297 0.1000000015
139277  40.088  -67.977  -5.765 0.2000000030
24343  39.503  -73.118  -4.650 0.1000000015
25378  39.274  -72.421  -5.071 0.1000000015
26477  39.347  -71.599  -5.374 0.1000000015
27467  39.536  -70.863  -5.575 0.1000000015
128550  39.742  -69.244  -5.735 0.2000000030
25393  39.796  -72.254  -5.744 0.2000000030
26476  40.045  -71.270  -6.009 0.1000000015
27484  40.483  -70.569  -6.225 0.2000000030
28484  41.172  -69.237  -6.358 0.2000000030
30501  40.811  -67.808  -5.966 0.2000000030
30490  41.116  -66.980  -5.813 0.2000000030
26497  40.558  -72.029  -6.270 0.2000000030
134732  40.942  -71.132  -6.432 0.2000000030
139473  42.010  -70.902  -6.552 0.3000000119
131845  42.613  -69.302  -6.528 0.3000000119
128766  43.383  -68.984  -6.544 0.4000000060
28481  44.065  -69.358  -6.544 0.5000000000
26487  50.732  -71.554  -6.419 0.5000000000
133099  44.795  -68.858  -6.499 0.4000000060
26501  53.403  -72.283  -7.147 0.5000000000
26502  52.476  -71.600  -7.525 0.5000000000
27493  51.285  -71.048  -7.626 0.5000000000
26485  52.349  -72.158  -6.728 0.5000000000
26486  51.420  -71.557  -6.903 0.5000000000
28495  47.679  -69.201  -6.965 0.5000000000
147569  47.314  -69.541  -6.629 0.5000000000
24346  53.288  -74.051  -5.616 0.5000000000
24356  53.475  -73.445  -6.197 0.5000000000
25398  52.148  -72.581  -6.164 0.5000000000
27494  50.496  -71.067  -6.999 0.5000000000
22347  53.104  -75.759  -5.655 0.5000000000
23316  53.254  -74.854  -5.185 0.5000000000
27477  49.932  -71.090  -6.455 0.6000000238
25387  52.874  -73.249  -5.841 0.5000000000
20408  51.817  -78.622  -5.719 0.4000000060
26432  45.370  -70.900  -1.282 0.1000000015
26434  43.895  -71.103  -1.714 0.1000000015
28437  43.008  -69.965  -1.393 0.1000000015
28425  42.469  -69.038  -0.886 0.1000000015
29439  41.870  -68.303  -0.305 0.1000000015
27429  42.846  -70.933  -2.023 0.1000000015
28438  42.165  -69.987  -1.447 0.1000000015
27431  40.797  -70.778  -1.906 0.1000000015
142483  39.111  -69.979  -1.444 0.1000000015
27442  38.487  -70.463  -2.571 0.1000000015
28455  38.154  -69.866  -3.038 0.1000000015
29477  38.274  -68.478  -4.525 0.1000000015
28462  38.727  -70.109  -4.717 0.1000000015
29486  38.883  -68.389  -5.159 0.2000000030
30492  39.401  -67.644  -5.448 0.2000000030
137822  39.460  -70.079  -5.479 0.1000000015
29485  39.584  -68.519  -5.588 0.2000000030
29495  41.978  -68.756  -6.459 0.3000000119
141641  42.330  -68.002  -6.401 0.3000000119
29494  42.814  -68.527  -6.499 0.3000000119
30499  42.582  -67.194  -6.318 0.2000000030
29492  44.722  -68.174  -6.515 0.4000000060
127778  44.092  -67.711  -6.508 0.3000000119
29491  45.407  -68.324  -6.562 0.4000000060
126384  53.140  -70.918  -8.785 0.5000000000
131940  51.183  -70.520  -8.396 0.5000000000
29490  46.192  -68.626  -6.631 0.5000000000
28518  52.855  -69.829  -9.965 0.5000000000
28533  51.508  -69.267  -10.077 0.5000000000
28520  50.581  -69.487  -9.367 0.5000000000
28508  51.111  -70.084  -9.036 0.5000000000
27505  50.381  -70.546  -7.712 0.6000000238
29502  46.572  -68.154  -6.921 0.5000000000
29522  50.404  -68.628  -10.116 0.5000000000
28521  49.576  -69.037  -9.217 0.5000000000
150027  49.941  -69.517  -8.857 0.6000000238
27495  49.645  -70.486  -7.044 0.5000000000
28494  48.425  -69.635  -7.086 0.5000000000
27506  49.712  -70.138  -7.798 0.5000000000
27496  48.961  -70.142  -6.860 0.5000000000
18494  50.467  -80.193  -7.081 0.4000000060
152075  50.630  -79.840  -6.466 0.4000000060
19471  51.660  -79.298  -5.304 0.4000000060
30421  40.850  -67.295  1.257 0.1000000015
30444  41.248  -67.703  0.155 0.1000000015
31504  39.715  -67.075  -0.016 0.1000000015
28439  41.169  -69.956  -1.424 0.1000000015
28426  41.547  -69.055  -0.916 0.1000000015
29441  39.990  -68.297  -0.633 0.1000000015
29442  39.054  -68.402  -0.863 0.1000000015
28427  40.540  -69.104  -0.927 0.1000000015
28441  38.698  -69.145  -1.312 0.1000000015
29451  38.316  -68.345  -1.326 0.1000000015
28447  38.410  -69.765  -2.008 0.1000000015
29461  37.845  -68.908  -2.731 0.1000000015
29470  37.733  -68.318  -3.722 0.1000000015
31543  38.297  -66.783  -4.685 0.2000000030
31551  38.929  -67.003  -5.227 0.2000000030
31550  39.654  -66.751  -5.417 0.2000000030
30491  40.266  -67.261  -5.667 0.2000000030
36640  48.880  -61.905  -10.853 0.2000000030
31559  41.981  -66.665  -5.985 0.2000000030
34606  49.607  -63.461  -11.320 0.2000000030
34607  48.795  -63.398  -11.011 0.2000000030
33632  47.714  -64.308  -10.524 0.2000000030
32625  46.950  -64.862  -10.134 0.2000000030
33650  49.900  -64.283  -11.433 0.2000000030
33651  49.092  -64.160  -11.162 0.2000000030
130556  48.536  -64.865  -10.840 0.2000000030
32624  47.703  -65.319  -10.400 0.2000000030
32607  47.017  -65.757  -9.796 0.3000000119
31583  46.457  -66.183  -9.042 0.4000000060
140907  50.111  -65.756  -11.436 0.2000000030
32622  49.632  -65.672  -11.245 0.3000000119
31593  49.168  -66.303  -10.824 0.3000000119
31594  48.457  -66.560  -10.355 0.4000000060
31595  47.767  -66.227  -10.114 0.3000000119
31582  47.181  -66.637  -9.427 0.4000000060
31573  46.728  -66.986  -8.647 0.5000000000
30505  45.567  -67.133  -6.927 0.4000000060
29503  45.856  -67.850  -6.767 0.5000000000
30534  51.585  -68.068  -11.054 0.5000000000
30535  50.795  -67.934  -10.807 0.4000000060
30565  50.411  -67.187  -11.097 0.4000000060
130604  49.684  -66.964  -10.833 0.4000000060
30537  48.987  -67.273  -10.306 0.4000000060
30524  48.555  -67.877  -9.636 0.5000000000
30517  47.907  -68.043  -8.924 0.5000000000
145650  47.341  -67.362  -9.019 0.5000000000
30536  49.913  -67.694  -10.520 0.5000000000
30523  49.326  -68.203  -9.868 0.5000000000
29523  48.732  -68.528  -9.133 0.5000000000
28510  49.432  -69.578  -8.312 0.5000000000
28511  48.681  -69.329  -7.875 0.5000000000
29500  48.021  -68.940  -7.561 0.5000000000
31474  39.789  -66.814  2.285 0.1000000015
31473  40.442  -66.944  1.865 0.1000000015
128965  40.009  -66.644  1.885 0.1000000015
129916  38.694  -66.358  0.971 0.1000000015
31505  38.836  -66.990  -0.324 0.1000000015
31492  38.594  -66.508  0.179 0.1000000015
31506  38.015  -66.512  -0.409 0.1000000015
30458  37.583  -67.277  -1.857 0.1000000015
31522  37.403  -66.684  -2.622 0.1000000015
29462  37.569  -67.950  -2.980 0.1000000015
30480  37.689  -66.992  -3.980 0.2000000030
31533  37.838  -66.207  -4.071 0.2000000030
31549  40.503  -66.443  -5.546 0.2000000030
31548  41.359  -66.127  -5.678 0.2000000030
35587  48.198  -61.888  -10.638 0.1000000015
141895  47.679  -62.905  -10.514 0.2000000030
34584  48.059  -63.461  -10.678 0.2000000030
33633  47.000  -64.105  -10.230 0.2000000030
31558  42.829  -66.352  -6.170 0.2000000030
37751  47.130  -60.927  -10.084 0.1000000015
36622  47.054  -61.781  -10.150 0.1000000015
35589  46.999  -62.705  -10.191 0.1000000015
138634  46.348  -62.936  -9.783 0.1000000015
34586  46.668  -63.522  -10.030 0.1000000015
32608  46.250  -65.194  -9.364 0.1000000015
30497  44.424  -66.883  -6.543 0.3000000119
30498  43.525  -66.892  -6.428 0.2000000030
32609  45.496  -64.869  -8.645 0.1000000015
32598  45.872  -65.729  -8.493 0.1000000015
31574  46.178  -66.490  -8.179 0.3000000119
149679  45.014  -66.813  -6.737 0.2000000030
131400  47.161  -67.753  -8.152 0.5000000000
30503  46.728  -67.816  -7.421 0.5000000000
29501  47.281  -68.432  -7.335 0.5000000000
29516  48.330  -68.711  -8.336 0.5000000000
151014  47.724  -68.391  -8.054 0.5000000000
29515  48.934  -69.051  -8.570 0.5000000000
145434  39.151  -66.875  2.573 0.1000000015
32502  38.260  -65.875  2.351 0.1000000015
32503  37.555  -65.332  1.945 0.1000000015
31482  38.827  -66.307  1.843 0.1000000015
32512  38.031  -65.797  1.334 0.1000000015
133775  37.395  -65.265  1.179 0.1000000015
31493  38.001  -66.103  0.334 0.1000000015
32535  37.202  -65.803  -1.424 0.1000000015
32536  36.791  -65.140  -1.034 0.1000000015
32545  37.244  -65.851  -2.303 0.1000000015
32557  37.512  -65.803  -3.294 0.2000000030
32570  38.503  -65.826  -4.587 0.2000000030
32569  39.248  -65.444  -4.985 0.2000000030
32579  39.855  -65.931  -5.317 0.2000000030
33595  40.026  -65.115  -5.241 0.2000000030
32578  40.688  -65.611  -5.468 0.2000000030
32577  41.520  -65.272  -5.622 0.2000000030
32584  42.223  -65.808  -5.838 0.2000000030
36607  46.602  -61.310  -9.801 0.1000000015
35578  45.775  -62.759  -9.409 0.1000000015
34571  45.946  -63.621  -9.542 0.1000000015
33621  45.836  -64.434  -9.330 0.1000000015
32582  43.679  -64.995  -6.503 0.1000000015
31556  43.878  -65.739  -6.543 0.2000000030
32583  43.096  -65.523  -6.152 0.2000000030
34572  45.363  -64.012  -9.014 0.1000000015
145800  45.416  -65.439  -8.005 0.1000000015
31563  45.605  -66.088  -7.767 0.2000000030
134352  45.284  -66.434  -7.151 0.2000000030
31564  44.586  -66.155  -6.801 0.2000000030
32480  37.464  -65.723  3.265 0.1000000015
32493  37.610  -65.471  2.759 0.1000000015
33500  36.688  -64.673  3.680 0.1000000015
33512  36.651  -64.086  2.306 0.1000000015
33523  36.676  -64.226  1.639 0.1000000015
33535  36.541  -64.397  -0.613 0.1000000015
32514  36.976  -64.903  0.693 0.1000000015
33556  36.974  -64.311  -2.371 0.1000000015
136320  37.642  -64.963  -3.488 0.1000000015
33569  37.517  -64.192  -3.192 0.1000000015
33568  38.167  -64.417  -3.981 0.1000000015
131825  38.698  -64.983  -4.507 0.2000000030
33594  40.799  -64.791  -5.437 0.2000000030
32576  42.333  -64.976  -5.864 0.1000000015
146367  46.358  -58.759  -8.917 0.1000000015
37733  45.875  -60.268  -9.111 0.1000000015
36594  45.260  -60.985  -8.793 0.1000000015
35565  45.206  -62.680  -8.899 0.1000000015
33598  43.001  -64.689  -6.228 0.2000000030
136482  44.556  -61.144  -8.197 0.1000000015
36595  44.897  -61.926  -8.572 0.1000000015
34557  45.020  -63.423  -8.636 0.1000000015
33600  44.579  -64.261  -7.652 0.1000000015
32588  45.027  -64.891  -7.870 0.1000000015
32589  44.330  -65.302  -6.890 0.2000000030
34429  36.509  -63.359  3.727 0.1000000015
141399  36.422  -62.705  1.290 0.1000000015
139726  36.407  -62.868  0.319 0.1000000015
34472  36.477  -63.613  -1.058 0.1000000015
135431  37.178  -63.620  -2.698 0.1000000015
152204  38.015  -63.680  -3.680 0.1000000015
34516  38.876  -64.262  -4.494 0.2000000030
150451  39.172  -63.017  -4.602 0.1000000015
34515  39.486  -63.750  -4.802 0.1000000015
34530  40.318  -63.546  -5.244 0.2000000030
34531  40.147  -64.323  -5.183 0.2000000030
34529  41.091  -63.490  -5.580 0.1000000015
142859  40.788  -64.100  -5.433 0.2000000030
38776  44.176  -59.408  -7.467 0.1000000015
37706  43.558  -60.258  -7.194 0.1000000015
37688  42.870  -60.810  -6.741 0.1000000015
36570  42.924  -61.793  -6.829 0.1000000015
35544  42.107  -62.729  -6.199 0.1000000015
34541  42.580  -63.443  -6.353 0.1000000015
34542  41.865  -63.494  -5.917 0.1000000015
38791  45.780  -59.319  -8.741 0.1000000015
38792  44.815  -59.571  -8.109 0.1000000015
135437  43.914  -61.147  -7.635 0.1000000015
152678  43.343  -61.180  -7.184 0.1000000015
36583  43.548  -61.917  -7.389 0.1000000015
35542  43.277  -62.532  -7.037 0.1000000015
34540  43.392  -63.481  -6.854 0.1000000015
137142  42.965  -64.034  -6.413 0.1000000015
36582  44.227  -62.083  -7.935 0.1000000015
35552  44.279  -62.952  -7.848 0.1000000015
34546  44.115  -63.581  -7.470 0.1000000015
144789  36.440  -62.030  1.920 0.1000000015
35482  36.686  -62.051  -1.119 0.1000000015
35497  36.904  -62.469  -1.951 0.1000000015
35505  37.704  -62.446  -3.275 0.1000000015
35517  38.694  -62.612  -4.213 0.1000000015
132482  41.559  -58.927  -4.957 0.1000000015
38725  40.997  -59.278  -4.706 0.1000000015
37656  40.053  -60.540  -4.668 0.1000000015
36545  40.308  -61.343  -5.114 0.1000000015
35516  39.327  -62.286  -4.625 0.1000000015
39740  42.766  -58.317  -5.321 0.1000000015
126744  42.069  -58.495  -4.814 0.1000000015
37690  41.806  -60.231  -5.779 0.1000000015
37671  40.790  -60.042  -4.978 0.1000000015
148607  41.027  -61.355  -5.563 0.1000000015
148166  41.053  -62.123  -5.648 0.1000000015
39761  43.766  -58.346  -6.350 0.1000000015
38777  43.564  -59.180  -6.801 0.1000000015
38759  42.254  -59.637  -5.899 0.1000000015
36572  41.726  -60.968  -5.920 0.1000000015
133626  41.689  -61.907  -6.027 0.1000000015
35530  41.401  -62.742  -5.793 0.1000000015
35481  37.093  -61.731  -1.830 0.1000000015
37638  37.979  -60.350  -2.463 0.1000000015
36537  37.997  -61.521  -3.387 0.1000000015
38719  38.486  -60.128  -3.155 0.1000000015
135011  38.108  -60.739  -3.108 0.1000000015
36547  38.754  -61.644  -4.118 0.1000000015
39725  42.084  -58.269  -4.074 0.1000000015
39727  40.652  -59.080  -4.160 0.1000000015
38717  40.070  -59.306  -3.730 0.1000000015
37647  38.939  -60.147  -3.705 0.1000000015
36546  39.599  -61.436  -4.647 0.1000000015
40765  42.748  -58.035  -4.596 0.1000000015
38726  40.334  -59.663  -4.396 0.1000000015
131469  43.549  -72.825  -6.630 0.4000000060
28478  47.960  -69.851  -6.604 0.5000000000
25406  44.015  -72.156  -6.614 0.4000000060
26494  42.910  -71.353  -6.557 0.4000000060
25357  40.055  -72.574  -3.348 0.1000000015
145580  42.440  -70.076  -6.526 0.4000000060
28482  43.254  -69.775  -6.543 0.4000000060
27427  44.186  -70.618  -1.541 0.1000000015
27432  39.678  -70.682  -1.840 0.1000000015
29484  40.404  -68.693  -6.046 0.3000000119
27466  39.949  -70.500  -5.926 0.2000000030
28470  40.319  -69.778  -6.105 0.2000000030
128167  41.235  -70.206  -6.420 0.2000000030
29496  41.305  -68.377  -6.264 0.3000000119
28483  41.882  -69.636  -6.491 0.3000000119
30500  41.702  -67.593  -6.188 0.2000000030
152291  43.506  -68.311  -6.512 0.3000000119
27504  52.190  -70.952  -8.282 0.5000000000
28436  43.750  -69.938  -1.287 0.1000000015
29440  40.988  -68.203  -0.486 0.1000000015
28440  40.084  -69.973  -1.350 0.1000000015
28428  39.528  -69.174  -1.027 0.1000000015
128569  37.982  -69.187  -3.779 0.1000000015
131984  38.304  -70.048  -3.916 0.1000000015
28463  38.453  -69.317  -4.513 0.1000000015
133238  37.955  -67.634  -4.323 0.1000000015
30487  38.561  -67.649  -4.982 0.2000000030
133025  43.141  -67.763  -6.467 0.3000000119
30496  45.061  -67.513  -6.595 0.4000000060
27515  52.237  -70.406  -9.127 0.5000000000
28519  51.608  -69.815  -9.551 0.5000000000
29535  51.476  -68.566  -10.592 0.5000000000
30435  40.721  -67.247  0.613 0.1000000015
31490  40.171  -66.955  0.421 0.1000000015
30445  40.380  -67.486  -0.091 0.1000000015
30447  38.580  -67.675  -0.878 0.1000000015
135510  38.143  -68.893  -1.807 0.1000000015
30468  37.734  -68.117  -2.027 0.1000000015
30457  37.977  -67.700  -1.398 0.1000000015
146805  37.638  -67.614  -3.673 0.1000000015
31542  39.037  -66.272  -5.119 0.2000000030
140245  48.359  -62.636  -10.763 0.2000000030
35602  49.261  -62.656  -11.126 0.2000000030
33631  48.442  -64.033  -10.847 0.2000000030
33620  46.428  -64.302  -9.796 0.1000000015
32647  49.380  -64.937  -11.229 0.2000000030
149144  49.020  -65.513  -10.968 0.2000000030
32623  48.432  -65.801  -10.617 0.3000000119
31562  45.880  -66.808  -7.480 0.4000000060
31614  50.052  -66.352  -11.287 0.5000000000
32646  50.194  -65.149  -11.518 0.2000000030
31581  47.995  -67.168  -9.728 0.5000000000
30504  46.174  -67.500  -7.181 0.5000000000
30564  51.305  -67.466  -11.334 0.5000000000
31613  50.987  -66.666  -11.584 0.5000000000
31475  38.889  -66.517  2.442 0.1000000015
31481  39.510  -66.515  1.471 0.1000000015
31491  39.448  -66.667  0.526 0.1000000015
31513  37.968  -67.000  -1.095 0.1000000015
32524  37.376  -65.806  -0.466 0.1000000015
31514  37.413  -66.530  -1.711 0.1000000015
30481  37.526  -67.206  -3.220 0.1000000015
34585  47.351  -63.496  -10.382 0.1000000015
35577  46.326  -62.088  -9.712 0.1000000015
30390  38.498  -66.641  2.807 0.1000000015
31465  37.815  -66.311  3.214 0.1000000015
32513  37.430  -65.489  0.476 0.1000000015
33522  37.055  -64.803  1.467 0.1000000015
33544  36.947  -65.105  -1.923 0.1000000015
138701  37.253  -65.053  -2.777 0.2000000030
32556  37.978  -65.352  -4.057 0.2000000030
33581  39.426  -64.641  -4.870 0.2000000030
37731  47.152  -60.028  -9.907 0.1000000015
37732  46.531  -60.548  -9.624 0.1000000015
36608  45.985  -61.189  -9.411 0.1000000015
34558  44.596  -63.541  -8.048 0.1000000015
129012  44.981  -65.615  -7.396 0.1000000015
33499  37.102  -65.018  3.193 0.1000000015
31466  37.063  -66.090  3.619 0.1000000015
32481  36.818  -65.416  3.718 0.1000000015
126325  36.433  -64.222  4.164 0.1000000015
140751  36.581  -64.036  3.449 0.1000000015
133455  36.745  -64.334  2.953 0.1000000015
33511  37.041  -64.739  2.365 0.1000000015
128447  36.546  -63.570  2.781 0.1000000015
34441  36.519  -63.515  1.850 0.1000000015
147982  36.594  -64.382  0.269 0.1000000015
138376  36.474  -63.703  0.880 0.1000000015
33545  36.648  -64.356  -1.521 0.1000000015
34463  36.417  -63.661  -0.142 0.1000000015
33557  36.768  -63.446  -1.978 0.1000000015
34505  37.597  -63.291  -3.227 0.1000000015
33593  41.560  -64.334  -5.675 0.2000000030
33592  42.388  -64.179  -6.057 0.1000000015
38803  46.527  -59.523  -9.361 0.1000000015
37720  44.831  -60.408  -8.317 0.1000000015
139998  45.532  -61.932  -9.186 0.1000000015
35566  44.674  -62.768  -8.349 0.1000000015
33601  44.047  -64.418  -7.011 0.1000000015
145104  36.478  -62.852  3.024 0.1000000015
132492  36.459  -62.860  -0.596 0.1000000015
34496  37.186  -62.851  -2.667 0.1000000015
34504  38.150  -62.970  -3.736 0.1000000015
148777  38.636  -63.530  -4.243 0.1000000015
35532  39.796  -62.898  -5.003 0.1000000015
38758  42.890  -59.851  -6.512 0.1000000015
39783  44.242  -58.560  -7.024 0.1000000015
37705  44.308  -60.323  -7.818 0.1000000015
36571  42.310  -61.341  -6.369 0.1000000015
37689  42.297  -60.467  -6.222 0.1000000015
141650  42.358  -62.091  -6.422 0.1000000015
35543  42.779  -62.680  -6.619 0.1000000015
33597  43.435  -64.337  -6.588 0.1000000015
149987  36.458  -61.896  1.189 0.1000000015
35461  36.443  -62.164  0.641 0.1000000015
36499  36.824  -61.329  -0.457 0.1000000015
35496  37.384  -61.869  -2.610 0.1000000015
35504  38.238  -62.233  -3.771 0.1000000015
38739  42.143  -58.923  -5.433 0.1000000015
39726  41.300  -58.677  -4.299 0.1000000015
37657  39.206  -60.715  -4.178 0.1000000015
134078  40.663  -60.745  -5.196 0.1000000015
38727  39.566  -59.907  -4.054 0.1000000015
36558  40.026  -62.095  -5.048 0.1000000015
39762  42.932  -58.870  -6.049 0.1000000015
36528  37.467  -61.072  -2.099 0.1000000015
145245  37.737  -61.080  -2.769 0.1000000015
37648  38.549  -60.791  -3.634 0.1000000015
38718  39.203  -59.534  -3.255 0.1000000015
38710  38.575  -59.698  -2.503 0.1000000015
39717  41.452  -58.475  -3.459 0.1000000015
39718  40.692  -58.792  -3.583 0.1000000015
151581  42.248  -77.717  -5.191 0.1000000015
137163  42.866  -78.126  -5.409 0.1000000015
20412  43.597  -77.583  -6.050 0.1000000015
21337  43.412  -76.710  -6.327 0.1000000015
132646  43.985  -75.176  -6.481 0.1000000015
21319  41.985  -77.099  -5.493 0.1000000015
22354  42.044  -75.863  -6.251 0.1000000015
19466  42.250  -78.199  -4.515 0.2000000030
23339  42.400  -75.060  -6.471 0.1000000015
20398  43.798  -78.378  -5.589 0.2000000030
20411  44.450  -77.678  -6.047 0.1000000015
20397  44.855  -78.287  -5.700 0.2000000030
21336  44.464  -76.780  -6.279 0.1000000015
149110  43.271  -74.899  -6.527 0.1000000015
19464  44.193  -79.152  -5.012 0.2000000030
22352  44.117  -76.004  -6.449 0.2000000030
21318  45.362  -77.217  -5.983 0.2000000030
21335  45.285  -76.275  -6.224 0.2000000030
23338  44.569  -74.691  -6.480 0.3000000119
24360  44.690  -73.850  -6.523 0.3000000119
22351  44.884  -75.466  -6.407 0.3000000119
23337  45.374  -74.647  -6.407 0.3000000119
151771  46.047  -77.169  -5.762 0.2000000030
21317  46.059  -76.577  -5.937 0.2000000030
19454  45.916  -79.452  -4.844 0.2000000030
22333  45.982  -75.555  -6.166 0.2000000030
19462  46.257  -78.685  -5.154 0.2000000030
15372  46.265  -82.264  -4.021 0.1000000015
18478  44.976  -79.553  -4.721 0.2000000030
20396  45.975  -77.909  -5.542 0.2000000030
19463  45.371  -78.908  -5.283 0.2000000030
23336  46.311  -74.494  -6.206 0.3000000119
130316  45.739  -73.779  -6.426 0.4000000060
17431  45.743  -81.403  -3.450 0.1000000015
18467  45.308  -80.168  -4.250 0.1000000015
135548  46.801  -76.141  -5.682 0.2000000030
23322  46.957  -75.114  -5.787 0.2000000030
16374  45.265  -82.185  -3.670 0.1000000015
18466  46.582  -80.114  -4.437 0.2000000030
136412  46.677  -77.135  -5.514 0.2000000030
19453  46.881  -79.078  -4.803 0.2000000030
15371  47.005  -82.020  -4.015 0.1000000015
16373  47.636  -81.558  -4.142 0.2000000030
17430  46.525  -81.532  -3.665 0.1000000015
17450  47.481  -81.140  -4.008 0.1000000015
20395  46.962  -78.150  -5.145 0.2000000030
152103  47.390  -76.680  -5.329 0.2000000030
17451  46.597  -80.939  -3.894 0.1000000015
22332  47.849  -75.842  -5.382 0.4000000060
148603  47.305  -72.914  -6.177 0.4000000060
20382  47.538  -78.684  -4.725 0.3000000119
152665  47.716  -78.159  -4.834 0.3000000119
19452  47.815  -79.424  -4.428 0.2000000030
23321  47.906  -74.555  -5.648 0.4000000060
25402  48.031  -72.766  -5.945 0.4000000060
20394  47.533  -77.475  -5.089 0.3000000119
21305  49.473  -77.457  -4.437 0.4000000060
127690  48.243  -78.632  -4.470 0.3000000119
37747  50.324  -60.093  -10.789 0.1000000015
24357  47.563  -73.598  -5.955 0.4000000060
129171  48.708  -75.226  -5.321 0.4000000060
24351  48.446  -73.551  -5.694 0.5000000000
22316  49.216  -76.213  -4.873 0.4000000060
20381  48.357  -77.843  -4.642 0.3000000119
21316  48.247  -76.902  -4.918 0.4000000060
22331  49.724  -75.195  -5.040 0.4000000060
37768  50.083  -60.971  -10.980 0.1000000015
36639  49.793  -61.861  -11.162 0.1000000015
25391  48.900  -72.651  -5.710 0.4000000060
24350  49.451  -73.462  -5.525 0.5000000000
25401  49.296  -71.863  -5.810 0.5000000000
151737  50.374  -62.092  -11.358 0.1000000015
141103  50.210  -62.695  -11.404 0.1000000015
145024  51.722  -62.346  -11.709 0.1000000015
132019  50.914  -62.222  -11.482 0.1000000015
34605  50.456  -63.598  -11.574 0.1000000015
20383  41.767  -78.015  -3.746 0.1000000015
20413  42.716  -77.380  -5.870 0.1000000015
22353  43.081  -75.762  -6.462 0.1000000015
21338  42.461  -76.596  -6.169 0.1000000015
20399  41.705  -77.425  -4.495 0.1000000015
21320  41.444  -76.610  -5.078 0.1000000015
23340  41.495  -75.147  -6.217 0.1000000015
19457  42.282  -78.746  -3.528 0.1000000015
23335  47.070  -74.257  -5.959 0.4000000060
23320  49.027  -74.371  -5.441 0.4000000060
36638  50.592  -61.585  -11.301 0.1000000015
35601  51.101  -62.978  -11.651 0.1000000015
22334  41.059  -75.822  -4.802 0.1000000015
146188  35.384  -77.574  -13.206 0.1000000015
19546  35.426  -78.310  -13.496 0.1000000015
137274  37.831  -77.596  -13.834 0.1000000015
19547  34.740  -78.597  -13.273 0.1000000015
21446  37.551  -76.715  -13.426 0.1000000015
19534  34.267  -78.515  -12.792 0.1000000015
18553  34.395  -79.193  -13.127 0.1000000015
16475  33.654  -81.858  -12.304 0.1000000015
142345  34.625  -79.792  -13.386 0.1000000015
7066  34.794  -91.226  -6.370 0.1000000015
13495  32.192  -84.367  -8.041 0.1000000015
14469  31.688  -83.822  -9.394 0.1000000015
21424  36.421  -76.065  -12.462 0.1000000015
14468  32.050  -83.175  -9.751 0.1000000015
20504  36.047  -77.561  -13.433 0.1000000015
16463  32.689  -81.946  -10.889 0.1000000015
21423  37.344  -75.942  -12.611 0.1000000015
15430  33.186  -82.512  -11.622 0.1000000015
21445  38.450  -76.874  -13.711 0.1000000015
6342  34.509  -92.781  -6.703 0.1000000015
7819  35.510  -90.249  -6.480 0.1000000015
5634  35.823  -94.150  -6.166 0.1000000015
5635  35.168  -93.964  -6.636 0.1000000015
136684  35.549  -92.632  -6.416 0.1000000015
7065  36.053  -91.426  -6.321 0.1000000015
8657  37.147  -89.684  -8.092 0.1000000015
10495  34.598  -87.369  -8.027 0.1000000015
12498  32.600  -85.243  -7.772 0.1000000015
21425  35.758  -76.517  -12.623 0.1000000015
21426  34.542  -76.931  -12.114 0.1000000015
19535  33.758  -78.544  -12.115 0.1000000015
22445  37.599  -75.447  -11.874 0.1000000015
21421  39.395  -75.967  -13.012 0.1000000015
131753  39.026  -76.434  -13.508 0.1000000015
136112  36.666  -90.544  -6.649 0.1000000015
8641  37.541  -90.121  -7.484 0.1000000015
5633  36.600  -93.700  -5.960 0.1000000015
136625  36.742  -93.332  -6.136 0.1000000015
150567  36.015  -93.449  -6.280 0.1000000015
7064  37.162  -91.733  -6.529 0.1000000015
8640  38.513  -90.194  -8.358 0.1000000015
8670  38.545  -89.256  -9.043 0.1000000015
10493  37.312  -87.870  -7.585 0.1000000015
10494  36.501  -87.767  -7.940 0.1000000015
10487  36.604  -87.299  -6.970 0.1000000015
11506  35.800  -87.228  -7.206 0.1000000015
12496  34.317  -85.705  -7.070 0.1000000015
135681  34.119  -85.067  -7.108 0.1000000015
13484  33.947  -84.459  -7.176 0.1000000015
14462  32.380  -83.418  -8.276 0.1000000015
17523  33.183  -80.189  -10.716 0.1000000015
22429  35.787  -75.889  -12.014 0.1000000015
21406  34.522  -76.499  -11.543 0.1000000015
20488  34.250  -77.695  -12.334 0.1000000015
18540  33.338  -79.687  -11.365 0.1000000015
17535  33.181  -80.527  -11.469 0.1000000015
22444  38.270  -75.551  -12.196 0.1000000015
21422  38.418  -76.073  -13.062 0.1000000015
8669  40.043  -89.815  -8.797 0.1000000015
5620  36.864  -93.899  -5.734 0.1000000015
5632  37.486  -93.112  -6.248 0.1000000015
6341  37.557  -92.717  -6.460 0.1000000015
7063  38.175  -92.078  -7.052 0.1000000015
7817  39.514  -91.542  -8.192 0.1000000015
8654  39.912  -90.345  -8.800 0.1000000015
145717  39.184  -89.565  -8.883 0.1000000015
10486  38.883  -86.980  -6.704 0.1000000015
11500  36.913  -86.562  -6.593 0.1000000015
13473  36.830  -84.419  -7.580 0.1000000015
140568  37.681  -93.258  -5.967 0.1000000015
6330  38.328  -92.703  -6.568 0.1000000015
131232  38.372  -92.553  -6.872 0.1000000015
7062  39.234  -92.147  -7.638 0.1000000015
7072  40.136  -91.952  -8.339 0.1000000015
136944  36.359  -86.112  -6.638 0.1000000015
12486  36.170  -85.361  -6.854 0.1000000015
130032  34.844  -83.736  -7.473 0.1000000015
15409  34.050  -82.560  -7.828 0.1000000015
14451  33.691  -83.519  -7.464 0.1000000015
16423  34.759  -81.214  -8.673 0.1000000015
15417  33.559  -81.923  -8.308 0.1000000015
16442  33.299  -80.832  -9.485 0.1000000015
16432  33.698  -81.159  -8.842 0.1000000015
19506  33.737  -78.394  -9.676 0.1000000015
17511  33.468  -79.991  -10.030 0.1000000015
149513  32.813  -81.560  -9.442 0.1000000015
134358  34.524  -76.045  -10.860 0.1000000015
20476  33.760  -77.509  -10.897 0.1000000015
151573  33.591  -78.155  -10.860 0.1000000015
132255  36.716  -75.450  -11.732 0.1000000015
22428  37.490  -75.290  -11.303 0.1000000015
22442  39.768  -75.739  -12.212 0.1000000015
22426  39.067  -75.562  -11.567 0.1000000015
129123  40.818  -76.231  -11.008 0.1000000015
152295  39.363  -75.683  -10.930 0.1000000015
9606  40.735  -89.382  -8.175 0.1000000015
9607  39.618  -89.103  -8.257 0.1000000015
6312  37.747  -93.250  -5.336 0.1000000015
7032  38.847  -92.241  -5.683 0.1000000015
6329  39.143  -92.510  -6.712 0.1000000015
7048  40.002  -92.206  -7.256 0.1000000015
7060  40.957  -91.897  -8.336 0.1000000015
7827  40.686  -91.317  -8.649 0.1000000015
8653  41.029  -90.422  -8.691 0.1000000015
9595  39.218  -88.087  -7.095 0.1000000015
11499  38.085  -86.124  -6.828 0.1000000015
12495  37.985  -84.142  -8.079 0.1000000015
6311  38.358  -92.878  -5.972 0.1000000015
6340  39.118  -92.397  -7.237 0.1000000015
127056  37.335  -83.451  -8.222 0.1000000015
150373  36.684  -83.183  -8.245 0.1000000015
14449  35.894  -82.926  -8.156 0.1000000015
127176  35.165  -82.319  -8.274 0.1000000015
15407  36.364  -81.843  -8.624 0.1000000015
15408  35.422  -81.641  -8.642 0.1000000015
18511  34.260  -78.913  -9.085 0.1000000015
17499  35.072  -80.355  -8.640 0.1000000015
132987  35.155  -75.507  -10.754 0.1000000015
22387  35.141  -75.163  -9.053 0.1000000015
147274  34.664  -75.696  -10.221 0.1000000015
149317  33.736  -76.962  -9.589 0.1000000015
19496  33.835  -78.073  -9.006 0.1000000015
18519  33.759  -79.165  -9.824 0.1000000015
23384  35.897  -74.773  -10.008 0.1000000015
20466  33.735  -77.168  -10.218 0.1000000015
22414  36.459  -74.864  -10.371 0.1000000015
22398  37.262  -74.976  -9.932 0.1000000015
128691  37.040  -75.061  -10.870 0.1000000015
22412  38.776  -75.582  -10.618 0.1000000015
20464  40.871  -76.615  -10.196 0.1000000015
7024  37.785  -92.119  -3.950 0.1000000015
6302  37.557  -93.059  -4.387 0.1000000015
130209  37.341  -93.670  -4.776 0.1000000015
7793  40.177  -90.993  -5.767 0.1000000015
7803  40.675  -91.603  -6.857 0.1000000015
9594  40.485  -88.144  -7.192 0.1000000015
7033  38.157  -92.596  -5.007 0.1000000015
7031  39.664  -91.894  -6.307 0.1000000015
7047  40.941  -91.935  -7.786 0.1000000015
9605  42.577  -89.370  -7.768 0.1000000015
9593  41.828  -87.426  -7.164 0.1000000015
144763  40.251  -85.820  -7.379 0.1000000015
126285  40.275  -84.905  -7.775 0.1000000015
12494  38.793  -84.014  -8.154 0.1000000015
11497  40.829  -85.566  -7.317 0.1000000015
13480  38.876  -83.771  -8.023 0.1000000015
15405  37.762  -82.731  -8.060 0.1000000015
130750  37.005  -82.689  -8.425 0.1000000015
15416  36.701  -81.602  -8.563 0.1000000015
15396  37.215  -82.058  -7.595 0.1000000015
16410  36.151  -80.985  -7.411 0.1000000015
17478  35.495  -80.414  -7.608 0.1000000015
17487  35.606  -80.554  -8.418 0.1000000015
19495  34.091  -78.445  -8.389 0.1000000015
17488  34.998  -79.886  -8.159 0.1000000015
138046  34.560  -75.686  -9.407 0.1000000015
20443  33.777  -77.692  -8.276 0.1000000015
23371  35.675  -74.770  -8.565 0.1000000015
152834  34.732  -75.468  -8.819 0.1000000015
23369  36.949  -74.784  -9.050 0.1000000015
22397  38.259  -75.461  -9.727 0.1000000015
21393  39.622  -75.904  -10.322 0.1000000015
144434  40.314  -76.167  -10.488 0.1000000015
10468  43.113  -87.742  -6.333 0.1000000015
152272  42.501  -87.130  -6.123 0.1000000015
7784  38.042  -90.765  -3.464 0.1000000015
7023  38.503  -91.613  -4.599 0.1000000015
7782  39.751  -90.484  -4.934 0.1000000015
8619  40.658  -90.145  -5.158 0.1000000015
7802  41.775  -91.249  -7.302 0.1000000015
9592  43.204  -88.834  -7.307 0.1000000015
10469  42.326  -86.943  -6.762 0.1000000015
11484  40.866  -85.774  -6.040 0.1000000015
7794  39.300  -91.306  -5.236 0.1000000015
7801  42.656  -90.535  -7.505 0.1000000015
146467  42.680  -88.170  -7.302 0.1000000015
12470  40.495  -85.185  -6.684 0.1000000015
13464  38.339  -83.992  -6.031 0.1000000015
14429  37.261  -82.995  -5.960 0.1000000015
126526  40.054  -84.661  -7.772 0.1000000015
13472  39.560  -84.225  -7.662 0.1000000015
16395  36.535  -82.015  -6.323 0.1000000015
150099  34.924  -80.251  -6.627 0.1000000015
17479  34.774  -79.794  -7.148 0.1000000015
20416  33.664  -77.845  -6.853 0.1000000015
18500  34.485  -79.210  -7.557 0.1000000015
21351  34.338  -75.868  -7.727 0.1000000015
21367  33.892  -76.693  -8.204 0.1000000015
20430  33.750  -77.332  -7.489 0.1000000015
132916  34.906  -75.232  -8.237 0.1000000015
22386  36.539  -74.728  -8.180 0.1000000015
140939  37.652  -75.160  -9.187 0.1000000015
131819  42.372  -89.228  -4.698 0.1000000015
150130  39.086  -89.928  -3.690 0.1000000015
8609  41.255  -89.548  -4.247 0.1000000015
148789  42.957  -89.052  -5.377 0.1000000015
9562  43.417  -88.390  -6.228 0.1000000015
11456  41.092  -87.050  -4.451 0.1000000015
8610  39.916  -89.861  -4.300 0.1000000015
8618  42.880  -89.509  -6.069 0.1000000015
8626  43.303  -89.469  -6.995 0.1000000015
11470  40.448  -86.252  -4.940 0.1000000015
12458  39.942  -85.579  -5.449 0.1000000015
13451  38.624  -84.716  -5.421 0.1000000015
12471  39.625  -84.872  -6.029 0.1000000015
14421  36.627  -83.292  -4.797 0.1000000015
15383  36.551  -82.615  -5.515 0.1000000015
15384  35.832  -82.136  -5.106 0.1000000015
16397  34.989  -81.035  -5.439 0.1000000015
17469  34.646  -80.414  -5.786 0.1000000015
18482  34.407  -79.788  -6.168 0.1000000015
128707  33.642  -78.411  -6.148 0.1000000015
22375  34.917  -75.317  -7.287 0.1000000015
21352  33.989  -76.531  -7.347 0.1000000015
22373  36.428  -74.919  -7.179 0.1000000015
22371  38.108  -75.549  -7.922 0.1000000015
10451  42.452  -88.570  -4.322 0.1000000015
10460  43.016  -88.494  -5.451 0.1000000015
132332  38.717  -85.741  -3.977 0.1000000015
136774  37.623  -85.100  -3.235 0.1000000015
13438  37.322  -84.631  -3.789 0.1000000015
13439  36.725  -84.158  -3.335 0.1000000015
15363  36.104  -83.057  -4.067 0.1000000015
15373  36.130  -82.729  -4.645 0.1000000015
16379  34.734  -81.241  -4.463 0.1000000015
130037  35.311  -81.542  -5.048 0.1000000015
18456  33.561  -79.303  -3.932 0.1000000015
17457  34.341  -80.582  -4.846 0.1000000015
20402  33.565  -77.743  -5.419 0.1000000015
18474  33.647  -79.310  -4.797 0.1000000015
21309  34.148  -76.443  -5.106 0.1000000015
152615  33.609  -77.580  -6.135 0.1000000015
22338  34.583  -75.924  -5.380 0.1000000015
21323  34.192  -76.293  -5.912 0.1000000015
21344  33.787  -76.914  -6.594 0.1000000015
22358  36.323  -75.197  -6.326 0.1000000015
22356  37.958  -75.637  -7.052 0.1000000015
20428  40.236  -77.773  -7.199 0.1000000015
8600  42.121  -89.354  -3.575 0.1000000015
9551  42.483  -89.016  -3.625 0.1000000015
10453  40.628  -87.283  -3.387 0.1000000015
11458  39.064  -86.273  -3.441 0.1000000015
12448  38.269  -85.673  -3.087 0.1000000015
140779  41.485  -89.474  -3.051 0.1000000015
11457  39.972  -86.631  -3.865 0.1000000015
13423  37.145  -84.628  -2.832 0.1000000015
14401  35.955  -83.053  -3.304 0.1000000015
15364  35.648  -82.505  -3.943 0.1000000015
16362  34.765  -81.428  -3.524 0.1000000015
16352  34.453  -80.920  -2.788 0.1000000015
140691  33.681  -77.333  -4.059 0.1000000015
19459  33.548  -78.611  -4.333 0.1000000015
20387  33.556  -77.892  -4.617 0.1000000015
22359  35.502  -75.384  -6.078 0.1000000015
22335  37.017  -75.439  -5.774 0.1000000015
21342  37.794  -75.772  -6.169 0.1000000015
19468  39.863  -78.021  -5.871 0.1000000015
18479  41.975  -80.119  -5.367 0.1000000015
9529  42.902  -89.110  -2.198 0.1000000015
9540  42.522  -89.214  -2.581 0.1000000015
10426  41.382  -87.690  -1.797 0.1000000015
10441  40.323  -87.224  -2.615 0.1000000015
12430  38.294  -85.741  -1.147 0.1000000015
12440  38.208  -85.762  -2.017 0.1000000015
10440  41.386  -87.839  -2.706 0.1000000015
11446  39.684  -86.775  -2.962 0.1000000015
13413  37.083  -84.497  -1.880 0.1000000015
13424  36.690  -84.154  -2.540 0.1000000015
15354  35.919  -83.041  -2.393 0.1000000015
16351  35.057  -81.685  -2.599 0.1000000015
18444  33.880  -79.594  -2.055 0.1000000015
18445  33.605  -79.257  -2.985 0.1000000015
21276  38.261  -76.799  -2.447 0.1000000015
143627  37.686  -76.465  -2.814 0.1000000015
22300  37.025  -75.975  -2.822 0.1000000015
22288  35.653  -75.582  -2.591 0.1000000015
22302  35.511  -75.617  -3.498 0.1000000015
20369  33.642  -77.696  -3.296 0.1000000015
140260  33.536  -78.018  -3.965 0.1000000015
20368  38.711  -77.483  -2.761 0.1000000015
21287  38.071  -76.975  -3.062 0.1000000015
22319  36.861  -75.816  -3.789 0.1000000015
144144  33.876  -76.925  -3.505 0.1000000015
20340  39.034  -77.398  -2.211 0.1000000015
19441  39.607  -78.779  -2.618 0.1000000015
20367  39.080  -78.060  -3.165 0.1000000015
21307  38.207  -76.668  -4.737 0.1000000015
130569  36.789  -75.582  -4.785 0.1000000015
22337  35.259  -75.575  -5.252 0.1000000015
19431  39.850  -78.687  -1.978 0.1000000015
18443  40.162  -79.392  -2.226 0.1000000015
20385  39.293  -78.260  -3.903 0.1000000015
19458  39.765  -78.939  -4.058 0.1000000015
21321  38.344  -76.443  -5.699 0.1000000015
17434  42.269  -81.185  -2.587 0.1000000015
19467  40.138  -78.625  -5.198 0.1000000015
17467  41.637  -80.505  -4.217 0.1000000015
138056  42.215  -88.077  -1.382 0.1000000015
10425  42.425  -88.626  -2.203 0.1000000015
130826  41.246  -87.479  -1.062 0.1000000015
11439  40.330  -87.123  -1.301 0.1000000015
129687  39.470  -86.607  -1.272 0.1000000015
10427  40.563  -87.351  -2.071 0.1000000015
11433  38.917  -86.252  -0.829 0.1000000015
12421  37.822  -85.207  -0.629 0.1000000015
13399  37.319  -84.564  -0.929 0.1000000015
13400  36.851  -84.030  -1.205 0.1000000015
145783  36.459  -83.685  -1.886 0.1000000015
15342  35.517  -82.350  -2.017 0.1000000015
16344  35.179  -81.622  -1.591 0.1000000015
131597  34.261  -80.032  -1.563 0.1000000015
20327  34.202  -77.325  -0.976 0.1000000015
18428  33.710  -78.671  -2.218 0.1000000015
22287  36.434  -75.602  -2.277 0.1000000015
22274  35.023  -75.793  -2.002 0.1000000015
22289  34.921  -75.838  -2.917 0.1000000015
20357  33.922  -76.990  -2.772 0.1000000015
22286  37.184  -75.781  -1.971 0.1000000015
19428  41.793  -79.348  -1.975 0.1000000015
19429  41.232  -79.251  -1.791 0.1000000015
10414  41.838  -87.555  -0.469 0.1000000015
11418  39.949  -86.529  0.220 0.1000000015
11431  40.624  -87.078  -0.437 0.1000000015
12408  38.628  -85.555  0.370 0.1000000015
13384  38.193  -84.882  0.653 0.1000000015
11432  39.707  -86.617  -0.604 0.1000000015
12420  38.452  -85.705  -0.368 0.1000000015
13385  37.590  -84.534  0.018 0.1000000015
14376  37.025  -83.896  -0.455 0.1000000015
14377  36.518  -83.416  -0.953 0.1000000015
15324  35.658  -82.193  -1.113 0.1000000015
17398  34.578  -80.118  -0.897 0.1000000015
16331  35.362  -81.461  -0.713 0.1000000015
19402  34.192  -78.085  -0.712 0.1000000015
18411  34.558  -78.678  -0.166 0.1000000015
18420  34.454  -79.361  -0.649 0.1000000015
132230  36.732  -75.416  -1.426 0.1000000015
22253  35.629  -75.564  -0.650 0.1000000015
142377  33.899  -78.922  -1.579 0.1000000015
129495  39.135  -76.049  -1.606 0.1000000015
22271  37.552  -75.302  -1.371 0.1000000015
21278  34.458  -76.375  -2.361 0.1000000015
21262  39.445  -77.086  -1.735 0.1000000015
21263  38.747  -76.753  -1.942 0.1000000015
11402  40.149  -86.314  1.116 0.1000000015
12407  39.329  -85.941  0.747 0.1000000015
12396  38.818  -85.264  1.124 0.1000000015
13375  37.826  -84.113  0.895 0.1000000015
14360  37.253  -83.651  0.374 0.1000000015
15305  36.963  -82.851  0.649 0.1000000015
15306  36.398  -82.435  0.186 0.1000000015
16314  36.135  -81.616  0.549 0.1000000015
144433  35.592  -81.306  0.002 0.1000000015
142219  35.134  -79.000  0.599 0.1000000015
18419  34.876  -79.725  -0.019 0.1000000015
20319  34.515  -77.583  -0.099 0.1000000015
19394  34.889  -78.185  0.487 0.1000000015
21240  34.807  -76.737  0.162 0.1000000015
21264  38.084  -76.032  -1.840 0.1000000015
19412  40.281  -78.182  -1.615 0.1000000015
19439  42.012  -79.014  -2.484 0.1000000015
12395  39.559  -85.599  1.555 0.1000000015
14339  38.887  -83.313  2.249 0.1000000015
13363  38.810  -84.094  1.891 0.1000000015
15275  39.502  -82.525  2.562 0.1000000015
14348  38.243  -83.682  1.593 0.1000000015
15290  37.314  -82.299  1.360 0.1000000015
14349  37.587  -83.244  1.140 0.1000000015
15291  36.689  -82.170  0.818 0.1000000015
16298  36.707  -81.582  1.223 0.1000000015
17386  35.650  -80.718  0.564 0.1000000015
18410  35.431  -79.864  0.690 0.1000000015
19387  35.481  -78.250  1.178 0.1000000015
149562  35.134  -76.272  0.192 0.1000000015
21239  35.371  -76.515  0.759 0.1000000015
22272  36.365  -75.256  -0.787 0.1000000015
20365  41.704  -78.117  -2.908 0.1000000015
15276  38.633  -82.313  2.301 0.1000000015
15289  38.063  -82.812  1.834 0.1000000015
15277  37.914  -81.959  2.010 0.1000000015
16286  37.915  -81.200  2.176 0.1000000015
16297  37.310  -81.442  1.746 0.1000000015
17372  36.717  -80.857  1.585 0.1000000015
17373  36.079  -80.194  1.329 0.1000000015
18400  35.735  -79.244  1.243 0.1000000015
21260  40.982  -76.195  -1.732 0.1000000015
22245  36.237  -75.444  0.556 0.1000000015
20366  41.513  -77.256  -2.616 0.1000000015
16285  38.578  -80.969  2.457 0.1000000015
18388  38.050  -79.581  2.448 0.1000000015
17356  38.668  -80.215  2.628 0.1000000015
20296  37.852  -77.519  2.431 0.1000000015
19376  37.666  -78.562  2.417 0.1000000015
144925  37.490  -80.048  2.182 0.1000000015
21213  37.182  -76.739  2.167 0.1000000015
18399  36.417  -79.390  1.765 0.1000000015
142247  36.175  -77.935  1.804 0.1000000015
21261  40.197  -76.474  -1.584 0.1000000015
150197  39.370  -75.060  -1.421 0.1000000015
142916  38.475  -75.094  -1.348 0.1000000015
23282  37.109  -74.957  -0.800 0.1000000015
23255  36.645  -75.008  0.245 0.1000000015
21238  35.857  -75.925  0.898 0.1000000015
130130  41.506  -76.472  -3.123 0.1000000015
23281  37.853  -74.664  -0.873 0.1000000015
21212  38.133  -76.604  2.372 0.1000000015
19377  36.719  -78.624  2.090 0.1000000015
18389  37.184  -79.394  2.181 0.1000000015
21228  36.996  -76.002  1.791 0.1000000015
20297  36.946  -77.737  2.260 0.1000000015
24285  37.805  -74.146  0.022 0.1000000015
22244  36.875  -75.101  0.800 0.1000000015
21214  36.582  -76.385  1.740 0.1000000015
23254  37.259  -74.593  0.279 0.1000000015
22230  36.493  -75.763  1.272 0.1000000015
148053  32.413  -86.779  -8.407 0.1000000015
13485  33.007  -84.427  -7.469 0.1000000015
15418  32.662  -82.522  -8.574 0.1000000015
145506  31.812  -83.947  -8.704 0.1000000015
15422  32.497  -82.276  -9.377 0.1000000015
19545  36.361  -78.336  -13.730 0.1000000015
16452  32.675  -81.486  -10.029 0.1000000015
21447  36.515  -76.704  -13.138 0.1000000015
152495  33.536  -79.246  -11.930 0.1000000015
17536  32.849  -80.984  -10.773 0.1000000015
130259  33.530  -80.039  -12.194 0.1000000015
146992  33.872  -80.811  -12.663 0.1000000015
17543  33.433  -80.924  -12.071 0.1000000015
152772  31.479  -84.372  -9.144 0.1000000015
12505  31.931  -85.333  -8.269 0.1000000015
15426  32.379  -82.530  -10.271 0.1000000015
137476  36.586  -92.642  -6.301 0.1000000015
11507  34.855  -86.816  -7.222 0.1000000015
11508  33.793  -86.589  -7.585 0.1000000015
130386  35.077  -76.417  -12.136 0.1000000015
20489  33.752  -77.957  -11.522 0.1000000015
7818  37.632  -91.009  -6.935 0.1000000015
8655  38.863  -89.696  -8.927 0.1000000015
9596  38.209  -88.016  -7.223 0.1000000015
9608  37.974  -88.705  -8.862 0.1000000015
141939  38.770  -88.818  -8.498 0.1000000015
128064  37.561  -87.235  -6.642 0.1000000015
13482  36.082  -83.828  -7.699 0.1000000015
14450  34.680  -83.018  -7.760 0.1000000015
18529  33.434  -79.400  -10.569 0.1000000015
17524  33.013  -80.678  -10.208 0.1000000015
130891  35.804  -75.448  -11.294 0.1000000015
20465  34.064  -76.765  -10.876 0.1000000015
12485  37.266  -85.355  -7.080 0.1000000015
7061  40.030  -92.239  -7.851 0.1000000015
127012  34.435  -80.554  -8.891 0.1000000015
149511  35.373  -80.769  -8.722 0.1000000015
17510  34.206  -79.825  -9.267 0.1000000015
20453  33.678  -77.633  -9.609 0.1000000015
131904  41.718  -89.748  -8.226 0.1000000015
7816  41.798  -91.387  -8.063 0.1000000015
7826  41.602  -91.195  -8.476 0.1000000015
11498  39.498  -85.250  -7.606 0.1000000015
13481  38.207  -83.549  -8.199 0.1000000015
17498  35.883  -80.847  -8.691 0.1000000015
135793  33.730  -77.267  -8.956 0.1000000015
145131  41.255  -90.658  -6.248 0.1000000015
10485  41.006  -86.542  -7.228 0.1000000015
10484  41.662  -86.483  -7.050 0.1000000015
12483  39.531  -84.397  -7.894 0.1000000015
11483  41.299  -85.831  -6.949 0.1000000015
14428  38.024  -83.360  -6.626 0.1000000015
14437  38.330  -83.226  -7.725 0.1000000015
136538  37.071  -82.457  -6.500 0.1000000015
16409  36.578  -81.524  -7.181 0.1000000015
19486  33.818  -78.131  -7.655 0.1000000015
22385  37.494  -75.089  -8.436 0.1000000015
21380  38.904  -75.907  -9.139 0.1000000015
22396  39.038  -75.807  -9.850 0.1000000015
140753  42.344  -87.595  -5.189 0.1000000015
151334  42.424  -87.271  -7.078 0.1000000015
7783  39.030  -90.570  -4.366 0.1000000015
7792  41.833  -89.789  -5.550 0.1000000015
8627  42.360  -90.319  -6.653 0.1000000015
13463  39.296  -84.238  -6.673 0.1000000015
13452  37.708  -84.449  -4.846 0.1000000015
14420  37.439  -83.714  -5.390 0.1000000015
16396  35.842  -81.407  -6.114 0.1000000015
19477  33.957  -78.586  -7.108 0.1000000015
128404  35.614  -75.104  -6.835 0.1000000015
12459  38.990  -85.411  -4.882 0.1000000015
13453  36.949  -84.040  -4.319 0.1000000015
16378  35.236  -81.822  -4.227 0.1000000015
18483  33.820  -79.214  -5.693 0.1000000015
18473  34.015  -79.917  -5.265 0.1000000015
143059  34.996  -75.423  -6.573 0.1000000015
22357  37.161  -75.302  -6.667 0.1000000015
21350  38.628  -76.172  -7.482 0.1000000015
10452  41.755  -87.892  -3.859 0.1000000015
10439  42.317  -88.670  -3.223 0.1000000015
12441  37.598  -85.180  -2.391 0.1000000015
14400  36.345  -83.607  -2.846 0.1000000015
17436  34.195  -80.639  -3.750 0.1000000015
17421  33.877  -80.192  -2.849 0.1000000015
21324  33.719  -76.976  -5.661 0.1000000015
21290  34.154  -76.523  -4.176 0.1000000015
21341  38.489  -76.283  -6.607 0.1000000015
21340  39.151  -76.784  -7.048 0.1000000015
20414  39.652  -77.473  -6.599 0.1000000015
19475  40.437  -78.448  -6.098 0.1000000015
11447  38.884  -86.326  -2.521 0.1000000015
17420  34.261  -80.402  -2.121 0.1000000015
22336  36.153  -75.380  -5.501 0.1000000015
18489  40.795  -79.037  -5.608 0.1000000015
132095  39.382  -77.516  -5.761 0.1000000015
20400  39.447  -78.001  -4.884 0.1000000015
18480  41.240  -79.714  -5.004 0.1000000015
11441  38.846  -86.298  -1.626 0.1000000015
15341  36.014  -82.921  -1.496 0.1000000015
16345  34.673  -81.048  -1.952 0.1000000015
22301  36.282  -75.614  -3.192 0.1000000015
21288  37.515  -76.361  -3.417 0.1000000015
22320  36.147  -75.564  -4.079 0.1000000015
22321  35.368  -75.616  -4.354 0.1000000015
22303  34.781  -75.879  -3.810 0.1000000015
21289  34.360  -76.386  -3.260 0.1000000015
19413  33.873  -78.091  -1.499 0.1000000015
20386  38.755  -77.518  -4.136 0.1000000015
21308  37.514  -76.154  -4.304 0.1000000015
20339  39.643  -77.897  -1.862 0.1000000015
137851  39.484  -78.717  -3.319 0.1000000015
21322  37.622  -75.948  -5.250 0.1000000015
20401  38.869  -77.175  -5.233 0.1000000015
19430  40.504  -79.082  -1.715 0.1000000015
18471  40.314  -79.728  -3.541 0.1000000015
18470  40.915  -80.104  -3.945 0.1000000015
16377  42.715  -81.445  -2.876 0.1000000015
17455  41.308  -80.705  -3.186 0.1000000015
128293  34.139  -78.772  -0.956 0.1000000015
22273  35.830  -75.506  -1.580 0.1000000015
22254  35.145  -75.797  -1.195 0.1000000015
21265  34.572  -76.412  -1.327 0.1000000015
19440  41.467  -78.380  -2.156 0.1000000015
15323  36.184  -82.694  -0.619 0.1000000015
17397  35.128  -80.662  -0.251 0.1000000015
20355  41.278  -77.268  -2.082 0.1000000015
20309  35.665  -77.255  1.374 0.1000000015
17358  36.851  -80.105  1.876 0.1000000015
20379  50.359  -78.363  -4.101 0.3000000119
21304  50.277  -76.846  -4.461 0.3000000119
22315  50.514  -76.022  -4.622 0.3000000119
23311  50.910  -75.079  -4.735 0.4000000060
23319  50.137  -74.275  -5.211 0.4000000060
21303  51.333  -76.859  -4.403 0.3000000119
23318  51.297  -74.224  -4.948 0.4000000060
18585  46.921  -79.253  -14.377 0.1000000015
128706  48.308  -79.814  -13.127 0.1000000015
17531  50.123  -80.326  -11.485 0.2000000030
18505  50.374  -80.475  -8.075 0.3000000119
23351  53.610  -73.902  -6.464 0.4000000060
20380  49.194  -78.446  -4.243 0.3000000119
21332  52.486  -77.086  -5.758 0.4000000060
17506  50.447  -80.892  -9.336 0.2000000030
18495  49.828  -79.555  -7.825 0.3000000119
21333  51.571  -77.650  -6.051 0.4000000060
23332  53.331  -74.616  -5.670 0.4000000060
128667  46.259  -79.042  -15.060 0.1000000015
17530  50.422  -80.359  -10.932 0.3000000119
22349  51.402  -76.585  -6.365 0.4000000060
23334  53.060  -75.206  -6.507 0.4000000060
23333  53.351  -74.872  -6.061 0.4000000060
18597  47.294  -78.823  -15.342 0.1000000015
25412  53.944  -72.709  -7.011 0.5000000000
18537  50.491  -79.734  -11.374 0.2000000030
134119  50.439  -80.275  -9.878 0.3000000119
19473  49.881  -78.594  -6.686 0.3000000119
22348  52.555  -76.065  -6.248 0.4000000060
26500  54.263  -72.346  -7.565 0.4000000060
130793  53.153  -71.346  -8.233 0.4000000060
20409  50.481  -78.168  -6.297 0.4000000060
22367  52.319  -75.266  -6.875 0.4000000060
23352  53.467  -74.436  -6.870 0.4000000060
128892  48.592  -79.274  -13.849 0.2000000030
18565  49.262  -79.603  -13.233 0.2000000030
18526  50.403  -79.651  -10.446 0.2000000030
147118  49.738  -80.212  -12.055 0.2000000030
144573  49.111  -78.571  -7.429 0.3000000119
20410  49.316  -77.760  -6.912 0.3000000119
18598  46.647  -78.917  -16.039 0.1000000015
145840  50.158  -79.981  -8.607 0.3000000119
22350  49.984  -76.975  -6.592 0.4000000060
22368  51.403  -75.593  -6.843 0.4000000060
24368  54.135  -73.167  -7.215 0.5000000000
24367  54.456  -72.693  -7.721 0.5000000000
26509  53.853  -71.788  -7.802 0.4000000060
23353  52.602  -74.652  -7.272 0.4000000060
24369  53.849  -73.706  -7.321 0.5000000000
24383  54.295  -73.110  -7.859 0.5000000000
26508  54.740  -71.871  -8.116 0.4000000060
18583  49.556  -78.987  -13.900 0.2000000030
18549  50.343  -79.673  -12.052 0.2000000030
19510  50.462  -79.371  -11.251 0.2000000030
18517  50.149  -79.763  -9.467 0.4000000060
19500  49.963  -79.310  -10.151 0.2000000030
19490  48.860  -78.910  -8.346 0.3000000119
19501  49.164  -79.052  -9.351 0.4000000060
24370  53.016  -74.033  -7.728 0.5000000000
25420  54.728  -72.461  -8.374 0.5000000000
152730  54.928  -71.539  -8.763 0.4000000060
27503  54.241  -71.341  -8.669 0.4000000060
20439  48.346  -78.246  -8.184 0.4000000060
21334  48.768  -76.787  -7.312 0.4000000060
137609  50.202  -75.897  -6.909 0.4000000060
24384  53.525  -73.457  -8.169 0.5000000000
18564  50.135  -79.164  -13.351 0.2000000030
19562  48.979  -78.698  -14.606 0.2000000030
18548  50.619  -79.019  -12.044 0.2000000030
27513  54.945  -70.994  -9.346 0.4000000060
137069  50.442  -78.801  -11.690 0.2000000030
23354  51.454  -74.770  -7.397 0.4000000060
19595  47.680  -78.713  -16.436 0.2000000030
19540  50.490  -78.450  -13.424 0.2000000030
136410  49.420  -78.804  -10.340 0.3000000119
145920  48.513  -78.530  -9.827 0.4000000060
27514  53.952  -70.574  -9.480 0.4000000060
20427  48.429  -77.594  -7.662 0.3000000119
24371  51.655  -73.968  -8.000 0.5000000000
25421  54.068  -72.941  -8.700 0.5000000000
18582  50.178  -78.624  -13.845 0.2000000030
148778  49.139  -76.001  -7.256 0.4000000060
141647  50.331  -75.005  -7.360 0.4000000060
25440  54.600  -72.444  -9.364 0.5000000000
137895  50.645  -65.853  -11.662 0.4000000060
19608  47.980  -78.998  -17.421 0.2000000030
19560  50.381  -78.170  -14.113 0.2000000030
19531  50.480  -78.448  -12.412 0.2000000030
19522  49.725  -78.571  -11.205 0.2000000030
20440  47.803  -77.560  -8.500 0.4000000060
145272  51.342  -73.206  -8.545 0.5000000000
25422  52.917  -73.061  -8.957 0.5000000000
18610  47.566  -79.403  -17.663 0.2000000030
19502  48.116  -78.352  -9.038 0.4000000060
24372  50.432  -74.170  -7.865 0.5000000000
24385  52.341  -73.455  -8.461 0.5000000000
25439  55.074  -72.080  -8.984 0.5000000000
136156  47.915  -79.450  -17.954 0.2000000030
30563  52.361  -67.843  -11.407 0.4000000060
31629  51.709  -66.033  -12.124 0.2000000030
144164  52.524  -69.106  -10.523 0.4000000060
27532  54.619  -69.847  -10.061 0.4000000060
19582  49.525  -78.215  -15.268 0.2000000030
19512  48.604  -78.324  -10.614 0.4000000060
26533  55.143  -71.585  -9.988 0.4000000060
27531  55.325  -70.312  -9.888 0.4000000060
19594  48.435  -78.456  -16.770 0.2000000030
20494  50.540  -78.069  -13.288 0.2000000030
19521  50.012  -78.247  -12.014 0.2000000030
29533  53.591  -68.917  -10.792 0.4000000060
28530  55.528  -69.762  -10.358 0.4000000060
137677  55.724  -70.204  -10.001 0.4000000060
146603  49.468  -75.292  -7.407 0.3000000119
25423  51.707  -72.759  -9.079 0.5000000000
25441  53.428  -72.706  -9.534 0.5000000000
27530  55.316  -70.767  -9.783 0.4000000060
20448  47.777  -78.042  -9.928 0.4000000060
22369  48.218  -75.923  -7.760 0.4000000060
126497  48.661  -75.196  -7.743 0.3000000119
21377  47.426  -77.492  -9.347 0.4000000060
20512  50.414  -77.756  -13.980 0.2000000030
28531  54.822  -69.229  -10.446 0.4000000060
25460  53.920  -72.423  -10.221 0.5000000000
142284  49.309  -74.476  -7.831 0.4000000060
24386  50.523  -73.384  -8.374 0.5000000000
129678  52.400  -72.584  -9.492 0.5000000000
25424  50.660  -72.688  -8.874 0.5000000000
24387  49.530  -73.615  -8.263 0.5000000000
22330  53.280  -75.197  -5.425 0.4000000060
29534  52.426  -68.492  -10.978 0.4000000060
28532  53.704  -69.431  -10.421 0.4000000060
25442  51.732  -72.243  -9.646 0.5000000000
128846  50.544  -80.014  -4.304 0.3000000119
128155  51.036  -79.005  -3.938 0.3000000119
135181  51.882  -77.630  -4.390 0.2000000030
21302  52.285  -76.800  -4.522 0.2000000030
16389  49.136  -81.344  -5.447 0.2000000030
17447  50.823  -80.207  -4.884 0.3000000119
18477  51.345  -79.788  -4.968 0.3000000119
20393  52.351  -78.689  -5.077 0.3000000119
16403  50.243  -81.177  -6.304 0.2000000030
17473  50.503  -80.762  -6.261 0.2000000030
18485  50.818  -80.109  -5.995 0.2000000030
17519  49.949  -80.850  -10.838 0.2000000030
140605  47.284  -81.145  -18.654 0.1000000015
17605  47.243  -81.535  -18.711 0.1000000015
22467  48.334  -75.333  -14.569 0.1000000015
126785  48.581  -80.481  -4.188 0.1000000015
19450  49.969  -79.096  -3.955 0.2000000030
17449  49.500  -80.484  -4.275 0.2000000030
148013  50.574  -79.524  -4.004 0.2000000030
15382  46.965  -82.303  -4.526 0.1000000015
16390  48.250  -81.773  -5.392 0.1000000015
16372  49.317  -80.947  -4.751 0.2000000030
16406  47.016  -82.054  -6.075 0.1000000015
16405  47.953  -81.856  -6.215 0.1000000015
132573  47.085  -79.022  -17.014 0.1000000015
18625  47.440  -79.966  -18.022 0.1000000015
20529  50.192  -76.987  -15.291 0.1000000015
21437  49.934  -76.974  -13.931 0.1000000015
21438  48.940  -76.673  -13.615 0.1000000015
21415  48.221  -77.016  -12.761 0.1000000015
20538  50.039  -76.568  -15.873 0.1000000015
21460  49.407  -76.408  -14.239 0.1000000015
21439  47.842  -76.259  -13.362 0.1000000015
21416  47.135  -76.795  -11.992 0.1000000015
22451  48.528  -76.032  -14.085 0.1000000015
21440  46.888  -75.805  -13.074 0.1000000015
21391  45.773  -75.805  -10.625 0.1000000015
22424  45.657  -75.695  -11.508 0.1000000015
22411  45.080  -75.137  -10.973 0.1000000015
126403  48.495  -81.013  -4.220 0.2000000030
126638  48.397  -81.406  -4.673 0.1000000015
23356  47.835  -75.146  -8.169 0.3000000119
19593  49.201  -78.101  -16.154 0.1000000015
20530  49.842  -77.491  -15.618 0.1000000015
20495  50.347  -77.659  -13.471 0.1000000015
20457  48.859  -78.056  -11.512 0.1000000015
150194  47.180  -77.423  -10.031 0.2000000030
22370  47.357  -75.860  -8.386 0.3000000119
24389  48.017  -73.753  -8.445 0.3000000119
25426  48.656  -73.062  -8.546 0.3000000119
132148  47.323  -81.018  -18.709 0.1000000015
20540  48.803  -78.119  -16.837 0.1000000015
20496  49.604  -77.329  -13.165 0.1000000015
20471  47.113  -77.105  -11.267 0.1000000015
21362  46.678  -76.019  -8.995 0.2000000030
137887  47.531  -74.426  -8.453 0.3000000119
20546  48.907  -77.394  -16.788 0.1000000015
21400  46.373  -76.451  -11.193 0.1000000015
22395  45.763  -75.011  -9.475 0.2000000030
149219  47.231  -73.724  -8.634 0.3000000119
23381  45.400  -75.137  -10.122 0.1000000015
23373  46.006  -74.383  -9.097 0.2000000030
25428  46.975  -73.094  -8.795 0.4000000060
149786  45.607  -75.512  -12.211 0.1000000015
23374  45.248  -74.320  -9.629 0.1000000015
19456  42.904  -79.283  -3.733 0.1000000015
18468  44.191  -79.960  -4.021 0.1000000015
26516  52.518  -72.172  -10.133 0.4000000060
25443  50.908  -72.149  -9.475 0.4000000060
24388  48.747  -73.864  -8.258 0.3000000119
25425  49.692  -72.816  -8.691 0.4000000060
25444  49.945  -72.117  -9.238 0.4000000060
25446  48.090  -72.361  -8.906 0.4000000060
25445  48.979  -72.209  -8.982 0.4000000060
25427  47.688  -73.040  -8.670 0.4000000060
134784  47.254  -72.380  -9.004 0.5000000000
24401  45.706  -73.552  -9.213 0.3000000119
25447  46.321  -72.755  -9.085 0.5000000000
22425  44.904  -75.100  -11.910 0.2000000030
25448  45.461  -72.732  -9.411 0.4000000060
23403  45.016  -74.745  -13.195 0.1000000015
22441  44.739  -74.823  -12.597 0.1000000015
130673  44.152  -73.909  -10.394 0.2000000030
23375  44.630  -73.918  -9.915 0.2000000030
23427  46.725  -74.615  -14.778 0.1000000015
23416  45.364  -74.655  -13.875 0.1000000015
23383  44.114  -74.499  -11.261 0.2000000030
147517  46.574  -74.553  -16.187 0.1000000015
23442  46.099  -74.516  -15.367 0.1000000015
26535  53.230  -71.899  -10.862 0.4000000060
26534  54.559  -72.010  -10.697 0.3000000119
26517  51.344  -71.745  -10.076 0.4000000060
26537  50.923  -71.176  -10.450 0.4000000060
149360  47.757  -71.989  -9.127 0.4000000060
26521  47.415  -71.622  -9.301 0.4000000060
26520  48.280  -71.606  -9.291 0.4000000060
138895  45.892  -72.106  -9.372 0.4000000060
24403  44.350  -73.275  -9.953 0.3000000119
24402  44.984  -73.416  -9.595 0.4000000060
26523  45.217  -71.950  -9.608 0.4000000060
23430  43.916  -74.562  -14.359 0.2000000030
23405  43.575  -74.468  -12.767 0.2000000030
147352  43.615  -73.807  -10.759 0.2000000030
141458  45.116  -74.614  -15.260 0.1000000015
23417  44.531  -74.606  -13.727 0.2000000030
24541  49.860  -73.864  -21.223 0.1000000015
26551  52.731  -71.270  -11.446 0.4000000060
26550  54.088  -71.656  -11.464 0.4000000060
27533  51.860  -70.824  -11.316 0.4000000060
131832  50.121  -70.631  -10.501 0.4000000060
27534  51.099  -70.700  -10.932 0.4000000060
27535  49.506  -70.905  -9.922 0.4000000060
27517  47.708  -70.837  -9.629 0.4000000060
27516  48.697  -70.845  -9.716 0.4000000060
27518  46.866  -71.072  -9.534 0.3000000119
143454  45.913  -71.268  -9.593 0.4000000060
24408  43.049  -73.230  -10.693 0.3000000119
25450  44.062  -72.564  -10.088 0.3000000119
25449  44.734  -72.628  -9.732 0.4000000060
23445  43.345  -74.432  -15.065 0.2000000030
23431  42.945  -74.320  -14.223 0.2000000030
23392  42.725  -74.002  -11.992 0.2000000030
24413  43.211  -73.950  -11.331 0.2000000030
23443  44.464  -74.670  -15.946 0.2000000030
23570  48.922  -74.177  -23.140 0.1000000015
23568  49.728  -73.894  -21.926 0.1000000015
23534  49.065  -73.613  -20.320 0.1000000015
27557  53.512  -71.097  -12.044 0.4000000060
27556  54.925  -70.896  -11.598 0.3000000119
27558  52.334  -70.569  -11.907 0.4000000060
152657  50.846  -69.753  -11.663 0.4000000060
138922  51.357  -70.297  -11.493 0.4000000060
27560  49.520  -69.870  -10.901 0.4000000060
27559  50.459  -70.090  -11.181 0.4000000060
27536  48.191  -70.232  -10.140 0.4000000060
135434  49.104  -70.365  -10.321 0.4000000060
143570  46.480  -70.424  -9.959 0.4000000060
27537  47.323  -70.213  -10.082 0.3000000119
26538  42.723  -71.573  -10.464 0.3000000119
26525  43.584  -71.859  -10.243 0.3000000119
27539  44.146  -71.117  -10.159 0.3000000119
27519  44.962  -71.171  -9.861 0.3000000119
27538  45.518  -70.503  -10.052 0.3000000119
24446  41.672  -73.413  -14.232 0.2000000030
24438  41.626  -73.477  -13.327 0.2000000030
24415  41.831  -73.164  -11.608 0.3000000119
25468  42.286  -72.843  -10.902 0.2000000030
26524  44.447  -71.876  -9.944 0.3000000119
24445  42.204  -73.854  -14.514 0.2000000030
147666  42.184  -73.611  -12.035 0.2000000030
136883  43.608  -74.497  -15.809 0.2000000030
29555  55.521  -68.845  -10.746 0.3000000119
29571  55.700  -68.240  -11.531 0.3000000119
28556  55.756  -69.306  -10.704 0.3000000119
27570  55.267  -70.048  -11.616 0.4000000060
27555  55.675  -70.054  -10.495 0.3000000119
28587  52.783  -69.613  -13.107 0.3000000119
28575  50.893  -69.312  -12.197 0.4000000060
131814  51.815  -69.429  -12.665 0.4000000060
28557  51.624  -69.885  -12.032 0.4000000060
28576  49.868  -69.294  -11.688 0.4000000060
144205  48.737  -68.876  -11.865 0.3000000119
28534  48.583  -69.727  -10.725 0.4000000060
28539  43.962  -69.596  -10.652 0.3000000119
28538  44.648  -69.826  -10.589 0.2000000030
145006  45.351  -69.480  -10.808 0.2000000030
28559  47.035  -69.217  -11.159 0.2000000030
28535  47.659  -69.667  -10.629 0.3000000119
27541  42.411  -70.815  -10.419 0.3000000119
128242  43.963  -70.342  -10.435 0.3000000119
135374  44.720  -70.475  -10.248 0.2000000030
28537  45.912  -69.865  -10.441 0.2000000030
28536  46.762  -69.737  -10.520 0.2000000030
129790  41.259  -72.740  -14.703 0.2000000030
25470  40.717  -72.253  -11.602 0.3000000119
25469  41.555  -72.414  -11.139 0.3000000119
25463  42.271  -72.085  -10.727 0.3000000119
30561  54.959  -67.686  -11.274 0.3000000119
29557  53.547  -68.335  -11.233 0.3000000119
29556  54.834  -68.167  -11.017 0.3000000119
29591  49.991  -68.263  -13.094 0.3000000119
29577  46.558  -68.310  -12.242 0.2000000030
29576  47.414  -68.297  -12.688 0.2000000030
29558  47.942  -68.688  -12.057 0.2000000030
141276  49.338  -68.582  -12.460 0.2000000030
30566  45.236  -68.128  -11.793 0.2000000030
29560  46.397  -68.772  -11.578 0.2000000030
29559  47.228  -68.702  -11.820 0.2000000030
31612  52.124  -67.050  -11.839 0.2000000030
23459  46.668  -74.637  -16.760 0.1000000015
134336  45.455  -74.680  -16.086 0.1000000015
25493  40.614  -72.533  -13.434 0.3000000119
148374  42.944  -74.231  -15.707 0.2000000030
22314  51.686  -75.956  -4.471 0.3000000119
20376  52.518  -77.519  -4.747 0.3000000119
20377  52.177  -78.254  -4.520 0.3000000119
19451  48.897  -79.221  -4.135 0.2000000030
142517  50.862  -77.636  -4.288 0.2000000030
21348  47.900  -76.707  -8.014 0.3000000119
30562  53.688  -67.540  -11.648 0.3000000119
20483  49.224  -77.681  -12.354 0.1000000015
26549  55.261  -70.998  -10.545 0.3000000119
23355  48.322  -74.463  -8.155 0.2000000030
21361  47.228  -76.748  -8.786 0.2000000030
132948  50.217  -77.239  -14.190 0.1000000015
17448  50.189  -80.604  -4.801 0.2000000030
126284  51.329  -79.486  -4.319 0.3000000119
17463  50.470  -80.705  -5.521 0.1000000015
131991  50.802  -80.288  -5.471 0.2000000030
18464  49.574  -79.843  -4.036 0.2000000030
20539  49.411  -77.418  -16.278 0.1000000015
21477  50.131  -76.281  -15.388 0.1000000015
20470  47.963  -77.453  -11.815 0.1000000015
144192  47.228  -76.413  -12.683 0.1000000015
22394  46.104  -75.781  -9.734 0.1000000015
20458  47.677  -77.659  -10.811 0.2000000030
21390  46.289  -76.384  -10.325 0.2000000030
149833  46.863  -75.535  -8.725 0.3000000119
22383  46.400  -75.198  -8.980 0.3000000119
24390  46.764  -74.408  -8.721 0.3000000119
26536  51.918  -71.376  -10.762 0.4000000060
26519  49.285  -71.487  -9.470 0.4000000060
23404  44.297  -74.627  -13.002 0.2000000030
23391  43.434  -74.367  -12.019 0.2000000030
26518  50.281  -71.430  -9.865 0.4000000060
23419  42.927  -74.315  -13.253 0.2000000030
25462  42.875  -72.358  -10.473 0.3000000119
24414  42.517  -73.491  -11.390 0.2000000030
24426  42.290  -73.926  -12.751 0.2000000030
27572  53.147  -70.572  -12.394 0.4000000060
27571  54.243  -70.699  -12.436 0.4000000060
27573  52.487  -70.057  -12.497 0.4000000060
27540  43.310  -70.979  -10.345 0.3000000119
25492  41.010  -73.018  -12.955 0.2000000030
25480  41.135  -72.858  -12.050 0.2000000030
28585  54.555  -69.410  -13.036 0.4000000060
143475  48.938  -69.377  -11.290 0.4000000060
28558  48.015  -69.154  -11.345 0.2000000030
29536  44.067  -68.944  -10.848 0.2000000030
28561  44.702  -69.191  -10.935 0.2000000030
129165  45.479  -68.826  -11.356 0.2000000030
28560  46.155  -69.306  -10.995 0.2000000030
28586  53.802  -69.761  -13.384 0.3000000119
28572  55.418  -69.228  -11.819 0.2000000030
29587  54.533  -68.927  -13.516 0.3000000119
29554  55.569  -68.109  -11.091 0.2000000030
30580  55.892  -67.689  -11.813 0.2000000030
128606  50.060  -81.375  -7.927 0.1000000015
16428  49.722  -81.479  -8.640 0.1000000015
16427  50.213  -81.237  -8.775 0.1000000015
18465  47.646  -80.374  -4.212 0.1000000015
17482  50.409  -80.797  -7.309 0.1000000015
17520  49.280  -81.197  -10.600 0.1000000015
17493  50.450  -80.963  -8.464 0.1000000015
16439  50.193  -81.153  -9.559 0.1000000015
32663  52.757  -65.565  -12.378 0.1000000015
135066  54.049  -64.274  -12.539 0.1000000015
33667  53.616  -65.020  -12.471 0.1000000015
31627  54.899  -66.832  -11.700 0.1000000015
32662  54.230  -65.895  -12.259 0.1000000015
31611  55.608  -67.321  -11.543 0.1000000015
151756  55.518  -66.120  -11.917 0.1000000015
31626  55.714  -66.795  -11.874 0.1000000015
30592  55.672  -67.892  -12.223 0.1000000015
29586  55.173  -68.714  -12.581 0.2000000030
149615  55.613  -67.112  -12.596 0.1000000015
32676  55.924  -66.009  -12.607 0.2000000030
29589  53.070  -69.080  -13.884 0.2000000030
31654  54.963  -66.638  -13.993 0.2000000030
30607  54.635  -67.650  -14.138 0.2000000030
29603  54.191  -68.483  -14.350 0.2000000030
29588  54.032  -69.189  -13.899 0.2000000030
31671  54.259  -66.112  -15.347 0.2000000030
31655  54.149  -67.133  -15.224 0.2000000030
29604  53.533  -68.663  -14.481 0.2000000030
29572  52.075  -68.974  -13.331 0.2000000030
29573  51.041  -68.708  -12.929 0.2000000030
29574  50.225  -68.777  -12.403 0.2000000030
32686  55.293  -65.665  -14.191 0.2000000030
29605  52.605  -68.200  -14.712 0.2000000030
137512  52.193  -68.536  -13.926 0.2000000030
30593  50.722  -68.140  -13.728 0.1000000015
30611  50.570  -67.759  -14.668 0.1000000015
31628  53.179  -66.533  -12.208 0.1000000015
32664  51.813  -65.195  -12.261 0.1000000015
140098  52.722  -63.968  -12.389 0.1000000015
33666  55.348  -65.227  -12.113 0.1000000015
29602  54.941  -68.185  -13.245 0.2000000030
30608  54.010  -67.848  -15.082 0.2000000030
148575  40.165  -71.908  -11.945 0.2000000030
26539  41.767  -71.519  -10.632 0.2000000030
26553  40.396  -71.604  -11.281 0.2000000030
26563  39.837  -71.667  -12.570 0.2000000030
27562  39.399  -70.498  -11.762 0.2000000030
140658  42.162  -70.037  -10.527 0.2000000030
27561  40.004  -70.844  -10.965 0.2000000030
27542  41.492  -70.657  -10.463 0.2000000030
27574  39.285  -70.407  -12.757 0.2000000030
28540  43.096  -70.092  -10.559 0.2000000030
28542  41.138  -69.790  -10.262 0.1000000015
27544  40.119  -70.027  -10.482 0.2000000030
28541  42.154  -69.153  -10.370 0.2000000030
151230  42.667  -69.631  -10.566 0.2000000030
29541  39.677  -68.708  -10.164 0.1000000015
29539  41.111  -68.781  -10.021 0.1000000015
30543  38.734  -67.647  -10.598 0.1000000015
30569  38.356  -67.770  -11.461 0.1000000015
32685  56.089  -65.249  -13.136 0.1000000015
29562  43.689  -68.298  -10.960 0.1000000015
29538  41.939  -68.064  -10.387 0.1000000015
151004  42.793  -68.490  -10.630 0.1000000015
30542  39.577  -67.920  -10.001 0.1000000015
30540  40.871  -67.922  -9.976 0.1000000015
131610  39.242  -66.969  -10.089 0.1000000015
31599  39.825  -66.226  -10.052 0.1000000015
32629  38.607  -65.198  -10.391 0.1000000015
33692  55.605  -64.615  -14.506 0.1000000015
147308  56.716  -63.236  -13.649 0.1000000015
29578  45.905  -68.355  -11.877 0.1000000015
29561  44.611  -68.514  -11.258 0.1000000015
30538  42.933  -67.749  -10.804 0.1000000015
30567  43.652  -67.531  -11.147 0.1000000015
148236  41.052  -66.758  -10.143 0.1000000015
133805  39.482  -65.359  -10.196 0.1000000015
32628  40.424  -65.499  -10.227 0.1000000015
126772  56.237  -62.987  -14.819 0.1000000015
31631  44.720  -66.790  -12.068 0.1000000015
30582  45.848  -67.815  -12.443 0.1000000015
31632  44.021  -66.152  -11.868 0.1000000015
31615  43.938  -66.886  -11.444 0.1000000015
131866  44.457  -67.679  -11.534 0.1000000015
30583  45.164  -67.509  -12.106 0.1000000015
31616  43.355  -66.271  -11.332 0.1000000015
30568  43.172  -66.965  -10.963 0.1000000015
33653  42.385  -64.955  -11.123 0.1000000015
31596  42.620  -66.328  -10.804 0.1000000015
135199  41.382  -67.232  -10.186 0.1000000015
30539  42.330  -67.109  -10.527 0.1000000015
33654  41.813  -64.174  -10.887 0.1000000015
33634  41.761  -65.037  -10.698 0.1000000015
32626  42.147  -65.644  -10.697 0.1000000015
133490  41.059  -64.843  -10.462 0.1000000015
33713  55.570  -63.614  -15.419 0.1000000015
32701  54.587  -65.131  -15.713 0.1000000015
30581  46.630  -67.844  -13.009 0.1000000015
33652  43.188  -64.894  -11.718 0.1000000015
32648  43.496  -65.651  -11.676 0.1000000015
147845  42.586  -64.338  -11.455 0.1000000015
30596  47.309  -67.761  -13.714 0.1000000015
28562  39.072  -69.699  -11.402 0.1000000015
29542  39.072  -68.513  -10.552 0.1000000015
32627  41.329  -65.605  -10.410 0.1000000015
33635  40.135  -64.707  -10.275 0.1000000015
31630  45.469  -67.011  -12.617 0.1000000015
135496  45.220  -72.006  -22.294 0.1000000015
26662  44.768  -71.664  -21.515 0.1000000015
132318  45.673  -71.842  -23.287 0.1000000015
24578  46.169  -72.997  -24.405 0.1000000015
24600  45.357  -72.837  -26.253 0.1000000015
23619  44.491  -74.470  -26.860 0.1000000015
137804  43.605  -76.228  -25.595 0.1000000015
25591  44.980  -72.468  -21.772 0.1000000015
26646  44.265  -71.625  -20.594 0.1000000015
25611  45.840  -72.176  -24.960 0.1000000015
135163  45.901  -73.570  -25.409 0.1000000015
27651  43.989  -70.830  -20.208 0.1000000015
26632  43.524  -71.067  -19.492 0.1000000015
25559  44.179  -73.004  -20.121 0.1000000015
24546  45.120  -73.154  -21.563 0.1000000015
24565  46.329  -73.142  -23.556 0.1000000015
26661  45.441  -71.146  -22.494 0.1000000015
127507  43.431  -71.824  -19.190 0.1000000015
24511  43.845  -73.246  -19.366 0.1000000015
27650  44.377  -70.256  -20.649 0.1000000015
27639  43.639  -70.421  -19.723 0.1000000015
28646  43.051  -69.181  -19.165 0.1000000015
28656  44.077  -69.219  -20.122 0.1000000015
135277  44.014  -69.990  -20.178 0.1000000015
133545  43.579  -68.960  -19.669 0.1000000015
25577  44.512  -72.579  -20.958 0.1000000015
22592  43.481  -75.582  -24.969 0.1000000015
7815  42.310  -90.771  -8.104 0.1000000015
7828  39.981  -91.227  -8.547 0.1000000015
7829  39.284  -90.641  -8.442 0.1000000015
8608  42.403  -89.129  -3.533 0.1000000015
8617  43.422  -88.916  -6.159 0.1000000015
8639  42.829  -89.939  -7.721 0.1000000015
8652  42.154  -90.378  -8.273 0.1000000015
8656  38.066  -89.615  -8.812 0.1000000015
9563  42.584  -88.961  -4.526 0.1000000015
9576  43.511  -88.468  -6.770 0.1000000015
10483  43.068  -87.826  -7.027 0.1000000015
10505  36.726  -88.361  -9.124 0.1000000015
11419  39.106  -86.168  -0.056 0.1000000015
11440  39.680  -86.815  -2.040 0.1000000015
11469  41.666  -86.548  -5.846 0.1000000015
11471  39.431  -86.031  -4.372 0.1000000015
11501  35.637  -86.349  -6.721 0.1000000015
11519  32.432  -86.044  -8.098 0.1000000015
12385  39.863  -85.062  2.223 0.1000000015
12409  38.088  -85.204  0.025 0.1000000015
12431  37.649  -85.204  -1.482 0.1000000015
12460  38.095  -85.172  -4.184 0.1000000015
12482  40.552  -85.041  -7.515 0.1000000015
12484  38.692  -84.701  -7.804 0.1000000015
12487  35.223  -85.542  -6.843 0.1000000015
12497  33.476  -85.372  -7.355 0.1000000015
13374  38.463  -84.491  1.347 0.1000000015
13462  40.087  -84.577  -7.220 0.1000000015
13474  35.847  -84.697  -7.125 0.1000000015
13483  34.894  -84.688  -7.106 0.1000000015
13496  31.590  -84.729  -8.663 0.1000000015
13507  31.216  -84.977  -9.302 0.1000000015
14361  36.674  -83.189  -0.109 0.1000000015
14412  36.413  -83.558  -3.773 0.1000000015
14427  38.882  -83.678  -7.271 0.1000000015
14447  38.203  -83.251  -8.168 0.1000000015
14448  37.662  -82.947  -8.248 0.1000000015
14452  32.772  -83.699  -7.717 0.1000000015
15355  35.523  -82.454  -2.932 0.1000000015
15362  46.532  -81.921  -3.704 0.1000000015
15370  47.615  -81.975  -4.585 0.1000000015
15394  47.375  -82.208  -5.302 0.1000000015
15395  37.683  -82.750  -7.170 0.1000000015
15406  37.157  -82.123  -8.422 0.1000000015
15410  33.092  -82.900  -7.890 0.1000000015
15485  47.025  -82.499  -18.649 0.1000000015
16330  35.853  -81.978  -0.261 0.1000000015
16358  47.011  -81.650  -3.824 0.1000000015
16359  45.867  -81.920  -3.506 0.1000000015
16391  46.546  -82.315  -5.031 0.1000000015
16415  50.264  -81.182  -7.165 0.1000000015
16416  49.956  -81.425  -7.080 0.2000000030
16418  47.672  -81.711  -7.052 0.1000000015
16421  36.718  -81.446  -8.237 0.1000000015
16422  36.179  -80.871  -8.366 0.1000000015
16431  36.378  -81.271  -8.649 0.1000000015
16433  32.944  -81.660  -8.953 0.1000000015
16451  49.879  -81.220  -10.094 0.1000000015
16462  33.106  -81.440  -11.543 0.1000000015
16536  47.047  -82.157  -18.584 0.1000000015
17357  38.005  -80.455  2.328 0.1000000015
17371  37.361  -80.695  2.017 0.1000000015
17385  36.216  -81.012  1.097 0.1000000015
17408  34.835  -80.946  -1.129 0.1000000015
17409  34.512  -80.516  -1.532 0.1000000015
17437  33.662  -79.941  -3.567 0.1000000015
17458  33.736  -80.021  -4.362 0.1000000015
17468  35.380  -80.721  -6.470 0.1000000015
17518  50.351  -80.717  -10.201 0.3000000119
17542  34.082  -79.932  -12.905 0.1000000015
17554  34.499  -80.592  -13.287 0.1000000015
18472  39.843  -79.368  -3.007 0.1000000015
18481  40.498  -79.374  -4.588 0.1000000015
18490  34.160  -79.177  -6.635 0.1000000015
18506  49.577  -79.490  -8.672 0.3000000119
18510  34.496  -79.153  -8.347 0.1000000015
18516  50.406  -80.474  -9.005 0.3000000119
18525  50.545  -80.006  -10.693 0.2000000030
18554  33.880  -79.235  -12.542 0.1000000015
18563  50.542  -79.080  -12.728 0.2000000030
18566  47.648  -79.469  -13.714 0.1000000015
18572  35.010  -79.172  -13.571 0.1000000015
18584  47.945  -78.932  -14.557 0.2000000030
18599  45.684  -79.040  -15.681 0.1000000015
19386  36.077  -78.698  1.655 0.1000000015
19411  40.989  -78.258  -1.654 0.1000000015
19442  33.543  -78.540  -3.555 0.1000000015
19448  52.309  -78.643  -4.656 0.3000000119
19449  51.845  -78.871  -4.305 0.3000000119
19461  51.983  -79.168  -4.709 0.3000000119
19469  33.593  -78.563  -5.166 0.1000000015
19476  40.171  -78.006  -6.544 0.1000000015
19481  50.105  -79.357  -6.882 0.3000000119
19485  34.233  -78.697  -7.820 0.1000000015
19511  50.233  -79.085  -10.899 0.2000000030
19516  33.566  -78.636  -10.384 0.1000000015
19525  33.485  -78.787  -11.252 0.1000000015
19530  50.542  -78.478  -12.791 0.2000000030
19561  49.884  -78.397  -14.454 0.2000000030
19581  50.194  -77.688  -14.795 0.2000000030
19583  48.462  -78.520  -15.614 0.2000000030
19623  48.155  -79.033  -17.853 0.2000000030
20308  36.377  -77.070  1.876 0.1000000015
20318  35.048  -77.410  0.699 0.1000000015
20337  40.807  -77.190  -1.646 0.1000000015
20338  40.071  -77.438  -1.584 0.1000000015
20341  34.034  -77.128  -1.871 0.1000000015
20356  39.347  -78.085  -2.408 0.1000000015
20358  33.717  -77.812  -2.404 0.1000000015
20378  51.454  -78.359  -4.199 0.2000000030
20415  38.991  -76.949  -6.168 0.1000000015
20459  46.788  -77.004  -10.520 0.1000000015
20475  34.096  -77.190  -11.582 0.1000000015
20481  50.528  -78.110  -12.940 0.2000000030
20482  50.246  -77.880  -12.720 0.2000000030
20487  35.039  -77.119  -12.713 0.1000000015
20505  34.780  -77.915  -13.084 0.1000000015
20567  47.813  -78.909  -18.238 0.2000000030
21229  35.996  -76.443  1.388 0.1000000015
21246  34.972  -76.139  -0.422 0.1000000015
21277  37.616  -76.204  -2.382 0.1000000015
21310  33.702  -77.103  -4.831 0.1000000015
21331  52.929  -76.589  -5.554 0.5000000000
21339  41.788  -76.465  -5.808 0.1000000015
21343  34.362  -75.945  -6.762 0.1000000015
21366  34.359  -75.854  -8.583 0.1000000015
21378  46.742  -76.718  -9.662 0.2000000030
21381  33.992  -76.455  -9.127 0.1000000015
21394  34.114  -76.363  -10.055 0.1000000015
21404  39.963  -75.800  -11.222 0.1000000015
21405  35.095  -75.889  -11.488 0.1000000015
21417  46.329  -76.084  -12.207 0.1000000015
21448  35.739  -77.065  -13.074 0.1000000015
21459  50.016  -76.524  -14.703 0.1000000015
22205  37.634  -75.884  2.034 0.1000000015
22229  37.231  -75.381  1.449 0.1000000015
22246  35.549  -75.791  0.204 0.1000000015
22252  36.166  -75.265  -0.115 0.1000000015
22270  39.950  -75.504  -1.499 0.1000000015
22322  34.680  -75.916  -4.675 0.1000000015
22360  34.773  -75.683  -5.982 0.1000000015
22372  37.305  -75.139  -7.554 0.1000000015
22374  35.641  -74.862  -7.687 0.1000000015
22384  38.226  -75.521  -8.778 0.1000000015
22399  35.254  -75.180  -9.930 0.1000000015
22413  37.849  -75.306  -10.626 0.1000000015
22415  35.797  -75.079  -10.592 0.1000000015
22427  38.185  -75.429  -11.357 0.1000000015
22443  38.997  -75.662  -12.440 0.1000000015
22453  45.743  -74.953  -13.366 0.1000000015
22495  50.067  -74.355  -18.862 0.1000000015
22496  49.604  -75.307  -18.094 0.1000000015
22530  49.285  -74.965  -20.262 0.1000000015
22602  43.660  -75.505  -26.177 0.1000000015
23262  37.497  -74.504  -0.305 0.1000000015
23263  36.808  -74.879  -0.227 0.1000000015
23317  52.316  -74.279  -4.893 0.5000000000
23368  47.104  -75.086  -8.558 0.3000000119
23370  36.262  -74.637  -8.953 0.1000000015
23376  36.413  -74.712  -9.624 0.1000000015
23377  35.752  -74.765  -9.370 0.1000000015
23382  44.720  -74.532  -10.360 0.1000000015
23390  44.155  -74.675  -12.250 0.1000000015
23406  42.981  -74.270  -12.550 0.2000000030
23418  43.690  -74.505  -13.545 0.2000000030
23428  45.746  -74.561  -14.589 0.1000000015
23429  44.813  -74.598  -14.480 0.2000000030
23444  44.201  -74.620  -15.150 0.2000000030
23463  43.042  -74.191  -16.374 0.2000000030
23472  47.113  -74.623  -18.091 0.2000000030
23475  43.914  -74.488  -17.441 0.2000000030
23487  45.389  -74.801  -18.631 0.2000000030
23489  43.952  -74.327  -18.291 0.2000000030
23510  50.145  -73.835  -19.561 0.1000000015
23513  46.737  -74.610  -19.581 0.1000000015
23533  50.059  -73.897  -20.470 0.2000000030
23548  49.815  -74.002  -21.822 0.1000000015
23569  49.467  -74.008  -22.447 0.1000000015
23620  44.092  -74.585  -26.933 0.1000000015
24400  46.476  -73.650  -8.874 0.3000000119
24407  43.761  -73.233  -10.331 0.2000000030
24427  41.649  -73.384  -12.462 0.2000000030
24437  42.237  -73.958  -13.717 0.2000000030
24454  42.555  -74.027  -15.141 0.2000000030
24465  42.281  -73.086  -16.898 0.2000000030
24474  49.997  -73.696  -18.098 0.1000000015
24491  44.091  -74.050  -19.036 0.1000000015
24528  50.009  -73.810  -20.407 0.2000000030
24529  49.688  -73.689  -20.813 0.1000000015
24542  49.591  -73.712  -21.669 0.1000000015
24562  49.349  -73.800  -22.392 0.1000000015
24589  45.860  -72.839  -25.324 0.1000000015
24610  44.930  -73.619  -26.672 0.1000000015
25367  38.792  -71.900  -3.982 0.1000000015
25392  40.262  -72.945  -6.077 0.1000000015
25396  53.921  -73.134  -6.740 0.5000000000
25397  53.273  -72.800  -6.450 0.5000000000
25400  50.160  -71.942  -5.805 0.6000000238
25411  54.276  -72.733  -7.370 0.5000000000
25458  55.085  -72.006  -9.557 0.4000000060
25459  54.767  -72.175  -10.037 0.5000000000
25461  43.450  -72.637  -10.292 0.3000000119
25481  40.424  -72.378  -12.585 0.3000000119
25504  41.134  -72.918  -13.816 0.2000000030
25505  40.669  -72.295  -14.213 0.4000000060
25513  41.422  -72.492  -15.575 0.3000000119
25523  41.633  -72.159  -16.281 0.3000000119
25542  42.995  -72.057  -18.469 0.2000000030
25560  43.760  -72.415  -19.618 0.1000000015
25578  44.087  -72.235  -20.216 0.1000000015
25590  45.553  -72.764  -22.635 0.1000000015
25603  45.848  -72.437  -23.917 0.1000000015
26426  43.397  -71.428  -1.707 0.1000000015
26499  54.674  -72.298  -7.906 0.5000000000
26507  54.998  -71.931  -8.493 0.4000000060
26515  55.073  -71.531  -9.280 0.5000000000
26522  46.607  -71.868  -9.310 0.4000000060
26540  40.853  -71.215  -10.704 0.2000000030
26552  40.995  -71.897  -10.928 0.2000000030
26554  39.811  -71.318  -11.784 0.2000000030
26564  39.550  -71.019  -12.409 0.2000000030
26616  42.185  -71.679  -17.345 0.2000000030
27426  44.781  -70.607  -1.382 0.1000000015
27428  43.525  -70.696  -1.739 0.1000000015
27460  38.992  -70.929  -4.996 0.1000000015
27483  43.032  -70.579  -6.534 0.4000000060
27543  40.697  -70.528  -10.515 0.2000000030
27623  42.388  -70.614  -17.952 0.2000000030
27630  42.794  -70.599  -18.499 0.2000000030
27659  44.944  -70.816  -21.628 0.1000000015
28424  43.252  -69.149  -0.784 0.1000000015
28471  39.064  -69.209  -5.167 0.1000000015
28493  49.133  -69.866  -7.434 0.5000000000
28509  50.284  -69.996  -8.499 0.6000000238
28543  40.261  -69.217  -10.109 0.1000000015
28544  39.438  -69.364  -10.619 0.1000000015
28563  38.802  -68.981  -11.133 0.1000000015
28573  54.555  -70.004  -12.620 0.4000000060
28574  53.478  -70.226  -12.842 0.4000000060
28578  38.723  -69.207  -11.826 0.3000000119
28588  39.062  -69.643  -13.181 0.2000000030
28629  42.469  -69.993  -18.259 0.2000000030
28645  43.498  -69.738  -19.556 0.1000000015
28655  44.693  -69.522  -20.738 0.1000000015
29493  44.099  -68.566  -6.534 0.4000000060
29537  43.218  -69.180  -10.638 0.2000000030
29540  40.274  -68.416  -9.905 0.1000000015
29590  51.506  -68.475  -13.600 0.2000000030
29595  38.584  -68.260  -13.318 0.1000000015
29607  39.296  -68.721  -14.392 0.2000000030
29614  40.138  -68.998  -15.598 0.1000000015
29626  40.470  -68.668  -16.408 0.2000000030
29638  41.383  -68.725  -17.675 0.1000000015
30446  39.448  -67.610  -0.452 0.1000000015
30469  37.515  -67.459  -2.522 0.1000000015
30518  46.452  -67.234  -7.837 0.5000000000
30541  40.245  -67.861  -9.838 0.1000000015
30559  55.783  -67.409  -11.595 0.2000000030
30560  55.658  -67.662  -11.352 0.2000000030
30617  38.893  -67.468  -14.486 0.1000000015
30635  38.978  -66.903  -14.963 0.1000000015
31480  40.258  -66.777  1.203 0.1000000015
31534  37.555  -66.567  -3.459 0.2000000030
31557  43.487  -66.156  -6.344 0.2000000030
31597  41.700  -66.404  -10.353 0.1000000015
31598  40.342  -67.147  -9.918 0.1000000015
31600  38.932  -66.067  -10.252 0.1000000015
31601  38.272  -65.870  -10.774 0.1000000015
31634  37.786  -66.314  -12.084 0.1000000015
31645  38.115  -66.717  -13.390 0.1000000015
31677  39.284  -66.685  -15.626 0.1000000015
31696  40.111  -66.935  -16.823 0.1000000015
32492  38.191  -66.036  2.920 0.1000000015
32525  36.859  -65.060  -0.121 0.1000000015
32649  42.868  -65.624  -11.223 0.1000000015
32727  39.221  -65.261  -16.432 0.1000000015
33608  44.992  -64.185  -8.308 0.1000000015
33638  37.712  -64.238  -11.034 0.1000000015
33668  52.420  -64.668  -12.368 0.1000000015
33670  43.669  -64.446  -12.498 0.1000000015
33671  43.046  -64.034  -12.028 0.1000000015
33672  37.503  -64.495  -12.677 0.1000000015
34608  42.463  -63.650  -11.560 0.1000000015
34645  56.894  -62.464  -14.128 0.1000000015
34646  56.279  -63.826  -13.994 0.1000000015
35471  36.512  -62.080  -0.124 0.1000000015
35531  40.604  -62.689  -5.399 0.1000000015
35588  47.656  -62.226  -10.467 0.1000000015
36621  47.705  -61.423  -10.419 0.1000000015
37670  41.248  -60.489  -5.479 0.1000000015
37719  45.300  -60.009  -8.587 0.1000000015
37748  49.522  -60.308  -10.680 0.1000000015
38740  41.524  -59.616  -5.334 0.1000000015
39739  43.397  -58.165  -5.739 0.1000000015
126479  50.214  -77.063  -14.757 0.1000000015
127215  32.110  -83.169  -8.974 0.1000000015
127240  47.542  -75.542  -13.821 0.1000000015
127466  48.544  -79.874  -4.138 0.2000000030
127518  46.094  -79.164  -16.563 0.1000000015
128446  49.967  -81.114  -5.490 0.1000000015
128457  33.613  -77.914  -10.266 0.1000000015
128658  40.338  -67.335  2.128 0.1000000015
128828  43.873  -74.380  -6.530 0.1000000015
128923  34.196  -79.470  -1.275 0.1000000015
129695  50.283  -81.154  -7.977 0.1000000015
129962  37.849  -74.254  0.441 0.1000000015
130146  40.208  -76.453  -9.806 0.1000000015
130430  42.098  -81.216  -3.251 0.1000000015
130792  47.489  -79.872  -18.175 0.2000000030
130940  49.174  -74.845  -21.122 0.1000000015
131623  55.781  -68.670  -10.916 0.3000000119
132699  53.073  -76.443  -5.194 0.4000000060
133318  49.895  -79.739  -12.677 0.2000000030
133685  38.433  -81.610  2.317 0.1000000015
136268  38.078  -76.870  -3.802 0.1000000015
136435  41.705  -88.727  -7.573 0.1000000015
137047  38.591  -91.044  -7.635 0.1000000015
138126  40.593  -61.919  -5.373 0.1000000015
138262  43.616  -71.012  -6.508 0.5000000000
138796  38.516  -77.409  -3.345 0.1000000015
139368  40.777  -64.084  -10.464 0.1000000015
140559  34.522  -76.799  -0.500 0.1000000015
140997  35.869  -81.169  -8.771 0.1000000015
141473  36.448  -62.796  2.268 0.1000000015
141525  43.788  -62.767  -7.445 0.1000000015
141613  40.776  -66.267  -10.157 0.1000000015
141915  42.617  -69.422  -18.627 0.2000000030
142663  44.494  -70.874  -20.949 0.1000000015
142928  39.489  -66.562  2.070 0.1000000015
143268  43.316  -71.224  -1.920 0.1000000015
144151  44.725  -76.119  -6.355 0.2000000030
144559  36.604  -62.887  -1.362 0.1000000015
144849  42.691  -73.699  -16.812 0.2000000030
144906  39.533  -70.143  -10.975 0.1000000015
145244  36.165  -86.805  -6.701 0.1000000015
145501  54.586  -68.683  -10.781 0.3000000119
145962  38.337  -67.141  -11.134 0.1000000015
145977  44.014  -66.347  -6.504 0.2000000030
146009  39.866  -87.242  -6.920 0.1000000015
146010  35.948  -75.481  -4.796 0.1000000015
146278  34.540  -81.913  -8.299 0.1000000015
146386  55.907  -67.304  -11.951 0.2000000030
147411  40.283  -70.659  -14.900 0.3000000119
147833  38.163  -67.235  -13.066 0.1000000015
148057  33.601  -78.389  -2.880 0.1000000015
148591  39.557  -92.333  -7.359 0.1000000015
149035  45.427  -63.306  -9.139 0.1000000015
149531  41.892  -70.209  -6.512 0.3000000119
149686  47.099  -70.613  -9.776 0.3000000119
149778  38.606  -68.323  -11.029 0.2000000030
149912  51.084  -79.832  -4.561 0.3000000119
150393  45.222  -70.000  -10.427 0.2000000030
150395  55.745  -67.739  -11.374 0.2000000030
150434  45.289  -59.442  -8.420 0.1000000015
150491  36.694  -64.423  0.983 0.1000000015
150693  47.035  -74.518  -15.474 0.1000000015
150842  37.547  -66.362  -1.023 0.1000000015
151058  41.821  -68.183  -6.351 0.3000000119
151060  51.507  -71.981  -6.380 0.5000000000
151259  43.350  -75.728  -23.921 0.1000000015
151387  40.626  -70.412  -15.603 0.3000000119
151559  35.258  -80.247  0.260 0.1000000015
151641  36.357  -75.145  -10.999 0.1000000015
151902  47.270  -74.483  -16.617 0.1000000015
151996  35.246  -81.974  -3.419 0.1000000015
152005  53.136  -64.473  -12.452 0.1000000015
152083  44.607  -64.913  -7.354 0.1000000015
152270  38.663  -68.843  -4.863 0.2000000030
153037  34.634  -79.648  -8.714 0.1000000015
153113  48.756  -74.363  -16.403 0.1000000015
153236  42.941  -89.989  -6.872 0.1000000015
