#!ascii label  , from subject sub-v1s1x0050657_ses-1 vox2ras=TkReg
331
85323  29.660  -10.427  -18.309 0.0000000000
75577  26.262  -20.411  -17.230 0.0000000000
90325  27.910  -4.205  -15.464 0.0000000000
98640  23.802  6.659  -17.415 0.0000000000
74742  24.349  -21.889  -15.992 0.0000000000
144752  29.424  -2.107  -17.184 0.0000000000
94694  28.774  1.159  -15.760 0.0000000000
150252  26.691  -11.982  -15.709 0.0000000000
80902  27.457  -14.997  -16.773 0.0000000000
82710  30.330  -12.484  -18.165 0.0000000000
86161  30.141  -8.663  -21.173 0.0000000000
136347  33.483  -10.272  -20.545 0.0000000000
87861  29.845  -7.064  -17.119 0.0000000000
152328  29.421  -5.224  -19.734 0.0000000000
97089  24.688  4.302  -16.206 0.0000000000
151465  28.252  4.365  -15.700 0.0000000000
78319  28.321  -17.763  -17.913 0.0000000000
92923  28.292  -0.345  -15.299 0.0000000000
126177  27.294  0.805  -15.214 0.0000000000
84468  28.890  -11.124  -16.565 0.0000000000
82690  29.003  -12.421  -17.425 0.0000000000
83627  30.027  -11.429  -18.858 0.0000000000
75578  25.570  -20.954  -16.783 0.0000000000
88700  28.538  -5.773  -15.679 0.0000000000
88721  30.002  -5.815  -18.363 0.0000000000
89527  29.814  -4.772  -17.303 0.0000000000
147883  28.866  -1.074  -18.447 0.0000000000
91154  28.845  -2.605  -19.736 0.0000000000
98642  22.348  5.881  -18.724 0.0000000000
97095  23.148  4.122  -17.266 0.0000000000
97869  24.183  5.485  -16.729 0.0000000000
100227  27.626  9.206  -17.274 0.0000000000
99462  28.433  7.791  -17.382 0.0000000000
97860  27.532  5.682  -15.586 0.0000000000
127925  28.708  5.883  -16.968 0.0000000000
97100  29.026  4.256  -17.009 0.0000000000
80006  28.750  -15.498  -17.777 0.0000000000
79210  27.840  -16.553  -17.884 0.0000000000
149154  23.909  -22.292  -15.611 0.0000000000
90323  29.609  -3.483  -16.566 0.0000000000
91992  28.845  -1.981  -15.537 0.0000000000
141248  29.335  -0.665  -16.821 0.0000000000
93902  28.974  0.575  -17.821 0.0000000000
80903  26.202  -14.956  -16.114 0.0000000000
138680  27.390  -13.612  -16.037 0.0000000000
81812  29.003  -13.812  -17.711 0.0000000000
143135  30.904  -13.631  -17.398 0.0000000000
86148  29.891  -9.024  -19.787 0.0000000000
84516  30.823  -10.234  -19.933 0.0000000000
85364  31.521  -9.147  -21.523 0.0000000000
85291  27.966  -9.668  -16.146 0.0000000000
86102  28.053  -8.327  -16.096 0.0000000000
86977  29.613  -8.411  -17.187 0.0000000000
138099  30.145  -7.388  -19.529 0.0000000000
87896  29.490  -6.950  -21.052 0.0000000000
88754  29.101  -5.761  -21.737 0.0000000000
90350  29.539  -3.772  -18.938 0.0000000000
90376  28.980  -4.027  -20.360 0.0000000000
95471  25.086  2.348  -15.691 0.0000000000
145209  24.937  7.105  -16.552 0.0000000000
98628  26.018  6.129  -15.768 0.0000000000
97087  26.343  4.676  -15.523 0.0000000000
95469  27.161  2.539  -15.363 0.0000000000
138778  28.283  2.836  -15.621 0.0000000000
95505  29.218  2.832  -17.582 0.0000000000
77368  26.163  -18.828  -16.985 0.0000000000
131520  26.851  -16.120  -16.964 0.0000000000
83646  32.475  -11.049  -19.255 0.0000000000
136825  33.217  -12.467  -18.541 0.0000000000
125741  26.330  0.332  -15.321 0.0000000000
94682  26.210  1.533  -15.411 0.0000000000
149834  29.062  -10.458  -16.729 0.0000000000
84483  29.331  -11.000  -17.500 0.0000000000
84496  29.885  -10.725  -19.089 0.0000000000
72907  23.484  -23.898  -15.078 0.0000000000
72908  22.889  -23.016  -14.943 0.0000000000
147495  27.939  -5.107  -15.483 0.0000000000
88699  29.432  -5.258  -16.449 0.0000000000
89515  28.574  -4.855  -15.990 0.0000000000
92963  28.501  -0.271  -19.307 0.0000000000
92021  28.633  -1.082  -19.256 0.0000000000
98641  23.104  6.047  -17.815 0.0000000000
139325  22.651  5.447  -18.131 0.0000000000
137582  23.361  5.393  -17.514 0.0000000000
98637  23.721  6.029  -17.129 0.0000000000
151733  28.580  6.539  -17.081 0.0000000000
134355  28.960  5.710  -18.285 0.0000000000
80928  30.104  -14.777  -17.331 0.0000000000
79208  29.092  -16.162  -17.719 0.0000000000
142456  23.853  -19.891  -16.396 0.0000000000
91099  28.112  -2.477  -15.351 0.0000000000
146855  27.998  -1.443  -15.182 0.0000000000
93878  28.647  0.494  -15.529 0.0000000000
92932  29.039  -0.187  -15.775 0.0000000000
93889  29.124  0.581  -15.972 0.0000000000
92940  29.259  -0.103  -17.266 0.0000000000
93888  29.204  0.644  -16.800 0.0000000000
98647  21.899  6.495  -19.207 0.0000000000
81787  26.467  -13.365  -15.811 0.0000000000
82692  27.275  -12.787  -15.806 0.0000000000
144982  29.478  -12.400  -17.877 0.0000000000
82712  28.740  -13.233  -17.378 0.0000000000
140561  29.733  -12.727  -17.952 0.0000000000
151986  29.379  -13.901  -17.681 0.0000000000
82709  31.079  -12.888  -17.746 0.0000000000
74743  23.487  -21.647  -15.725 0.0000000000
73827  24.550  -22.708  -15.949 0.0000000000
86147  29.775  -8.968  -20.700 0.0000000000
85355  30.036  -9.387  -20.898 0.0000000000
85365  30.609  -8.955  -21.421 0.0000000000
84469  27.379  -10.325  -16.083 0.0000000000
87850  28.116  -7.164  -15.805 0.0000000000
86962  28.611  -7.718  -16.104 0.0000000000
142852  29.034  -8.385  -16.387 0.0000000000
150184  29.889  -7.754  -17.431 0.0000000000
87008  30.135  -8.205  -19.080 0.0000000000
86994  30.186  -7.357  -18.240 0.0000000000
88734  29.765  -5.650  -19.296 0.0000000000
87887  29.644  -6.600  -20.158 0.0000000000
88744  29.309  -5.685  -20.270 0.0000000000
146022  29.404  -6.461  -21.488 0.0000000000
91121  29.527  -2.778  -16.942 0.0000000000
90338  29.605  -3.369  -17.837 0.0000000000
91135  29.411  -2.439  -17.933 0.0000000000
90366  28.688  -3.250  -20.494 0.0000000000
89570  28.699  -4.828  -21.745 0.0000000000
97094  23.992  4.158  -16.756 0.0000000000
96283  23.624  3.396  -16.881 0.0000000000
147785  24.177  3.011  -16.405 0.0000000000
95480  24.354  2.414  -16.209 0.0000000000
140914  24.731  3.040  -15.876 0.0000000000
100215  27.460  8.541  -16.750 0.0000000000
101073  26.874  9.235  -16.812 0.0000000000
99457  25.621  7.555  -16.330 0.0000000000
98634  26.278  6.944  -15.907 0.0000000000
97085  28.123  5.013  -15.646 0.0000000000
97086  27.300  4.861  -15.451 0.0000000000
136699  26.990  4.008  -15.421 0.0000000000
96274  26.600  3.171  -15.383 0.0000000000
135918  27.690  3.255  -15.389 0.0000000000
96273  28.360  3.682  -15.765 0.0000000000
97106  29.064  4.224  -18.476 0.0000000000
96288  29.207  3.553  -17.277 0.0000000000
96299  29.185  3.503  -18.087 0.0000000000
95506  28.935  2.766  -18.435 0.0000000000
78322  25.436  -18.027  -16.517 0.0000000000
79985  26.897  -15.577  -16.688 0.0000000000
78335  28.070  -17.138  -18.020 0.0000000000
78320  27.467  -17.299  -17.914 0.0000000000
139606  27.662  -17.865  -18.129 0.0000000000
77378  27.037  -17.991  -18.064 0.0000000000
84525  32.479  -10.084  -20.422 0.0000000000
83647  31.369  -10.896  -19.290 0.0000000000
84514  33.020  -10.598  -19.839 0.0000000000
143894  27.415  -0.724  -15.139 0.0000000000
126099  27.346  -0.002  -15.157 0.0000000000
93879  28.032  0.451  -15.230 0.0000000000
94680  28.150  1.278  -15.378 0.0000000000
140651  28.011  -11.136  -15.974 0.0000000000
133694  28.144  -12.589  -16.181 0.0000000000
83587  29.071  -11.691  -17.209 0.0000000000
83606  29.399  -11.832  -17.877 0.0000000000
82735  30.345  -11.922  -18.541 0.0000000000
74758  24.902  -21.441  -16.452 0.0000000000
73843  25.109  -22.286  -16.436 0.0000000000
74757  25.827  -21.803  -16.782 0.0000000000
73841  26.432  -22.389  -16.726 0.0000000000
87034  30.269  -7.674  -21.356 0.0000000000
86166  30.783  -8.030  -21.853 0.0000000000
139212  27.652  -6.526  -15.624 0.0000000000
87849  29.531  -6.229  -16.551 0.0000000000
87860  30.075  -6.392  -17.777 0.0000000000
88711  29.924  -5.560  -17.485 0.0000000000
89538  29.872  -5.102  -18.325 0.0000000000
92020  29.260  -1.625  -17.829 0.0000000000
91136  29.008  -1.909  -18.866 0.0000000000
92034  28.628  -1.743  -19.917 0.0000000000
97870  23.641  4.774  -17.149 0.0000000000
141558  24.302  4.751  -16.625 0.0000000000
100226  28.070  8.501  -17.249 0.0000000000
99454  27.992  7.858  -16.745 0.0000000000
99448  27.103  7.090  -15.929 0.0000000000
98625  28.288  6.356  -16.389 0.0000000000
97867  28.469  5.461  -16.253 0.0000000000
97093  28.593  4.503  -16.198 0.0000000000
97873  28.866  5.032  -17.041 0.0000000000
97872  29.137  4.913  -17.934 0.0000000000
79984  28.175  -15.283  -17.572 0.0000000000
80008  27.538  -15.875  -17.424 0.0000000000
79209  28.434  -16.378  -17.894 0.0000000000
73828  23.159  -22.279  -15.346 0.0000000000
75580  23.662  -20.492  -16.231 0.0000000000
75579  24.586  -20.552  -16.440 0.0000000000
141625  25.416  -20.256  -16.712 0.0000000000
76432  25.769  -19.622  -16.834 0.0000000000
90324  28.589  -3.034  -16.019 0.0000000000
90311  28.154  -3.256  -15.681 0.0000000000
91098  28.877  -2.677  -15.662 0.0000000000
133501  29.429  -2.240  -16.374 0.0000000000
92003  28.843  -1.069  -15.644 0.0000000000
133282  29.243  -0.847  -16.180 0.0000000000
92010  29.360  -1.431  -16.838 0.0000000000
92011  29.184  -0.862  -17.587 0.0000000000
92950  28.847  -0.277  -18.303 0.0000000000
93912  28.608  0.519  -18.780 0.0000000000
98643  21.537  5.892  -19.189 0.0000000000
134039  22.964  6.789  -18.327 0.0000000000
139534  26.898  -14.217  -16.048 0.0000000000
81786  27.814  -14.166  -16.619 0.0000000000
141332  28.521  -12.728  -16.838 0.0000000000
81785  28.463  -14.001  -17.303 0.0000000000
80901  28.161  -14.639  -17.270 0.0000000000
80929  29.265  -14.552  -17.671 0.0000000000
131122  29.968  -13.940  -17.557 0.0000000000
142693  30.718  -14.315  -17.223 0.0000000000
85341  29.956  -9.774  -19.177 0.0000000000
84517  30.181  -10.123  -19.691 0.0000000000
133177  30.241  -9.762  -20.284 0.0000000000
84526  31.434  -9.940  -20.453 0.0000000000
85352  32.945  -9.799  -21.128 0.0000000000
146153  32.144  -8.763  -21.938 0.0000000000
85363  32.473  -9.258  -21.601 0.0000000000
84535  33.948  -9.766  -21.176 0.0000000000
136310  28.424  -10.404  -16.235 0.0000000000
85306  29.360  -10.009  -17.259 0.0000000000
86101  28.474  -9.024  -16.250 0.0000000000
86118  29.267  -9.138  -16.852 0.0000000000
86117  29.751  -9.288  -17.914 0.0000000000
86133  29.964  -8.943  -18.799 0.0000000000
87007  30.137  -8.202  -20.116 0.0000000000
87876  30.101  -6.519  -18.886 0.0000000000
87023  29.987  -7.457  -20.540 0.0000000000
87035  30.010  -7.407  -21.089 0.0000000000
87905  29.934  -6.909  -21.576 0.0000000000
87908  30.008  -6.714  -22.575 0.0000000000
89514  29.251  -4.400  -16.657 0.0000000000
131143  29.795  -4.269  -18.168 0.0000000000
89550  29.628  -4.688  -19.209 0.0000000000
91153  29.285  -2.898  -18.855 0.0000000000
148594  29.311  -4.137  -19.680 0.0000000000
89560  29.160  -4.841  -20.169 0.0000000000
89569  29.064  -5.363  -21.022 0.0000000000
99463  23.971  7.523  -17.610 0.0000000000
99458  24.800  7.685  -16.825 0.0000000000
152027  24.385  7.101  -16.951 0.0000000000
98636  24.471  6.433  -16.663 0.0000000000
97868  25.122  5.846  -16.186 0.0000000000
97863  24.957  5.020  -16.274 0.0000000000
98627  26.899  6.331  -15.655 0.0000000000
97862  25.747  5.288  -15.789 0.0000000000
97088  25.441  4.489  -15.772 0.0000000000
139091  25.560  3.079  -15.532 0.0000000000
95470  26.168  2.274  -15.434 0.0000000000
94681  27.137  1.686  -15.326 0.0000000000
95468  27.931  2.283  -15.364 0.0000000000
95467  28.581  2.034  -15.793 0.0000000000
96281  28.862  3.633  -16.498 0.0000000000
96280  29.145  2.901  -16.793 0.0000000000
95491  29.177  2.166  -17.040 0.0000000000
94706  29.057  1.366  -17.365 0.0000000000
94715  28.766  1.299  -18.328 0.0000000000
77369  25.073  -18.930  -16.501 0.0000000000
76431  26.600  -19.514  -17.555 0.0000000000
79194  26.324  -16.681  -16.696 0.0000000000
79193  27.192  -16.671  -17.454 0.0000000000
128672  26.143  -17.466  -16.744 0.0000000000
78321  26.512  -18.098  -17.358 0.0000000000
77379  26.813  -18.695  -17.907 0.0000000000
83648  30.394  -10.804  -19.302 0.0000000000
83626  30.839  -11.444  -18.811 0.0000000000
83625  31.896  -11.557  -18.726 0.0000000000
83645  33.528  -11.317  -19.408 0.0000000000
83624  32.961  -11.750  -18.782 0.0000000000
82734  31.232  -12.184  -18.320 0.0000000000
142891  31.912  -12.752  -17.946 0.0000000000
74759  23.979  -21.132  -16.131 0.0000000000
79986  26.156  -15.818  -16.361 0.0000000000
80005  29.478  -15.400  -17.517 0.0000000000
80007  28.178  -15.933  -17.832 0.0000000000
80927  31.545  -14.277  -17.131 0.0000000000
80930  28.680  -14.654  -17.626 0.0000000000
81810  30.214  -13.159  -17.769 0.0000000000
81811  29.539  -13.398  -17.738 0.0000000000
82691  28.163  -13.348  -16.503 0.0000000000
82711  29.239  -12.990  -17.713 0.0000000000
82733  32.365  -12.280  -18.357 0.0000000000
83588  28.575  -11.978  -16.476 0.0000000000
83589  27.630  -11.932  -15.828 0.0000000000
83605  29.803  -12.051  -18.354 0.0000000000
83628  29.670  -11.308  -18.444 0.0000000000
84515  31.956  -10.403  -19.795 0.0000000000
84527  30.590  -9.777  -20.564 0.0000000000
85307  28.854  -9.773  -16.464 0.0000000000
85340  29.967  -9.506  -20.179 0.0000000000
85353  31.939  -9.667  -21.053 0.0000000000
85354  30.903  -9.526  -21.055 0.0000000000
86165  31.489  -8.475  -21.943 0.0000000000
86978  29.445  -7.718  -16.684 0.0000000000
87022  30.185  -8.068  -20.851 0.0000000000
89561  28.914  -4.618  -20.919 0.0000000000
90365  29.109  -3.430  -19.684 0.0000000000
91097  29.273  -2.335  -15.851 0.0000000000
91112  29.404  -2.840  -16.012 0.0000000000
92002  29.293  -1.660  -16.003 0.0000000000
92931  29.303  -0.091  -16.379 0.0000000000
94693  29.043  1.471  -16.367 0.0000000000
95478  28.950  2.296  -16.404 0.0000000000
95479  28.688  2.896  -16.131 0.0000000000
95492  29.025  2.071  -17.919 0.0000000000
96275  25.963  3.870  -15.480 0.0000000000
96276  25.074  3.742  -15.740 0.0000000000
96282  24.386  3.611  -16.288 0.0000000000
97099  29.192  4.176  -17.726 0.0000000000
97859  28.109  5.811  -15.841 0.0000000000
97861  26.650  5.509  -15.555 0.0000000000
98626  27.680  6.424  -15.861 0.0000000000
99455  27.292  7.811  -16.368 0.0000000000
125743  26.555  1.067  -15.311 0.0000000000
126244  25.777  0.976  -15.507 0.0000000000
128841  28.336  7.133  -16.879 0.0000000000
130374  27.882  4.213  -15.455 0.0000000000
135596  29.131  -7.075  -16.232 0.0000000000
136517  28.636  -6.580  -15.818 0.0000000000
136758  29.225  -6.225  -21.024 0.0000000000
141124  27.507  -8.968  -16.133 0.0000000000
142050  29.790  -4.061  -17.211 0.0000000000
142057  29.993  -8.310  -18.070 0.0000000000
143742  26.514  -0.526  -15.165 0.0000000000
149022  29.088  4.596  -17.442 0.0000000000
150563  28.940  5.561  -17.598 0.0000000000
151871  28.665  -0.680  -18.831 0.0000000000
