#!ascii label  , from subject sub-v1s1x0050667_ses-1 vox2ras=TkReg
1320
93093  -50.165  4.967  46.620 0.0000000000
106232  -44.519  26.889  45.383 0.0000000000
98899  -40.988  14.193  44.256 0.0000000000
126901  -48.012  15.284  42.349 0.0000000000
104381  -45.685  23.931  36.561 0.0000000000
103298  -47.702  22.102  39.780 0.0000000000
138928  -48.693  15.867  36.656 0.0000000000
97775  -43.283  12.132  40.638 0.0000000000
89349  -42.967  0.726  46.943 0.0000000000
93088  -45.893  5.789  46.450 0.0000000000
106221  -40.218  27.656  45.524 0.0000000000
129715  -40.746  30.020  41.242 0.0000000000
104875  -43.945  24.554  33.604 0.0000000000
96453  -47.251  11.338  49.549 0.0000000000
103821  -41.351  22.216  41.703 0.0000000000
100109  -47.242  17.004  45.891 0.0000000000
96488  -50.313  10.228  42.395 0.0000000000
95896  -48.132  9.177  36.420 0.0000000000
121203  -42.695  10.480  33.987 0.0000000000
92398  -49.519  4.417  43.924 0.0000000000
102308  -46.750  18.835  34.717 0.0000000000
102301  -49.211  19.416  35.279 0.0000000000
99569  -48.993  15.046  32.737 0.0000000000
132091  -45.548  15.646  35.334 0.0000000000
90907  -45.029  2.960  46.887 0.0000000000
93100  -43.519  5.928  45.364 0.0000000000
117349  -36.821  26.753  47.181 0.0000000000
106268  -40.682  27.271  36.672 0.0000000000
96445  -44.881  10.045  50.427 0.0000000000
97723  -44.247  12.338  46.184 0.0000000000
105704  -42.915  26.383  49.743 0.0000000000
104336  -44.166  23.733  45.635 0.0000000000
101613  -49.668  18.511  41.525 0.0000000000
102229  -47.341  19.299  42.369 0.0000000000
124130  -49.189  17.026  44.493 0.0000000000
98331  -49.170  13.456  44.920 0.0000000000
97767  -49.537  11.982  41.814 0.0000000000
95871  -49.841  9.244  39.103 0.0000000000
137798  -47.944  11.529  41.640 0.0000000000
95879  -42.544  9.628  38.277 0.0000000000
105768  -45.057  27.386  39.412 0.0000000000
104840  -45.786  24.617  41.602 0.0000000000
104855  -48.349  24.435  37.341 0.0000000000
102281  -49.599  19.068  37.998 0.0000000000
100165  -48.240  17.174  39.635 0.0000000000
132279  -46.153  13.765  41.864 0.0000000000
99507  -45.497  15.459  39.156 0.0000000000
98960  -42.856  14.598  38.520 0.0000000000
129000  -45.951  -0.002  48.756 0.0000000000
90884  -47.699  2.539  48.986 0.0000000000
93080  -48.777  5.253  47.792 0.0000000000
105681  -36.768  26.283  51.979 0.0000000000
106632  -40.465  28.321  50.874 0.0000000000
106654  -43.022  29.243  48.185 0.0000000000
107193  -43.756  29.752  43.352 0.0000000000
105332  -41.505  25.471  38.647 0.0000000000
103867  -43.353  22.379  35.585 0.0000000000
103366  -46.062  21.378  32.601 0.0000000000
104421  -46.916  23.195  31.201 0.0000000000
95144  -45.058  8.488  48.386 0.0000000000
95152  -47.114  8.526  47.853 0.0000000000
120970  -48.481  8.140  46.891 0.0000000000
100930  -41.608  18.041  42.640 0.0000000000
103288  -44.425  21.754  40.410 0.0000000000
102226  -44.216  18.854  41.946 0.0000000000
140453  -43.863  15.839  45.064 0.0000000000
134793  -47.105  13.389  47.284 0.0000000000
96477  -48.680  10.382  45.202 0.0000000000
93785  -49.731  6.337  43.583 0.0000000000
93795  -50.305  6.195  41.227 0.0000000000
93807  -47.761  6.945  39.030 0.0000000000
94508  -45.419  7.721  36.607 0.0000000000
95850  -45.182  9.731  40.023 0.0000000000
95907  -45.360  9.598  35.344 0.0000000000
94532  -42.774  8.160  35.253 0.0000000000
90896  -50.240  3.171  47.750 0.0000000000
91681  -49.928  3.442  46.108 0.0000000000
92390  -50.027  4.259  44.679 0.0000000000
101019  -47.452  17.228  32.554 0.0000000000
101004  -48.782  17.692  33.500 0.0000000000
99584  -47.903  15.066  30.885 0.0000000000
99576  -46.533  14.735  31.671 0.0000000000
98342  -42.679  13.710  44.908 0.0000000000
105726  -43.855  26.736  47.939 0.0000000000
100145  -48.595  17.077  42.260 0.0000000000
100139  -49.268  17.586  43.135 0.0000000000
99484  -48.870  15.905  42.946 0.0000000000
98912  -49.294  14.564  43.287 0.0000000000
98354  -48.950  13.533  42.354 0.0000000000
97766  -49.083  12.297  41.534 0.0000000000
97757  -47.800  12.982  42.162 0.0000000000
123992  -45.161  26.348  37.895 0.0000000000
105775  -46.621  26.779  38.305 0.0000000000
104863  -47.250  24.930  36.222 0.0000000000
100985  -49.639  17.953  35.879 0.0000000000
130443  -49.320  20.026  36.410 0.0000000000
100978  -49.657  17.493  37.298 0.0000000000
100970  -49.432  17.667  39.162 0.0000000000
100189  -48.980  16.544  38.066 0.0000000000
100164  -46.735  16.454  39.853 0.0000000000
99533  -47.394  15.712  37.516 0.0000000000
133211  -44.229  15.665  36.966 0.0000000000
137531  -45.506  3.906  46.823 0.0000000000
91656  -46.123  3.275  47.446 0.0000000000
91669  -46.634  4.281  47.339 0.0000000000
91658  -48.343  3.921  48.525 0.0000000000
139944  -47.534  5.767  47.420 0.0000000000
105725  -38.329  26.835  46.300 0.0000000000
106190  -38.417  27.613  49.030 0.0000000000
106198  -39.614  27.632  47.700 0.0000000000
135062  -41.488  28.503  49.521 0.0000000000
106211  -41.667  28.456  47.125 0.0000000000
107690  -41.552  31.961  43.233 0.0000000000
107681  -43.091  32.283  45.144 0.0000000000
107204  -41.415  29.629  41.895 0.0000000000
106256  -41.917  27.466  40.914 0.0000000000
105756  -40.444  27.222  39.801 0.0000000000
105346  -42.168  25.289  34.964 0.0000000000
104869  -41.428  24.441  35.950 0.0000000000
104403  -43.065  23.791  34.687 0.0000000000
103356  -44.650  21.250  34.184 0.0000000000
104411  -44.871  22.961  33.150 0.0000000000
103897  -46.347  22.244  32.189 0.0000000000
104878  -45.288  24.443  32.419 0.0000000000
95136  -40.585  8.297  49.084 0.0000000000
127568  -41.628  6.607  51.009 0.0000000000
94442  -43.375  6.892  51.112 0.0000000000
94450  -43.913  7.504  49.047 0.0000000000
116641  -44.065  7.894  50.888 0.0000000000
96451  -46.133  10.640  50.150 0.0000000000
95822  -46.675  9.563  49.199 0.0000000000
126153  -47.479  9.679  48.985 0.0000000000
95153  -47.960  8.427  48.048 0.0000000000
95148  -48.285  9.332  48.155 0.0000000000
103818  -40.100  21.858  42.438 0.0000000000
102234  -39.634  19.744  41.755 0.0000000000
102236  -41.077  19.966  41.484 0.0000000000
124225  -46.686  23.444  40.275 0.0000000000
103824  -45.302  23.540  40.895 0.0000000000
128871  -46.025  21.965  40.107 0.0000000000
101581  -47.230  18.231  44.649 0.0000000000
101607  -45.852  18.555  42.796 0.0000000000
100922  -45.667  17.603  44.503 0.0000000000
100910  -43.773  17.195  44.097 0.0000000000
100107  -45.287  16.273  45.432 0.0000000000
98892  -45.639  15.277  45.695 0.0000000000
99455  -47.146  16.015  46.219 0.0000000000
121367  -49.542  11.746  43.906 0.0000000000
97132  -49.022  11.476  44.914 0.0000000000
95834  -48.962  9.821  44.248 0.0000000000
95161  -48.611  8.754  44.586 0.0000000000
95168  -49.884  8.573  42.652 0.0000000000
93792  -50.059  6.811  42.578 0.0000000000
95169  -50.373  8.563  41.713 0.0000000000
95884  -49.302  9.171  38.048 0.0000000000
94503  -49.763  7.811  38.035 0.0000000000
94511  -47.991  7.975  36.326 0.0000000000
94499  -46.440  7.390  37.751 0.0000000000
94522  -46.840  7.849  35.912 0.0000000000
98360  -44.966  13.067  41.188 0.0000000000
97145  -45.904  11.438  41.624 0.0000000000
97156  -44.367  10.966  41.078 0.0000000000
129854  -42.225  9.942  36.547 0.0000000000
95892  -43.639  9.717  36.821 0.0000000000
96557  -43.829  10.307  34.991 0.0000000000
95224  -45.112  9.251  34.159 0.0000000000
95234  -43.493  9.669  32.926 0.0000000000
95209  -41.958  8.541  33.928 0.0000000000
89322  -49.159  0.967  50.172 0.0000000000
92406  -47.878  4.811  42.781 0.0000000000
102822  -46.394  21.024  36.166 0.0000000000
103326  -48.024  21.993  35.417 0.0000000000
102299  -48.478  19.695  35.057 0.0000000000
101006  -49.437  17.326  34.090 0.0000000000
99553  -49.212  15.897  34.597 0.0000000000
116723  -47.579  15.509  35.801 0.0000000000
99559  -47.079  15.157  33.781 0.0000000000
90152  -43.981  1.707  46.992 0.0000000000
91677  -43.252  3.601  45.693 0.0000000000
92377  -45.024  5.314  46.050 0.0000000000
105746  -37.912  26.721  43.862 0.0000000000
106718  -39.774  28.226  39.214 0.0000000000
105788  -42.863  27.081  34.768 0.0000000000
105352  -44.265  26.134  33.424 0.0000000000
95811  -43.613  9.394  50.097 0.0000000000
120565  -44.597  11.138  48.312 0.0000000000
97110  -46.290  12.000  48.802 0.0000000000
104352  -42.622  23.569  43.691 0.0000000000
102252  -49.194  19.659  40.903 0.0000000000
102251  -47.735  20.308  41.094 0.0000000000
102230  -48.738  19.348  42.531 0.0000000000
101594  -48.593  18.449  44.064 0.0000000000
100906  -48.257  17.595  45.456 0.0000000000
99462  -48.273  16.212  46.121 0.0000000000
99469  -49.222  15.683  44.866 0.0000000000
130500  -49.487  13.140  43.179 0.0000000000
97138  -49.967  11.501  42.343 0.0000000000
95844  -50.633  9.523  41.257 0.0000000000
97157  -49.920  11.093  41.115 0.0000000000
96513  -49.538  10.699  40.703 0.0000000000
130354  -47.713  9.668  39.579 0.0000000000
96507  -42.897  10.680  40.376 0.0000000000
99478  -40.100  15.768  43.368 0.0000000000
106246  -44.498  27.963  42.602 0.0000000000
105313  -45.071  25.660  42.848 0.0000000000
105754  -45.530  27.022  40.795 0.0000000000
104848  -47.136  25.179  39.563 0.0000000000
104374  -48.537  23.293  38.994 0.0000000000
103860  -48.700  22.214  35.901 0.0000000000
103838  -49.152  21.885  37.507 0.0000000000
103300  -49.078  20.926  38.938 0.0000000000
102262  -49.550  19.339  39.976 0.0000000000
100949  -49.246  17.724  40.986 0.0000000000
100144  -47.895  16.786  41.805 0.0000000000
130888  -46.774  14.308  42.124 0.0000000000
99490  -46.758  15.945  41.234 0.0000000000
98934  -45.640  15.253  40.194 0.0000000000
98390  -44.372  14.370  39.818 0.0000000000
99532  -45.563  15.492  37.560 0.0000000000
138240  -44.665  15.230  38.862 0.0000000000
90139  -45.322  1.680  47.833 0.0000000000
90132  -46.661  1.398  48.951 0.0000000000
90125  -48.222  1.180  50.048 0.0000000000
90885  -48.929  2.553  49.355 0.0000000000
92342  -49.443  4.071  48.398 0.0000000000
93081  -49.457  5.152  47.559 0.0000000000
105246  -38.583  26.036  52.865 0.0000000000
127844  -38.234  27.003  51.988 0.0000000000
105683  -40.145  26.781  52.406 0.0000000000
105677  -42.004  27.396  51.992 0.0000000000
106643  -43.013  28.075  49.667 0.0000000000
121957  -43.777  28.630  46.538 0.0000000000
106677  -40.560  28.879  44.786 0.0000000000
107161  -43.054  31.101  46.538 0.0000000000
107163  -43.764  30.591  45.807 0.0000000000
106688  -44.319  28.909  44.043 0.0000000000
106252  -44.239  28.398  41.605 0.0000000000
105325  -43.205  26.214  39.211 0.0000000000
104860  -43.635  24.525  37.671 0.0000000000
131270  -40.319  25.928  37.821 0.0000000000
104378  -41.976  23.897  37.027 0.0000000000
103856  -44.428  22.192  36.473 0.0000000000
102832  -44.657  20.894  35.587 0.0000000000
102317  -45.974  19.350  33.577 0.0000000000
102864  -46.703  20.719  31.335 0.0000000000
103380  -46.887  21.628  31.002 0.0000000000
105356  -45.925  25.584  31.577 0.0000000000
94458  -44.087  7.744  46.443 0.0000000000
94459  -45.036  7.918  46.530 0.0000000000
95132  -45.171  8.768  50.712 0.0000000000
95151  -45.525  8.486  47.453 0.0000000000
124820  -46.679  7.171  46.840 0.0000000000
93764  -47.638  7.083  47.454 0.0000000000
93766  -48.856  6.476  47.332 0.0000000000
93767  -49.436  6.075  46.914 0.0000000000
117897  -41.090  15.819  43.635 0.0000000000
104834  -44.864  24.268  44.302 0.0000000000
104365  -43.981  23.874  41.963 0.0000000000
128861  -42.867  22.035  40.846 0.0000000000
102249  -45.917  20.109  40.817 0.0000000000
102778  -44.123  20.096  40.818 0.0000000000
136787  -42.299  20.339  41.074 0.0000000000
101604  -42.285  18.309  42.520 0.0000000000
100131  -42.431  16.529  43.843 0.0000000000
98901  -42.977  14.669  44.765 0.0000000000
119891  -44.395  14.111  45.358 0.0000000000
97725  -46.138  12.970  47.183 0.0000000000
97718  -47.176  12.416  48.356 0.0000000000
98326  -48.141  14.211  46.505 0.0000000000
97728  -48.058  12.437  47.159 0.0000000000
96461  -48.275  10.614  47.675 0.0000000000
95157  -48.347  8.820  45.785 0.0000000000
93780  -49.049  6.828  45.355 0.0000000000
93112  -49.915  5.451  45.253 0.0000000000
93119  -50.122  5.113  43.557 0.0000000000
93127  -49.840  5.410  42.082 0.0000000000
122221  -48.491  5.797  41.089 0.0000000000
127978  -50.325  7.545  39.367 0.0000000000
140377  -49.029  6.410  39.812 0.0000000000
93142  -47.419  6.092  40.720 0.0000000000
93797  -45.769  6.333  39.995 0.0000000000
93804  -44.335  6.513  39.158 0.0000000000
97764  -46.571  12.824  41.978 0.0000000000
96511  -46.651  10.250  40.742 0.0000000000
119338  -46.560  9.493  38.253 0.0000000000
95865  -43.736  9.600  39.161 0.0000000000
95881  -44.889  9.596  37.697 0.0000000000
95908  -46.359  9.193  35.272 0.0000000000
95200  -45.698  8.699  34.944 0.0000000000
128853  -44.049  7.877  36.178 0.0000000000
91671  -50.349  3.816  47.372 0.0000000000
91670  -50.339  3.399  46.980 0.0000000000
91682  -50.359  3.913  46.532 0.0000000000
91697  -50.190  4.017  45.649 0.0000000000
92378  -50.335  4.440  46.160 0.0000000000
101034  -47.224  17.014  31.563 0.0000000000
101035  -47.809  16.504  32.047 0.0000000000
101056  -46.946  15.867  30.681 0.0000000000
97751  -42.043  13.126  44.869 0.0000000000
98341  -41.657  13.797  44.585 0.0000000000
105727  -44.352  26.328  47.077 0.0000000000
105304  -44.761  25.146  46.882 0.0000000000
105735  -44.745  25.952  46.184 0.0000000000
99483  -48.302  16.158  42.451 0.0000000000
100138  -48.987  16.811  42.963 0.0000000000
124299  -48.643  15.059  42.664 0.0000000000
98917  -49.000  14.369  42.748 0.0000000000
122183  -48.681  14.131  42.577 0.0000000000
98353  -48.420  13.580  42.380 0.0000000000
98916  -48.184  14.441  42.479 0.0000000000
104862  -45.579  25.025  36.733 0.0000000000
105340  -45.560  25.898  37.230 0.0000000000
104382  -46.514  24.645  36.138 0.0000000000
138366  -49.494  16.518  36.281 0.0000000000
139214  -49.701  17.464  36.545 0.0000000000
100191  -49.663  16.924  36.801 0.0000000000
100179  -49.528  16.942  37.667 0.0000000000
99534  -48.447  15.962  37.358 0.0000000000
138999  -48.123  16.118  38.060 0.0000000000
90137  -43.723  0.977  47.217 0.0000000000
92364  -45.792  4.819  46.585 0.0000000000
92351  -47.570  4.994  47.579 0.0000000000
92365  -46.752  5.328  46.996 0.0000000000
106220  -39.342  27.180  46.015 0.0000000000
106208  -38.873  27.260  47.019 0.0000000000
125641  -40.162  27.561  46.285 0.0000000000
106210  -40.584  27.849  47.138 0.0000000000
129387  -40.939  27.993  46.269 0.0000000000
107700  -41.047  31.526  42.136 0.0000000000
129063  -41.187  32.915  43.351 0.0000000000
128887  -41.249  30.633  42.128 0.0000000000
107191  -41.904  30.457  42.755 0.0000000000
106249  -41.338  28.170  41.135 0.0000000000
106715  -40.437  28.487  40.565 0.0000000000
123268  -42.954  25.320  34.323 0.0000000000
104872  -42.653  24.480  34.807 0.0000000000
104873  -43.294  24.521  34.206 0.0000000000
103887  -44.029  22.861  33.991 0.0000000000
104410  -44.338  23.768  33.396 0.0000000000
104414  -45.058  23.806  32.716 0.0000000000
104876  -44.694  24.711  32.910 0.0000000000
95809  -41.082  8.986  48.515 0.0000000000
95137  -41.420  8.426  49.526 0.0000000000
95129  -42.259  8.089  50.404 0.0000000000
95130  -43.271  7.791  50.967 0.0000000000
96452  -46.934  10.743  50.087 0.0000000000
95813  -47.199  10.126  49.712 0.0000000000
95823  -47.753  10.024  49.086 0.0000000000
95147  -48.024  9.291  48.522 0.0000000000
95824  -48.188  9.890  48.369 0.0000000000
103819  -40.871  22.449  42.587 0.0000000000
103820  -40.644  21.868  41.892 0.0000000000
103283  -40.225  21.275  41.823 0.0000000000
103284  -40.993  21.426  41.488 0.0000000000
103829  -47.264  22.919  39.950 0.0000000000
103828  -46.437  22.810  40.150 0.0000000000
103297  -46.919  22.126  39.953 0.0000000000
126592  -47.340  17.792  45.343 0.0000000000
101580  -46.446  18.082  44.232 0.0000000000
100903  -46.618  17.268  45.549 0.0000000000
122566  -45.786  17.207  45.218 0.0000000000
121741  -46.686  16.917  45.808 0.0000000000
122788  -46.190  16.441  45.709 0.0000000000
100101  -46.859  16.548  45.979 0.0000000000
96483  -49.793  11.161  43.177 0.0000000000
96481  -49.300  10.806  44.081 0.0000000000
116327  -49.705  10.246  43.251 0.0000000000
95835  -49.297  9.360  43.676 0.0000000000
95839  -49.849  9.436  42.913 0.0000000000
95840  -50.383  9.486  42.097 0.0000000000
95897  -48.949  9.073  37.021 0.0000000000
95193  -48.935  8.460  36.710 0.0000000000
95911  -48.350  8.673  36.226 0.0000000000
95203  -47.861  8.462  35.748 0.0000000000
97776  -44.199  12.682  40.810 0.0000000000
97762  -44.760  12.279  41.296 0.0000000000
97143  -44.156  11.778  41.082 0.0000000000
129164  -42.894  10.422  34.930 0.0000000000
95905  -42.982  10.204  35.801 0.0000000000
96567  -43.714  10.314  34.040 0.0000000000
96578  -44.132  9.978  33.444 0.0000000000
96587  -43.369  10.260  33.084 0.0000000000
95936  -42.782  9.926  32.030 0.0000000000
96577  -42.284  10.487  33.061 0.0000000000
90134  -49.310  1.562  49.788 0.0000000000
92388  -48.722  4.082  44.164 0.0000000000
92407  -48.837  4.577  43.318 0.0000000000
102297  -46.273  19.489  35.295 0.0000000000
102834  -46.895  20.192  35.786 0.0000000000
101658  -47.888  18.844  34.668 0.0000000000
100231  -49.016  16.501  32.687 0.0000000000
101005  -49.143  17.756  33.601 0.0000000000
100232  -49.194  16.275  33.101 0.0000000000
99561  -49.344  16.291  33.828 0.0000000000
129936  -49.110  15.394  33.692 0.0000000000
99560  -48.089  14.949  34.134 0.0000000000
99568  -47.792  14.681  33.145 0.0000000000
99558  -45.981  15.458  33.415 0.0000000000
93101  -44.324  5.741  45.599 0.0000000000
105740  -37.456  26.560  44.680 0.0000000000
122883  -42.817  28.040  35.630 0.0000000000
106276  -44.037  28.044  34.762 0.0000000000
106733  -44.381  29.486  35.619 0.0000000000
125885  -43.908  11.243  47.340 0.0000000000
97108  -44.536  11.750  47.178 0.0000000000
97109  -45.431  11.827  48.069 0.0000000000
105694  -42.325  26.659  50.768 0.0000000000
138016  -43.238  23.666  44.335 0.0000000000
102244  -49.483  19.105  41.675 0.0000000000
102243  -48.933  19.578  41.856 0.0000000000
118540  -49.606  18.665  42.239 0.0000000000
100133  -49.220  17.229  43.671 0.0000000000
137333  -49.083  18.446  43.477 0.0000000000
140400  -49.124  17.698  44.221 0.0000000000
101583  -48.465  18.126  44.865 0.0000000000
100119  -48.779  17.238  45.232 0.0000000000
99463  -48.730  16.230  45.572 0.0000000000
133452  -49.347  16.191  44.407 0.0000000000
119521  -49.278  13.280  42.622 0.0000000000
98350  -49.389  13.860  43.312 0.0000000000
117403  -49.556  12.438  42.575 0.0000000000
97134  -49.736  11.877  43.071 0.0000000000
97147  -50.032  11.331  41.589 0.0000000000
137872  -48.915  11.793  41.332 0.0000000000
133693  -49.342  11.264  41.158 0.0000000000
96496  -48.547  10.857  41.116 0.0000000000
95853  -48.814  10.066  40.018 0.0000000000
96512  -47.664  10.246  40.540 0.0000000000
105753  -44.801  27.742  41.252 0.0000000000
105750  -44.753  27.131  42.229 0.0000000000
105761  -45.507  27.622  39.914 0.0000000000
135852  -47.401  25.741  37.621 0.0000000000
105327  -46.961  26.216  38.798 0.0000000000
128462  -47.780  24.857  38.602 0.0000000000
104373  -47.792  23.680  39.634 0.0000000000
104375  -48.222  24.298  38.634 0.0000000000
103338  -48.248  21.067  35.620 0.0000000000
103859  -48.231  22.586  35.473 0.0000000000
103339  -48.517  20.853  35.761 0.0000000000
125645  -49.461  19.818  37.351 0.0000000000
102810  -49.323  20.445  36.833 0.0000000000
102801  -49.352  20.455  37.647 0.0000000000
103307  -48.928  21.766  38.571 0.0000000000
136877  -49.304  20.454  38.473 0.0000000000
102794  -49.376  20.050  39.253 0.0000000000
102273  -49.637  19.165  39.010 0.0000000000
100962  -49.143  17.492  39.925 0.0000000000
100948  -48.435  17.341  40.562 0.0000000000
100937  -48.507  17.335  41.459 0.0000000000
123181  -47.862  17.138  41.070 0.0000000000
100143  -47.330  16.632  41.169 0.0000000000
138590  -46.877  16.502  40.579 0.0000000000
99508  -46.497  15.918  39.010 0.0000000000
131333  -46.189  15.754  39.697 0.0000000000
98933  -45.013  14.529  40.370 0.0000000000
116841  -46.557  15.527  35.596 0.0000000000
99543  -46.940  15.529  36.561 0.0000000000
99542  -45.832  15.529  36.455 0.0000000000
99519  -43.356  15.205  38.169 0.0000000000
99520  -44.200  15.325  38.279 0.0000000000
90906  -44.100  2.469  46.737 0.0000000000
123579  -44.750  2.091  47.278 0.0000000000
90893  -46.811  2.715  48.204 0.0000000000
90140  -46.194  1.950  48.313 0.0000000000
128676  -47.020  2.099  48.824 0.0000000000
139622  -47.475  1.088  49.593 0.0000000000
90133  -47.717  1.807  49.517 0.0000000000
139851  -48.425  1.673  49.947 0.0000000000
90878  -48.359  2.248  49.583 0.0000000000
92352  -48.284  4.768  48.040 0.0000000000
91659  -48.915  3.562  48.770 0.0000000000
92353  -48.844  4.434  48.304 0.0000000000
119259  -49.257  4.721  47.985 0.0000000000
105252  -36.223  25.626  52.402 0.0000000000
105238  -36.235  24.647  53.069 0.0000000000
105672  -37.041  25.771  53.093 0.0000000000
105245  -37.977  25.404  53.000 0.0000000000
105673  -37.936  25.894  53.099 0.0000000000
105713  -36.360  26.922  48.054 0.0000000000
106195  -37.049  27.255  48.702 0.0000000000
106180  -38.895  27.818  49.881 0.0000000000
133433  -38.333  27.586  49.971 0.0000000000
106172  -38.973  27.561  51.292 0.0000000000
106164  -39.007  27.039  52.519 0.0000000000
106173  -40.130  27.922  51.670 0.0000000000
105676  -41.406  27.254  52.286 0.0000000000
106633  -41.072  28.135  51.640 0.0000000000
118519  -42.764  28.881  48.807 0.0000000000
106649  -42.691  28.561  49.577 0.0000000000
106655  -43.055  28.770  48.846 0.0000000000
106212  -43.487  28.152  48.264 0.0000000000
106662  -43.490  28.958  47.465 0.0000000000
106678  -41.487  29.782  45.291 0.0000000000
107671  -42.314  32.069  45.681 0.0000000000
107182  -43.647  30.601  44.133 0.0000000000
107666  -43.489  31.555  45.840 0.0000000000
107171  -43.748  30.931  44.907 0.0000000000
107172  -43.997  29.822  44.835 0.0000000000
136221  -44.014  29.680  43.668 0.0000000000
106700  -44.296  28.809  42.259 0.0000000000
106711  -44.043  29.018  42.012 0.0000000000
105765  -41.769  26.439  39.828 0.0000000000
105766  -42.869  26.602  39.823 0.0000000000
105324  -42.133  25.934  39.310 0.0000000000
105334  -43.569  25.867  38.589 0.0000000000
104852  -43.051  25.073  38.180 0.0000000000
106724  -39.973  27.799  37.847 0.0000000000
105763  -39.882  27.018  38.636 0.0000000000
105778  -40.179  26.460  37.174 0.0000000000
104396  -42.304  23.570  35.838 0.0000000000
104867  -41.376  24.376  36.657 0.0000000000
104386  -42.423  23.421  36.546 0.0000000000
104387  -43.146  23.019  36.799 0.0000000000
103855  -43.549  22.445  36.343 0.0000000000
102820  -44.528  21.471  36.079 0.0000000000
103337  -44.170  21.426  35.525 0.0000000000
103357  -45.275  21.329  33.410 0.0000000000
102854  -45.123  20.659  33.915 0.0000000000
102855  -45.761  20.391  33.198 0.0000000000
102330  -46.488  18.678  32.727 0.0000000000
102329  -46.254  19.681  32.678 0.0000000000
102863  -46.470  20.577  32.182 0.0000000000
104416  -46.501  22.935  31.790 0.0000000000
103898  -46.788  22.320  31.414 0.0000000000
103399  -46.945  22.116  30.420 0.0000000000
105353  -44.941  25.991  32.720 0.0000000000
94453  -43.070  6.977  48.322 0.0000000000
95143  -44.359  8.084  48.232 0.0000000000
94454  -43.701  7.760  47.352 0.0000000000
95150  -44.582  8.186  47.229 0.0000000000
129406  -44.392  7.437  45.995 0.0000000000
96444  -44.238  10.006  49.811 0.0000000000
95802  -44.517  9.311  50.750 0.0000000000
95803  -44.978  9.455  50.823 0.0000000000
95145  -45.795  9.030  48.620 0.0000000000
121775  -46.431  8.804  48.044 0.0000000000
123024  -46.150  8.330  47.080 0.0000000000
94461  -47.137  7.839  47.434 0.0000000000
121662  -48.282  7.921  47.631 0.0000000000
93765  -48.329  6.814  47.533 0.0000000000
94463  -48.573  7.244  47.309 0.0000000000
93775  -49.085  6.731  46.673 0.0000000000
102222  -40.033  19.132  41.825 0.0000000000
100129  -40.699  16.389  43.235 0.0000000000
140128  -45.354  25.493  42.270 0.0000000000
104836  -45.129  24.544  43.576 0.0000000000
104837  -45.407  24.734  42.495 0.0000000000
103827  -44.797  22.711  40.570 0.0000000000
104366  -44.984  24.041  41.661 0.0000000000
103823  -44.386  23.372  41.115 0.0000000000
103822  -43.316  23.083  41.239 0.0000000000
103826  -43.868  22.476  40.733 0.0000000000
130091  -47.389  19.856  41.566 0.0000000000
102250  -46.839  20.273  40.885 0.0000000000
102241  -46.585  19.630  41.490 0.0000000000
101606  -44.851  18.392  42.657 0.0000000000
102239  -44.620  19.409  41.329 0.0000000000
102238  -43.644  19.523  41.355 0.0000000000
126839  -43.116  20.378  40.849 0.0000000000
102225  -43.245  18.933  41.893 0.0000000000
102224  -42.287  18.999  41.882 0.0000000000
101605  -43.793  18.305  42.574 0.0000000000
124477  -44.092  16.654  44.804 0.0000000000
100132  -42.852  17.086  43.705 0.0000000000
121656  -43.546  16.180  44.848 0.0000000000
100116  -42.757  16.033  44.414 0.0000000000
99467  -43.218  15.545  44.756 0.0000000000
98343  -43.526  14.132  45.063 0.0000000000
98890  -43.930  15.034  45.001 0.0000000000
127349  -46.702  14.257  46.444 0.0000000000
98323  -46.225  13.782  46.438 0.0000000000
97726  -46.761  13.398  47.174 0.0000000000
97717  -46.571  12.593  48.052 0.0000000000
98317  -46.981  12.804  48.014 0.0000000000
121756  -48.603  14.755  45.725 0.0000000000
98886  -48.135  15.362  46.346 0.0000000000
98330  -48.669  13.849  45.629 0.0000000000
117409  -48.652  11.178  45.857 0.0000000000
125922  -48.636  12.195  45.868 0.0000000000
97119  -48.370  11.409  46.849 0.0000000000
96472  -48.417  10.461  46.487 0.0000000000
95829  -48.339  9.633  47.403 0.0000000000
95831  -48.331  9.596  46.079 0.0000000000
94473  -48.764  7.649  44.632 0.0000000000
94471  -49.245  6.851  44.288 0.0000000000
93781  -49.535  6.162  44.702 0.0000000000
93118  -49.993  5.490  44.051 0.0000000000
93793  -50.370  6.356  41.859 0.0000000000
93128  -50.235  5.719  41.992 0.0000000000
93136  -50.095  5.824  41.369 0.0000000000
133829  -49.018  5.492  41.766 0.0000000000
93135  -49.562  5.752  41.156 0.0000000000
95855  -50.516  9.357  40.441 0.0000000000
95176  -50.518  8.372  40.066 0.0000000000
95181  -50.371  8.324  39.166 0.0000000000
93825  -48.813  7.189  38.442 0.0000000000
93808  -49.300  6.776  39.221 0.0000000000
122716  -48.498  6.663  39.439 0.0000000000
126243  -48.375  6.281  40.245 0.0000000000
121388  -47.591  6.512  39.898 0.0000000000
93141  -46.346  6.131  40.572 0.0000000000
93806  -46.652  6.667  39.578 0.0000000000
94498  -45.477  7.389  37.605 0.0000000000
93822  -45.582  7.063  38.537 0.0000000000
93821  -44.815  6.966  38.383 0.0000000000
93820  -43.940  6.842  38.312 0.0000000000
94497  -44.641  7.350  37.450 0.0000000000
98362  -46.943  13.511  42.235 0.0000000000
96493  -45.297  10.840  41.234 0.0000000000
96494  -46.276  10.785  41.328 0.0000000000
96510  -45.684  10.213  40.765 0.0000000000
95851  -46.138  9.720  40.088 0.0000000000
95867  -45.793  9.484  39.187 0.0000000000
96526  -42.397  10.281  39.842 0.0000000000
95864  -42.847  9.722  39.166 0.0000000000
117238  -44.460  9.820  36.043 0.0000000000
118481  -44.248  9.624  37.197 0.0000000000
95893  -45.083  9.692  36.506 0.0000000000
117309  -45.579  9.584  37.092 0.0000000000
95894  -45.992  9.524  36.117 0.0000000000
95213  -46.653  8.855  35.039 0.0000000000
95919  -45.817  9.110  34.730 0.0000000000
124314  -43.718  8.713  34.423 0.0000000000
125597  -44.691  8.792  34.448 0.0000000000
94533  -43.753  8.243  35.473 0.0000000000
94506  -43.317  7.595  36.472 0.0000000000
90887  -49.930  2.986  48.476 0.0000000000
90923  -49.078  2.814  45.965 0.0000000000
102318  -46.480  18.640  33.864 0.0000000000
101666  -47.213  18.176  34.044 0.0000000000
101003  -47.730  17.557  33.380 0.0000000000
100230  -48.554  16.441  32.414 0.0000000000
99577  -48.886  15.186  31.936 0.0000000000
98974  -47.446  14.553  32.153 0.0000000000
98979  -47.191  14.570  31.324 0.0000000000
97128  -43.267  12.145  45.713 0.0000000000
97737  -43.713  13.123  45.336 0.0000000000
105705  -43.284  26.447  49.232 0.0000000000
105294  -44.031  24.965  48.187 0.0000000000
104829  -44.696  23.922  45.981 0.0000000000
100939  -49.597  17.985  41.850 0.0000000000
100933  -49.490  18.191  42.842 0.0000000000
100932  -49.196  17.562  42.512 0.0000000000
99481  -49.230  16.248  43.598 0.0000000000
117866  -49.400  15.418  43.864 0.0000000000
99485  -49.123  15.227  43.141 0.0000000000
98355  -49.159  13.913  42.810 0.0000000000
97759  -49.153  12.728  41.999 0.0000000000
97758  -48.761  12.883  41.931 0.0000000000
97765  -48.470  12.338  41.737 0.0000000000
105773  -45.200  26.997  38.688 0.0000000000
105769  -45.873  27.469  39.190 0.0000000000
105335  -46.135  26.468  37.700 0.0000000000
105342  -47.237  25.655  36.861 0.0000000000
104864  -47.774  24.993  36.709 0.0000000000
101659  -49.440  18.586  35.115 0.0000000000
132247  -49.362  19.579  35.971 0.0000000000
101650  -49.506  18.830  35.963 0.0000000000
121025  -49.561  19.118  36.876 0.0000000000
101642  -49.634  18.263  37.650 0.0000000000
101636  -49.628  18.323  38.642 0.0000000000
117472  -49.582  17.550  38.177 0.0000000000
100166  -49.078  17.038  39.013 0.0000000000
100176  -47.328  16.696  39.343 0.0000000000
100177  -48.175  16.660  38.778 0.0000000000
99522  -47.304  16.147  38.479 0.0000000000
121072  -46.495  15.633  38.059 0.0000000000
99541  -44.922  15.594  36.803 0.0000000000
89325  -45.021  0.026  48.330 0.0000000000
90892  -45.708  2.423  47.629 0.0000000000
124095  -47.018  3.535  47.894 0.0000000000
91648  -47.697  3.322  48.486 0.0000000000
91657  -47.646  4.157  48.023 0.0000000000
93079  -48.174  5.589  47.711 0.0000000000
105680  -36.014  26.003  51.187 0.0000000000
105714  -37.828  26.995  47.328 0.0000000000
106196  -37.754  27.346  48.366 0.0000000000
106197  -38.615  27.473  48.037 0.0000000000
137819  -39.419  27.893  48.981 0.0000000000
106182  -40.440  28.295  49.765 0.0000000000
106640  -41.288  28.461  50.651 0.0000000000
106191  -40.637  28.191  48.446 0.0000000000
106199  -41.405  28.352  47.810 0.0000000000
106660  -42.798  29.435  47.345 0.0000000000
108195  -41.307  33.268  44.401 0.0000000000
108169  -42.345  32.562  45.549 0.0000000000
107680  -42.451  32.544  44.852 0.0000000000
107192  -42.898  30.270  43.411 0.0000000000
106697  -42.386  29.425  42.497 0.0000000000
106710  -43.009  28.757  42.112 0.0000000000
106709  -41.856  28.731  41.804 0.0000000000
105757  -41.339  26.964  40.263 0.0000000000
128662  -40.914  26.625  39.675 0.0000000000
105784  -40.929  26.073  35.726 0.0000000000
105343  -40.701  25.543  36.083 0.0000000000
127125  -41.560  24.909  35.478 0.0000000000
104402  -42.578  23.803  35.248 0.0000000000
103866  -42.970  23.099  35.282 0.0000000000
103877  -44.079  21.902  34.474 0.0000000000
103888  -44.704  22.076  33.676 0.0000000000
103889  -45.535  22.192  32.911 0.0000000000
104415  -45.792  23.122  32.380 0.0000000000
104420  -46.386  23.824  31.695 0.0000000000
95819  -39.960  9.347  47.442 0.0000000000
95142  -40.193  8.800  48.170 0.0000000000
95135  -39.712  8.266  48.746 0.0000000000
95128  -41.326  7.488  50.168 0.0000000000
94449  -43.482  6.726  50.078 0.0000000000
94443  -44.097  7.441  50.537 0.0000000000
95138  -44.633  7.969  49.693 0.0000000000
131012  -45.458  10.508  50.131 0.0000000000
96446  -45.462  9.974  50.457 0.0000000000
95805  -46.184  10.006  50.188 0.0000000000
95146  -47.393  9.109  48.482 0.0000000000
95154  -48.283  8.749  47.844 0.0000000000
103282  -39.715  20.498  41.822 0.0000000000
102235  -40.277  19.879  41.590 0.0000000000
102223  -40.830  19.234  41.767 0.0000000000
141129  -46.098  24.171  41.097 0.0000000000
104367  -45.641  24.099  41.371 0.0000000000
104370  -46.094  23.621  40.679 0.0000000000
124859  -45.644  22.815  40.379 0.0000000000
127150  -45.215  22.135  40.291 0.0000000000
136618  -47.608  18.864  43.387 0.0000000000
102228  -46.271  19.024  42.129 0.0000000000
119207  -46.362  18.398  43.507 0.0000000000
101591  -45.514  18.052  43.549 0.0000000000
101590  -44.534  17.980  43.189 0.0000000000
101589  -43.837  17.696  43.303 0.0000000000
100921  -44.696  17.571  43.906 0.0000000000
100118  -45.041  16.697  45.217 0.0000000000
99468  -44.345  16.246  45.171 0.0000000000
99459  -44.528  15.775  45.274 0.0000000000
99460  -45.762  15.968  45.597 0.0000000000
99461  -46.395  15.811  45.922 0.0000000000
98324  -47.169  14.260  46.594 0.0000000000
97752  -49.264  12.577  44.646 0.0000000000
97740  -48.785  13.057  45.446 0.0000000000
116655  -48.491  9.438  45.104 0.0000000000
95164  -49.233  8.504  43.609 0.0000000000
94474  -49.473  7.466  43.366 0.0000000000
94479  -49.987  7.791  42.379 0.0000000000
94480  -50.321  7.398  41.738 0.0000000000
94483  -50.466  6.922  41.117 0.0000000000
95885  -49.752  8.833  38.157 0.0000000000
95886  -50.106  8.633  38.671 0.0000000000
95194  -49.385  8.159  37.320 0.0000000000
94502  -49.296  7.699  37.638 0.0000000000
93824  -47.979  7.334  38.152 0.0000000000
93823  -47.080  7.171  38.488 0.0000000000
94500  -47.561  7.541  37.409 0.0000000000
94510  -47.161  7.775  36.536 0.0000000000
137735  -46.057  8.102  35.985 0.0000000000
98373  -45.349  13.996  41.189 0.0000000000
98361  -45.666  13.214  41.638 0.0000000000
97763  -45.594  12.335  41.659 0.0000000000
97144  -44.991  11.560  41.401 0.0000000000
96509  -44.717  10.299  40.688 0.0000000000
95891  -42.352  9.699  37.412 0.0000000000
119772  -43.001  9.688  37.425 0.0000000000
117019  -43.014  9.865  36.617 0.0000000000
95906  -43.767  9.985  35.839 0.0000000000
95917  -44.566  10.008  35.085 0.0000000000
95918  -45.092  9.537  34.489 0.0000000000
95927  -44.686  9.540  33.981 0.0000000000
95223  -44.329  9.368  33.788 0.0000000000
95222  -43.530  9.169  33.606 0.0000000000
95210  -42.805  8.630  34.227 0.0000000000
121581  -42.780  9.176  33.034 0.0000000000
95233  -42.266  9.551  32.056 0.0000000000
88488  -48.988  -0.166  50.635 0.0000000000
103324  -45.904  21.767  36.455 0.0000000000
103857  -46.309  22.704  36.307 0.0000000000
102823  -47.597  21.179  35.753 0.0000000000
102835  -48.050  20.375  35.475 0.0000000000
102300  -48.784  19.662  35.072 0.0000000000
101667  -48.450  18.254  34.077 0.0000000000
101668  -48.981  18.406  34.076 0.0000000000
102310  -49.036  18.993  34.652 0.0000000000
100994  -49.629  17.649  34.991 0.0000000000
126411  -49.394  16.290  35.519 0.0000000000
99535  -49.117  16.012  36.141 0.0000000000
118412  -47.941  15.633  36.674 0.0000000000
99551  -48.272  15.426  35.063 0.0000000000
99550  -47.315  15.413  34.818 0.0000000000
99549  -46.261  15.520  34.534 0.0000000000
99567  -46.757  14.865  32.715 0.0000000000
90151  -43.247  1.463  46.777 0.0000000000
134672  -43.499  2.098  46.643 0.0000000000
90920  -43.372  2.722  46.288 0.0000000000
91667  -44.049  3.270  46.381 0.0000000000
91678  -44.084  4.088  45.992 0.0000000000
91668  -44.675  3.734  46.484 0.0000000000
92363  -44.861  4.457  46.281 0.0000000000
93102  -45.097  6.223  45.929 0.0000000000
123646  -36.416  26.586  46.267 0.0000000000
105733  -37.869  26.610  45.503 0.0000000000
105741  -38.362  26.730  44.706 0.0000000000
105742  -39.312  27.212  44.929 0.0000000000
106714  -39.979  28.868  39.980 0.0000000000
140119  -41.275  28.110  36.823 0.0000000000
105786  -42.137  27.176  35.410 0.0000000000
105349  -42.772  26.199  34.471 0.0000000000
105350  -43.516  26.156  33.947 0.0000000000
131771  -44.267  25.314  33.300 0.0000000000
105789  -43.600  27.053  34.236 0.0000000000
105791  -44.336  27.066  33.713 0.0000000000
96459  -43.639  10.716  47.905 0.0000000000
96450  -44.875  10.593  49.558 0.0000000000
97104  -45.690  11.225  49.381 0.0000000000
97105  -46.644  11.428  49.695 0.0000000000
104351  -41.557  23.207  44.195 0.0000000000
104357  -41.623  23.106  43.163 0.0000000000
102787  -48.669  20.466  40.421 0.0000000000
103291  -47.461  21.533  40.096 0.0000000000
102779  -48.448  20.124  41.180 0.0000000000
102242  -48.176  19.768  42.006 0.0000000000
101609  -48.223  19.198  42.929 0.0000000000
101611  -49.307  18.743  42.870 0.0000000000
101610  -48.863  18.945  43.221 0.0000000000
128110  -48.216  18.762  43.797 0.0000000000
101582  -47.996  18.396  44.736 0.0000000000
100912  -47.970  17.987  45.347 0.0000000000
100110  -47.772  17.061  45.876 0.0000000000
100102  -47.458  16.622  46.096 0.0000000000
130902  -48.678  15.595  45.677 0.0000000000
98344  -49.187  14.244  44.903 0.0000000000
98902  -49.450  14.644  44.159 0.0000000000
98345  -49.504  13.523  44.062 0.0000000000
97754  -49.590  12.562  43.542 0.0000000000
96487  -50.158  10.816  42.599 0.0000000000
96499  -50.609  10.246  41.615 0.0000000000
128445  -50.442  10.874  41.950 0.0000000000
96498  -50.381  10.740  41.270 0.0000000000
96514  -50.187  10.472  40.669 0.0000000000
96497  -49.462  11.650  41.401 0.0000000000
96528  -49.757  10.008  39.979 0.0000000000
95870  -49.320  9.488  39.226 0.0000000000
95869  -48.576  9.434  38.793 0.0000000000
95883  -48.450  9.292  37.482 0.0000000000
97154  -42.608  11.389  40.461 0.0000000000
96506  -42.046  10.869  40.145 0.0000000000
95863  -41.990  9.858  39.145 0.0000000000
95878  -41.711  9.652  38.254 0.0000000000
95890  -41.517  9.725  37.287 0.0000000000
96556  -41.925  10.305  35.672 0.0000000000
116908  -41.141  10.652  34.908 0.0000000000
106239  -44.425  27.815  43.589 0.0000000000
134127  -44.602  26.656  44.344 0.0000000000
105747  -44.649  26.713  43.261 0.0000000000
105751  -45.153  26.433  41.837 0.0000000000
105317  -45.978  25.681  40.970 0.0000000000
105762  -46.111  26.796  39.961 0.0000000000
105318  -46.370  25.527  40.468 0.0000000000
104841  -46.308  24.686  40.967 0.0000000000
104845  -47.156  24.244  40.041 0.0000000000
104371  -47.071  23.641  40.134 0.0000000000
103830  -48.103  22.746  39.563 0.0000000000
104389  -47.258  24.104  35.859 0.0000000000
104390  -48.040  24.208  36.181 0.0000000000
104383  -48.776  23.593  36.991 0.0000000000
102824  -49.013  20.715  36.125 0.0000000000
103847  -49.052  21.823  36.520 0.0000000000
118141  -48.989  22.788  38.096 0.0000000000
103832  -48.632  22.369  39.114 0.0000000000
103292  -48.262  21.355  39.948 0.0000000000
134375  -49.143  20.000  40.069 0.0000000000
101619  -49.638  18.714  40.745 0.0000000000
101629  -49.661  18.469  39.661 0.0000000000
100963  -49.563  17.960  40.269 0.0000000000
100950  -49.638  18.124  41.077 0.0000000000
99491  -47.435  15.873  41.918 0.0000000000
98924  -47.459  14.837  42.230 0.0000000000
98923  -46.739  15.163  41.738 0.0000000000
98922  -46.077  14.583  41.538 0.0000000000
98935  -46.123  15.309  41.104 0.0000000000
134136  -45.591  14.763  40.931 0.0000000000
98372  -44.424  13.689  40.489 0.0000000000
117284  -46.429  15.520  37.236 0.0000000000
99521  -45.793  15.534  38.428 0.0000000000
99531  -44.610  15.514  37.591 0.0000000000
116433  -45.014  15.438  38.328 0.0000000000
90138  -44.496  1.325  47.513 0.0000000000
89336  -45.064  0.971  48.088 0.0000000000
90131  -45.770  1.380  48.380 0.0000000000
89326  -45.825  0.754  48.632 0.0000000000
89319  -47.866  0.445  50.140 0.0000000000
89320  -48.629  0.549  50.455 0.0000000000
90126  -48.725  1.237  50.229 0.0000000000
90879  -48.779  1.819  49.950 0.0000000000
91649  -48.373  2.994  48.969 0.0000000000
91650  -49.472  3.205  48.744 0.0000000000
91660  -50.045  3.644  48.181 0.0000000000
92354  -49.887  4.442  47.712 0.0000000000
92366  -49.951  4.935  47.201 0.0000000000
105691  -37.267  26.800  51.046 0.0000000000
106189  -37.717  27.442  49.336 0.0000000000
106179  -37.907  27.321  50.551 0.0000000000
105682  -37.674  26.384  52.550 0.0000000000
137694  -38.518  26.443  52.741 0.0000000000
105254  -39.212  26.275  52.469 0.0000000000
105263  -39.813  26.294  51.539 0.0000000000
105692  -40.801  26.576  51.594 0.0000000000
136758  -41.617  26.746  51.572 0.0000000000
105695  -42.771  26.946  50.665 0.0000000000
106634  -41.897  28.249  51.446 0.0000000000
106183  -42.644  27.526  51.066 0.0000000000
105696  -43.168  26.819  50.022 0.0000000000
120943  -43.536  27.051  48.807 0.0000000000
106213  -43.831  27.689  47.268 0.0000000000
106223  -44.254  27.262  46.345 0.0000000000
106231  -40.118  27.916  44.823 0.0000000000
106669  -41.100  28.563  45.511 0.0000000000
106670  -42.426  29.708  46.089 0.0000000000
106671  -43.166  30.160  46.651 0.0000000000
108157  -43.147  32.122  45.863 0.0000000000
107162  -43.296  31.015  46.402 0.0000000000
106672  -43.423  29.856  46.573 0.0000000000
107164  -43.876  29.423  45.746 0.0000000000
106679  -44.158  28.868  44.953 0.0000000000
134033  -44.344  27.866  44.621 0.0000000000
127712  -44.515  28.131  41.876 0.0000000000
106258  -44.364  27.917  40.895 0.0000000000
106257  -43.205  27.695  40.997 0.0000000000
105759  -43.702  27.381  40.309 0.0000000000
105767  -44.011  27.047  39.640 0.0000000000
120245  -44.427  26.344  38.384 0.0000000000
104853  -44.075  25.589  37.997 0.0000000000
104380  -44.491  24.438  37.291 0.0000000000
106260  -39.897  27.477  39.231 0.0000000000
105764  -40.291  26.750  39.178 0.0000000000
105331  -40.708  25.738  38.402 0.0000000000
105338  -40.482  25.499  36.947 0.0000000000
105339  -40.911  25.143  37.835 0.0000000000
104851  -41.983  24.885  38.191 0.0000000000
104859  -42.485  24.340  37.709 0.0000000000
131219  -43.757  23.633  37.237 0.0000000000
103845  -44.966  23.023  36.732 0.0000000000
130579  -45.063  21.723  36.411 0.0000000000
102833  -45.589  20.245  35.751 0.0000000000
129061  -45.490  19.725  34.983 0.0000000000
103348  -44.292  21.252  34.942 0.0000000000
102846  -45.436  19.920  34.167 0.0000000000
102307  -45.956  19.210  34.520 0.0000000000
101685  -46.963  17.803  32.080 0.0000000000
103367  -46.640  21.478  31.751 0.0000000000
102876  -46.729  20.856  30.926 0.0000000000
104879  -45.788  24.618  31.864 0.0000000000
94466  -42.916  7.204  45.919 0.0000000000
136875  -43.422  7.511  46.355 0.0000000000
94467  -43.696  7.306  45.849 0.0000000000
93773  -44.296  6.728  45.709 0.0000000000
93774  -45.195  6.933  46.006 0.0000000000
93763  -45.908  6.704  46.362 0.0000000000
117237  -43.937  8.618  50.892 0.0000000000
95131  -44.673  8.691  50.914 0.0000000000
95139  -45.237  8.548  49.849 0.0000000000
95812  -45.711  9.252  49.841 0.0000000000
94460  -45.817  7.504  46.506 0.0000000000
93089  -46.911  6.365  46.993 0.0000000000
93090  -47.941  6.360  47.572 0.0000000000
94462  -48.137  7.506  47.623 0.0000000000
93758  -48.541  6.091  47.583 0.0000000000
93091  -49.143  5.805  47.433 0.0000000000
93092  -49.737  5.462  47.075 0.0000000000
93103  -49.877  5.495  46.327 0.0000000000
100137  -39.960  16.731  42.809 0.0000000000
99479  -41.540  15.288  43.969 0.0000000000
133930  -45.065  25.334  44.149 0.0000000000
104348  -44.604  23.997  44.536 0.0000000000
104839  -45.226  24.415  42.102 0.0000000000
104354  -44.717  24.236  43.585 0.0000000000
104353  -43.890  23.867  43.855 0.0000000000
136905  -43.312  23.775  42.801 0.0000000000
104358  -42.381  23.467  42.694 0.0000000000
119594  -42.271  22.657  41.432 0.0000000000
103290  -46.726  21.531  40.149 0.0000000000
102784  -46.172  20.952  40.358 0.0000000000
103289  -45.291  21.354  40.292 0.0000000000
102240  -45.604  19.452  41.371 0.0000000000
102248  -45.033  19.962  40.759 0.0000000000
102783  -44.656  20.735  40.491 0.0000000000
102781  -43.111  21.244  40.654 0.0000000000
127985  -42.413  21.089  40.850 0.0000000000
103285  -41.873  21.700  41.191 0.0000000000
102237  -41.880  19.830  41.404 0.0000000000
132466  -41.506  19.340  41.701 0.0000000000
101603  -41.531  18.713  42.133 0.0000000000
101588  -43.065  17.927  42.815 0.0000000000
100931  -42.388  17.615  43.085 0.0000000000
119959  -42.164  17.056  43.429 0.0000000000
100130  -41.545  16.590  43.420 0.0000000000
99480  -41.949  15.906  43.918 0.0000000000
120810  -42.235  14.401  44.568 0.0000000000
97738  -44.857  13.181  45.872 0.0000000000
133223  -45.450  14.174  45.779 0.0000000000
98322  -45.621  13.297  46.424 0.0000000000
97724  -45.305  12.480  46.909 0.0000000000
97716  -45.990  12.373  47.836 0.0000000000
97111  -46.936  12.128  48.914 0.0000000000
97112  -47.421  11.821  48.732 0.0000000000
99456  -47.778  16.119  46.321 0.0000000000
126187  -47.707  14.625  46.505 0.0000000000
98325  -47.520  13.768  46.876 0.0000000000
97739  -48.326  13.221  46.332 0.0000000000
125471  -47.870  13.335  46.969 0.0000000000
97727  -47.392  12.921  47.593 0.0000000000
97719  -47.552  12.235  48.003 0.0000000000
97113  -47.945  11.557  47.909 0.0000000000
96460  -47.818  10.834  48.815 0.0000000000
132656  -48.345  8.957  46.862 0.0000000000
121826  -48.464  8.139  45.537 0.0000000000
94469  -48.651  7.422  46.137 0.0000000000
93776  -49.505  6.158  45.900 0.0000000000
93104  -50.255  4.912  45.767 0.0000000000
135965  -50.220  4.476  45.392 0.0000000000
93113  -50.172  4.842  44.617 0.0000000000
92399  -50.040  4.729  43.738 0.0000000000
93786  -50.167  5.719  42.830 0.0000000000
92409  -50.075  5.204  42.836 0.0000000000
92408  -49.721  4.822  43.015 0.0000000000
93126  -48.951  5.110  42.503 0.0000000000
93125  -48.163  5.397  41.971 0.0000000000
136080  -50.570  8.822  40.887 0.0000000000
95173  -50.488  7.930  40.978 0.0000000000
93799  -50.214  6.855  39.998 0.0000000000
138199  -50.014  7.451  38.680 0.0000000000
93809  -49.903  6.882  39.394 0.0000000000
136986  -49.981  6.259  40.472 0.0000000000
93143  -49.232  6.100  40.403 0.0000000000
93134  -47.573  5.647  41.453 0.0000000000
93133  -46.726  5.667  41.370 0.0000000000
93132  -45.761  5.576  41.287 0.0000000000
93140  -45.336  5.921  40.560 0.0000000000
138481  -46.248  7.057  38.797 0.0000000000
133080  -44.956  6.269  39.799 0.0000000000
98915  -47.585  13.903  42.455 0.0000000000
129328  -47.381  12.144  41.975 0.0000000000
118930  -46.464  11.989  41.905 0.0000000000
97146  -46.878  11.400  41.708 0.0000000000
96495  -47.311  10.829  41.279 0.0000000000
95852  -46.957  9.828  40.099 0.0000000000
120281  -47.582  9.469  38.433 0.0000000000
119675  -47.432  9.456  37.189 0.0000000000
97155  -43.479  11.186  40.799 0.0000000000
95880  -43.428  9.600  38.048 0.0000000000
126297  -44.186  9.554  38.240 0.0000000000
95866  -44.762  9.539  38.971 0.0000000000
95882  -45.627  9.505  38.100 0.0000000000
117073  -46.390  9.534  37.110 0.0000000000
95895  -47.087  9.293  36.002 0.0000000000
95909  -47.031  9.232  35.160 0.0000000000
95201  -46.378  8.626  35.226 0.0000000000
94521  -45.550  8.276  35.670 0.0000000000
95211  -45.427  8.929  34.463 0.0000000000
94520  -44.899  8.406  35.279 0.0000000000
120866  -44.676  7.788  36.375 0.0000000000
89321  -48.974  0.730  50.445 0.0000000000
90127  -48.988  1.396  50.158 0.0000000000
90880  -49.115  1.956  49.825 0.0000000000
92367  -50.320  4.445  46.950 0.0000000000
93798  -49.541  6.439  39.837 0.0000000000
93805  -45.682  6.688  39.332 0.0000000000
94426  -41.902  6.279  51.150 0.0000000000
94468  -44.927  7.295  46.072 0.0000000000
94485  -50.456  7.339  40.330 0.0000000000
94490  -49.595  7.285  38.518 0.0000000000
94501  -48.584  7.666  37.340 0.0000000000
94509  -46.229  7.741  36.683 0.0000000000
94512  -48.910  8.055  36.753 0.0000000000
94523  -47.561  8.120  35.881 0.0000000000
94524  -48.483  8.322  36.215 0.0000000000
95117  -44.745  9.101  51.012 0.0000000000
95118  -45.011  9.049  50.972 0.0000000000
95187  -49.802  8.335  37.946 0.0000000000
95188  -50.171  7.987  38.538 0.0000000000
95202  -47.176  8.530  35.402 0.0000000000
95212  -45.897  8.985  34.734 0.0000000000
95214  -47.252  8.708  35.385 0.0000000000
95225  -45.370  9.158  34.340 0.0000000000
95804  -45.336  9.392  50.579 0.0000000000
95854  -50.259  9.767  40.098 0.0000000000
95868  -46.750  9.565  39.310 0.0000000000
95872  -50.327  9.004  39.550 0.0000000000
95898  -49.395  8.681  37.427 0.0000000000
95910  -47.649  8.829  35.751 0.0000000000
95926  -44.091  9.759  33.396 0.0000000000
95937  -43.477  9.947  32.817 0.0000000000
96515  -50.584  10.129  40.852 0.0000000000
96568  -44.478  10.028  34.228 0.0000000000
96586  -42.782  10.177  32.208 0.0000000000
98329  -42.660  12.732  45.187 0.0000000000
98883  -46.221  14.759  46.064 0.0000000000
98884  -46.861  15.128  46.270 0.0000000000
98885  -47.487  15.326  46.379 0.0000000000
98891  -44.844  15.046  45.408 0.0000000000
98900  -41.578  14.630  44.250 0.0000000000
98975  -48.391  14.601  32.506 0.0000000000
98976  -48.668  14.765  31.979 0.0000000000
98980  -48.002  14.622  31.650 0.0000000000
98983  -47.556  14.760  30.926 0.0000000000
99466  -42.325  15.205  44.343 0.0000000000
99498  -46.372  15.866  40.441 0.0000000000
99552  -48.936  15.742  35.276 0.0000000000
99570  -49.189  15.690  33.191 0.0000000000
99578  -49.096  15.750  32.584 0.0000000000
99585  -48.321  14.902  31.391 0.0000000000
100103  -47.911  16.625  46.121 0.0000000000
100108  -45.954  16.808  45.586 0.0000000000
100111  -48.376  16.855  45.739 0.0000000000
100112  -49.007  16.570  45.120 0.0000000000
100117  -43.230  16.602  44.331 0.0000000000
100154  -47.441  17.051  40.281 0.0000000000
100178  -49.391  17.117  38.426 0.0000000000
100190  -49.187  16.389  37.005 0.0000000000
100202  -49.775  17.004  35.856 0.0000000000
100212  -49.546  16.709  34.829 0.0000000000
100239  -48.170  15.947  31.684 0.0000000000
100240  -48.786  15.890  32.057 0.0000000000
100249  -47.717  15.555  30.969 0.0000000000
100250  -48.371  15.373  31.432 0.0000000000
100904  -47.118  17.283  45.722 0.0000000000
100905  -47.606  17.474  45.663 0.0000000000
100911  -44.810  17.165  44.731 0.0000000000
100913  -48.869  17.752  44.851 0.0000000000
100920  -41.608  17.364  43.030 0.0000000000
100923  -49.260  17.959  43.623 0.0000000000
100929  -40.866  17.046  42.870 0.0000000000
100938  -49.080  17.563  41.838 0.0000000000
101020  -48.246  16.941  32.870 0.0000000000
101021  -48.901  17.111  33.035 0.0000000000
101022  -49.222  16.967  33.319 0.0000000000
101045  -47.454  16.255  31.230 0.0000000000
101592  -47.072  18.501  43.861 0.0000000000
101593  -47.684  18.569  44.142 0.0000000000
101595  -48.906  18.107  44.214 0.0000000000
101602  -40.710  18.410  42.258 0.0000000000
101608  -46.791  18.777  43.019 0.0000000000
101669  -49.319  18.230  34.317 0.0000000000
101677  -46.964  17.910  33.182 0.0000000000
102227  -45.244  18.859  41.986 0.0000000000
102231  -49.236  19.126  42.452 0.0000000000
102298  -47.386  19.468  35.266 0.0000000000
102309  -48.764  19.028  34.613 0.0000000000
102776  -40.602  20.657  41.516 0.0000000000
102777  -41.542  20.744  41.205 0.0000000000
102782  -43.805  20.958  40.565 0.0000000000
102785  -47.156  20.964  40.487 0.0000000000
102786  -47.987  20.867  40.568 0.0000000000
102793  -48.900  20.705  39.690 0.0000000000
102821  -45.304  21.104  36.222 0.0000000000
102836  -48.508  20.283  35.475 0.0000000000
102837  -48.934  20.172  35.592 0.0000000000
102845  -44.877  20.464  34.782 0.0000000000
103279  -39.530  21.285  42.369 0.0000000000
103287  -43.579  21.722  40.577 0.0000000000
103299  -48.701  21.531  39.354 0.0000000000
103308  -49.203  21.101  38.037 0.0000000000
103315  -49.227  21.129  36.878 0.0000000000
103323  -43.846  21.839  35.913 0.0000000000
103325  -47.129  22.143  35.892 0.0000000000
103327  -48.373  21.653  35.659 0.0000000000
103328  -48.788  21.371  36.010 0.0000000000
103347  -43.772  21.808  35.193 0.0000000000
103844  -44.040  22.916  36.863 0.0000000000
103846  -49.015  22.628  36.755 0.0000000000
103854  -42.835  22.862  36.072 0.0000000000
103858  -47.222  23.242  35.695 0.0000000000
103876  -43.524  22.483  34.834 0.0000000000
103908  -47.056  22.542  30.755 0.0000000000
104337  -44.603  23.851  45.250 0.0000000000
104347  -43.849  23.729  44.886 0.0000000000
104359  -44.286  23.993  43.001 0.0000000000
104360  -44.841  24.206  42.599 0.0000000000
104363  -41.817  22.995  42.183 0.0000000000
104364  -42.768  23.500  41.939 0.0000000000
104368  -46.634  24.051  40.629 0.0000000000
104376  -48.687  23.720  38.080 0.0000000000
104379  -42.831  23.695  37.231 0.0000000000
104388  -46.490  23.718  36.083 0.0000000000
104391  -48.543  23.203  35.930 0.0000000000
104395  -41.846  23.916  36.293 0.0000000000
104409  -43.652  23.774  34.062 0.0000000000
104819  -44.807  24.351  46.524 0.0000000000
104831  -44.991  24.055  45.090 0.0000000000
104844  -46.723  24.816  40.362 0.0000000000
104849  -47.638  24.603  39.277 0.0000000000
104854  -47.805  25.128  37.739 0.0000000000
104857  -40.914  24.787  37.047 0.0000000000
104858  -41.547  24.493  37.448 0.0000000000
104861  -44.750  25.342  37.430 0.0000000000
104866  -40.882  24.890  36.363 0.0000000000
104868  -41.045  25.107  35.768 0.0000000000
104870  -42.035  24.307  35.453 0.0000000000
105239  -36.815  25.073  53.212 0.0000000000
105243  -35.758  24.926  52.719 0.0000000000
105244  -36.414  25.225  53.068 0.0000000000
105279  -43.704  25.942  48.461 0.0000000000
105295  -44.288  25.483  47.742 0.0000000000
105314  -45.560  25.596  41.698 0.0000000000
105320  -46.621  25.884  39.749 0.0000000000
105323  -40.996  26.065  39.154 0.0000000000
105326  -44.240  26.680  38.980 0.0000000000
105328  -47.453  25.484  38.509 0.0000000000
105333  -42.564  25.511  38.726 0.0000000000
105336  -47.021  26.288  37.700 0.0000000000
105341  -46.374  25.913  36.960 0.0000000000
105345  -41.405  25.639  35.407 0.0000000000
105348  -42.048  26.306  34.994 0.0000000000
105667  -37.430  25.413  53.124 0.0000000000
105674  -39.346  26.676  52.511 0.0000000000
105675  -40.593  27.105  52.444 0.0000000000
105684  -41.152  26.953  52.259 0.0000000000
105685  -41.918  27.023  51.931 0.0000000000
105724  -37.365  26.650  46.362 0.0000000000
105734  -38.665  26.823  45.474 0.0000000000
105743  -44.954  25.625  45.229 0.0000000000
105745  -36.984  26.670  43.944 0.0000000000
105758  -42.478  27.020  40.397 0.0000000000
105760  -44.787  27.672  40.080 0.0000000000
105770  -46.521  26.968  39.056 0.0000000000
105772  -40.272  26.335  38.525 0.0000000000
105774  -46.010  27.051  38.424 0.0000000000
105777  -39.961  26.678  37.989 0.0000000000
105781  -40.541  26.305  36.335 0.0000000000
105785  -41.479  26.402  35.445 0.0000000000
106165  -39.899  27.239  52.468 0.0000000000
106166  -40.835  27.515  52.256 0.0000000000
106167  -41.627  27.725  52.044 0.0000000000
106174  -42.101  27.829  51.790 0.0000000000
106181  -39.643  28.092  50.411 0.0000000000
106184  -43.015  27.421  50.327 0.0000000000
106192  -43.321  27.245  49.622 0.0000000000
106200  -43.296  27.917  49.065 0.0000000000
106209  -39.685  27.477  46.795 0.0000000000
106222  -41.872  28.691  46.393 0.0000000000
106229  -38.782  27.165  44.050 0.0000000000
106250  -42.503  28.101  41.531 0.0000000000
106251  -43.784  28.421  41.538 0.0000000000
106254  -40.005  28.008  39.900 0.0000000000
106255  -40.810  27.656  40.498 0.0000000000
106263  -39.753  27.613  38.742 0.0000000000
106265  -39.805  27.363  38.203 0.0000000000
106266  -40.066  27.233  37.513 0.0000000000
106271  -41.166  26.858  35.891 0.0000000000
106279  -44.522  27.833  34.161 0.0000000000
106635  -42.369  28.046  51.227 0.0000000000
106641  -42.244  28.513  50.399 0.0000000000
106642  -42.651  28.072  50.402 0.0000000000
106647  -41.879  28.577  48.642 0.0000000000
106648  -42.361  28.646  49.418 0.0000000000
106653  -42.371  28.795  47.994 0.0000000000
106661  -43.062  29.358  47.373 0.0000000000
106673  -44.176  28.165  45.606 0.0000000000
106698  -43.571  29.403  42.691 0.0000000000
106699  -44.085  29.298  42.725 0.0000000000
106708  -40.883  29.006  41.222 0.0000000000
106721  -39.781  28.022  38.420 0.0000000000
107170  -42.358  30.939  45.846 0.0000000000
107180  -42.253  31.532  43.816 0.0000000000
107181  -43.073  31.486  44.391 0.0000000000
107664  -42.804  32.278  45.933 0.0000000000
107665  -43.112  31.782  46.221 0.0000000000
107672  -43.366  31.935  45.391 0.0000000000
107682  -43.513  31.517  44.817 0.0000000000
107691  -41.801  32.675  44.446 0.0000000000
108170  -42.891  32.464  45.639 0.0000000000
108182  -41.254  33.106  44.102 0.0000000000
108184  -42.492  32.635  45.432 0.0000000000
117143  -43.211  29.078  48.128 0.0000000000
117966  -48.662  14.825  33.450 0.0000000000
117986  -50.315  6.638  40.621 0.0000000000
118043  -48.787  15.288  34.356 0.0000000000
118094  -35.893  26.641  47.044 0.0000000000
118297  -43.214  6.647  45.566 0.0000000000
118503  -42.349  27.157  51.478 0.0000000000
121226  -44.715  8.143  50.663 0.0000000000
122023  -37.129  27.048  47.937 0.0000000000
122552  -49.620  18.171  36.730 0.0000000000
123448  -46.558  17.707  45.019 0.0000000000
123987  -47.884  23.409  35.590 0.0000000000
124392  -45.678  23.949  32.243 0.0000000000
124407  -45.063  27.761  40.459 0.0000000000
124785  -43.172  17.473  43.386 0.0000000000
125099  -45.398  20.579  40.500 0.0000000000
125694  -45.046  24.232  45.777 0.0000000000
126652  -49.488  19.820  38.312 0.0000000000
127106  -44.386  28.836  43.046 0.0000000000
127999  -42.921  18.484  42.337 0.0000000000
128467  -49.020  15.020  45.030 0.0000000000
129217  -38.615  25.733  52.652 0.0000000000
129450  -43.425  23.194  34.567 0.0000000000
130065  -43.660  25.313  33.788 0.0000000000
130166  -45.364  22.383  36.568 0.0000000000
130327  -45.193  15.720  45.467 0.0000000000
131791  -45.329  25.232  32.251 0.0000000000
131896  -41.917  9.019  32.923 0.0000000000
132124  -46.630  25.358  36.423 0.0000000000
132441  -42.724  19.646  41.384 0.0000000000
133150  -42.329  27.585  51.626 0.0000000000
133290  -47.441  10.611  49.614 0.0000000000
133438  -48.468  15.667  35.960 0.0000000000
134677  -42.821  31.790  46.169 0.0000000000
134734  -45.755  23.142  36.514 0.0000000000
135025  -44.735  23.778  37.017 0.0000000000
135195  -40.031  26.979  52.521 0.0000000000
135828  -42.026  10.482  34.771 0.0000000000
135974  -45.061  24.392  42.896 0.0000000000
136217  -36.492  26.478  50.747 0.0000000000
136459  -40.394  29.209  40.637 0.0000000000
137346  -47.787  22.775  35.397 0.0000000000
137897  -45.057  6.671  39.064 0.0000000000
138542  -41.032  17.707  42.652 0.0000000000
138766  -42.621  26.237  49.813 0.0000000000
138816  -44.231  29.181  42.834 0.0000000000
139085  -48.261  22.007  39.546 0.0000000000
139171  -41.855  24.019  35.890 0.0000000000
139421  -42.896  9.627  32.387 0.0000000000
140067  -40.964  25.577  35.714 0.0000000000
140581  -46.975  6.368  40.220 0.0000000000
