#!ascii label  , from subject sub-v1s1x0050667_ses-1 vox2ras=TkReg
1323
57186  -41.365  -38.901  45.434 0.0000000000
67680  -53.305  -26.326  40.731 0.0000000000
63260  -45.714  -31.834  43.176 0.0000000000
33491  -15.826  -63.547  62.083 0.0000000000
53124  -41.017  -42.600  49.464 0.0000000000
39979  -30.665  -57.448  61.233 0.0000000000
44808  -36.513  -51.641  60.515 0.0000000000
49549  -40.866  -47.629  55.875 0.0000000000
50494  -44.121  -45.515  54.874 0.0000000000
125154  -21.873  -56.962  58.456 0.0000000000
39129  -26.060  -57.851  62.145 0.0000000000
40926  -25.552  -56.727  57.713 0.0000000000
44857  -32.736  -51.533  56.271 0.0000000000
46698  -36.046  -49.754  55.622 0.0000000000
129987  -44.270  -39.844  51.401 0.0000000000
58085  -46.336  -37.469  48.783 0.0000000000
135058  -49.947  -29.874  41.854 0.0000000000
59765  -43.158  -35.254  44.730 0.0000000000
66821  -50.748  -27.214  36.814 0.0000000000
30613  -13.151  -66.809  61.820 0.0000000000
54026  -43.684  -41.706  54.108 0.0000000000
56178  -39.980  -40.626  48.142 0.0000000000
41875  -29.775  -55.243  56.466 0.0000000000
40916  -34.422  -55.510  59.240 0.0000000000
61440  -47.838  -33.366  48.646 0.0000000000
69515  -59.300  -24.578  35.089 0.0000000000
48606  -38.758  -48.111  53.974 0.0000000000
48607  -40.371  -47.273  53.374 0.0000000000
40924  -23.662  -56.525  57.780 0.0000000000
46725  -33.804  -49.721  53.805 0.0000000000
46728  -36.271  -49.278  53.525 0.0000000000
47581  -38.648  -48.880  56.351 0.0000000000
57145  -43.254  -39.624  48.087 0.0000000000
58058  -45.659  -38.333  50.829 0.0000000000
57158  -43.934  -38.317  47.291 0.0000000000
65892  -51.161  -27.725  41.420 0.0000000000
65089  -52.816  -29.946  43.045 0.0000000000
65908  -56.495  -27.811  40.571 0.0000000000
33509  -14.537  -63.696  59.065 0.0000000000
32570  -14.449  -65.293  61.905 0.0000000000
51368  -42.650  -44.248  52.009 0.0000000000
136891  -43.764  -43.164  55.017 0.0000000000
53098  -41.732  -42.035  51.747 0.0000000000
55100  -41.865  -40.998  51.396 0.0000000000
54066  -40.458  -41.350  49.150 0.0000000000
39131  -28.760  -57.876  62.127 0.0000000000
38101  -29.196  -58.836  64.272 0.0000000000
38119  -30.781  -58.778  63.321 0.0000000000
39135  -32.934  -57.992  62.517 0.0000000000
41909  -28.029  -54.625  54.462 0.0000000000
43944  -29.275  -53.089  53.705 0.0000000000
44829  -34.554  -51.620  58.298 0.0000000000
42900  -33.546  -53.201  57.884 0.0000000000
42870  -35.748  -53.635  60.241 0.0000000000
40886  -36.358  -55.808  61.448 0.0000000000
38141  -18.508  -59.380  59.765 0.0000000000
38130  -19.753  -59.132  62.523 0.0000000000
37128  -19.431  -59.332  64.993 0.0000000000
61490  -44.129  -33.058  43.812 0.0000000000
60592  -45.365  -34.335  46.567 0.0000000000
62338  -46.259  -32.352  45.764 0.0000000000
69516  -60.497  -23.869  35.367 0.0000000000
32546  -14.889  -64.535  65.267 0.0000000000
49519  -42.781  -46.481  59.565 0.0000000000
50472  -44.321  -45.309  59.253 0.0000000000
49551  -42.474  -47.012  55.973 0.0000000000
49618  -41.906  -46.409  52.327 0.0000000000
39162  -21.419  -57.797  60.355 0.0000000000
39126  -23.665  -58.091  62.222 0.0000000000
39993  -23.690  -57.233  60.026 0.0000000000
39995  -26.568  -57.192  60.123 0.0000000000
40017  -28.284  -57.011  59.331 0.0000000000
45790  -31.099  -51.207  53.881 0.0000000000
46723  -31.850  -50.332  53.623 0.0000000000
46685  -34.094  -50.062  55.859 0.0000000000
46657  -36.509  -50.585  58.476 0.0000000000
47568  -38.510  -49.437  58.334 0.0000000000
47563  -40.545  -48.693  58.954 0.0000000000
40024  -20.007  -57.506  57.871 0.0000000000
139761  -47.068  -40.534  54.462 0.0000000000
56103  -50.848  -40.130  55.586 0.0000000000
55091  -48.290  -40.632  52.556 0.0000000000
118305  -47.911  -38.021  52.560 0.0000000000
64208  -47.820  -30.843  42.431 0.0000000000
116409  -48.994  -31.607  45.226 0.0000000000
64187  -50.638  -31.208  44.275 0.0000000000
24800  -10.296  -72.320  64.158 0.0000000000
58130  -42.004  -37.227  44.831 0.0000000000
61498  -41.605  -33.646  42.323 0.0000000000
64226  -45.189  -30.215  41.490 0.0000000000
65125  -46.756  -28.787  40.795 0.0000000000
139618  -48.584  -27.348  40.379 0.0000000000
131526  -50.383  -27.109  39.788 0.0000000000
65922  -51.962  -27.230  39.160 0.0000000000
66804  -48.623  -27.134  37.648 0.0000000000
30583  -13.702  -66.365  65.044 0.0000000000
29627  -12.216  -68.010  64.604 0.0000000000
120480  -10.905  -69.735  64.854 0.0000000000
55003  -48.568  -40.717  59.598 0.0000000000
51337  -45.789  -44.162  57.569 0.0000000000
53996  -45.905  -41.544  57.475 0.0000000000
55029  -46.624  -40.414  56.588 0.0000000000
55072  -43.969  -40.946  53.081 0.0000000000
56154  -42.093  -40.538  50.517 0.0000000000
56211  -40.173  -39.932  46.352 0.0000000000
38083  -26.752  -58.974  65.221 0.0000000000
40948  -28.330  -56.112  57.098 0.0000000000
40931  -30.413  -56.130  58.670 0.0000000000
42908  -31.550  -53.561  56.169 0.0000000000
41864  -31.882  -55.178  57.692 0.0000000000
40001  -32.147  -56.582  60.190 0.0000000000
39137  -34.729  -57.525  62.376 0.0000000000
35377  -16.087  -62.063  59.454 0.0000000000
36265  -17.251  -60.920  60.033 0.0000000000
119028  -16.907  -61.663  62.793 0.0000000000
58919  -44.338  -36.427  46.681 0.0000000000
59719  -46.817  -35.756  48.352 0.0000000000
60545  -49.316  -34.736  50.320 0.0000000000
63229  -48.765  -31.548  47.846 0.0000000000
65944  -54.684  -28.523  38.422 0.0000000000
124988  -57.220  -27.155  38.024 0.0000000000
67721  -58.686  -26.825  35.977 0.0000000000
68614  -56.741  -25.552  34.696 0.0000000000
67735  -61.023  -26.771  35.339 0.0000000000
47639  -37.538  -48.583  51.986 0.0000000000
48620  -38.186  -48.046  51.693 0.0000000000
137807  -37.574  -48.357  51.278 0.0000000000
46741  -35.432  -49.243  52.540 0.0000000000
47623  -36.795  -48.887  52.341 0.0000000000
47612  -37.587  -48.824  53.632 0.0000000000
56212  -42.041  -39.638  46.784 0.0000000000
57146  -43.996  -39.026  48.040 0.0000000000
57173  -43.150  -38.652  46.856 0.0000000000
66750  -52.368  -26.503  41.285 0.0000000000
66737  -52.853  -26.973  42.122 0.0000000000
67651  -54.240  -26.278  41.981 0.0000000000
67666  -55.502  -26.189  42.007 0.0000000000
66768  -54.789  -26.601  40.820 0.0000000000
33503  -15.652  -63.271  60.684 0.0000000000
32585  -14.595  -64.464  60.406 0.0000000000
33490  -15.348  -64.100  61.843 0.0000000000
140888  -41.848  -43.338  50.520 0.0000000000
52227  -42.494  -43.254  52.510 0.0000000000
53113  -41.322  -42.268  50.253 0.0000000000
54057  -41.202  -41.771  50.355 0.0000000000
53123  -40.656  -42.123  49.088 0.0000000000
38093  -21.765  -58.873  64.351 0.0000000000
39958  -29.226  -57.641  61.671 0.0000000000
39132  -30.068  -58.067  62.592 0.0000000000
39133  -30.690  -58.036  62.446 0.0000000000
129128  -32.055  -58.191  62.663 0.0000000000
39980  -31.610  -57.437  61.491 0.0000000000
44816  -35.597  -51.654  59.306 0.0000000000
43854  -34.751  -52.690  59.062 0.0000000000
43833  -35.829  -52.649  60.171 0.0000000000
120617  -36.714  -53.637  61.711 0.0000000000
39145  -20.972  -58.472  61.658 0.0000000000
136039  -20.885  -58.701  63.175 0.0000000000
38111  -20.473  -58.889  63.682 0.0000000000
53992  -50.988  -40.968  58.328 0.0000000000
62354  -45.324  -32.237  43.662 0.0000000000
62337  -45.662  -32.588  45.302 0.0000000000
62347  -46.231  -32.157  44.963 0.0000000000
49535  -41.888  -47.327  57.179 0.0000000000
49536  -42.726  -46.869  56.992 0.0000000000
49550  -41.695  -47.386  56.334 0.0000000000
49601  -41.330  -46.907  53.012 0.0000000000
49631  -41.209  -46.268  51.165 0.0000000000
139694  -41.400  -45.796  50.610 0.0000000000
39991  -21.812  -57.416  59.778 0.0000000000
39971  -23.255  -57.619  60.761 0.0000000000
40012  -23.006  -57.094  59.118 0.0000000000
40925  -24.514  -56.605  57.729 0.0000000000
131587  -24.574  -57.230  59.015 0.0000000000
40907  -25.872  -57.150  58.561 0.0000000000
132411  -26.895  -57.157  59.495 0.0000000000
132144  -27.259  -56.823  58.276 0.0000000000
46736  -30.730  -49.907  52.452 0.0000000000
131188  -34.941  -49.769  54.910 0.0000000000
46696  -34.486  -49.900  55.343 0.0000000000
46687  -35.544  -49.912  56.245 0.0000000000
46666  -35.360  -50.380  57.371 0.0000000000
46677  -36.633  -49.960  57.281 0.0000000000
46668  -37.038  -50.015  58.126 0.0000000000
46678  -37.441  -49.737  57.283 0.0000000000
47582  -39.371  -48.529  56.112 0.0000000000
47574  -39.779  -48.610  57.345 0.0000000000
48553  -40.537  -48.194  57.326 0.0000000000
127035  -41.682  -47.689  58.920 0.0000000000
40025  -20.679  -57.394  58.331 0.0000000000
55089  -45.528  -40.603  52.270 0.0000000000
130239  -48.146  -40.822  53.437 0.0000000000
55102  -45.844  -40.267  51.756 0.0000000000
58059  -46.312  -37.865  50.657 0.0000000000
58049  -46.336  -38.069  51.225 0.0000000000
58834  -47.221  -37.183  51.408 0.0000000000
58825  -48.083  -36.991  52.423 0.0000000000
58847  -47.852  -36.803  50.763 0.0000000000
65096  -48.250  -30.243  41.942 0.0000000000
64196  -48.947  -31.344  43.535 0.0000000000
64210  -50.222  -30.613  42.376 0.0000000000
65083  -54.429  -30.310  44.325 0.0000000000
65110  -45.481  -29.647  41.079 0.0000000000
65123  -45.050  -29.279  40.456 0.0000000000
66764  -46.910  -27.973  39.938 0.0000000000
130577  -47.718  -27.094  39.585 0.0000000000
67677  -49.227  -27.061  39.958 0.0000000000
67689  -48.428  -26.963  39.526 0.0000000000
66794  -49.263  -27.159  38.466 0.0000000000
129720  -13.553  -65.793  60.772 0.0000000000
29647  -12.499  -67.446  61.559 0.0000000000
33460  -14.426  -64.497  67.361 0.0000000000
32555  -14.519  -65.280  64.813 0.0000000000
31554  -13.784  -65.689  67.458 0.0000000000
29618  -12.254  -67.971  66.885 0.0000000000
122836  -11.701  -68.806  66.122 0.0000000000
121813  -11.255  -69.028  64.805 0.0000000000
27683  -11.073  -69.855  66.470 0.0000000000
25768  -11.041  -71.331  66.085 0.0000000000
50481  -44.941  -45.482  57.228 0.0000000000
51331  -45.214  -44.801  58.759 0.0000000000
51340  -45.440  -44.790  56.795 0.0000000000
53061  -43.555  -42.177  54.362 0.0000000000
125427  -45.002  -42.879  56.471 0.0000000000
53056  -44.961  -41.841  56.229 0.0000000000
55018  -46.134  -40.899  57.051 0.0000000000
54013  -45.164  -41.185  55.867 0.0000000000
132944  -45.283  -40.803  54.360 0.0000000000
55055  -43.706  -41.287  53.847 0.0000000000
56153  -41.135  -40.785  50.068 0.0000000000
56144  -41.925  -40.727  51.050 0.0000000000
56164  -40.895  -40.532  49.463 0.0000000000
123625  -41.778  -40.340  49.246 0.0000000000
56179  -40.339  -40.377  47.915 0.0000000000
39128  -25.227  -57.900  62.192 0.0000000000
38116  -25.012  -58.710  63.767 0.0000000000
39095  -26.609  -58.584  63.827 0.0000000000
117380  -28.568  -54.941  55.225 0.0000000000
117207  -27.755  -55.283  55.258 0.0000000000
41874  -28.772  -55.581  56.491 0.0000000000
40929  -28.688  -56.404  57.863 0.0000000000
41862  -30.142  -55.557  57.376 0.0000000000
44875  -31.433  -51.627  54.616 0.0000000000
43916  -31.155  -52.498  55.047 0.0000000000
43903  -31.774  -52.633  55.801 0.0000000000
42882  -34.125  -54.178  58.580 0.0000000000
42889  -33.119  -54.013  57.605 0.0000000000
40934  -33.198  -55.414  58.415 0.0000000000
40914  -32.726  -55.975  58.958 0.0000000000
40897  -34.051  -56.190  59.679 0.0000000000
39982  -33.408  -56.893  61.210 0.0000000000
40003  -34.495  -56.420  60.312 0.0000000000
123029  -39.137  -49.944  61.053 0.0000000000
37180  -17.858  -59.889  59.352 0.0000000000
36261  -17.818  -60.329  61.141 0.0000000000
36260  -17.265  -60.978  61.026 0.0000000000
116686  -19.290  -59.822  66.328 0.0000000000
58948  -42.849  -35.984  45.034 0.0000000000
58936  -43.237  -36.377  45.693 0.0000000000
59752  -43.503  -35.602  45.420 0.0000000000
60593  -45.953  -33.812  46.991 0.0000000000
60582  -45.809  -34.752  47.199 0.0000000000
60575  -47.549  -34.359  48.719 0.0000000000
59703  -48.673  -35.353  49.839 0.0000000000
61427  -48.069  -34.015  49.222 0.0000000000
64174  -50.032  -31.191  46.041 0.0000000000
63236  -48.889  -31.519  46.835 0.0000000000
135179  -50.149  -30.976  47.460 0.0000000000
65941  -51.798  -28.009  38.210 0.0000000000
65934  -53.145  -28.393  38.830 0.0000000000
66808  -52.362  -27.874  37.451 0.0000000000
66825  -54.662  -27.128  37.150 0.0000000000
67719  -55.119  -26.671  36.283 0.0000000000
67706  -57.393  -26.871  37.266 0.0000000000
126712  -57.069  -26.597  35.547 0.0000000000
69504  -57.528  -24.014  35.539 0.0000000000
69502  -56.052  -24.022  34.964 0.0000000000
68615  -57.750  -25.545  34.611 0.0000000000
67739  -58.384  -26.180  34.778 0.0000000000
67741  -60.576  -26.069  34.912 0.0000000000
68618  -60.910  -24.989  35.085 0.0000000000
69527  -61.519  -24.430  34.263 0.0000000000
128128  -39.645  -47.839  54.816 0.0000000000
49565  -40.839  -47.195  54.954 0.0000000000
123734  -39.545  -47.694  53.613 0.0000000000
136206  -39.435  -47.401  51.896 0.0000000000
40027  -22.536  -56.858  58.446 0.0000000000
47620  -33.965  -49.356  52.050 0.0000000000
46727  -35.473  -49.431  53.365 0.0000000000
133671  -36.473  -49.518  54.914 0.0000000000
47591  -37.825  -49.103  55.858 0.0000000000
46715  -37.319  -49.228  55.006 0.0000000000
47605  -38.436  -48.650  54.587 0.0000000000
57119  -43.911  -39.426  50.045 0.0000000000
57108  -44.944  -39.009  50.885 0.0000000000
57132  -44.444  -39.035  49.544 0.0000000000
57147  -44.639  -38.731  48.693 0.0000000000
58084  -45.648  -37.739  48.437 0.0000000000
65878  -50.925  -28.773  41.746 0.0000000000
139164  -51.974  -29.985  42.599 0.0000000000
121871  -52.320  -29.209  42.399 0.0000000000
65868  -54.114  -28.380  42.821 0.0000000000
135944  -57.315  -28.257  40.438 0.0000000000
128347  -14.101  -65.186  60.853 0.0000000000
31602  -13.881  -65.810  61.526 0.0000000000
50513  -43.562  -45.149  53.778 0.0000000000
51351  -43.911  -44.721  54.487 0.0000000000
52213  -43.085  -43.456  53.811 0.0000000000
53090  -42.798  -42.713  53.675 0.0000000000
54033  -42.470  -42.181  53.069 0.0000000000
55070  -42.904  -41.518  52.951 0.0000000000
54042  -41.862  -41.648  51.925 0.0000000000
55110  -41.070  -41.055  50.135 0.0000000000
55118  -39.889  -40.796  48.025 0.0000000000
121158  -28.008  -57.892  62.244 0.0000000000
39108  -27.692  -58.149  63.023 0.0000000000
39109  -28.690  -58.192  62.861 0.0000000000
38118  -29.870  -58.703  63.642 0.0000000000
38120  -33.005  -58.857  63.034 0.0000000000
42931  -28.691  -53.786  54.127 0.0000000000
42915  -29.730  -54.125  55.034 0.0000000000
44843  -33.663  -51.665  57.399 0.0000000000
43887  -32.929  -52.154  56.947 0.0000000000
133497  -33.881  -52.599  58.139 0.0000000000
131384  -34.684  -53.649  59.079 0.0000000000
42869  -35.199  -54.152  59.635 0.0000000000
40885  -35.775  -55.652  60.674 0.0000000000
41838  -36.187  -55.051  60.911 0.0000000000
39180  -19.267  -58.393  58.623 0.0000000000
38142  -19.181  -58.904  60.115 0.0000000000
38109  -19.128  -59.363  63.072 0.0000000000
37147  -18.568  -59.717  63.537 0.0000000000
38091  -19.900  -59.016  64.330 0.0000000000
61478  -43.717  -33.748  44.186 0.0000000000
60602  -44.332  -34.400  45.589 0.0000000000
61466  -44.622  -33.634  45.301 0.0000000000
61455  -45.570  -33.503  46.284 0.0000000000
62320  -47.047  -32.527  47.065 0.0000000000
67728  -49.860  -25.887  35.973 0.0000000000
66822  -52.135  -27.255  36.782 0.0000000000
68600  -51.554  -25.778  36.213 0.0000000000
70301  -57.990  -23.399  36.010 0.0000000000
124766  -60.216  -24.391  35.276 0.0000000000
70302  -58.975  -23.096  35.914 0.0000000000
71127  -59.819  -22.430  35.648 0.0000000000
34393  -16.148  -62.833  63.522 0.0000000000
134394  -15.371  -64.111  63.662 0.0000000000
51323  -44.140  -45.004  60.382 0.0000000000
50471  -43.405  -45.951  59.209 0.0000000000
49537  -43.535  -46.439  57.083 0.0000000000
49568  -43.912  -46.129  55.397 0.0000000000
121830  -41.537  -47.005  54.648 0.0000000000
49582  -42.070  -46.851  53.875 0.0000000000
50501  -43.481  -46.041  53.831 0.0000000000
50523  -42.348  -45.495  51.842 0.0000000000
51399  -41.433  -44.513  49.867 0.0000000000
39146  -21.761  -58.030  61.282 0.0000000000
39106  -23.060  -58.359  62.872 0.0000000000
39147  -22.609  -57.847  61.243 0.0000000000
39148  -23.938  -57.818  61.424 0.0000000000
39149  -24.787  -57.697  61.412 0.0000000000
40013  -23.805  -57.183  59.213 0.0000000000
132178  -24.645  -57.200  59.904 0.0000000000
39151  -26.565  -57.635  61.507 0.0000000000
39975  -27.043  -57.347  60.803 0.0000000000
39977  -28.876  -57.268  61.001 0.0000000000
39998  -29.426  -57.112  60.350 0.0000000000
45803  -31.441  -50.557  53.536 0.0000000000
45792  -32.369  -50.477  54.595 0.0000000000
46724  -33.028  -49.766  53.431 0.0000000000
46694  -32.956  -50.126  54.887 0.0000000000
45760  -33.142  -50.840  55.999 0.0000000000
45750  -34.073  -50.978  57.203 0.0000000000
45742  -35.708  -50.765  58.093 0.0000000000
45732  -36.816  -51.021  59.223 0.0000000000
45713  -37.180  -51.390  60.906 0.0000000000
46649  -37.425  -50.719  59.676 0.0000000000
46660  -38.417  -49.908  59.440 0.0000000000
46661  -39.207  -49.571  59.696 0.0000000000
129113  -38.628  -48.959  57.051 0.0000000000
47569  -39.239  -49.074  58.488 0.0000000000
47558  -40.501  -48.868  59.873 0.0000000000
48515  -41.695  -47.753  60.623 0.0000000000
39171  -19.782  -58.184  59.091 0.0000000000
56100  -48.174  -40.142  56.075 0.0000000000
56114  -49.400  -40.245  54.995 0.0000000000
55060  -49.763  -40.609  54.004 0.0000000000
55078  -50.587  -39.896  53.458 0.0000000000
57111  -46.971  -39.305  51.976 0.0000000000
57098  -47.826  -39.019  52.360 0.0000000000
133861  -47.089  -31.144  42.886 0.0000000000
64184  -47.718  -31.785  44.373 0.0000000000
64195  -47.938  -31.403  43.445 0.0000000000
64186  -49.571  -31.444  44.497 0.0000000000
123407  -50.732  -31.035  45.951 0.0000000000
64199  -51.904  -30.567  43.175 0.0000000000
64177  -52.337  -30.714  44.955 0.0000000000
57199  -40.358  -38.943  44.312 0.0000000000
58115  -41.741  -38.070  45.088 0.0000000000
58143  -40.998  -37.265  43.707 0.0000000000
58955  -41.225  -36.406  43.533 0.0000000000
59773  -42.097  -35.219  43.745 0.0000000000
60629  -42.410  -34.495  43.456 0.0000000000
61489  -43.490  -33.465  43.411 0.0000000000
62352  -43.886  -32.797  43.035 0.0000000000
63259  -44.965  -31.873  42.843 0.0000000000
63269  -45.557  -31.265  42.522 0.0000000000
117677  -45.738  -30.583  41.942 0.0000000000
64228  -47.406  -30.178  41.920 0.0000000000
122458  -48.165  -28.975  41.402 0.0000000000
121778  -46.166  -28.484  40.222 0.0000000000
122267  -47.589  -28.159  40.542 0.0000000000
65889  -48.788  -28.701  41.274 0.0000000000
66747  -49.764  -27.556  40.712 0.0000000000
67662  -51.092  -26.428  40.245 0.0000000000
67678  -51.657  -25.992  40.110 0.0000000000
67692  -52.779  -26.285  40.083 0.0000000000
66784  -50.923  -26.950  39.402 0.0000000000
66795  -50.570  -27.464  38.604 0.0000000000
66820  -49.857  -27.184  36.863 0.0000000000
67713  -49.386  -26.595  36.355 0.0000000000
32562  -15.033  -64.670  63.311 0.0000000000
31585  -14.093  -65.968  63.431 0.0000000000
30598  -13.606  -66.585  63.641 0.0000000000
30570  -13.060  -67.029  67.262 0.0000000000
29628  -12.769  -67.457  64.920 0.0000000000
30597  -13.058  -67.053  63.402 0.0000000000
29637  -11.993  -68.195  62.758 0.0000000000
28631  -11.084  -69.208  63.041 0.0000000000
27704  -10.733  -69.791  63.298 0.0000000000
25779  -10.356  -71.361  64.820 0.0000000000
55013  -49.195  -40.375  58.429 0.0000000000
53039  -45.946  -42.767  59.578 0.0000000000
118570  -45.028  -44.030  56.233 0.0000000000
52193  -45.658  -43.140  57.378 0.0000000000
55001  -47.391  -41.030  59.150 0.0000000000
55020  -47.632  -40.377  57.761 0.0000000000
56086  -47.958  -40.198  56.692 0.0000000000
55043  -47.065  -40.286  55.123 0.0000000000
119535  -45.790  -40.713  53.615 0.0000000000
137078  -44.084  -40.521  52.090 0.0000000000
55087  -42.814  -40.891  52.179 0.0000000000
56132  -42.947  -40.560  51.667 0.0000000000
56146  -43.526  -40.026  51.221 0.0000000000
56181  -42.653  -40.027  48.924 0.0000000000
56196  -41.901  -39.965  47.499 0.0000000000
56228  -40.892  -39.623  45.849 0.0000000000
53130  -39.813  -41.861  47.487 0.0000000000
54077  -39.706  -41.278  47.396 0.0000000000
55133  -39.436  -40.983  47.215 0.0000000000
55132  -38.585  -40.541  46.799 0.0000000000
56193  -38.732  -40.373  46.780 0.0000000000
131264  -38.725  -39.855  45.814 0.0000000000
56226  -39.363  -39.771  45.221 0.0000000000
56236  -39.959  -39.542  44.715 0.0000000000
38100  -27.908  -58.683  64.351 0.0000000000
40963  -25.360  -55.962  56.229 0.0000000000
40965  -27.128  -55.859  56.365 0.0000000000
130422  -27.007  -56.590  57.549 0.0000000000
40909  -28.072  -56.777  58.483 0.0000000000
40910  -28.953  -56.707  58.698 0.0000000000
40893  -29.947  -56.776  59.759 0.0000000000
119788  -29.920  -52.366  53.603 0.0000000000
43915  -30.383  -53.286  54.798 0.0000000000
42907  -30.418  -54.022  55.492 0.0000000000
42909  -32.344  -53.081  56.576 0.0000000000
42898  -31.955  -53.996  56.736 0.0000000000
41876  -30.687  -54.949  56.850 0.0000000000
40932  -31.269  -55.776  58.330 0.0000000000
132558  -31.527  -56.446  59.715 0.0000000000
40000  -31.277  -56.912  60.566 0.0000000000
39981  -32.550  -57.132  61.433 0.0000000000
39136  -33.830  -57.745  62.425 0.0000000000
34432  -15.393  -63.057  59.769 0.0000000000
34433  -15.933  -62.610  60.054 0.0000000000
129589  -17.501  -59.843  58.236 0.0000000000
36285  -16.438  -61.096  58.268 0.0000000000
35360  -16.657  -61.440  59.413 0.0000000000
35359  -16.457  -61.981  60.289 0.0000000000
138417  -16.398  -62.573  62.796 0.0000000000
34394  -16.592  -62.107  63.439 0.0000000000
125565  -18.674  -59.751  65.038 0.0000000000
58105  -43.412  -37.714  46.608 0.0000000000
58106  -44.080  -37.302  47.011 0.0000000000
58886  -45.936  -37.017  48.162 0.0000000000
59742  -45.174  -35.174  46.820 0.0000000000
58904  -46.102  -36.138  48.024 0.0000000000
58887  -46.677  -36.711  48.503 0.0000000000
59687  -48.470  -36.260  50.142 0.0000000000
63243  -47.635  -31.904  45.899 0.0000000000
62328  -47.548  -32.004  46.788 0.0000000000
62311  -47.965  -32.463  48.263 0.0000000000
65906  -54.378  -27.232  40.057 0.0000000000
65925  -55.817  -28.405  39.753 0.0000000000
65937  -56.951  -28.334  39.294 0.0000000000
66810  -54.246  -28.052  37.646 0.0000000000
65945  -55.593  -28.393  38.496 0.0000000000
66797  -57.695  -27.771  38.804 0.0000000000
66814  -58.963  -27.218  37.962 0.0000000000
66815  -59.818  -27.361  37.895 0.0000000000
67737  -56.354  -26.057  34.908 0.0000000000
126710  -58.022  -26.598  35.199 0.0000000000
67722  -59.746  -26.877  36.024 0.0000000000
68619  -61.333  -25.178  34.736 0.0000000000
47638  -36.777  -48.742  51.359 0.0000000000
47622  -35.876  -48.994  51.890 0.0000000000
57171  -41.688  -39.327  46.158 0.0000000000
57172  -42.447  -38.995  46.477 0.0000000000
121814  -52.915  -26.300  40.995 0.0000000000
67650  -53.362  -26.459  41.684 0.0000000000
67664  -53.844  -26.339  41.383 0.0000000000
67652  -55.044  -26.318  42.190 0.0000000000
67665  -54.730  -26.267  41.734 0.0000000000
67682  -55.184  -26.260  41.517 0.0000000000
67681  -54.280  -26.306  41.141 0.0000000000
33496  -15.620  -63.633  61.421 0.0000000000
33495  -15.173  -63.971  60.954 0.0000000000
52262  -41.554  -43.284  50.030 0.0000000000
134089  -41.707  -42.758  50.741 0.0000000000
53112  -40.858  -41.756  49.721 0.0000000000
38113  -21.994  -58.675  63.585 0.0000000000
39978  -29.759  -57.407  61.111 0.0000000000
39959  -30.114  -57.793  61.910 0.0000000000
39960  -30.908  -57.751  61.892 0.0000000000
39134  -31.467  -57.941  62.273 0.0000000000
44807  -35.935  -51.896  60.039 0.0000000000
44796  -36.270  -52.184  60.787 0.0000000000
44797  -36.800  -51.820  61.284 0.0000000000
62346  -45.547  -32.422  44.500 0.0000000000
63252  -46.229  -32.031  43.937 0.0000000000
48570  -41.188  -47.768  56.761 0.0000000000
49648  -39.941  -46.589  50.539 0.0000000000
49630  -40.430  -46.644  51.257 0.0000000000
40011  -22.227  -57.146  59.110 0.0000000000
40908  -26.702  -57.117  58.791 0.0000000000
40927  -26.455  -56.869  58.038 0.0000000000
46697  -35.228  -49.831  55.518 0.0000000000
124045  -36.468  -49.840  56.463 0.0000000000
134702  -36.980  -49.837  56.872 0.0000000000
48569  -39.973  -47.920  56.013 0.0000000000
48552  -39.883  -48.274  56.711 0.0000000000
133457  -40.493  -47.971  56.529 0.0000000000
48554  -41.366  -47.890  57.506 0.0000000000
40026  -21.316  -56.997  58.027 0.0000000000
40010  -21.374  -57.325  58.922 0.0000000000
55101  -44.951  -40.321  51.821 0.0000000000
55090  -46.503  -40.636  52.263 0.0000000000
58072  -46.409  -37.703  49.713 0.0000000000
129135  -46.774  -37.597  51.121 0.0000000000
58846  -47.034  -37.294  50.450 0.0000000000
65097  -49.199  -30.296  41.946 0.0000000000
65074  -54.371  -30.423  45.885 0.0000000000
67699  -47.662  -26.986  38.873 0.0000000000
66793  -48.463  -26.996  38.677 0.0000000000
31601  -13.303  -66.266  61.223 0.0000000000
30618  -12.756  -66.806  60.898 0.0000000000
122402  -14.091  -65.089  67.150 0.0000000000
32526  -13.683  -65.591  68.279 0.0000000000
27679  -11.337  -69.596  67.135 0.0000000000
26703  -11.674  -70.443  67.560 0.0000000000
50488  -44.851  -45.451  56.324 0.0000000000
50487  -44.532  -45.465  55.574 0.0000000000
53063  -44.461  -42.280  55.633 0.0000000000
54011  -44.137  -41.933  54.811 0.0000000000
54012  -44.632  -41.588  55.394 0.0000000000
55040  -44.250  -41.428  54.562 0.0000000000
117052  -40.385  -40.501  48.804 0.0000000000
138840  -25.723  -57.997  62.555 0.0000000000
140370  -26.182  -58.394  63.322 0.0000000000
116617  -26.200  -58.082  62.778 0.0000000000
41891  -29.082  -55.109  55.817 0.0000000000
40949  -29.237  -55.863  57.223 0.0000000000
44876  -32.103  -51.153  55.088 0.0000000000
43917  -31.746  -51.936  55.248 0.0000000000
44856  -32.205  -51.761  55.750 0.0000000000
41854  -33.976  -55.083  58.670 0.0000000000
40915  -33.602  -55.824  59.049 0.0000000000
40898  -34.829  -55.883  59.825 0.0000000000
47557  -39.921  -49.572  61.116 0.0000000000
135400  -18.134  -60.052  63.242 0.0000000000
59764  -42.479  -35.610  44.376 0.0000000000
60584  -47.045  -33.840  48.150 0.0000000000
64167  -50.616  -30.958  46.830 0.0000000000
121665  -49.724  -31.175  46.793 0.0000000000
66807  -51.409  -27.641  37.380 0.0000000000
120815  -56.136  -26.723  36.132 0.0000000000
67731  -55.607  -26.293  35.325 0.0000000000
69514  -58.207  -24.630  34.950 0.0000000000
69513  -57.196  -24.748  34.815 0.0000000000
68616  -58.817  -25.508  34.680 0.0000000000
68617  -59.967  -25.367  34.894 0.0000000000
48597  -39.410  -47.826  54.310 0.0000000000
116334  -38.861  -47.943  53.051 0.0000000000
48615  -38.877  -47.788  52.198 0.0000000000
48621  -38.877  -47.556  51.374 0.0000000000
47610  -36.120  -49.148  52.806 0.0000000000
46714  -35.982  -49.476  54.171 0.0000000000
47603  -36.886  -49.165  54.120 0.0000000000
136424  -38.156  -48.607  53.971 0.0000000000
48585  -38.988  -48.073  54.782 0.0000000000
57131  -43.769  -39.456  49.030 0.0000000000
57159  -44.510  -38.432  47.884 0.0000000000
120186  -45.228  -38.210  48.817 0.0000000000
58083  -44.979  -38.020  48.186 0.0000000000
65879  -51.716  -28.460  41.997 0.0000000000
118757  -54.315  -29.461  43.128 0.0000000000
65869  -54.967  -28.006  42.836 0.0000000000
66770  -57.256  -27.540  41.279 0.0000000000
32578  -14.822  -64.652  61.384 0.0000000000
130054  -43.131  -44.398  53.275 0.0000000000
135112  -42.813  -44.032  52.698 0.0000000000
53099  -42.097  -42.525  52.192 0.0000000000
53089  -42.454  -42.497  52.982 0.0000000000
53074  -42.790  -42.183  53.491 0.0000000000
53088  -42.082  -42.042  52.384 0.0000000000
54056  -40.872  -41.293  49.913 0.0000000000
129088  -40.592  -41.076  49.535 0.0000000000
55119  -40.252  -41.043  49.043 0.0000000000
39111  -30.373  -58.342  62.975 0.0000000000
39110  -29.608  -58.293  63.033 0.0000000000
39113  -32.631  -58.506  62.874 0.0000000000
42914  -28.927  -54.261  54.781 0.0000000000
42932  -29.516  -53.618  54.404 0.0000000000
45740  -34.204  -51.410  57.758 0.0000000000
44828  -33.986  -51.970  58.008 0.0000000000
43832  -35.241  -53.125  59.636 0.0000000000
41846  -35.684  -54.764  60.264 0.0000000000
39159  -19.739  -58.449  59.863 0.0000000000
39170  -19.388  -58.533  59.421 0.0000000000
38136  -19.783  -58.988  61.614 0.0000000000
38129  -19.211  -59.342  62.109 0.0000000000
38110  -19.748  -59.117  63.438 0.0000000000
38092  -20.836  -58.936  64.534 0.0000000000
60617  -43.990  -34.051  44.919 0.0000000000
61479  -44.370  -33.322  44.566 0.0000000000
61468  -45.755  -32.843  45.941 0.0000000000
61456  -46.284  -32.890  46.544 0.0000000000
62339  -46.887  -32.169  46.292 0.0000000000
68599  -50.764  -25.865  36.118 0.0000000000
70300  -56.956  -23.436  36.018 0.0000000000
71125  -58.320  -22.689  36.056 0.0000000000
33479  -15.887  -63.122  64.258 0.0000000000
33440  -14.620  -63.640  68.451 0.0000000000
50464  -43.146  -46.110  60.125 0.0000000000
49526  -42.756  -46.610  58.716 0.0000000000
49527  -43.118  -46.512  57.810 0.0000000000
49552  -43.526  -46.539  56.193 0.0000000000
49567  -43.209  -46.705  55.200 0.0000000000
49581  -41.013  -47.027  54.055 0.0000000000
136724  -42.189  -46.580  53.029 0.0000000000
49602  -42.815  -46.395  53.423 0.0000000000
49619  -42.663  -46.042  52.622 0.0000000000
51400  -41.728  -45.000  50.490 0.0000000000
118254  -22.589  -58.126  62.042 0.0000000000
39972  -24.258  -57.487  60.708 0.0000000000
40028  -23.322  -56.896  58.425 0.0000000000
40014  -25.324  -57.240  59.218 0.0000000000
39994  -25.671  -57.212  60.066 0.0000000000
39973  -25.199  -57.375  60.722 0.0000000000
39974  -26.114  -57.314  60.794 0.0000000000
40016  -27.467  -57.056  59.067 0.0000000000
39996  -27.533  -57.127  60.013 0.0000000000
39997  -28.538  -57.125  60.200 0.0000000000
46722  -31.364  -50.167  53.121 0.0000000000
134674  -30.928  -50.280  53.020 0.0000000000
46709  -31.977  -50.470  54.034 0.0000000000
45791  -31.778  -50.886  54.264 0.0000000000
46739  -33.898  -49.532  53.055 0.0000000000
46695  -33.712  -49.979  55.137 0.0000000000
45771  -33.451  -50.311  55.569 0.0000000000
45761  -33.894  -50.552  56.398 0.0000000000
45751  -34.635  -50.472  56.961 0.0000000000
45731  -36.062  -51.213  58.844 0.0000000000
46658  -37.203  -50.389  58.957 0.0000000000
134028  -37.872  -49.937  58.744 0.0000000000
139876  -38.435  -49.708  58.879 0.0000000000
46669  -38.919  -49.440  59.008 0.0000000000
47580  -37.986  -49.174  56.774 0.0000000000
47570  -40.020  -48.708  58.173 0.0000000000
118057  -39.770  -49.108  59.152 0.0000000000
48514  -41.217  -48.343  60.281 0.0000000000
48524  -41.150  -48.307  59.337 0.0000000000
49518  -42.177  -47.053  59.450 0.0000000000
49509  -41.992  -47.242  60.227 0.0000000000
49510  -42.522  -46.689  60.342 0.0000000000
132769  -20.169  -57.768  58.715 0.0000000000
138732  -47.751  -40.207  55.435 0.0000000000
56101  -48.986  -40.165  55.968 0.0000000000
134539  -47.798  -40.563  54.505 0.0000000000
55076  -49.076  -40.665  53.308 0.0000000000
55061  -50.534  -40.294  53.987 0.0000000000
55092  -49.276  -40.301  52.799 0.0000000000
56148  -46.072  -39.433  51.588 0.0000000000
57109  -45.709  -38.687  51.281 0.0000000000
57097  -47.271  -38.055  52.150 0.0000000000
57099  -48.693  -38.656  52.700 0.0000000000
56136  -49.504  -39.701  52.708 0.0000000000
57100  -49.707  -38.697  52.931 0.0000000000
124897  -49.148  -37.766  53.052 0.0000000000
58042  -49.362  -36.899  53.194 0.0000000000
64197  -49.956  -31.209  43.368 0.0000000000
64175  -50.309  -31.241  45.245 0.0000000000
64176  -51.303  -30.948  45.268 0.0000000000
64200  -52.604  -30.600  43.968 0.0000000000
65072  -52.997  -30.371  45.795 0.0000000000
25778  -10.052  -71.724  64.061 0.0000000000
25782  -9.722  -71.740  63.222 0.0000000000
24805  -9.885  -72.602  63.521 0.0000000000
58956  -41.829  -35.990  43.986 0.0000000000
59772  -41.445  -35.583  43.366 0.0000000000
60628  -41.713  -34.814  43.141 0.0000000000
60642  -42.053  -34.114  42.825 0.0000000000
61488  -42.778  -33.816  43.097 0.0000000000
62361  -43.506  -32.431  42.360 0.0000000000
62362  -44.237  -32.192  42.629 0.0000000000
63267  -43.771  -31.757  42.094 0.0000000000
127447  -44.817  -31.409  42.257 0.0000000000
64206  -44.975  -30.869  41.901 0.0000000000
65111  -46.234  -29.522  41.254 0.0000000000
64227  -46.514  -30.186  41.836 0.0000000000
125987  -47.037  -29.510  41.461 0.0000000000
65112  -47.819  -29.555  41.633 0.0000000000
65888  -47.571  -28.856  41.202 0.0000000000
66765  -47.722  -27.412  40.170 0.0000000000
126189  -48.241  -27.559  40.467 0.0000000000
65905  -48.202  -28.313  40.946 0.0000000000
137021  -48.869  -27.782  40.710 0.0000000000
65890  -49.548  -28.360  41.196 0.0000000000
66767  -50.072  -27.219  40.243 0.0000000000
67690  -51.331  -26.245  39.777 0.0000000000
121360  -49.931  -27.380  38.285 0.0000000000
66805  -49.500  -27.290  37.564 0.0000000000
66806  -50.412  -27.555  37.664 0.0000000000
29646  -11.867  -67.914  60.898 0.0000000000
133263  -15.224  -64.002  64.916 0.0000000000
32556  -14.997  -64.506  64.300 0.0000000000
31565  -14.045  -65.745  65.473 0.0000000000
138280  -14.272  -65.761  64.225 0.0000000000
31575  -14.063  -65.869  64.759 0.0000000000
30590  -13.857  -66.259  64.250 0.0000000000
30564  -13.225  -66.787  68.392 0.0000000000
29623  -12.348  -67.881  65.475 0.0000000000
29624  -12.769  -67.387  65.677 0.0000000000
125040  -12.714  -67.575  64.018 0.0000000000
29632  -12.591  -67.704  63.126 0.0000000000
29631  -12.136  -68.135  63.684 0.0000000000
124303  -11.144  -69.308  63.949 0.0000000000
27694  -10.641  -70.110  64.107 0.0000000000
26742  -10.295  -70.449  63.441 0.0000000000
116413  -10.529  -70.586  64.916 0.0000000000
25769  -11.718  -71.407  66.410 0.0000000000
132135  -49.370  -40.816  59.631 0.0000000000
55005  -49.766  -40.556  58.974 0.0000000000
136645  -48.883  -40.392  58.652 0.0000000000
51324  -44.881  -44.563  59.785 0.0000000000
51332  -45.775  -44.260  58.429 0.0000000000
51325  -45.538  -44.143  59.308 0.0000000000
125932  -45.849  -43.568  59.021 0.0000000000
53032  -45.925  -42.673  60.539 0.0000000000
52203  -44.052  -43.968  55.124 0.0000000000
51346  -44.613  -44.263  55.633 0.0000000000
52204  -44.348  -43.254  55.636 0.0000000000
53050  -45.475  -42.146  57.035 0.0000000000
53045  -45.926  -42.386  58.033 0.0000000000
53989  -46.212  -42.057  59.031 0.0000000000
132045  -46.202  -41.643  58.218 0.0000000000
53990  -46.679  -41.329  58.691 0.0000000000
55028  -45.830  -40.739  56.234 0.0000000000
55019  -46.838  -40.530  57.433 0.0000000000
55030  -47.423  -40.247  56.989 0.0000000000
56085  -47.333  -40.214  56.105 0.0000000000
55042  -46.433  -40.398  55.647 0.0000000000
55056  -44.393  -40.988  54.146 0.0000000000
55073  -45.039  -40.797  53.219 0.0000000000
119462  -44.717  -40.677  52.421 0.0000000000
55086  -42.213  -41.189  52.021 0.0000000000
117678  -42.578  -41.412  52.510 0.0000000000
56145  -42.468  -40.524  51.130 0.0000000000
118426  -43.005  -40.261  51.052 0.0000000000
56155  -42.737  -40.267  50.527 0.0000000000
56156  -43.397  -39.885  50.604 0.0000000000
56166  -42.321  -40.317  49.859 0.0000000000
117636  -41.027  -40.188  47.797 0.0000000000
56180  -41.825  -40.193  48.377 0.0000000000
56195  -41.132  -39.921  46.807 0.0000000000
54089  -39.119  -41.527  46.875 0.0000000000
54087  -37.948  -41.165  46.593 0.0000000000
55146  -38.463  -40.909  46.803 0.0000000000
56192  -37.863  -40.036  46.605 0.0000000000
56209  -38.080  -39.807  46.156 0.0000000000
56210  -39.257  -40.141  46.614 0.0000000000
132152  -23.901  -58.417  63.046 0.0000000000
38098  -26.270  -58.824  64.512 0.0000000000
39097  -28.225  -58.433  63.628 0.0000000000
38085  -28.513  -58.997  64.898 0.0000000000
41873  -27.932  -55.801  56.447 0.0000000000
138805  -27.583  -55.566  55.921 0.0000000000
40947  -27.488  -56.250  56.985 0.0000000000
40928  -27.808  -56.499  57.716 0.0000000000
40930  -29.679  -56.177  58.105 0.0000000000
40911  -29.746  -56.506  59.023 0.0000000000
141191  -30.356  -56.442  59.299 0.0000000000
44898  -30.429  -51.564  53.412 0.0000000000
43902  -31.058  -53.355  55.517 0.0000000000
134725  -30.936  -53.958  55.966 0.0000000000
42899  -32.970  -53.103  57.311 0.0000000000
41865  -32.768  -54.921  57.852 0.0000000000
41878  -32.357  -54.454  57.278 0.0000000000
41877  -31.518  -54.712  57.082 0.0000000000
41863  -30.987  -55.327  57.558 0.0000000000
40895  -32.255  -56.306  59.503 0.0000000000
40913  -31.846  -56.079  58.984 0.0000000000
137132  -32.059  -56.930  60.895 0.0000000000
132414  -32.798  -56.718  60.655 0.0000000000
39963  -34.193  -57.108  61.699 0.0000000000
39984  -35.644  -56.373  61.136 0.0000000000
45723  -37.680  -50.938  60.460 0.0000000000
38148  -18.222  -59.299  58.739 0.0000000000
36273  -17.622  -60.389  59.858 0.0000000000
133960  -17.193  -60.598  58.988 0.0000000000
37187  -16.773  -60.447  57.700 0.0000000000
36253  -17.124  -61.385  61.960 0.0000000000
35342  -16.820  -61.774  61.159 0.0000000000
35325  -16.663  -62.160  62.108 0.0000000000
138885  -16.647  -62.126  62.789 0.0000000000
38090  -19.074  -59.334  64.109 0.0000000000
37137  -18.449  -59.778  64.281 0.0000000000
134573  -19.161  -59.673  65.606 0.0000000000
55031  -51.482  -40.365  56.370 0.0000000000
58116  -42.372  -37.639  45.511 0.0000000000
58117  -42.915  -37.182  46.010 0.0000000000
58918  -43.635  -36.801  46.351 0.0000000000
58902  -44.787  -36.884  47.301 0.0000000000
58903  -45.464  -36.514  47.611 0.0000000000
60591  -44.701  -34.748  46.239 0.0000000000
59730  -46.299  -35.236  47.788 0.0000000000
58888  -47.397  -36.309  48.882 0.0000000000
58867  -47.739  -36.693  49.732 0.0000000000
59702  -48.043  -35.861  49.363 0.0000000000
59688  -49.157  -35.724  50.565 0.0000000000
59670  -49.908  -35.180  51.081 0.0000000000
138658  -47.464  -31.927  45.097 0.0000000000
63254  -48.195  -31.855  45.124 0.0000000000
63235  -48.170  -31.843  46.530 0.0000000000
63228  -48.193  -31.839  47.248 0.0000000000
62321  -47.704  -32.264  47.512 0.0000000000
62322  -48.163  -31.926  47.959 0.0000000000
66786  -52.304  -26.547  39.580 0.0000000000
66787  -53.368  -27.022  39.704 0.0000000000
65935  -54.142  -28.658  39.109 0.0000000000
125275  -54.842  -28.322  39.592 0.0000000000
65936  -55.185  -28.626  39.126 0.0000000000
121249  -56.130  -28.477  39.213 0.0000000000
66823  -52.960  -27.401  36.858 0.0000000000
66824  -53.812  -27.295  37.054 0.0000000000
66826  -55.512  -27.035  37.168 0.0000000000
66811  -55.108  -27.933  37.741 0.0000000000
122565  -55.866  -27.614  37.840 0.0000000000
66796  -56.569  -27.951  38.460 0.0000000000
66798  -58.666  -27.443  38.767 0.0000000000
66813  -58.029  -27.083  38.011 0.0000000000
67707  -58.329  -26.839  37.133 0.0000000000
67708  -59.311  -26.971  37.078 0.0000000000
66827  -60.218  -27.193  37.061 0.0000000000
69512  -56.308  -24.713  34.717 0.0000000000
68613  -55.734  -25.503  34.774 0.0000000000
67738  -57.248  -26.197  34.883 0.0000000000
67734  -60.186  -26.616  35.272 0.0000000000
67733  -59.076  -26.597  35.119 0.0000000000
67723  -60.751  -27.084  36.245 0.0000000000
67724  -61.305  -27.353  36.000 0.0000000000
69517  -61.067  -24.229  35.087 0.0000000000
47613  -38.223  -48.476  53.311 0.0000000000
48614  -38.222  -48.282  52.502 0.0000000000
47621  -34.945  -49.182  51.937 0.0000000000
47611  -36.860  -48.977  53.212 0.0000000000
126610  -37.563  -48.741  52.816 0.0000000000
56197  -42.752  -39.542  47.251 0.0000000000
57157  -43.455  -39.075  47.472 0.0000000000
66749  -51.454  -26.716  40.999 0.0000000000
66738  -53.812  -26.751  42.289 0.0000000000
67653  -55.670  -26.412  42.355 0.0000000000
67654  -56.143  -26.433  42.292 0.0000000000
66741  -56.757  -26.967  42.616 0.0000000000
67683  -56.011  -26.327  41.784 0.0000000000
66769  -55.797  -26.673  41.109 0.0000000000
33502  -14.993  -63.732  59.916 0.0000000000
32571  -14.996  -64.702  62.360 0.0000000000
52251  -42.051  -43.379  50.984 0.0000000000
52241  -42.326  -43.311  51.706 0.0000000000
53105  -41.859  -42.597  51.461 0.0000000000
53104  -41.532  -42.085  51.029 0.0000000000
130247  -29.436  -58.004  62.361 0.0000000000
39112  -31.195  -58.315  62.815 0.0000000000
39961  -32.314  -57.707  62.085 0.0000000000
44815  -34.921  -51.919  58.931 0.0000000000
44806  -35.352  -52.256  59.544 0.0000000000
43816  -36.217  -53.074  60.910 0.0000000000
43817  -36.664  -52.560  61.524 0.0000000000
39144  -20.316  -58.770  62.075 0.0000000000
38131  -20.363  -58.915  62.894 0.0000000000
38112  -21.222  -58.758  63.723 0.0000000000
62345  -44.808  -32.681  44.170 0.0000000000
61480  -44.970  -32.877  44.968 0.0000000000
49525  -42.138  -47.158  58.619 0.0000000000
124193  -42.364  -46.969  57.917 0.0000000000
137991  -42.147  -47.103  56.659 0.0000000000
49616  -40.077  -46.996  51.972 0.0000000000
123459  -40.493  -47.061  52.609 0.0000000000
49617  -41.039  -46.703  51.986 0.0000000000
49632  -41.728  -46.207  51.627 0.0000000000
39163  -22.255  -57.639  60.555 0.0000000000
39992  -22.797  -57.332  59.852 0.0000000000
141121  -23.330  -57.191  59.583 0.0000000000
40029  -24.129  -56.995  58.385 0.0000000000
40906  -24.991  -57.079  58.401 0.0000000000
40015  -26.177  -57.216  59.381 0.0000000000
46712  -34.268  -49.802  54.496 0.0000000000
46686  -34.780  -49.959  56.042 0.0000000000
45762  -34.488  -50.183  56.408 0.0000000000
46675  -35.042  -50.065  56.737 0.0000000000
46676  -35.803  -50.022  57.031 0.0000000000
46667  -36.123  -50.243  57.763 0.0000000000
46679  -37.828  -49.717  58.001 0.0000000000
117940  -39.265  -48.757  56.867 0.0000000000
48538  -41.054  -48.199  58.311 0.0000000000
48539  -41.815  -47.614  58.057 0.0000000000
39990  -21.041  -57.629  59.663 0.0000000000
55074  -46.546  -40.762  53.210 0.0000000000
55058  -47.226  -40.739  53.735 0.0000000000
55075  -47.387  -40.821  52.784 0.0000000000
55104  -47.337  -40.444  52.128 0.0000000000
128516  -45.683  -38.132  50.151 0.0000000000
58050  -46.953  -37.714  51.594 0.0000000000
58040  -47.774  -37.422  52.401 0.0000000000
58041  -48.450  -37.393  52.761 0.0000000000
58051  -47.432  -37.249  52.048 0.0000000000
58835  -47.890  -36.858  51.793 0.0000000000
58836  -48.677  -36.463  51.111 0.0000000000
138548  -48.628  -30.741  42.287 0.0000000000
116961  -48.512  -31.095  42.821 0.0000000000
64209  -49.260  -30.968  42.623 0.0000000000
64198  -50.963  -30.911  43.236 0.0000000000
65090  -53.802  -29.480  43.262 0.0000000000
116803  -53.414  -30.136  43.918 0.0000000000
65082  -54.062  -30.033  44.518 0.0000000000
66799  -59.580  -27.454  38.854 0.0000000000
61499  -42.389  -33.402  42.502 0.0000000000
65109  -44.736  -29.819  40.980 0.0000000000
65124  -45.855  -29.078  40.629 0.0000000000
66782  -47.368  -27.257  39.736 0.0000000000
66783  -48.271  -27.118  40.148 0.0000000000
66766  -49.053  -27.323  40.359 0.0000000000
67700  -49.276  -27.066  39.340 0.0000000000
67701  -50.034  -27.194  39.060 0.0000000000
29652  -12.141  -67.290  60.470 0.0000000000
118862  -11.950  -68.094  61.845 0.0000000000
32537  -14.813  -64.459  66.021 0.0000000000
32536  -14.459  -64.793  66.590 0.0000000000
31559  -13.975  -65.586  66.484 0.0000000000
31564  -13.585  -66.351  65.961 0.0000000000
30569  -12.599  -67.656  67.531 0.0000000000
28621  -11.846  -68.592  66.817 0.0000000000
119561  -12.058  -68.228  66.145 0.0000000000
28625  -11.777  -68.543  65.293 0.0000000000
28624  -11.234  -69.322  65.694 0.0000000000
27687  -10.807  -70.205  65.677 0.0000000000
26720  -10.546  -71.047  65.622 0.0000000000
26711  -10.903  -70.625  66.360 0.0000000000
25764  -11.998  -71.056  67.149 0.0000000000
50477  -44.775  -45.421  58.195 0.0000000000
51336  -45.484  -44.904  57.798 0.0000000000
53076  -43.426  -42.720  54.539 0.0000000000
53062  -43.921  -42.534  55.007 0.0000000000
54003  -45.521  -41.352  56.668 0.0000000000
55041  -45.572  -40.726  55.323 0.0000000000
116667  -44.831  -41.110  55.024 0.0000000000
55071  -43.245  -41.263  53.090 0.0000000000
56143  -41.645  -40.857  50.752 0.0000000000
130708  -41.645  -40.714  50.470 0.0000000000
56165  -41.578  -40.556  49.904 0.0000000000
117270  -41.020  -40.296  48.764 0.0000000000
128131  -40.215  -40.258  47.195 0.0000000000
124456  -24.538  -58.171  62.626 0.0000000000
137307  -24.611  -58.501  63.230 0.0000000000
39107  -25.414  -58.311  63.034 0.0000000000
38117  -25.823  -58.653  63.809 0.0000000000
122814  -29.793  -59.091  64.341 0.0000000000
38086  -29.360  -59.302  64.913 0.0000000000
123391  -28.297  -55.413  55.849 0.0000000000
137335  -30.485  -55.773  58.021 0.0000000000
134881  -30.649  -52.215  54.202 0.0000000000
42890  -33.694  -53.847  58.132 0.0000000000
41866  -33.508  -54.596  58.176 0.0000000000
40933  -32.306  -55.620  58.313 0.0000000000
40896  -33.044  -56.368  59.733 0.0000000000
40002  -33.669  -56.604  60.375 0.0000000000
132572  -34.142  -56.762  60.889 0.0000000000
39983  -34.865  -56.662  60.987 0.0000000000
37174  -18.715  -59.532  60.682 0.0000000000
37173  -18.075  -59.977  60.363 0.0000000000
36266  -17.601  -60.508  60.499 0.0000000000
38066  -19.763  -59.496  65.760 0.0000000000
58947  -42.245  -36.405  44.599 0.0000000000
58935  -42.609  -36.791  45.271 0.0000000000
58937  -43.878  -35.977  46.084 0.0000000000
60583  -46.447  -34.314  47.610 0.0000000000
60574  -46.896  -34.789  48.266 0.0000000000
59720  -47.493  -35.347  48.750 0.0000000000
60561  -48.094  -34.887  49.229 0.0000000000
60562  -48.630  -34.317  49.752 0.0000000000
63244  -48.567  -31.760  45.913 0.0000000000
64173  -49.303  -31.403  46.030 0.0000000000
64160  -49.485  -31.160  47.644 0.0000000000
65933  -52.265  -27.950  38.745 0.0000000000
65923  -52.715  -27.722  39.254 0.0000000000
65942  -52.637  -28.267  38.219 0.0000000000
65943  -53.784  -28.484  38.304 0.0000000000
66812  -56.469  -27.045  37.405 0.0000000000
131316  -56.903  -26.785  36.466 0.0000000000
67720  -57.705  -26.794  36.181 0.0000000000
70299  -56.153  -23.504  35.765 0.0000000000
69503  -56.712  -24.013  35.321 0.0000000000
67740  -59.475  -26.144  34.792 0.0000000000
70309  -60.634  -23.374  35.299 0.0000000000
48587  -40.169  -47.684  55.229 0.0000000000
48598  -40.142  -47.467  54.340 0.0000000000
49600  -39.687  -47.493  52.667 0.0000000000
40945  -24.927  -56.328  56.987 0.0000000000
47619  -32.957  -49.303  51.834 0.0000000000
132534  -33.267  -49.505  52.611 0.0000000000
46740  -34.720  -49.399  52.754 0.0000000000
46726  -34.557  -49.601  53.612 0.0000000000
46713  -35.143  -49.650  54.232 0.0000000000
124713  -35.633  -49.672  54.898 0.0000000000
46699  -36.912  -49.552  55.715 0.0000000000
121550  -38.021  -48.913  55.061 0.0000000000
47604  -37.731  -48.890  54.394 0.0000000000
47592  -38.738  -48.708  55.432 0.0000000000
48586  -39.494  -48.136  55.391 0.0000000000
57107  -44.107  -39.493  50.766 0.0000000000
56147  -45.194  -39.597  51.444 0.0000000000
57120  -44.641  -38.987  50.247 0.0000000000
58057  -45.190  -38.546  50.411 0.0000000000
58070  -45.071  -38.490  49.645 0.0000000000
58071  -45.762  -37.985  49.221 0.0000000000
65114  -50.150  -29.041  41.598 0.0000000000
65098  -50.687  -29.750  42.002 0.0000000000
64212  -51.490  -29.486  42.178 0.0000000000
65880  -52.572  -28.084  42.279 0.0000000000
65099  -53.232  -28.848  42.646 0.0000000000
66752  -57.494  -27.452  42.344 0.0000000000
65909  -58.077  -28.174  40.686 0.0000000000
66788  -58.538  -28.064  40.010 0.0000000000
32593  -14.293  -64.218  59.476 0.0000000000
32584  -13.928  -64.852  59.822 0.0000000000
136218  -13.630  -66.306  61.949 0.0000000000
50502  -43.807  -45.561  54.275 0.0000000000
51345  -44.491  -44.853  55.211 0.0000000000
137948  -43.428  -44.258  53.960 0.0000000000
52214  -43.481  -43.563  54.483 0.0000000000
52228  -42.724  -43.335  53.219 0.0000000000
135874  -43.106  -42.894  54.145 0.0000000000
53075  -43.111  -42.390  54.002 0.0000000000
54025  -43.173  -41.947  53.808 0.0000000000
55054  -43.254  -41.577  53.547 0.0000000000
54034  -42.874  -41.808  53.296 0.0000000000
54043  -42.244  -41.573  52.338 0.0000000000
55085  -41.871  -41.302  51.677 0.0000000000
54050  -41.573  -41.544  51.206 0.0000000000
54049  -41.293  -41.298  50.490 0.0000000000
55099  -41.535  -41.139  50.951 0.0000000000
56152  -40.544  -40.834  49.441 0.0000000000
56163  -40.111  -40.787  48.814 0.0000000000
39130  -26.986  -57.935  62.340 0.0000000000
125250  -26.849  -58.234  63.181 0.0000000000
39098  -29.038  -58.509  63.608 0.0000000000
123133  -31.752  -58.764  63.112 0.0000000000
41910  -29.222  -54.649  55.282 0.0000000000
41892  -29.821  -54.690  55.646 0.0000000000
43888  -33.488  -52.444  57.623 0.0000000000
43872  -34.308  -52.283  58.558 0.0000000000
43853  -34.105  -53.175  58.529 0.0000000000
41855  -34.629  -54.636  59.085 0.0000000000
41845  -35.081  -55.118  59.624 0.0000000000
40899  -35.350  -55.540  60.121 0.0000000000
42856  -36.201  -54.141  60.913 0.0000000000
41839  -36.679  -54.790  61.492 0.0000000000
40879  -36.977  -55.443  62.168 0.0000000000
38149  -18.911  -58.873  59.166 0.0000000000
38135  -19.304  -59.257  61.121 0.0000000000
37159  -18.565  -59.771  62.588 0.0000000000
38077  -20.178  -59.106  65.160 0.0000000000
60616  -43.421  -34.501  44.471 0.0000000000
59766  -43.748  -34.838  45.160 0.0000000000
60603  -44.946  -33.964  45.962 0.0000000000
61467  -45.248  -33.230  45.636 0.0000000000
61447  -46.682  -33.379  47.365 0.0000000000
61448  -47.371  -32.966  47.822 0.0000000000
67714  -50.284  -26.602  36.383 0.0000000000
131692  -51.466  -27.096  36.681 0.0000000000
121008  -51.128  -26.526  36.384 0.0000000000
67715  -51.908  -26.479  36.448 0.0000000000
138665  -58.120  -23.929  35.620 0.0000000000
69505  -58.738  -23.819  35.629 0.0000000000
69506  -59.720  -23.595  35.639 0.0000000000
140366  -59.622  -22.900  35.817 0.0000000000
70303  -60.116  -23.100  35.643 0.0000000000
125976  -15.958  -63.221  62.814 0.0000000000
33484  -15.512  -64.010  62.812 0.0000000000
33485  -15.769  -63.540  63.570 0.0000000000
33478  -15.505  -63.797  64.290 0.0000000000
33451  -14.748  -63.754  67.647 0.0000000000
117474  -43.691  -45.599  59.963 0.0000000000
121395  -43.986  -45.736  58.554 0.0000000000
50475  -43.398  -46.090  58.393 0.0000000000
50476  -43.958  -45.903  57.705 0.0000000000
50480  -44.198  -45.957  56.733 0.0000000000
138276  -44.273  -45.952  56.007 0.0000000000
49566  -41.590  -47.213  55.451 0.0000000000
117993  -42.347  -46.965  54.888 0.0000000000
49583  -42.998  -46.640  54.266 0.0000000000
49584  -43.647  -46.183  54.608 0.0000000000
50512  -43.190  -45.608  53.156 0.0000000000
51369  -42.806  -45.053  52.563 0.0000000000
50534  -41.862  -45.603  51.073 0.0000000000
51383  -42.273  -44.454  51.141 0.0000000000
52263  -41.972  -44.004  50.406 0.0000000000
39105  -22.217  -58.381  62.876 0.0000000000
117773  -23.213  -57.911  61.534 0.0000000000
39127  -24.429  -57.916  61.986 0.0000000000
39150  -25.660  -57.625  61.463 0.0000000000
39152  -27.500  -57.629  61.546 0.0000000000
39153  -28.400  -57.576  61.569 0.0000000000
39976  -27.985  -57.292  60.870 0.0000000000
44877  -32.601  -51.178  55.674 0.0000000000
46710  -32.441  -50.091  54.110 0.0000000000
46711  -33.326  -49.898  54.351 0.0000000000
45770  -32.793  -50.648  55.274 0.0000000000
44858  -33.377  -51.238  56.738 0.0000000000
45741  -34.840  -50.991  57.734 0.0000000000
45730  -35.260  -51.349  58.550 0.0000000000
45721  -36.293  -51.458  59.692 0.0000000000
45722  -37.014  -51.273  60.058 0.0000000000
46650  -38.040  -50.377  60.044 0.0000000000
46659  -37.749  -50.260  59.399 0.0000000000
46651  -38.752  -49.955  60.275 0.0000000000
46652  -39.512  -49.632  60.410 0.0000000000
139213  -40.112  -49.265  60.471 0.0000000000
46688  -37.283  -49.601  56.486 0.0000000000
47573  -38.234  -49.287  57.513 0.0000000000
121239  -39.085  -48.937  57.690 0.0000000000
132173  -39.837  -49.304  59.911 0.0000000000
48502  -41.364  -48.232  61.062 0.0000000000
48525  -41.657  -47.745  59.792 0.0000000000
39172  -20.355  -58.003  59.541 0.0000000000
56088  -49.374  -40.302  56.580 0.0000000000
55059  -48.839  -40.679  54.157 0.0000000000
56115  -50.333  -40.196  54.825 0.0000000000
56116  -51.192  -40.000  54.690 0.0000000000
55103  -46.678  -40.198  51.806 0.0000000000
56134  -47.738  -40.053  52.091 0.0000000000
57110  -46.537  -38.444  51.656 0.0000000000
56135  -48.616  -39.919  52.421 0.0000000000
55093  -49.981  -40.100  52.908 0.0000000000
56137  -50.263  -39.485  52.977 0.0000000000
63261  -46.370  -31.507  43.072 0.0000000000
63262  -47.093  -31.686  43.688 0.0000000000
64185  -48.571  -31.621  44.373 0.0000000000
132930  -49.616  -31.383  45.421 0.0000000000
64168  -51.370  -30.700  46.431 0.0000000000
64211  -51.249  -30.337  42.500 0.0000000000
64188  -51.645  -30.930  44.114 0.0000000000
65071  -52.147  -30.541  46.019 0.0000000000
27714  -10.348  -70.214  61.922 0.0000000000
57200  -41.055  -38.502  44.694 0.0000000000
57187  -42.073  -38.491  45.804 0.0000000000
58129  -41.388  -37.679  44.381 0.0000000000
58946  -41.620  -36.824  44.172 0.0000000000
59774  -42.763  -34.865  44.106 0.0000000000
60630  -43.110  -34.168  43.770 0.0000000000
61500  -43.173  -33.131  42.708 0.0000000000
62353  -44.596  -32.484  43.350 0.0000000000
63268  -44.418  -31.705  42.281 0.0000000000
64207  -46.375  -30.876  42.422 0.0000000000
139011  -47.030  -30.642  42.284 0.0000000000
128899  -45.819  -29.998  41.555 0.0000000000
65113  -48.592  -29.555  41.632 0.0000000000
65904  -45.377  -28.576  40.079 0.0000000000
129960  -49.381  -29.331  41.581 0.0000000000
65891  -50.346  -28.025  41.259 0.0000000000
66748  -50.635  -27.180  40.720 0.0000000000
140029  -52.339  -26.197  40.760 0.0000000000
67679  -52.325  -26.127  40.381 0.0000000000
67691  -51.915  -26.030  39.831 0.0000000000
66785  -51.552  -26.464  39.452 0.0000000000
65921  -51.370  -27.499  38.805 0.0000000000
65932  -51.069  -27.794  38.188 0.0000000000
31594  -14.603  -65.344  62.880 0.0000000000
31576  -14.633  -65.287  63.835 0.0000000000
31593  -14.049  -65.893  62.413 0.0000000000
30608  -13.554  -66.597  62.738 0.0000000000
31550  -13.434  -66.095  68.640 0.0000000000
31558  -13.432  -66.337  66.921 0.0000000000
30576  -12.645  -67.462  66.888 0.0000000000
30582  -12.991  -66.998  66.352 0.0000000000
119726  -13.164  -66.894  65.389 0.0000000000
30589  -13.245  -66.867  64.383 0.0000000000
30607  -12.912  -67.253  62.501 0.0000000000
29638  -12.424  -67.763  62.368 0.0000000000
28627  -11.704  -68.629  64.268 0.0000000000
28632  -11.597  -68.731  63.311 0.0000000000
26741  -9.970  -71.079  63.546 0.0000000000
137276  -10.393  -71.975  64.627 0.0000000000
25773  -10.772  -71.801  65.235 0.0000000000
53991  -50.378  -41.036  58.949 0.0000000000
129830  -50.376  -40.574  58.486 0.0000000000
51318  -44.750  -44.272  61.041 0.0000000000
129134  -44.979  -44.883  55.898 0.0000000000
52188  -45.931  -43.483  58.227 0.0000000000
133576  -45.981  -42.887  58.799 0.0000000000
53040  -46.329  -42.123  60.071 0.0000000000
55002  -48.046  -40.781  59.485 0.0000000000
53997  -46.428  -41.065  57.859 0.0000000000
55010  -47.104  -40.735  58.267 0.0000000000
55011  -47.856  -40.546  58.594 0.0000000000
56064  -48.322  -40.339  57.983 0.0000000000
56075  -48.678  -40.360  57.478 0.0000000000
55057  -46.327  -40.583  54.439 0.0000000000
121295  -45.891  -40.720  52.854 0.0000000000
55088  -43.363  -40.854  52.339 0.0000000000
56131  -42.300  -40.857  51.647 0.0000000000
56133  -43.593  -40.374  51.712 0.0000000000
57118  -43.127  -39.903  49.858 0.0000000000
131358  -42.527  -39.984  47.992 0.0000000000
124144  -40.602  -42.961  48.718 0.0000000000
54078  -40.156  -41.524  48.287 0.0000000000
54076  -38.940  -41.130  46.848 0.0000000000
54065  -40.013  -41.104  48.262 0.0000000000
56177  -39.441  -40.773  47.317 0.0000000000
56194  -39.733  -40.505  47.408 0.0000000000
140014  -39.522  -39.899  45.940 0.0000000000
56227  -40.134  -39.750  45.495 0.0000000000
57185  -40.646  -39.261  45.076 0.0000000000
131699  -22.660  -58.608  63.409 0.0000000000
38114  -23.362  -58.681  63.595 0.0000000000
39096  -27.403  -58.473  63.744 0.0000000000
38099  -27.096  -58.760  64.460 0.0000000000
40946  -25.851  -56.324  56.918 0.0000000000
138899  -26.305  -56.585  57.428 0.0000000000
40018  -29.157  -56.943  59.542 0.0000000000
39999  -30.298  -57.069  60.472 0.0000000000
43930  -29.955  -52.928  54.141 0.0000000000
126199  -30.495  -54.564  56.118 0.0000000000
136893  -32.374  -52.222  56.291 0.0000000000
135483  -32.567  -53.740  57.083 0.0000000000
41893  -31.199  -54.307  56.472 0.0000000000
40912  -31.006  -56.229  59.156 0.0000000000
40894  -30.723  -56.635  59.838 0.0000000000
39962  -33.191  -57.396  61.952 0.0000000000
40004  -35.214  -56.146  60.441 0.0000000000
39964  -35.207  -56.949  61.763 0.0000000000
34442  -14.907  -63.168  59.077 0.0000000000
34421  -15.952  -63.202  61.490 0.0000000000
35394  -15.900  -61.778  58.396 0.0000000000
125144  -16.927  -61.443  60.391 0.0000000000
35341  -16.272  -62.570  61.134 0.0000000000
34408  -16.230  -62.911  62.076 0.0000000000
35298  -16.321  -62.469  64.216 0.0000000000
58104  -42.721  -38.089  46.216 0.0000000000
58094  -44.632  -37.742  47.540 0.0000000000
58095  -45.290  -37.358  47.819 0.0000000000
59753  -44.104  -35.187  45.835 0.0000000000
59741  -44.526  -35.582  46.453 0.0000000000
59729  -45.629  -35.625  47.425 0.0000000000
58920  -44.941  -35.996  47.105 0.0000000000
58866  -47.027  -37.110  49.255 0.0000000000
63253  -46.940  -31.943  44.597 0.0000000000
63242  -46.855  -31.990  45.471 0.0000000000
61441  -48.374  -32.656  48.914 0.0000000000
61428  -48.633  -33.303  49.494 0.0000000000
67693  -53.784  -26.506  40.459 0.0000000000
65907  -55.404  -27.645  40.296 0.0000000000
65924  -54.029  -28.094  39.570 0.0000000000
65926  -56.748  -28.468  39.846 0.0000000000
130866  -57.696  -28.325  39.810 0.0000000000
66809  -53.294  -28.079  37.591 0.0000000000
134329  -58.393  -27.868  39.404 0.0000000000
66816  -60.544  -27.533  37.738 0.0000000000
67732  -56.475  -26.386  35.261 0.0000000000
68629  -61.721  -25.398  34.182 0.0000000000
25763  -11.375  -70.919  66.847 0.0000000000
25770  -12.324  -71.360  66.609 0.0000000000
26702  -11.215  -70.182  67.084 0.0000000000
26731  -10.256  -70.871  64.171 0.0000000000
26752  -10.383  -70.142  62.776 0.0000000000
28620  -11.441  -69.225  66.657 0.0000000000
29609  -12.445  -68.070  67.917 0.0000000000
29619  -12.513  -67.662  66.251 0.0000000000
31553  -13.386  -66.377  67.869 0.0000000000
32545  -14.432  -65.056  65.771 0.0000000000
33461  -14.856  -63.953  66.689 0.0000000000
47656  -37.204  -48.332  50.617 0.0000000000
52199  -45.530  -43.866  56.890 0.0000000000
53984  -49.788  -41.204  59.547 0.0000000000
55004  -49.042  -40.511  59.212 0.0000000000
55012  -48.511  -40.472  58.822 0.0000000000
55077  -49.895  -40.388  53.336 0.0000000000
56065  -48.773  -40.364  58.132 0.0000000000
56074  -48.154  -40.276  57.282 0.0000000000
56090  -51.207  -40.233  56.034 0.0000000000
56113  -48.487  -40.232  55.220 0.0000000000
58826  -48.772  -36.854  52.737 0.0000000000
66740  -56.172  -26.754  42.663 0.0000000000
67663  -51.829  -26.176  40.550 0.0000000000
122000  -54.583  -26.614  42.342 0.0000000000
122590  -53.462  -28.184  39.329 0.0000000000
125912  -28.581  -58.655  64.163 0.0000000000
129667  -50.705  -41.587  58.705 0.0000000000
132488  -53.197  -28.383  38.244 0.0000000000
135310  -42.641  -41.670  52.813 0.0000000000
139857  -41.300  -40.407  49.407 0.0000000000
141045  -47.211  -40.160  51.894 0.0000000000
