#!ascii label  , from subject sub-v1s1x0050667_ses-1 vox2ras=TkReg
2145
130842  -35.004  -51.922  -17.207 0.5000000000
124983  -35.679  -51.881  -17.332 0.5000000000
45590  -35.300  -51.182  -17.392 0.4000000060
46499  -35.618  -50.395  -17.345 0.5000000000
47417  -35.865  -49.531  -16.593 0.5000000000
61171  -35.759  -34.000  -14.911 0.5000000000
62045  -36.373  -32.810  -15.527 0.4000000060
62046  -37.380  -32.831  -15.683 0.4000000060
62936  -36.654  -32.121  -15.282 0.4000000060
62937  -37.754  -32.130  -15.464 0.6000000238
63876  -37.353  -31.598  -14.942 0.5000000000
62938  -38.537  -32.368  -15.413 0.5000000000
63872  -37.531  -30.998  -14.201 0.5000000000
62933  -38.128  -31.698  -14.816 0.4000000060
63873  -38.268  -31.385  -13.945 0.4000000060
62929  -38.597  -32.059  -13.324 0.4000000060
42679  -35.665  -54.400  -17.504 0.5000000000
43677  -36.040  -53.500  -17.236 0.4000000060
44679  -36.399  -52.397  -17.384 0.5000000000
132624  -37.080  -51.775  -17.510 0.5000000000
46485  -36.382  -50.136  -17.150 0.5000000000
60322  -35.038  -34.568  -14.406 0.5000000000
60314  -35.775  -35.395  -13.753 0.5000000000
61164  -36.066  -34.760  -14.144 0.5000000000
61165  -36.756  -34.483  -14.492 0.5000000000
61172  -36.747  -33.535  -15.272 0.5000000000
62940  -38.178  -32.658  -15.750 0.6000000238
62003  -39.359  -33.386  -8.780 0.3000000119
62934  -38.808  -32.296  -14.492 0.4000000060
62019  -39.131  -33.410  -9.629 0.3000000119
62921  -38.601  -32.314  -10.988 0.4000000060
130854  -38.674  -32.781  -12.539 0.3000000119
44678  -35.314  -52.742  -17.106 0.5000000000
45591  -36.361  -51.111  -17.494 0.5000000000
47408  -35.576  -49.253  -15.951 0.5000000000
62051  -38.244  -33.253  -15.806 0.6000000238
62902  -39.396  -32.371  -8.596 0.3000000119
62916  -39.136  -32.613  -9.440 0.3000000119
28520  -41.858  -69.294  -17.328 0.3000000119
29516  -42.550  -68.781  -17.613 0.3000000119
29523  -43.087  -69.143  -18.241 0.4000000060
119285  -43.454  -68.362  -17.743 0.4000000060
136212  -43.532  -69.629  -18.533 0.4000000060
119883  -43.960  -68.977  -18.487 0.4000000060
119517  -44.884  -68.538  -18.511 0.4000000060
28528  -44.793  -69.386  -18.926 0.4000000060
29524  -46.258  -68.689  -19.236 0.4000000060
30503  -47.348  -67.530  -19.117 0.4000000060
29511  -42.048  -68.222  -16.487 0.3000000119
30486  -43.129  -67.423  -16.366 0.3000000119
30487  -43.951  -67.046  -16.434 0.4000000060
30495  -43.646  -67.667  -17.053 0.4000000060
136215  -44.116  -67.913  -17.562 0.4000000060
30496  -44.684  -67.875  -17.919 0.4000000060
118975  -45.091  -67.424  -17.809 0.4000000060
132886  -45.688  -68.417  -18.754 0.4000000060
117924  -46.325  -67.892  -18.762 0.4000000060
31498  -48.804  -66.575  -18.959 0.4000000060
32431  -43.590  -65.630  -14.316 0.3000000119
126331  -43.527  -66.295  -15.058 0.3000000119
32441  -44.114  -65.742  -15.021 0.3000000119
134853  -44.733  -66.550  -16.633 0.4000000060
30488  -44.487  -67.333  -17.244 0.4000000060
31483  -45.271  -66.791  -17.415 0.4000000060
31484  -47.275  -66.222  -17.936 0.4000000060
30498  -46.766  -67.020  -18.397 0.4000000060
140648  -48.951  -65.492  -17.780 0.4000000060
31485  -48.364  -66.065  -18.203 0.4000000060
34265  -50.733  -64.046  -18.230 0.4000000060
33382  -49.395  -64.526  -17.520 0.4000000060
31486  -49.384  -65.888  -18.417 0.4000000060
32415  -43.314  -65.169  -13.508 0.3000000119
31459  -42.901  -66.386  -14.458 0.3000000119
32432  -44.461  -65.115  -14.535 0.3000000119
32453  -45.645  -65.372  -15.876 0.3000000119
31474  -45.680  -65.987  -16.760 0.3000000119
119755  -46.211  -66.473  -17.650 0.4000000060
31475  -46.773  -65.714  -17.128 0.4000000060
34254  -48.919  -64.105  -17.161 0.4000000060
32466  -47.937  -65.407  -17.383 0.4000000060
126378  -49.068  -63.650  -17.465 0.4000000060
35190  -49.947  -63.495  -18.083 0.4000000060
32416  -44.067  -64.808  -13.824 0.3000000119
33342  -44.471  -64.122  -13.383 0.3000000119
33353  -44.881  -64.383  -14.002 0.3000000119
33354  -45.784  -63.942  -14.064 0.3000000119
33361  -46.053  -64.289  -14.813 0.4000000060
32444  -46.271  -64.667  -15.572 0.4000000060
33371  -47.164  -64.437  -16.016 0.4000000060
32454  -46.464  -65.225  -16.306 0.4000000060
35176  -47.460  -62.476  -16.877 0.3000000119
129169  -47.932  -63.435  -16.486 0.4000000060
32455  -48.026  -64.630  -16.681 0.4000000060
35177  -48.252  -62.989  -17.281 0.3000000119
139292  -48.527  -63.750  -16.845 0.4000000060
34253  -48.337  -63.942  -16.456 0.4000000060
35189  -48.962  -62.678  -17.938 0.4000000060
36089  -42.724  -61.612  -11.347 0.3000000119
34207  -43.509  -62.947  -11.747 0.3000000119
36982  -42.906  -60.836  -11.621 0.3000000119
33341  -43.740  -64.464  -13.128 0.3000000119
34213  -43.805  -63.384  -12.237 0.3000000119
33335  -44.127  -63.776  -12.806 0.3000000119
123147  -44.696  -63.547  -13.108 0.3000000119
35153  -45.406  -62.592  -13.747 0.3000000119
33343  -45.179  -63.735  -13.525 0.3000000119
34222  -45.651  -63.342  -13.652 0.3000000119
35163  -46.451  -62.943  -14.821 0.3000000119
33355  -46.279  -63.781  -14.525 0.3000000119
35168  -46.517  -62.620  -15.635 0.3000000119
33362  -46.692  -64.009  -15.198 0.3000000119
35169  -47.172  -63.023  -16.107 0.3000000119
34241  -46.880  -63.475  -15.436 0.4000000060
36134  -47.276  -61.427  -16.858 0.3000000119
35188  -48.078  -61.810  -17.652 0.4000000060
125408  -48.736  -60.633  -17.903 0.4000000060
37040  -49.742  -60.402  -18.330 0.4000000060
36090  -43.251  -61.594  -11.869 0.3000000119
35138  -43.611  -62.309  -12.056 0.3000000119
36986  -43.492  -60.775  -12.160 0.3000000119
34214  -44.450  -63.092  -12.653 0.3000000119
35144  -44.695  -62.440  -13.108 0.3000000119
37003  -45.300  -61.393  -14.307 0.3000000119
36124  -46.177  -61.769  -15.777 0.3000000119
35167  -46.055  -62.269  -15.225 0.3000000119
35162  -45.789  -62.402  -14.562 0.3000000119
37021  -46.633  -61.149  -16.185 0.3000000119
35175  -46.706  -62.105  -16.370 0.3000000119
37022  -47.382  -60.334  -16.375 0.3000000119
37033  -48.019  -60.619  -17.222 0.3000000119
37034  -48.865  -59.658  -17.477 0.3000000119
38006  -50.381  -59.219  -18.373 0.4000000060
37942  -43.303  -59.857  -11.735 0.3000000119
36099  -44.293  -61.613  -12.931 0.3000000119
126430  -44.385  -60.133  -12.783 0.3000000119
38932  -43.821  -58.859  -11.334 0.3000000119
117588  -44.821  -58.412  -11.140 0.3000000119
36995  -44.503  -60.750  -13.190 0.3000000119
37961  -44.868  -59.858  -13.203 0.3000000119
38917  -45.094  -58.058  -10.363 0.3000000119
37004  -46.145  -59.733  -14.511 0.3000000119
136464  -45.502  -60.309  -14.248 0.3000000119
119811  -46.398  -60.025  -15.281 0.3000000119
37009  -45.760  -60.590  -14.899 0.3000000119
37011  -47.123  -59.723  -15.634 0.3000000119
37023  -48.415  -59.734  -16.671 0.3000000119
137539  -49.432  -59.641  -18.039 0.4000000060
38000  -49.761  -58.736  -17.841 0.4000000060
38001  -50.278  -58.533  -18.440 0.5000000000
37949  -43.956  -60.020  -12.329 0.3000000119
37943  -44.060  -59.373  -11.958 0.3000000119
37950  -44.623  -59.416  -12.494 0.3000000119
38933  -44.628  -58.827  -11.862 0.3000000119
36996  -45.028  -60.555  -13.753 0.3000000119
37962  -45.664  -59.549  -13.727 0.3000000119
38918  -45.770  -58.238  -10.876 0.3000000119
38902  -45.956  -57.925  -10.021 0.3000000119
38903  -46.782  -58.212  -10.443 0.3000000119
37969  -46.905  -59.331  -14.894 0.3000000119
132463  -47.441  -58.081  -9.640 0.3000000119
118457  -48.474  -59.027  -15.615 0.3000000119
37978  -48.058  -59.557  -15.899 0.3000000119
137663  -49.153  -58.308  -9.947 0.3000000119
37979  -48.810  -58.916  -16.293 0.3000000119
37991  -49.209  -58.701  -17.101 0.3000000119
39023  -49.800  -57.999  -17.608 0.4000000060
39892  -49.889  -57.881  -17.886 0.5000000000
37951  -45.394  -59.115  -12.928 0.3000000119
38948  -45.176  -58.831  -12.315 0.3000000119
38934  -45.466  -58.517  -11.712 0.3000000119
38967  -46.279  -58.774  -13.246 0.3000000119
38949  -45.951  -58.626  -12.415 0.3000000119
38935  -46.524  -58.357  -11.605 0.3000000119
37970  -47.859  -59.173  -15.164 0.3000000119
132690  -47.347  -58.329  -11.121 0.3000000119
119362  -48.142  -58.415  -11.261 0.3000000119
38920  -48.718  -58.414  -10.521 0.3000000119
140593  -50.483  -59.097  -12.047 0.3000000119
38938  -50.112  -58.824  -11.527 0.3000000119
39000  -49.058  -58.482  -15.782 0.3000000119
39001  -49.501  -57.842  -16.608 0.3000000119
38968  -47.263  -58.558  -13.548 0.3000000119
38950  -46.928  -58.438  -12.640 0.3000000119
38984  -47.510  -58.848  -14.406 0.3000000119
37963  -46.616  -59.028  -14.075 0.3000000119
38951  -48.013  -58.365  -12.974 0.3000000119
117085  -48.360  -58.489  -12.109 0.3000000119
38936  -47.531  -58.382  -11.967 0.3000000119
38999  -48.615  -58.755  -15.145 0.3000000119
38985  -48.247  -58.793  -14.645 0.3000000119
38969  -48.179  -58.625  -13.946 0.3000000119
38970  -48.933  -58.599  -13.572 0.3000000119
38952  -49.034  -58.616  -12.685 0.3000000119
138434  -49.157  -58.410  -15.199 0.3000000119
116332  -50.155  -58.691  -12.982 0.3000000119
38954  -50.798  -59.053  -12.361 0.3000000119
38953  -49.974  -58.934  -12.400 0.3000000119
39831  -51.351  -58.232  -13.048 0.3000000119
38972  -50.903  -58.654  -12.851 0.3000000119
40758  -49.556  -57.211  -16.239 0.4000000060
38973  -51.839  -58.872  -12.637 0.3000000119
39870  -49.521  -57.157  -16.793 0.4000000060
40719  -53.464  -57.817  -13.638 0.3000000119
39881  -49.468  -57.539  -17.270 0.3000000119
41650  -54.303  -57.365  -14.188 0.3000000119
39891  -49.201  -57.662  -17.977 0.5000000000
39879  -48.230  -57.525  -17.805 0.5000000000
38986  -48.927  -58.586  -14.490 0.3000000119
38971  -49.485  -58.344  -13.873 0.3000000119
39829  -50.062  -58.101  -13.517 0.3000000119
137128  -49.497  -57.886  -15.701 0.4000000060
39830  -50.557  -57.733  -13.360 0.3000000119
40718  -51.818  -57.557  -13.193 0.3000000119
40757  -49.311  -56.742  -16.532 0.5000000000
118414  -52.674  -58.116  -13.291 0.4000000060
117722  -52.483  -56.678  -13.364 0.4000000060
39869  -49.175  -56.873  -17.058 0.5000000000
39880  -48.931  -57.244  -17.475 0.6000000238
39878  -47.470  -57.643  -17.509 0.6000000238
38987  -49.477  -58.106  -14.905 0.3000000119
39843  -49.650  -57.430  -14.526 0.3000000119
40715  -50.101  -57.083  -13.899 0.3000000119
40716  -50.488  -56.783  -13.660 0.4000000060
40717  -50.958  -57.104  -13.324 0.4000000060
41649  -51.412  -56.330  -13.376 0.4000000060
40745  -49.066  -56.288  -16.066 0.5000000000
116826  -51.850  -55.458  -13.442 0.4000000060
42647  -52.317  -54.625  -13.641 0.4000000060
40756  -48.743  -56.584  -16.599 0.5000000000
135850  -52.676  -55.501  -13.578 0.4000000060
43645  -52.786  -53.884  -13.903 0.4000000060
132164  -48.228  -57.048  -17.163 0.6000000238
117124  -53.423  -56.244  -13.765 0.3000000119
42648  -53.266  -54.863  -13.969 0.4000000060
39868  -46.951  -57.667  -16.793 0.6000000238
39013  -46.582  -58.246  -17.548 0.6999999881
39858  -49.605  -57.302  -15.491 0.3000000119
129556  -49.777  -56.322  -14.743 0.3000000119
116423  -50.141  -55.908  -14.043 0.3000000119
136138  -49.594  -56.661  -15.348 0.3000000119
40746  -49.427  -56.618  -15.962 0.5000000000
116813  -50.704  -56.093  -13.619 0.4000000060
116887  -50.991  -55.336  -13.526 0.4000000060
40734  -48.773  -55.825  -15.473 0.5000000000
42646  -51.392  -54.547  -13.572 0.4000000060
40744  -48.319  -56.338  -15.886 0.6000000238
43653  -53.099  -53.330  -14.364 0.4000000060
39857  -47.748  -56.886  -16.343 0.6000000238
43646  -53.375  -54.009  -14.260 0.4000000060
44658  -53.344  -52.991  -15.044 0.4000000060
39867  -46.056  -57.903  -16.272 0.6999999881
39011  -44.888  -58.514  -17.041 0.6999999881
39020  -45.532  -58.578  -17.818 0.6999999881
41647  -49.500  -55.598  -14.647 0.4000000060
125877  -49.556  -55.028  -13.986 0.4000000060
40735  -49.372  -55.991  -15.470 0.4000000060
41648  -50.284  -55.145  -13.797 0.4000000060
41661  -49.066  -55.506  -15.015 0.4000000060
42645  -50.562  -54.456  -13.637 0.4000000060
123840  -50.956  -53.588  -13.621 0.4000000060
43644  -51.887  -53.784  -13.749 0.4000000060
44649  -51.580  -52.945  -13.786 0.4000000060
40733  -47.857  -56.040  -15.066 0.6000000238
44650  -52.351  -53.133  -14.062 0.4000000060
44657  -52.682  -52.619  -14.623 0.4000000060
40743  -47.321  -56.714  -15.466 0.6000000238
39842  -46.320  -57.105  -15.076 0.6999999881
44666  -52.913  -52.295  -15.425 0.4000000060
39855  -45.703  -57.695  -15.605 0.6999999881
41646  -48.847  -55.088  -14.200 0.4000000060
42644  -49.698  -54.313  -13.667 0.4000000060
41660  -48.358  -55.539  -14.630 0.5000000000
135384  -50.202  -53.762  -13.571 0.4000000060
41659  -47.338  -55.738  -14.029 0.6999999881
44648  -50.865  -52.616  -13.616 0.4000000060
40732  -46.867  -56.455  -14.580 0.6999999881
130978  -51.314  -52.269  -13.877 0.4000000060
40731  -45.891  -56.776  -14.273 0.6999999881
45566  -52.234  -51.892  -14.939 0.4000000060
45565  -51.294  -51.704  -14.484 0.4000000060
39841  -45.329  -57.418  -14.810 0.6999999881
46478  -51.911  -50.944  -16.432 0.4000000060
38998  -45.197  -58.270  -16.244 0.6999999881
38997  -44.252  -58.276  -16.388 0.6999999881
46494  -51.899  -51.095  -17.558 0.4000000060
45596  -51.759  -51.567  -18.572 0.4000000060
41645  -47.945  -55.133  -13.790 0.4000000060
42643  -48.364  -54.561  -13.532 0.4000000060
126987  -49.061  -54.586  -13.734 0.4000000060
40714  -46.358  -56.164  -13.737 0.6999999881
121485  -50.238  -52.989  -13.474 0.4000000060
45555  -50.678  -51.896  -13.751 0.4000000060
132416  -50.253  -52.259  -13.459 0.4000000060
45564  -50.155  -51.253  -14.339 0.4000000060
40730  -44.966  -57.042  -14.010 0.6999999881
45573  -50.760  -50.961  -15.213 0.4000000060
45574  -51.693  -51.242  -15.442 0.4000000060
141062  -50.668  -50.524  -16.468 0.4000000060
39854  -44.698  -57.970  -15.493 0.6999999881
46493  -51.063  -50.617  -17.085 0.4000000060
46507  -51.085  -51.038  -18.316 0.4000000060
45604  -50.283  -51.497  -19.951 0.4000000060
116794  -48.823  -53.895  -13.382 0.4000000060
43643  -49.571  -53.413  -13.414 0.4000000060
135608  -47.243  -55.177  -13.359 0.6000000238
42642  -47.527  -54.622  -13.187 0.5000000000
43642  -48.162  -53.259  -13.119 0.5000000000
44646  -48.923  -53.074  -13.192 0.4000000060
48341  -35.818  -49.014  -14.419 0.4000000060
48330  -36.035  -48.868  -13.710 0.5000000000
41644  -46.587  -55.479  -13.266 0.6000000238
44647  -49.470  -52.411  -13.259 0.4000000060
41632  -45.807  -55.783  -13.128 0.6000000238
45563  -49.159  -51.095  -13.978 0.4000000060
40713  -45.476  -56.406  -13.541 0.6000000238
141349  -49.448  -50.823  -14.529 0.4000000060
40712  -44.595  -56.543  -13.270 0.6999999881
46464  -49.691  -50.590  -15.172 0.4000000060
39828  -44.042  -57.140  -13.856 0.6999999881
46476  -50.319  -50.500  -15.953 0.4000000060
39839  -43.377  -57.388  -14.530 0.6999999881
46492  -49.960  -50.484  -16.949 0.4000000060
46505  -49.006  -50.611  -18.108 0.4000000060
134979  -48.521  -51.104  -19.871 0.4000000060
47433  -49.164  -50.271  -20.621 0.4000000060
117200  -47.892  -53.986  -13.105 0.5000000000
42641  -46.737  -54.812  -12.899 0.6000000238
49301  -34.731  -47.652  -13.614 0.3000000119
48329  -35.404  -48.343  -13.886 0.4000000060
121733  -35.936  -48.450  -13.122 0.5000000000
121902  -45.214  -55.453  -12.689 0.6000000238
132887  -48.422  -52.392  -13.149 0.4000000060
40702  -45.170  -56.052  -12.993 0.6000000238
45553  -48.783  -51.620  -13.420 0.5000000000
40700  -43.417  -56.355  -12.740 0.6999999881
40699  -42.607  -56.336  -12.845 0.8000000119
40711  -43.742  -56.706  -13.258 0.6999999881
135219  -48.611  -50.640  -14.831 0.4000000060
46463  -48.825  -50.375  -15.591 0.4000000060
46491  -48.741  -50.452  -17.074 0.4000000060
46511  -48.213  -50.692  -19.124 0.4000000060
47432  -48.208  -50.249  -20.134 0.4000000060
48373  -49.813  -49.194  -20.158 0.4000000060
42632  -45.971  -54.290  -12.638 0.6000000238
43630  -46.139  -53.606  -12.783 0.6000000238
42633  -46.959  -54.047  -12.765 0.5000000000
43641  -47.430  -53.454  -12.957 0.5000000000
48320  -35.396  -47.873  -13.054 0.4000000060
41631  -44.500  -55.227  -12.128 0.6000000238
42631  -45.251  -54.754  -12.422 0.6000000238
44645  -47.303  -52.633  -13.178 0.5000000000
137139  -35.833  -48.065  -12.540 0.5000000000
41630  -43.072  -55.949  -12.196 0.6999999881
120011  -43.901  -55.894  -12.333 0.6999999881
45552  -47.667  -51.802  -13.517 0.5000000000
48321  -36.349  -48.500  -12.413 0.5000000000
41616  -42.703  -55.431  -11.627 0.6999999881
48310  -37.322  -48.397  -10.961 0.6999999881
116351  -36.738  -48.456  -11.661 0.6000000238
42615  -41.388  -54.532  -11.272 0.6999999881
41615  -41.761  -55.286  -11.739 0.6999999881
41629  -42.162  -55.856  -12.299 0.6999999881
45562  -46.668  -51.463  -14.390 0.5000000000
48299  -37.636  -48.101  -10.291 0.6999999881
41628  -41.368  -55.580  -12.526 0.6999999881
46462  -47.170  -50.987  -15.159 0.4000000060
42630  -40.899  -54.919  -12.100 0.6999999881
41627  -40.824  -55.289  -12.968 0.8000000119
46474  -47.688  -50.526  -15.995 0.4000000060
119282  -48.486  -50.396  -16.309 0.4000000060
46490  -47.610  -50.451  -17.095 0.4000000060
46510  -47.443  -50.211  -18.821 0.4000000060
47429  -47.693  -50.045  -19.422 0.4000000060
48368  -49.528  -48.658  -19.493 0.4000000060
43629  -45.560  -53.425  -12.525 0.6000000238
43640  -46.656  -53.210  -12.942 0.6000000238
49290  -34.862  -47.313  -12.762 0.4000000060
49291  -35.475  -47.571  -12.305 0.4000000060
49283  -35.604  -47.314  -11.680 0.6999999881
42618  -44.080  -54.701  -11.413 0.6999999881
42619  -44.722  -54.383  -11.905 0.6000000238
126452  -45.249  -54.079  -12.304 0.6000000238
44632  -45.943  -52.926  -13.079 0.5000000000
49292  -36.068  -47.890  -11.824 0.6999999881
42616  -42.359  -54.830  -11.072 0.6999999881
42606  -42.926  -54.385  -10.430 0.6999999881
44644  -46.245  -52.461  -13.447 0.5000000000
45551  -46.620  -52.008  -13.692 0.5000000000
48309  -36.588  -47.872  -11.071 0.6999999881
42617  -43.263  -54.865  -11.116 0.6999999881
49275  -37.072  -47.749  -10.402 0.6999999881
42604  -41.238  -53.821  -10.712 0.6999999881
42605  -42.065  -54.224  -10.499 0.6999999881
46461  -46.428  -50.862  -15.164 0.4000000060
117558  -41.123  -53.226  -10.327 0.6999999881
43618  -40.770  -53.946  -11.383 0.6999999881
138517  -41.351  -51.470  -9.006 0.6000000238
45513  -40.456  -51.857  -10.252 0.6000000238
43607  -40.614  -53.193  -10.967 0.6999999881
46489  -46.777  -50.378  -16.927 0.4000000060
49268  -38.215  -47.359  -9.068 0.6999999881
45501  -40.838  -51.476  -9.457 0.6000000238
46417  -40.162  -51.045  -10.072 0.6000000238
135116  -46.501  -50.064  -17.382 0.4000000060
48362  -47.034  -49.490  -18.214 0.4000000060
47428  -47.271  -49.868  -18.710 0.4000000060
48367  -48.522  -48.971  -19.276 0.4000000060
49341  -50.243  -47.793  -19.087 0.4000000060
50263  -34.665  -46.370  -11.590 0.6000000238
50278  -35.017  -47.054  -11.924 0.6000000238
50264  -35.478  -46.666  -11.234 0.6999999881
43599  -43.718  -53.049  -9.725 0.6000000238
43619  -44.417  -53.938  -11.204 0.6999999881
44621  -44.670  -53.099  -11.192 0.6999999881
43620  -44.917  -53.607  -11.909 0.6000000238
43608  -42.619  -53.798  -9.900 0.6000000238
43609  -43.383  -53.766  -9.996 0.6000000238
42607  -43.749  -54.245  -10.673 0.6999999881
49284  -36.066  -47.263  -11.197 0.6999999881
127186  -42.101  -52.521  -9.284 0.6000000238
45550  -46.067  -51.744  -14.029 0.5000000000
49266  -37.012  -47.105  -9.905 0.6999999881
132519  -36.468  -46.419  -10.066 0.6999999881
44600  -41.562  -51.992  -9.226 0.6000000238
43596  -41.492  -52.768  -9.761 0.6000000238
45561  -46.162  -51.167  -14.607 0.4000000060
139201  -37.552  -47.011  -9.414 0.6999999881
44599  -40.978  -52.171  -9.766 0.6999999881
50239  -37.785  -46.567  -8.815 0.6999999881
46472  -46.395  -50.362  -15.794 0.4000000060
46393  -40.878  -50.254  -8.507 0.6000000238
47411  -46.272  -50.023  -16.330 0.4000000060
46502  -46.355  -49.970  -17.075 0.4000000060
48292  -38.850  -48.100  -9.206 0.6999999881
49258  -39.059  -47.507  -8.342 0.6999999881
48282  -39.533  -48.267  -8.563 0.6999999881
46405  -39.947  -50.202  -9.854 0.6000000238
47419  -46.590  -49.644  -17.437 0.4000000060
139333  -47.594  -48.881  -18.188 0.4000000060
48363  -48.399  -48.579  -18.435 0.4000000060
49333  -49.222  -47.861  -17.804 0.4000000060
49340  -49.343  -48.214  -18.701 0.4000000060
49334  -50.031  -47.396  -18.206 0.3000000119
51112  -34.342  -45.590  -11.335 0.5000000000
45502  -43.696  -51.821  -8.927 0.6000000238
44603  -44.109  -52.340  -9.600 0.6000000238
43610  -44.147  -53.415  -10.384 0.6000000238
44622  -45.152  -52.808  -11.983 0.6000000238
44631  -45.596  -52.549  -12.761 0.6000000238
51113  -35.073  -45.862  -10.953 0.6000000238
44592  -43.048  -52.031  -8.741 0.6000000238
44601  -42.753  -52.618  -9.103 0.6000000238
44602  -43.396  -52.539  -9.193 0.6000000238
45540  -45.570  -51.638  -12.916 0.5000000000
44643  -45.860  -52.202  -13.468 0.4000000060
50249  -35.800  -46.078  -10.573 0.6999999881
45549  -45.790  -51.576  -13.735 0.4000000060
46450  -45.845  -51.074  -14.297 0.4000000060
51105  -36.100  -45.594  -9.929 0.8000000119
46395  -42.487  -50.734  -8.189 0.6000000238
46460  -46.176  -50.732  -15.013 0.4000000060
50238  -37.128  -46.463  -9.382 0.6999999881
45491  -41.168  -50.974  -8.824 0.6000000238
47346  -41.289  -49.783  -7.849 0.6000000238
47401  -46.196  -50.152  -15.426 0.4000000060
50228  -38.007  -45.996  -8.261 0.6999999881
47345  -40.627  -49.487  -8.226 0.6000000238
48351  -46.415  -49.519  -15.728 0.4000000060
48358  -46.450  -49.592  -16.639 0.4000000060
50229  -38.579  -46.619  -8.127 0.6999999881
50216  -39.173  -46.159  -7.561 0.6999999881
48275  -40.583  -48.336  -7.646 0.6999999881
48353  -47.519  -48.411  -16.251 0.4000000060
48359  -47.316  -48.783  -17.349 0.4000000060
49250  -39.448  -46.877  -7.655 0.6999999881
49321  -48.207  -47.582  -15.653 0.4000000060
49322  -48.942  -47.164  -16.007 0.3000000119
49325  -49.088  -47.516  -16.897 0.4000000060
50300  -50.089  -45.960  -15.984 0.4000000060
50312  -49.807  -47.020  -17.316 0.3000000119
45503  -44.259  -51.534  -9.370 0.6000000238
45514  -44.642  -51.669  -10.276 0.6000000238
45515  -45.117  -51.411  -11.260 0.6000000238
137549  -45.377  -51.280  -12.019 0.5000000000
51103  -34.726  -45.079  -10.708 0.6000000238
51104  -35.426  -45.351  -10.319 0.6000000238
45494  -43.214  -51.268  -8.533 0.6000000238
45495  -44.001  -50.890  -8.806 0.6000000238
46431  -45.498  -50.710  -12.386 0.5000000000
45493  -42.623  -51.491  -8.593 0.6000000238
47383  -45.648  -50.015  -12.765 0.5000000000
46440  -45.629  -50.904  -13.376 0.4000000060
116918  -36.698  -45.752  -9.366 0.6999999881
51949  -36.218  -44.436  -9.096 0.6999999881
46381  -42.013  -49.962  -7.707 0.6000000238
46382  -42.757  -49.941  -7.762 0.6000000238
47392  -45.750  -50.246  -13.732 0.5000000000
46451  -45.944  -50.290  -14.575 0.5000000000
51085  -36.907  -44.949  -8.726 0.8000000119
51095  -36.335  -45.135  -9.372 0.8000000119
138465  -45.989  -49.652  -13.928 0.4000000060
51075  -37.816  -45.150  -8.037 0.8000000119
48276  -41.293  -48.397  -7.429 0.6000000238
138457  -46.330  -49.406  -14.600 0.4000000060
47337  -40.965  -49.037  -7.673 0.6999999881
52829  -47.732  -43.997  -12.809 0.5000000000
51135  -48.131  -45.164  -12.832 0.5000000000
135802  -48.210  -45.911  -13.336 0.5000000000
48332  -46.827  -48.331  -13.962 0.4000000060
48342  -46.896  -48.683  -14.969 0.4000000060
51086  -38.582  -45.705  -7.723 0.6999999881
51077  -39.420  -45.306  -7.425 0.6999999881
120392  -40.134  -46.974  -7.436 0.6999999881
49251  -40.799  -47.517  -7.404 0.6999999881
52844  -47.712  -43.354  -13.420 0.5000000000
51144  -48.616  -45.056  -13.317 0.5000000000
50287  -48.874  -45.555  -13.950 0.4000000060
50294  -48.515  -46.395  -14.275 0.4000000060
49320  -47.519  -48.083  -15.298 0.4000000060
53819  -48.493  -42.448  -14.657 0.4000000060
52845  -48.365  -43.803  -13.279 0.5000000000
51994  -48.815  -44.344  -13.458 0.4000000060
51152  -49.610  -45.100  -14.308 0.4000000060
50295  -49.201  -45.990  -14.704 0.4000000060
50298  -48.717  -46.753  -15.161 0.4000000060
136063  -49.096  -43.011  -14.081 0.4000000060
51995  -49.491  -44.276  -13.850 0.4000000060
51153  -50.177  -44.917  -14.851 0.4000000060
50299  -49.418  -46.364  -15.563 0.4000000060
46407  -44.577  -50.798  -9.675 0.6000000238
51956  -34.414  -44.267  -10.469 0.5000000000
46396  -43.338  -50.455  -8.237 0.6000000238
47348  -43.941  -50.074  -8.527 0.6000000238
131015  -44.455  -49.361  -9.486 0.6000000238
131866  -45.268  -50.053  -10.906 0.5000000000
47373  -45.483  -49.816  -11.710 0.5000000000
46419  -45.329  -50.655  -11.462 0.5000000000
51957  -35.075  -44.597  -10.025 0.6000000238
51094  -35.767  -44.882  -9.690 0.6999999881
47340  -42.982  -49.280  -7.650 0.6000000238
47347  -43.468  -49.647  -8.075 0.6000000238
137956  -45.449  -49.118  -11.511 0.5000000000
52788  -35.354  -43.198  -9.137 0.6000000238
48277  -42.020  -48.531  -7.340 0.6000000238
48278  -42.722  -48.641  -7.540 0.6000000238
48324  -46.139  -48.503  -12.637 0.5000000000
51938  -36.620  -44.013  -8.383 0.8000000119
50279  -47.071  -46.416  -12.194 0.5000000000
136191  -46.269  -47.765  -12.287 0.5000000000
47384  -45.923  -49.395  -13.115 0.5000000000
52780  -36.986  -43.602  -7.913 0.8000000119
49252  -41.675  -47.760  -7.345 0.6000000238
129826  -46.293  -43.491  -13.565 0.5000000000
51982  -46.020  -44.236  -12.567 0.5000000000
134360  -47.174  -45.048  -12.075 0.5000000000
49294  -47.033  -47.052  -12.735 0.5000000000
49302  -46.618  -47.837  -12.977 0.5000000000
49303  -47.232  -47.395  -13.471 0.4000000060
51939  -37.306  -44.271  -7.992 0.8000000119
50219  -41.343  -46.915  -7.434 0.6999999881
51983  -46.970  -44.291  -12.412 0.5000000000
50280  -47.516  -46.544  -12.993 0.5000000000
51930  -38.769  -44.255  -7.465 0.8000000119
51078  -40.324  -45.685  -7.422 0.6999999881
50218  -40.604  -46.549  -7.393 0.6999999881
52860  -46.162  -43.191  -14.542 0.5000000000
53799  -46.785  -42.708  -14.933 0.4000000060
50217  -39.866  -46.246  -7.397 0.6999999881
53800  -47.626  -42.799  -14.267 0.4000000060
47363  -44.808  -49.862  -10.107 0.5000000000
52797  -33.627  -43.079  -10.984 0.5000000000
48294  -43.880  -48.404  -8.898 0.6000000238
48286  -44.072  -49.289  -8.730 0.6000000238
47364  -45.194  -49.217  -10.879 0.5000000000
52798  -34.227  -43.381  -10.355 0.5000000000
48303  -45.013  -48.433  -10.644 0.5000000000
48312  -45.423  -48.467  -11.307 0.5000000000
117532  -33.817  -41.605  -10.894 0.5000000000
53747  -34.182  -42.324  -10.456 0.5000000000
51947  -34.858  -43.734  -9.819 0.5000000000
49259  -42.765  -47.501  -7.953 0.6000000238
49260  -43.380  -47.894  -8.396 0.6000000238
129816  -45.622  -46.111  -11.392 0.5000000000
49286  -46.059  -47.305  -11.772 0.5000000000
48313  -45.846  -48.109  -11.917 0.5000000000
50220  -42.079  -47.224  -7.573 0.6000000238
50231  -42.415  -46.813  -8.206 0.6000000238
51132  -45.325  -44.698  -12.291 0.5000000000
51118  -45.501  -45.383  -11.678 0.5000000000
50268  -46.357  -46.435  -11.649 0.5000000000
49293  -46.600  -47.123  -12.218 0.5000000000
53725  -36.561  -42.528  -8.165 0.6999999881
50230  -41.761  -46.451  -7.774 0.6000000238
51133  -46.857  -45.693  -11.852 0.5000000000
52771  -37.075  -43.063  -7.821 0.6999999881
51079  -41.077  -46.055  -7.497 0.6999999881
52827  -45.848  -43.800  -13.199 0.5000000000
53719  -37.769  -43.071  -7.717 0.6999999881
53817  -46.116  -42.897  -15.817 0.4000000060
51929  -38.060  -44.296  -7.624 0.8000000119
51932  -40.100  -44.816  -7.517 0.6999999881
53833  -46.774  -42.337  -16.257 0.5000000000
53847  -46.652  -41.808  -17.607 0.5000000000
125101  -38.448  -43.154  -7.790 0.6999999881
51931  -39.409  -44.437  -7.489 0.8000000119
53818  -47.527  -42.306  -15.319 0.4000000060
53835  -48.145  -41.869  -15.666 0.5000000000
55882  -48.188  -39.045  -18.543 0.4000000060
57853  -49.139  -37.914  -18.308 0.5000000000
125704  -48.862  -37.881  -17.935 0.5000000000
55872  -50.906  -39.618  -17.681 0.5000000000
56904  -49.574  -38.271  -18.414 0.5000000000
56893  -49.616  -38.206  -17.765 0.5000000000
48295  -44.279  -48.787  -9.367 0.6000000238
48302  -44.633  -48.813  -10.079 0.5000000000
49270  -43.670  -47.686  -9.267 0.6000000238
49271  -44.192  -48.156  -9.666 0.6000000238
49277  -44.577  -47.953  -10.306 0.5000000000
49278  -45.109  -47.781  -10.816 0.5000000000
49285  -45.539  -47.612  -11.364 0.5000000000
54738  -34.487  -41.305  -10.400 0.5000000000
129361  -34.786  -42.789  -9.712 0.5000000000
53735  -35.414  -42.272  -9.046 0.6999999881
49269  -43.085  -47.137  -8.858 0.6000000238
50241  -43.466  -47.126  -9.666 0.6000000238
50252  -43.603  -46.757  -10.376 0.6000000238
51131  -44.574  -45.240  -12.003 0.5000000000
131649  -44.964  -46.611  -11.201 0.5000000000
54719  -35.703  -41.369  -9.175 0.6000000238
132444  -44.780  -45.892  -11.444 0.5000000000
53724  -36.058  -41.925  -8.546 0.6999999881
51098  -42.432  -46.030  -9.633 0.6000000238
51993  -45.211  -44.148  -13.145 0.5000000000
51089  -42.111  -46.135  -8.558 0.6000000238
52842  -45.442  -43.656  -14.132 0.5000000000
138131  -45.585  -43.388  -15.284 0.6000000238
52859  -44.884  -43.879  -15.488 0.4000000060
52875  -45.333  -43.461  -16.859 0.5000000000
51087  -40.772  -45.268  -7.714 0.6999999881
51088  -41.471  -45.691  -8.010 0.6999999881
51941  -40.493  -44.502  -8.007 0.6999999881
53832  -46.029  -42.601  -17.510 0.5000000000
55870  -46.219  -39.582  -17.762 0.4000000060
55860  -47.149  -39.487  -15.867 0.4000000060
52783  -40.135  -43.881  -8.463 0.6999999881
56891  -47.651  -38.379  -18.077 0.4000000060
53737  -39.224  -42.689  -9.435 0.6999999881
56878  -48.208  -38.305  -17.657 0.4000000060
53727  -38.123  -42.575  -8.106 0.6999999881
56905  -50.258  -38.502  -18.211 0.5000000000
56895  -51.495  -38.482  -17.417 0.5000000000
56894  -50.590  -38.397  -17.557 0.5000000000
49276  -43.953  -47.492  -10.052 0.5000000000
50253  -44.486  -47.178  -10.713 0.5000000000
50251  -42.934  -46.328  -10.313 0.6000000238
50266  -44.114  -46.432  -11.083 0.5000000000
55780  -34.859  -40.456  -10.634 0.6000000238
54739  -35.318  -40.863  -9.889 0.6000000238
51114  -41.886  -45.538  -11.222 0.5000000000
51107  -42.454  -45.912  -10.685 0.5000000000
51981  -44.331  -44.713  -12.963 0.5000000000
132044  -44.446  -44.300  -14.227 0.5000000000
51106  -41.894  -45.404  -10.174 0.6000000238
52004  -44.081  -44.556  -15.804 0.6000000238
52020  -44.533  -44.274  -16.971 0.5000000000
54720  -36.462  -41.201  -8.940 0.6999999881
51951  -41.305  -44.825  -9.587 0.6999999881
54826  -44.930  -41.336  -17.226 0.5000000000
55857  -44.968  -40.468  -16.243 0.4000000060
54705  -36.846  -41.835  -8.453 0.6999999881
51950  -40.672  -44.374  -8.995 0.6999999881
52790  -40.257  -43.761  -9.475 0.6999999881
52888  -45.257  -43.163  -18.219 0.5000000000
54840  -45.692  -41.481  -18.141 0.5000000000
54827  -45.538  -40.871  -17.742 0.4000000060
55858  -45.433  -39.953  -16.524 0.4000000060
56876  -46.471  -39.386  -16.559 0.4000000060
54706  -37.698  -41.946  -8.609 0.6999999881
51940  -39.863  -44.071  -7.764 0.6999999881
55848  -47.016  -40.030  -14.711 0.4000000060
55849  -48.075  -40.176  -15.032 0.4000000060
54722  -38.074  -41.564  -9.418 0.6999999881
53749  -39.316  -42.701  -10.497 0.6999999881
56877  -47.328  -38.861  -17.216 0.4000000060
55850  -49.108  -40.309  -14.681 0.4000000060
53748  -38.714  -42.117  -9.975 0.6999999881
55861  -48.101  -39.229  -16.386 0.4000000060
55862  -48.904  -39.692  -15.624 0.4000000060
55851  -49.935  -39.643  -15.515 0.4000000060
56881  -51.402  -38.603  -16.595 0.5000000000
56867  -50.853  -39.230  -15.827 0.5000000000
50265  -43.163  -46.162  -11.078 0.5000000000
51117  -43.836  -45.772  -11.596 0.5000000000
51116  -42.940  -45.756  -11.973 0.5000000000
129663  -43.597  -45.363  -12.453 0.5000000000
138027  -43.882  -44.706  -13.798 0.5000000000
55781  -35.852  -40.037  -10.302 0.6000000238
51130  -42.322  -45.710  -12.334 0.5000000000
55761  -36.163  -40.604  -9.534 0.6999999881
51992  -43.434  -44.936  -14.811 0.6000000238
51968  -41.377  -45.164  -11.852 0.6000000238
51959  -41.301  -44.805  -10.791 0.6999999881
52887  -44.605  -43.935  -18.063 0.5000000000
55762  -36.931  -40.611  -9.460 0.6999999881
51958  -40.774  -44.260  -10.043 0.8000000119
53844  -44.666  -42.528  -18.049 0.5000000000
55859  -45.739  -39.787  -15.541 0.4000000060
134356  -46.401  -39.652  -15.428 0.4000000060
55837  -47.670  -40.491  -13.780 0.4000000060
54721  -37.290  -41.272  -9.044 0.6999999881
52809  -39.672  -43.585  -11.912 0.6000000238
122285  -48.559  -40.536  -14.046 0.4000000060
52782  -39.668  -43.323  -8.956 0.6999999881
52837  -39.201  -44.086  -13.959 0.6000000238
55838  -49.248  -40.468  -13.655 0.4000000060
54741  -38.317  -41.365  -10.520 0.6999999881
53761  -38.864  -42.199  -11.053 0.6000000238
129712  -38.902  -42.473  -11.919 0.6999999881
53780  -38.642  -42.527  -12.747 0.6000000238
52822  -38.828  -43.314  -13.385 0.6000000238
55822  -49.928  -40.150  -13.190 0.4000000060
54740  -37.629  -40.857  -9.761 0.6999999881
53795  -38.276  -42.687  -13.922 0.6000000238
52836  -38.534  -43.610  -14.546 0.6000000238
56859  -50.785  -39.715  -14.792 0.5000000000
54806  -37.903  -42.416  -14.698 0.6000000238
53812  -38.113  -43.083  -15.214 0.6000000238
56869  -52.124  -38.718  -15.551 0.5000000000
56861  -52.614  -38.564  -14.602 0.5000000000
51980  -43.378  -45.122  -13.508 0.6000000238
56830  -34.735  -39.523  -11.891 0.5000000000
117346  -42.629  -45.583  -13.060 0.6000000238
52003  -43.331  -45.173  -16.466 0.6000000238
56814  -36.072  -39.389  -10.908 0.6000000238
56815  -36.531  -39.643  -10.542 0.6000000238
118055  -41.942  -45.676  -13.046 0.6000000238
117310  -42.013  -45.740  -14.098 0.6000000238
135381  -43.830  -44.761  -17.036 0.5000000000
52038  -43.447  -44.685  -18.202 0.5000000000
134982  -44.064  -44.255  -18.464 0.5000000000
140677  -36.220  -39.110  -11.271 0.6000000238
56832  -36.679  -39.264  -11.144 0.6000000238
51129  -41.339  -45.400  -12.868 0.6000000238
51142  -41.509  -45.620  -13.874 0.6000000238
52886  -43.430  -44.052  -18.227 0.5000000000
53816  -44.016  -42.230  -15.610 0.5000000000
55845  -44.788  -40.496  -15.120 0.4000000060
129125  -45.216  -40.080  -15.549 0.4000000060
55799  -37.705  -40.300  -11.411 0.6999999881
56833  -37.286  -39.526  -11.552 0.6000000238
51967  -40.795  -44.553  -11.616 0.6999999881
51141  -40.962  -45.445  -13.669 0.6000000238
53843  -44.190  -43.390  -18.446 0.5000000000
53830  -43.822  -43.100  -17.868 0.5000000000
54816  -44.520  -41.295  -15.909 0.5000000000
140646  -45.547  -39.807  -14.270 0.4000000060
55836  -46.733  -40.203  -13.879 0.4000000060
120613  -47.813  -40.516  -12.699 0.4000000060
52810  -40.238  -43.952  -11.384 0.6999999881
52824  -40.191  -44.372  -12.366 0.6999999881
52002  -39.458  -44.962  -15.708 0.6999999881
52037  -43.095  -44.775  -18.204 0.5000000000
121645  -43.696  -42.850  -16.660 0.5000000000
139677  -48.546  -40.367  -12.469 0.4000000060
52854  -38.903  -44.377  -15.122 0.6000000238
52015  -39.576  -44.894  -16.730 0.6999999881
55821  -49.198  -40.326  -12.758 0.4000000060
54757  -38.134  -40.962  -11.297 0.6999999881
119920  -38.517  -41.753  -11.833 0.6000000238
52001  -38.936  -44.438  -16.265 0.6000000238
52014  -39.263  -44.201  -16.962 0.6000000238
56847  -49.733  -39.804  -12.322 0.4000000060
54776  -38.269  -41.824  -12.987 0.6000000238
52883  -38.778  -43.399  -17.197 0.6000000238
53829  -39.571  -43.194  -16.894 0.6000000238
56848  -50.526  -39.587  -12.697 0.4000000060
53827  -38.239  -43.162  -16.504 0.6000000238
118818  -38.922  -42.588  -17.571 0.6000000238
57822  -51.930  -38.553  -12.579 0.5000000000
56849  -51.402  -39.261  -13.123 0.4000000060
58651  -53.337  -37.064  -12.598 0.5000000000
51143  -42.591  -45.474  -14.403 0.6000000238
51163  -42.683  -45.460  -17.187 0.6000000238
51178  -42.822  -45.245  -18.023 0.5000000000
56831  -35.687  -39.085  -11.561 0.6000000238
51149  -41.535  -45.793  -14.965 0.6000000238
51177  -42.229  -45.403  -17.416 0.5000000000
54810  -44.283  -41.389  -14.585 0.5000000000
55833  -44.775  -40.043  -13.474 0.4000000060
57806  -36.895  -38.927  -11.863 0.6000000238
56845  -37.306  -39.259  -12.366 0.6000000238
116657  -40.943  -45.655  -14.582 0.6000000238
51160  -40.497  -45.484  -16.379 0.6000000238
51176  -41.617  -45.235  -17.228 0.5000000000
52857  -41.916  -43.801  -15.384 0.5000000000
52858  -42.636  -43.543  -15.496 0.5000000000
53815  -43.358  -43.007  -15.564 0.5000000000
55834  -45.193  -39.750  -13.517 0.4000000060
55819  -46.116  -40.080  -12.455 0.4000000060
55820  -46.894  -40.388  -13.032 0.4000000060
51991  -40.357  -45.223  -14.060 0.6999999881
51175  -40.682  -45.231  -16.956 0.5000000000
52873  -42.140  -44.366  -16.744 0.5000000000
52874  -43.017  -43.697  -17.099 0.5000000000
56835  -48.763  -39.592  -11.193 0.4000000060
55831  -37.676  -40.465  -13.578 0.6000000238
53814  -40.143  -43.156  -15.754 0.6000000238
55806  -49.000  -40.021  -11.977 0.4000000060
127336  -37.721  -41.232  -14.042 0.6000000238
54814  -37.653  -41.594  -15.932 0.6000000238
57808  -49.922  -38.832  -11.229 0.4000000060
57821  -51.071  -38.963  -12.214 0.4000000060
56837  -50.250  -39.230  -11.887 0.4000000060
53826  -37.963  -42.269  -16.802 0.6000000238
124181  -38.513  -42.598  -17.403 0.6000000238
57823  -52.809  -38.013  -12.945 0.5000000000
57810  -51.541  -38.225  -11.787 0.4000000060
58641  -52.919  -36.729  -11.830 0.5000000000
59474  -53.383  -35.647  -11.529 0.4000000060
51162  -42.067  -45.647  -16.562 0.6000000238
134482  -41.742  -45.542  -16.878 0.5000000000
53785  -43.261  -42.272  -12.798 0.5000000000
54809  -43.803  -41.883  -13.636 0.5000000000
54798  -44.315  -40.915  -13.540 0.5000000000
55817  -44.903  -39.796  -12.719 0.4000000060
57819  -37.373  -38.841  -13.223 0.6000000238
56857  -37.593  -39.718  -14.052 0.6000000238
51161  -41.200  -45.525  -16.646 0.6000000238
52839  -41.689  -43.352  -14.269 0.5000000000
52841  -43.127  -43.107  -14.566 0.5000000000
120016  -43.621  -42.411  -14.539 0.5000000000
55818  -45.382  -39.735  -12.830 0.4000000060
55804  -46.307  -40.144  -11.493 0.4000000060
120164  -47.089  -40.415  -12.065 0.4000000060
136930  -37.507  -39.688  -13.083 0.6000000238
52856  -41.319  -43.675  -15.424 0.5000000000
55805  -48.091  -40.225  -11.777 0.4000000060
55843  -37.606  -40.762  -14.832 0.6000000238
55855  -37.680  -40.579  -16.267 0.6000000238
54808  -39.852  -42.184  -15.074 0.6000000238
57794  -50.285  -38.140  -10.907 0.4000000060
54838  -38.979  -41.287  -18.052 0.6000000238
58639  -51.168  -37.886  -11.076 0.4000000060
136559  -38.323  -41.969  -17.579 0.6000000238
53842  -39.047  -41.864  -18.017 0.6000000238
54815  -39.354  -41.877  -17.290 0.6000000238
58627  -51.580  -37.099  -10.773 0.4000000060
58640  -52.023  -37.426  -11.404 0.4000000060
60301  -52.397  -35.438  -10.076 0.3000000119
57811  -52.423  -37.735  -12.155 0.5000000000
59464  -52.875  -35.459  -10.813 0.4000000060
61141  -52.914  -34.569  -9.155 0.3000000119
54778  -43.598  -41.421  -12.176 0.5000000000
54797  -43.863  -41.386  -12.936 0.5000000000
55802  -44.690  -39.991  -11.861 0.5000000000
55788  -45.607  -39.877  -10.941 0.5000000000
52826  -42.692  -42.908  -13.192 0.5000000000
53784  -42.435  -42.698  -12.453 0.6000000238
55803  -45.325  -39.813  -11.939 0.4000000060
117117  -46.581  -39.962  -10.569 0.5000000000
56821  -47.551  -39.684  -10.402 0.4000000060
56865  -37.632  -39.699  -15.341 0.6000000238
56873  -37.818  -39.524  -16.656 0.6000000238
53797  -41.302  -42.812  -13.401 0.6000000238
140874  -48.012  -39.869  -10.982 0.4000000060
56822  -48.947  -39.041  -10.669 0.4000000060
55866  -38.181  -40.337  -17.403 0.6000000238
58611  -49.388  -37.030  -10.303 0.3000000119
55878  -38.915  -39.939  -17.704 0.6000000238
53782  -40.693  -42.217  -13.039 0.6000000238
59461  -50.144  -36.930  -10.319 0.3000000119
55867  -38.743  -40.537  -17.804 0.6000000238
55856  -39.439  -40.251  -16.345 0.6000000238
54796  -40.085  -41.804  -13.756 0.6000000238
58626  -50.689  -37.443  -10.600 0.4000000060
129321  -39.271  -40.935  -17.536 0.6000000238
54807  -39.569  -41.381  -16.150 0.6000000238
54795  -39.773  -40.928  -13.406 0.6000000238
59462  -51.069  -36.752  -10.268 0.3000000119
59463  -51.971  -36.256  -10.448 0.3000000119
60287  -51.869  -35.280  -9.447 0.3000000119
61140  -52.239  -34.672  -8.987 0.3000000119
61125  -52.623  -34.390  -8.397 0.3000000119
54760  -43.270  -41.486  -11.329 0.6000000238
55767  -44.785  -39.869  -10.410 0.5000000000
56819  -45.218  -39.735  -10.474 0.5000000000
53783  -41.789  -42.667  -12.395 0.6000000238
54759  -42.473  -42.051  -11.070 0.6000000238
56808  -46.915  -39.463  -9.628 0.4000000060
57791  -47.981  -39.016  -9.806 0.4000000060
57838  -37.734  -38.701  -15.836 0.6000000238
57850  -38.687  -38.609  -17.670 0.6000000238
57792  -48.704  -38.614  -10.215 0.3000000119
58624  -49.094  -37.811  -10.212 0.3000000119
56888  -38.700  -39.568  -17.713 0.6000000238
120053  -39.379  -38.802  -17.174 0.6000000238
56874  -39.488  -39.235  -16.346 0.6000000238
56858  -39.537  -39.330  -14.172 0.6000000238
54777  -40.308  -41.439  -12.729 0.6000000238
56866  -39.513  -39.742  -15.190 0.6000000238
59444  -50.419  -36.317  -9.983 0.3000000119
136716  -39.547  -40.570  -15.223 0.6000000238
55844  -39.572  -40.235  -14.108 0.6000000238
60286  -50.840  -35.685  -9.458 0.3000000119
60271  -51.297  -34.985  -8.901 0.3000000119
62008  -51.400  -33.970  -7.977 0.3000000119
61107  -52.071  -33.986  -7.809 0.3000000119
54744  -42.960  -41.471  -10.547 0.6000000238
55785  -43.710  -40.850  -10.827 0.6000000238
129801  -44.092  -40.405  -10.247 0.5000000000
120903  -45.203  -39.635  -9.707 0.5000000000
56807  -45.972  -39.414  -9.276 0.4000000060
54743  -42.202  -41.787  -10.333 0.6000000238
54726  -42.803  -41.331  -9.770 0.6000000238
57782  -46.672  -38.953  -8.803 0.4000000060
57783  -47.519  -38.571  -9.129 0.4000000060
54742  -41.621  -41.839  -10.703 0.6000000238
57784  -48.405  -38.003  -9.561 0.4000000060
57856  -39.036  -38.181  -17.766 0.6000000238
54758  -41.001  -41.622  -11.202 0.6000000238
58610  -48.832  -37.097  -10.008 0.3000000119
57839  -39.551  -38.862  -15.218 0.6000000238
118772  -40.448  -41.172  -11.835 0.6000000238
131496  -48.959  -35.414  -10.475 0.3000000119
55816  -39.922  -40.546  -12.460 0.6000000238
60285  -49.689  -35.733  -10.024 0.3000000119
56846  -39.616  -39.730  -12.691 0.6000000238
120452  -50.151  -33.830  -8.262 0.3000000119
62890  -50.909  -32.884  -7.158 0.3000000119
122939  -43.578  -40.682  -9.404 0.6000000238
56791  -45.314  -39.296  -8.367 0.5000000000
56792  -45.932  -39.100  -8.588 0.4000000060
55765  -42.692  -41.103  -8.989 0.6000000238
57775  -47.150  -38.055  -8.364 0.4000000060
58603  -47.630  -36.962  -8.629 0.4000000060
54725  -42.149  -41.430  -9.522 0.6000000238
140608  -48.064  -36.553  -9.241 0.4000000060
60284  -48.555  -35.501  -10.426 0.3000000119
57846  -39.491  -38.221  -16.387 0.6000000238
54723  -41.114  -41.253  -10.255 0.6000000238
60300  -47.695  -34.716  -10.526 0.3000000119
116876  -39.542  -37.617  -14.537 0.6000000238
57831  -39.511  -38.495  -14.227 0.6000000238
55784  -40.520  -40.438  -10.232 0.6000000238
61138  -48.449  -34.732  -10.407 0.3000000119
56818  -40.050  -39.998  -11.023 0.6000000238
124168  -39.498  -38.960  -13.163 0.6000000238
56834  -39.551  -39.135  -12.133 0.6000000238
55748  -43.336  -40.604  -8.464 0.6000000238
56772  -45.084  -39.142  -7.583 0.4000000060
57773  -45.821  -38.727  -7.850 0.4000000060
57774  -46.448  -38.033  -7.785 0.4000000060
137225  -46.411  -38.604  -8.258 0.4000000060
54707  -42.050  -41.100  -8.855 0.5000000000
55747  -42.507  -40.737  -8.318 0.5000000000
60270  -47.699  -35.949  -9.111 0.4000000060
55764  -41.480  -40.722  -8.839 0.5000000000
60283  -47.757  -35.343  -10.261 0.3000000119
140124  -40.948  -40.285  -8.862 0.5000000000
61149  -46.974  -34.135  -10.932 0.3000000119
58664  -39.528  -37.068  -13.708 0.6000000238
133276  -40.170  -39.708  -10.279 0.5000000000
116428  -39.474  -37.994  -13.387 0.6000000238
57820  -39.475  -38.297  -12.348 0.6000000238
56817  -39.812  -39.175  -10.740 0.6000000238
58638  -39.478  -37.660  -11.592 0.6000000238
57807  -39.568  -38.568  -11.375 0.6000000238
58623  -39.521  -37.550  -10.714 0.5000000000
56760  -43.844  -39.143  -6.659 0.4000000060
57759  -44.705  -38.859  -6.818 0.3000000119
57760  -45.405  -38.473  -7.152 0.4000000060
58594  -46.223  -37.390  -7.350 0.4000000060
58602  -46.925  -37.214  -7.838 0.3000000119
55731  -42.161  -40.358  -7.731 0.5000000000
55732  -43.030  -40.385  -7.694 0.4000000060
60260  -46.473  -35.734  -7.724 0.3000000119
56789  -41.357  -40.186  -8.141 0.5000000000
61135  -45.875  -34.201  -9.363 0.3000000119
60269  -46.879  -35.498  -8.573 0.3000000119
56788  -40.687  -39.660  -8.587 0.5000000000
61137  -47.076  -34.603  -10.447 0.3000000119
57781  -40.231  -39.044  -9.069 0.5000000000
62918  -47.405  -32.593  -10.423 0.3000000119
57780  -39.831  -38.362  -9.501 0.5000000000
57790  -39.658  -38.342  -10.445 0.5000000000
57746  -44.204  -38.381  -6.064 0.3000000119
58573  -44.682  -37.550  -5.842 0.3000000119
58574  -45.288  -37.197  -6.358 0.3000000119
59426  -45.837  -36.820  -6.888 0.3000000119
57732  -42.720  -38.287  -5.789 0.3000000119
56759  -43.000  -39.387  -6.607 0.4000000060
121389  -45.931  -35.966  -7.052 0.3000000119
61105  -45.857  -35.149  -7.440 0.3000000119
57731  -41.897  -38.369  -6.003 0.3000000119
61120  -45.949  -34.548  -8.395 0.3000000119
129973  -40.463  -38.983  -8.352 0.4000000060
61147  -45.936  -33.961  -10.592 0.3000000119
61148  -46.401  -34.056  -10.888 0.3000000119
57757  -40.522  -38.510  -7.749 0.5000000000
62034  -46.350  -32.978  -11.829 0.3000000119
57772  -40.089  -38.275  -8.605 0.5000000000
62923  -46.877  -32.251  -11.358 0.3000000119
131857  -39.613  -37.095  -9.302 0.4000000060
136460  -39.748  -37.749  -9.127 0.5000000000
59391  -44.353  -36.876  -5.360 0.3000000119
59408  -44.909  -36.781  -5.868 0.3000000119
59409  -45.363  -36.227  -6.325 0.3000000119
58558  -43.095  -37.653  -5.375 0.3000000119
57733  -43.478  -38.171  -5.724 0.3000000119
60244  -45.489  -35.368  -6.661 0.3000000119
58557  -42.170  -37.729  -5.450 0.3000000119
140885  -45.648  -34.083  -8.419 0.3000000119
58572  -40.708  -37.768  -6.570 0.3000000119
57730  -41.272  -37.672  -5.824 0.3000000119
62020  -45.602  -33.547  -10.043 0.3000000119
132948  -45.694  -33.470  -11.068 0.3000000119
132961  -40.372  -37.180  -6.841 0.3000000119
58592  -40.303  -37.686  -7.432 0.4000000060
131995  -45.479  -32.345  -11.420 0.3000000119
131471  -45.693  -32.060  -12.243 0.3000000119
58591  -39.849  -37.335  -8.379 0.4000000060
63861  -46.942  -31.129  -11.724 0.3000000119
59431  -39.612  -36.660  -8.826 0.4000000060
64772  -47.404  -30.169  -11.559 0.3000000119
64765  -47.457  -30.678  -10.401 0.3000000119
59375  -44.031  -36.075  -4.884 0.3000000119
59390  -43.580  -36.960  -5.014 0.3000000119
138000  -44.421  -35.616  -5.174 0.3000000119
138141  -45.115  -35.498  -6.042 0.3000000119
61068  -45.181  -34.668  -6.170 0.3000000119
61084  -45.512  -34.697  -6.964 0.3000000119
59374  -43.063  -36.265  -4.655 0.3000000119
127403  -45.463  -33.096  -7.210 0.3000000119
62886  -45.483  -32.690  -8.046 0.3000000119
59387  -40.919  -36.906  -5.456 0.3000000119
59388  -41.608  -37.080  -5.121 0.3000000119
62903  -45.451  -32.762  -9.396 0.3000000119
63860  -45.462  -31.507  -11.413 0.3000000119
59425  -39.952  -36.716  -7.464 0.4000000060
63863  -45.702  -31.149  -12.310 0.3000000119
64778  -46.351  -30.741  -12.439 0.3000000119
60268  -39.566  -35.992  -8.764 0.4000000060
64779  -46.908  -30.455  -12.275 0.3000000119
66479  -47.278  -29.418  -11.534 0.3000000119
65605  -47.683  -29.428  -11.157 0.3000000119
66468  -48.295  -28.670  -10.564 0.3000000119
137359  -44.154  -35.085  -4.828 0.3000000119
61067  -44.645  -34.370  -5.336 0.3000000119
61949  -45.066  -33.697  -5.903 0.3000000119
119180  -45.273  -32.990  -6.429 0.3000000119
60213  -43.386  -35.421  -4.460 0.3000000119
62869  -45.411  -32.346  -6.981 0.3000000119
60211  -41.502  -35.654  -4.559 0.3000000119
60212  -42.440  -35.564  -4.408 0.3000000119
63825  -45.483  -31.702  -7.566 0.3000000119
63855  -45.421  -31.935  -10.145 0.3000000119
64753  -45.558  -30.891  -8.117 0.3000000119
128555  -45.523  -30.394  -9.134 0.3000000119
60243  -40.165  -36.038  -6.069 0.4000000060
65594  -45.523  -30.019  -10.183 0.3000000119
59406  -39.851  -35.935  -6.884 0.4000000060
65604  -45.710  -29.837  -11.070 0.3000000119
65608  -46.272  -29.901  -11.794 0.3000000119
131225  -39.622  -35.759  -7.866 0.4000000060
66475  -47.843  -28.683  -11.038 0.3000000119
116525  -39.507  -35.168  -8.684 0.4000000060
121331  -48.617  -28.090  -10.473 0.3000000119
61948  -44.573  -33.492  -5.137 0.3000000119
62844  -44.902  -32.836  -5.616 0.3000000119
133851  -43.598  -34.703  -4.320 0.3000000119
61058  -44.083  -34.076  -4.568 0.3000000119
63810  -45.460  -31.512  -6.606 0.3000000119
61057  -43.409  -34.099  -3.985 0.3000000119
61054  -40.952  -34.964  -4.437 0.3000000119
66467  -45.588  -29.056  -9.975 0.3000000119
66473  -46.147  -29.032  -10.857 0.3000000119
120440  -46.365  -28.215  -10.254 0.3000000119
66474  -47.063  -28.594  -10.959 0.3000000119
67352  -47.846  -27.837  -10.548 0.3000000119
116526  -39.450  -33.939  -7.971 0.3000000119
119576  -48.580  -27.234  -10.194 0.3000000119
117404  -49.301  -25.936  -9.837 0.3000000119
69082  -50.061  -25.675  -10.122 0.3000000119
62835  -44.167  -32.725  -4.145 0.3000000119
63790  -44.972  -32.036  -5.207 0.3000000119
64723  -45.564  -30.583  -6.300 0.3000000119
128224  -45.564  -30.984  -7.134 0.3000000119
128405  -42.975  -33.065  -3.448 0.3000000119
62827  -43.499  -32.785  -3.633 0.3000000119
127439  -45.567  -30.248  -7.235 0.3000000119
65566  -45.584  -29.901  -8.157 0.3000000119
66446  -45.684  -29.000  -8.221 0.3000000119
65581  -45.562  -29.510  -9.128 0.3000000119
66456  -45.578  -28.755  -9.071 0.3000000119
119131  -45.615  -28.276  -9.358 0.3000000119
67350  -45.953  -27.518  -9.575 0.3000000119
67351  -46.835  -27.519  -9.985 0.3000000119
68206  -47.619  -26.930  -9.828 0.3000000119
120752  -47.215  -26.018  -9.581 0.3000000119
121489  -48.360  -26.191  -9.781 0.3000000119
68207  -49.157  -26.747  -10.087 0.3000000119
69080  -48.715  -25.353  -9.681 0.3000000119
69089  -50.319  -24.818  -10.265 0.3000000119
62828  -43.990  -32.055  -3.772 0.3000000119
127345  -44.548  -31.996  -4.416 0.3000000119
64705  -45.322  -30.436  -5.340 0.3000000119
63791  -45.363  -31.319  -5.674 0.3000000119
62826  -42.689  -32.539  -3.290 0.3000000119
138528  -43.325  -32.092  -3.436 0.3000000119
64688  -44.560  -30.447  -4.226 0.3000000119
65521  -44.820  -29.817  -4.367 0.3000000119
120177  -45.477  -29.020  -5.471 0.3000000119
117734  -45.659  -28.959  -6.333 0.3000000119
132879  -45.587  -28.066  -8.496 0.3000000119
118373  -40.919  -32.924  -3.510 0.3000000119
133733  -45.525  -25.912  -9.152 0.3000000119
68205  -46.766  -26.656  -9.542 0.3000000119
70779  -48.013  -24.136  -9.236 0.3000000119
69956  -49.204  -24.115  -10.020 0.3000000119
65510  -43.885  -29.148  -3.290 0.3000000119
65494  -43.287  -28.999  -2.776 0.3000000119
64663  -43.469  -29.894  -3.147 0.3000000119
65493  -42.493  -29.650  -2.637 0.3000000119
63753  -42.172  -31.207  -2.808 0.3000000119
64680  -42.940  -31.097  -3.083 0.3000000119
63768  -43.532  -31.347  -3.478 0.3000000119
63766  -41.290  -31.682  -2.874 0.3000000119
52031  -42.396  -45.155  -17.869 0.5000000000
52885  -39.840  -44.423  -16.914 0.6999999881
52017  -41.769  -45.045  -17.437 0.5000000000
52871  -39.896  -43.876  -16.810 0.6000000238
55815  -37.675  -40.175  -12.445 0.6000000238
140461  -39.556  -43.546  -8.148 0.6999999881
27573  -40.891  -70.438  -16.299 0.3000000119
28513  -41.223  -69.813  -16.785 0.3000000119
27582  -41.838  -70.212  -17.482 0.3000000119
28521  -42.443  -69.636  -17.869 0.3000000119
28526  -43.027  -69.976  -18.334 0.4000000060
28527  -44.105  -69.864  -18.813 0.4000000060
27592  -44.722  -70.153  -19.370 0.4000000060
28536  -45.464  -69.690  -19.501 0.4000000060
139538  -46.094  -69.312  -19.519 0.4000000060
29525  -47.042  -68.306  -19.507 0.4000000060
30521  -47.919  -67.960  -19.763 0.4000000060
32482  -50.089  -65.485  -18.618 0.4000000060
136688  -49.034  -66.956  -19.640 0.4000000060
127121  -50.447  -64.897  -18.336 0.4000000060
37041  -50.935  -60.082  -18.618 0.4000000060
38915  -43.302  -58.538  -10.538 0.3000000119
38916  -44.214  -58.268  -10.593 0.3000000119
38007  -51.232  -59.106  -18.748 0.5000000000
127497  -47.854  -57.648  -9.124 0.3000000119
38904  -48.430  -58.146  -9.676 0.3000000119
39044  -50.384  -58.542  -18.907 0.5000000000
39030  -49.831  -58.130  -18.393 0.5000000000
41663  -55.150  -56.911  -14.768 0.3000000119
41662  -54.172  -55.784  -14.354 0.3000000119
42658  -54.926  -55.459  -15.098 0.3000000119
39021  -47.354  -58.037  -18.119 0.6000000238
43654  -53.672  -53.747  -14.792 0.4000000060
117446  -46.410  -58.546  -18.367 0.6000000238
44667  -53.527  -52.827  -15.997 0.4000000060
45584  -52.552  -51.563  -16.977 0.4000000060
45597  -52.461  -51.826  -18.188 0.4000000060
45606  -52.088  -52.308  -19.471 0.4000000060
47398  -35.667  -49.133  -15.257 0.4000000060
47409  -36.172  -49.509  -15.793 0.5000000000
47399  -36.314  -49.501  -14.910 0.5000000000
138431  -42.974  -57.552  -16.382 0.6999999881
46522  -50.040  -51.120  -20.792 0.4000000060
120068  -42.574  -57.272  -16.068 0.6999999881
47437  -50.028  -50.622  -20.872 0.4000000060
47380  -36.594  -49.096  -13.117 0.5000000000
135015  -37.330  -48.844  -11.620 0.6000000238
48322  -36.992  -48.990  -12.243 0.6000000238
47370  -37.620  -49.412  -11.940 0.8000000119
40729  -42.115  -56.775  -14.678 0.8000000119
136332  -42.723  -57.082  -14.342 0.6999999881
141199  -41.144  -55.742  -13.048 0.8000000119
40742  -42.045  -56.794  -15.615 0.6999999881
48374  -50.771  -48.783  -20.213 0.4000000060
40698  -41.660  -56.138  -13.136 0.8000000119
48300  -38.122  -48.544  -10.544 0.8000000119
42614  -40.580  -54.101  -12.100 0.8000000119
41642  -40.617  -54.994  -13.612 0.8000000119
49345  -50.475  -48.277  -19.780 0.4000000060
48291  -38.164  -48.094  -9.797 0.6999999881
43617  -40.444  -53.355  -11.827 0.8000000119
48301  -39.213  -49.125  -10.055 0.6999999881
45526  -40.106  -52.031  -11.795 0.8000000119
47353  -39.706  -49.434  -9.596 0.6999999881
50314  -51.141  -46.079  -18.429 0.3000000119
52861  -49.753  -43.427  -14.186 0.4000000060
51165  -50.447  -45.183  -15.581 0.4000000060
50304  -50.310  -46.269  -16.871 0.4000000060
51188  -50.928  -45.791  -17.439 0.3000000119
53820  -49.474  -42.559  -14.630 0.4000000060
53821  -50.220  -42.809  -14.827 0.4000000060
52006  -50.583  -44.306  -15.142 0.4000000060
51164  -49.809  -45.579  -15.167 0.4000000060
54819  -50.053  -41.350  -16.145 0.4000000060
54831  -49.996  -40.064  -17.692 0.5000000000
53834  -47.453  -41.773  -16.552 0.5000000000
55881  -47.456  -38.947  -18.393 0.4000000060
55883  -49.260  -38.858  -18.440 0.5000000000
54832  -50.887  -40.667  -16.763 0.5000000000
55873  -51.693  -40.031  -17.376 0.4000000060
128104  -51.126  -38.863  -18.055 0.5000000000
53846  -46.099  -42.087  -18.237 0.5000000000
55879  -45.972  -40.310  -18.030 0.5000000000
55880  -46.752  -39.506  -18.096 0.4000000060
56906  -51.612  -38.766  -17.793 0.5000000000
56882  -52.230  -38.582  -16.561 0.5000000000
118285  -53.367  -38.083  -14.733 0.5000000000
138782  -53.726  -37.612  -14.121 0.5000000000
58642  -53.861  -35.900  -12.298 0.5000000000
59465  -53.738  -35.077  -11.077 0.4000000060
58647  -35.987  -37.716  -12.555 0.6000000238
57817  -35.828  -38.461  -12.142 0.6000000238
57805  -36.335  -38.852  -11.669 0.6000000238
132826  -37.079  -38.624  -12.455 0.6000000238
61126  -53.199  -34.611  -8.865 0.3000000119
118723  -37.384  -37.896  -13.775 0.6000000238
123689  -37.561  -38.811  -14.488 0.6000000238
118813  -52.725  -34.235  -7.464 0.3000000119
61085  -52.907  -34.042  -6.607 0.3000000119
57845  -38.136  -38.558  -17.030 0.6000000238
58673  -39.307  -37.278  -17.016 0.6000000238
116875  -39.517  -37.358  -15.829 0.6000000238
59498  -39.585  -36.571  -15.128 0.6000000238
58650  -39.469  -37.422  -12.612 0.6000000238
59492  -39.558  -36.156  -14.034 0.6000000238
134884  -39.467  -36.903  -12.007 0.5000000000
59460  -39.528  -36.791  -10.198 0.5000000000
59440  -39.545  -36.343  -9.445 0.4000000060
69069  -46.673  -25.253  -9.322 0.3000000119
69948  -47.044  -24.459  -9.189 0.3000000119
71629  -49.209  -22.671  -9.349 0.3000000119
71630  -50.104  -22.579  -9.739 0.3000000119
70790  -50.410  -23.344  -10.079 0.3000000119
118819  -42.033  -30.420  -2.659 0.3000000119
64660  -40.551  -31.052  -2.696 0.3000000119
45609  -51.050  -51.780  -20.437 0.4000000060
55884  -51.865  -39.212  -17.712 0.5000000000
28529  -45.536  -69.009  -19.064 0.4000000060
119479  -42.911  -66.775  -15.119 0.3000000119
30480  -43.384  -66.859  -15.725 0.3000000119
31466  -44.247  -66.312  -15.726 0.3000000119
30497  -45.798  -67.227  -18.096 0.4000000060
32442  -44.897  -65.440  -15.316 0.3000000119
138747  -45.004  -65.922  -16.087 0.3000000119
36152  -49.154  -61.573  -18.201 0.4000000060
34206  -42.859  -63.014  -11.293 0.3000000119
34242  -47.640  -63.762  -15.978 0.4000000060
36109  -44.777  -61.600  -13.566 0.3000000119
38919  -47.803  -58.324  -10.387 0.3000000119
39832  -52.322  -58.631  -12.993 0.3000000119
117084  -49.573  -58.648  -13.134 0.3000000119
40720  -54.388  -58.827  -14.065 0.3000000119
42657  -53.949  -54.605  -14.586 0.4000000060
39856  -46.701  -57.371  -15.892 0.6000000238
39012  -45.832  -58.389  -16.898 0.6999999881
45576  -53.099  -52.149  -16.461 0.4000000060
44656  -51.951  -52.381  -14.235 0.4000000060
39840  -44.333  -57.552  -14.658 0.6999999881
39853  -43.465  -57.755  -15.658 0.6999999881
46506  -50.147  -50.688  -18.129 0.4000000060
46513  -50.160  -51.274  -19.277 0.4000000060
46518  -49.418  -51.164  -20.626 0.4000000060
48340  -35.212  -48.580  -14.817 0.3000000119
41633  -45.962  -55.119  -12.755 0.6000000238
39852  -42.648  -57.277  -15.129 0.6999999881
46452  -47.991  -51.183  -14.096 0.5000000000
121451  -43.074  -56.655  -13.237 0.6999999881
41617  -43.613  -55.384  -11.746 0.6999999881
40710  -42.402  -56.646  -13.721 0.8000000119
46503  -46.917  -50.273  -17.846 0.4000000060
122297  -41.798  -53.540  -10.077 0.6000000238
46394  -41.629  -50.530  -8.215 0.6000000238
44620  -40.309  -52.718  -11.569 0.6999999881
45512  -39.943  -51.420  -11.054 0.8000000119
47354  -40.268  -49.839  -9.035 0.6000000238
49342  -51.045  -47.197  -19.716 0.4000000060
50317  -50.689  -46.866  -18.779 0.3000000119
138025  -44.159  -52.874  -9.980 0.6000000238
45527  -44.867  -52.239  -11.215 0.6999999881
44591  -42.364  -52.030  -8.879 0.6000000238
48293  -39.371  -48.737  -9.399 0.6999999881
48283  -40.081  -48.450  -8.069 0.6999999881
47344  -40.054  -48.968  -8.755 0.6999999881
46416  -39.634  -50.555  -10.664 0.8000000119
48284  -40.445  -48.873  -7.994 0.6999999881
45528  -45.308  -51.987  -12.041 0.4000000060
49324  -48.280  -47.959  -16.578 0.3000000119
50303  -49.613  -46.692  -16.431 0.3000000119
46418  -45.008  -50.740  -10.596 0.5000000000
51937  -35.973  -43.608  -8.715 0.6999999881
48331  -46.329  -48.866  -13.518 0.4000000060
53801  -48.422  -43.143  -13.811 0.4000000060
51145  -49.123  -44.884  -13.726 0.4000000060
50293  -47.856  -46.872  -13.852 0.4000000060
49312  -47.415  -47.750  -14.369 0.4000000060
128594  -47.036  -43.610  -13.051 0.5000000000
49313  -48.058  -47.221  -14.759 0.4000000060
52005  -50.101  -44.277  -14.368 0.4000000060
48323  -45.667  -49.051  -12.145 0.5000000000
52778  -35.879  -42.745  -8.460 0.6999999881
51969  -46.339  -44.956  -11.923 0.5000000000
52781  -38.995  -42.944  -8.343 0.8000000119
53734  -34.953  -41.803  -9.736 0.5000000000
51097  -41.741  -45.493  -9.047 0.6999999881
56879  -49.154  -38.736  -16.873 0.4000000060
125242  -50.245  -38.851  -18.307 0.5000000000
54756  -33.988  -40.904  -11.069 0.5000000000
53845  -45.598  -42.533  -18.262 0.5000000000
54828  -46.288  -41.026  -17.939 0.4000000060
56890  -46.767  -38.989  -17.703 0.4000000060
55869  -45.669  -39.976  -17.498 0.4000000060
55797  -34.389  -40.205  -11.453 0.5000000000
54839  -45.303  -41.957  -18.078 0.5000000000
52799  -39.753  -43.357  -10.963 0.6000000238
53762  -39.311  -42.868  -11.479 0.6000000238
121465  -50.720  -39.780  -13.688 0.4000000060
56860  -51.649  -39.271  -14.358 0.5000000000
55798  -35.278  -39.718  -11.062 0.5000000000
56816  -37.178  -39.839  -10.661 0.6999999881
123439  -40.670  -44.260  -10.873 0.6999999881
51977  -39.851  -44.625  -13.426 0.6999999881
52853  -38.402  -43.866  -15.808 0.6000000238
57833  -53.064  -38.062  -13.876 0.5000000000
56844  -34.955  -38.840  -12.363 0.5000000000
51151  -42.624  -45.495  -15.834 0.6000000238
51978  -40.590  -45.038  -13.098 0.6999999881
52030  -39.976  -44.934  -17.114 0.6999999881
51148  -40.206  -45.466  -15.304 0.6999999881
54793  -37.900  -41.117  -13.206 0.6000000238
52870  -38.585  -43.922  -16.735 0.6000000238
54805  -37.665  -41.778  -14.817 0.6000000238
53813  -39.599  -42.457  -16.509 0.6000000238
52840  -42.490  -43.333  -14.142 0.5000000000
52872  -41.219  -44.384  -16.674 0.5000000000
134986  -40.364  -44.459  -16.938 0.6000000238
56823  -49.348  -39.104  -11.011 0.4000000060
52838  -40.956  -43.250  -14.790 0.6999999881
53796  -40.531  -42.588  -14.227 0.6000000238
57793  -49.434  -38.449  -10.673 0.4000000060
54824  -37.919  -41.405  -17.114 0.6000000238
60302  -53.244  -34.933  -10.349 0.4000000060
54779  -44.338  -40.525  -12.606 0.4000000060
52825  -42.016  -43.120  -13.195 0.6000000238
52855  -40.656  -43.800  -16.150 0.6000000238
126429  -39.677  -41.212  -14.548 0.6000000238
60288  -52.772  -34.842  -9.621 0.3000000119
55801  -44.021  -40.701  -11.639 0.5000000000
56820  -45.877  -39.775  -10.055 0.4000000060
141010  -41.253  -42.400  -12.456 0.6000000238
59442  -48.949  -36.305  -10.482 0.3000000119
59443  -49.540  -36.364  -10.333 0.3000000119
53763  -40.866  -41.919  -12.096 0.6000000238
140552  -40.161  -40.477  -11.646 0.6000000238
61108  -52.234  -33.738  -7.026 0.3000000119
53750  -41.969  -42.222  -11.012 0.6000000238
53764  -41.566  -42.247  -11.586 0.6000000238
61123  -50.269  -35.097  -9.197 0.3000000119
62007  -50.775  -34.373  -8.425 0.3000000119
55766  -44.496  -40.058  -9.584 0.6000000238
54724  -41.589  -41.210  -9.456 0.6000000238
59441  -48.415  -36.245  -10.025 0.4000000060
61139  -49.331  -34.964  -9.821 0.3000000119
55800  -39.813  -39.866  -11.893 0.6000000238
61122  -49.790  -34.417  -8.877 0.3000000119
55749  -44.185  -40.172  -8.721 0.5000000000
56806  -44.884  -39.622  -8.962 0.5000000000
59432  -47.069  -36.302  -8.144 0.4000000060
56805  -40.479  -39.871  -9.474 0.5000000000
56771  -44.298  -39.491  -7.346 0.4000000060
56770  -43.473  -39.820  -7.162 0.4000000060
58593  -45.648  -37.692  -6.909 0.4000000060
60282  -47.074  -35.118  -9.637 0.3000000119
62031  -46.892  -33.601  -11.141 0.3000000119
62030  -46.365  -33.559  -11.391 0.3000000119
137576  -42.284  -39.410  -6.704 0.4000000060
56768  -41.703  -39.639  -7.258 0.4000000060
57758  -41.112  -38.905  -7.088 0.4000000060
118790  -45.667  -34.397  -7.680 0.3000000119
57743  -41.237  -38.356  -6.478 0.3000000119
57742  -40.730  -38.289  -7.014 0.3000000119
62033  -45.976  -33.153  -11.914 0.3000000119
63864  -46.002  -31.572  -12.621 0.3000000119
65596  -47.931  -29.251  -10.114 0.3000000119
60226  -44.721  -35.210  -5.515 0.3000000119
59373  -42.042  -36.364  -4.709 0.3000000119
133283  -40.503  -36.595  -5.903 0.3000000119
133117  -47.406  -29.918  -11.959 0.3000000119
59424  -39.682  -36.502  -8.255 0.4000000060
63841  -45.462  -31.851  -8.697 0.3000000119
66478  -46.746  -29.434  -11.550 0.3000000119
119663  -49.481  -27.481  -10.196 0.3000000119
62845  -45.188  -32.166  -6.094 0.3000000119
61055  -41.810  -34.895  -4.182 0.3000000119
61056  -42.798  -34.718  -4.054 0.3000000119
65549  -45.562  -29.776  -6.575 0.3000000119
61926  -42.412  -33.346  -3.511 0.3000000119
69081  -49.399  -24.898  -10.023 0.3000000119
63775  -44.977  -31.125  -4.757 0.3000000119
65533  -45.475  -29.721  -5.804 0.3000000119
66427  -45.713  -28.386  -7.304 0.3000000119
62825  -41.663  -32.617  -3.260 0.3000000119
67339  -45.514  -27.491  -9.133 0.3000000119
69078  -46.231  -25.952  -9.382 0.3000000119
69955  -48.678  -24.567  -9.597 0.3000000119
69961  -49.907  -24.091  -10.209 0.3000000119
69962  -50.757  -24.077  -10.607 0.3000000119
64682  -43.942  -30.552  -3.639 0.3000000119
65522  -45.247  -29.564  -4.919 0.3000000119
66397  -45.309  -28.545  -4.773 0.3000000119
135659  -40.512  -31.672  -2.984 0.3000000119
63765  -40.138  -31.947  -3.382 0.3000000119
70780  -48.828  -23.693  -9.548 0.3000000119
64661  -41.331  -30.796  -2.573 0.3000000119
29538  -48.260  -68.199  -20.385 0.4000000060
42629  -40.503  -54.387  -13.020 0.8000000119
54820  -50.791  -41.556  -16.033 0.4000000060
59482  -39.481  -36.531  -12.875 0.5000000000
54817  -48.243  -41.272  -16.764 0.4000000060
56886  -55.439  -39.100  -15.225 0.3000000119
56885  -54.392  -38.772  -15.500 0.4000000060
56871  -56.151  -38.602  -14.633 0.3000000119
118472  -52.127  -39.167  -17.556 0.4000000060
56883  -53.585  -38.488  -15.840 0.4000000060
57847  -52.920  -38.553  -16.258 0.4000000060
56862  -56.842  -38.161  -14.116 0.3000000119
57849  -54.363  -38.087  -14.973 0.4000000060
57843  -54.941  -37.600  -14.512 0.3000000119
54830  -48.151  -40.266  -17.915 0.3000000119
57841  -53.515  -38.294  -15.343 0.4000000060
131265  -54.058  -38.117  -15.154 0.4000000060
119825  -54.927  -36.398  -13.562 0.3000000119
57834  -54.096  -37.651  -14.611 0.4000000060
59477  -55.266  -35.972  -12.095 0.3000000119
58654  -55.516  -36.329  -12.797 0.3000000119
135385  -54.308  -37.032  -13.817 0.4000000060
116374  -54.840  -36.329  -9.846 0.3000000119
133953  -54.333  -35.339  -10.400 0.3000000119
59466  -54.334  -35.130  -11.241 0.3000000119
57818  -36.536  -38.319  -12.330 0.5000000000
59475  -54.244  -35.284  -11.830 0.3000000119
59490  -36.595  -35.999  -13.192 0.5000000000
59481  -37.022  -36.680  -13.039 0.5000000000
139917  -37.542  -37.406  -14.431 0.5000000000
60261  -54.235  -35.432  -7.646 0.3000000119
138586  -53.965  -35.030  -9.816 0.3000000119
58669  -37.799  -36.931  -15.305 0.5000000000
58672  -38.993  -36.817  -17.268 0.5000000000
60325  -38.438  -34.953  -15.975 0.5000000000
60326  -38.979  -34.834  -16.295 0.5000000000
59499  -38.187  -35.894  -15.859 0.5000000000
60328  -39.157  -35.671  -16.574 0.4000000060
61176  -38.414  -34.040  -15.877 0.5000000000
61166  -37.664  -34.292  -15.256 0.5000000000
134238  -39.208  -35.901  -16.717 0.5000000000
118888  -39.212  -34.377  -16.093 0.4000000060
117494  -39.446  -35.708  -16.054 0.5000000000
61177  -38.925  -33.769  -16.017 0.4000000060
61178  -39.193  -33.799  -15.911 0.4000000060
60317  -39.560  -35.405  -14.449 0.5000000000
61174  -39.392  -34.139  -15.485 0.4000000060
62047  -39.033  -32.896  -15.379 0.4000000060
134016  -39.405  -33.886  -14.745 0.5000000000
62041  -39.253  -33.217  -14.595 0.4000000060
129488  -39.489  -35.506  -13.260 0.4000000060
61167  -39.303  -33.962  -13.810 0.5000000000
61168  -39.501  -34.645  -14.366 0.4000000060
62037  -38.982  -33.125  -13.384 0.3000000119
61160  -39.113  -34.113  -12.736 0.4000000060
59473  -39.465  -36.016  -11.924 0.4000000060
61155  -39.334  -34.986  -12.300 0.3000000119
61154  -38.968  -34.242  -11.632 0.3000000119
116341  -39.330  -35.233  -11.255 0.3000000119
128058  -39.394  -35.388  -10.363 0.3000000119
62032  -38.694  -33.139  -11.571 0.3000000119
62027  -38.889  -33.823  -10.776 0.3000000119
132921  -39.481  -36.019  -10.062 0.3000000119
61146  -39.186  -34.625  -10.642 0.3000000119
128655  -39.333  -34.865  -9.957 0.3000000119
60281  -39.468  -35.495  -9.513 0.3000000119
135170  -38.760  -33.141  -10.722 0.3000000119
140571  -38.947  -33.483  -10.231 0.3000000119
62028  -39.178  -34.128  -9.967 0.3000000119
123294  -39.423  -34.319  -8.664 0.3000000119
54821  -56.563  -40.901  -15.964 0.3000000119
56897  -53.120  -38.987  -16.718 0.4000000060
60313  -34.572  -35.346  -14.121 0.4000000060
60315  -36.786  -35.245  -13.707 0.5000000000
61173  -37.705  -33.531  -15.639 0.5000000000
62052  -38.693  -33.027  -15.746 0.5000000000
55871  -48.928  -39.785  -18.127 0.4000000060
141226  -38.976  -37.485  -17.562 0.5000000000
54829  -47.325  -40.987  -17.698 0.3000000119
55874  -52.407  -40.125  -17.294 0.4000000060
57840  -52.882  -38.414  -15.579 0.4000000060
59483  -54.712  -35.592  -12.522 0.3000000119
58648  -36.692  -37.484  -12.750 0.5000000000
58649  -37.135  -37.366  -13.129 0.5000000000
124575  -37.688  -37.919  -14.991 0.5000000000
116619  -38.059  -37.729  -16.311 0.5000000000
117303  -39.107  -36.611  -17.131 0.5000000000
59501  -39.371  -36.465  -16.491 0.5000000000
118098  -39.575  -35.740  -15.083 0.5000000000
134998  -39.460  -36.052  -10.818 0.3000000119
55852  -56.418  -39.660  -14.819 0.3000000119
55863  -54.986  -39.567  -15.977 0.4000000060
57848  -53.990  -38.471  -15.455 0.4000000060
56898  -53.421  -39.592  -16.664 0.4000000060
56899  -54.064  -39.441  -16.325 0.4000000060
56870  -55.039  -38.243  -14.853 0.3000000119
130783  -52.542  -40.138  -17.231 0.4000000060
58667  -55.810  -36.848  -13.386 0.3000000119
57844  -55.763  -37.781  -14.324 0.3000000119
58666  -55.251  -36.652  -13.771 0.4000000060
59467  -54.868  -35.820  -11.096 0.3000000119
59476  -54.800  -35.403  -12.031 0.3000000119
60290  -54.372  -35.791  -9.313 0.3000000119
58662  -35.276  -37.306  -13.012 0.5000000000
59489  -35.297  -36.348  -13.506 0.5000000000
59480  -36.237  -36.894  -12.906 0.5000000000
59491  -37.284  -35.791  -13.693 0.5000000000
58663  -37.375  -36.831  -13.849 0.5000000000
59497  -37.637  -36.080  -14.674 0.5000000000
129299  -38.470  -36.754  -16.622 0.5000000000
59502  -39.097  -36.180  -16.915 0.5000000000
60323  -37.786  -35.236  -14.892 0.5000000000
60316  -37.270  -35.042  -14.279 0.5000000000
59500  -38.855  -35.820  -16.690 0.4000000060
60324  -39.517  -34.947  -15.585 0.5000000000
132505  -38.822  -33.517  -12.335 0.3000000119
55885  -53.042  -40.429  -17.261 0.4000000060
46438  -38.520  -50.560  -12.791 0.6999999881
44630  -40.225  -52.647  -12.328 0.6999999881
45538  -39.714  -51.362  -12.100 0.6999999881
45547  -39.543  -51.329  -12.993 0.6999999881
46429  -38.703  -50.403  -11.928 0.6999999881
46430  -39.406  -50.754  -11.562 0.6999999881
47361  -38.688  -49.242  -10.714 0.6999999881
47371  -38.297  -49.742  -11.537 0.6999999881
128563  -51.064  -43.927  -15.582 0.3000000119
52033  -51.112  -44.644  -16.043 0.3000000119
52877  -51.129  -43.175  -15.683 0.3000000119
52896  -51.909  -43.583  -17.050 0.3000000119
53848  -51.889  -41.978  -16.484 0.3000000119
52889  -51.591  -42.921  -16.299 0.3000000119
47362  -39.364  -49.776  -10.341 0.6999999881
47372  -38.968  -50.137  -11.082 0.6999999881
52876  -50.695  -43.431  -15.151 0.3000000119
53837  -51.146  -42.215  -15.861 0.3000000119
52890  -52.136  -42.694  -16.854 0.3000000119
53856  -52.938  -42.145  -18.314 0.3000000119
54848  -53.681  -41.526  -18.811 0.3000000119
130545  -49.896  -42.080  -15.182 0.3000000119
53836  -50.475  -42.118  -15.463 0.3000000119
54842  -52.959  -41.163  -17.669 0.3000000119
54843  -53.314  -41.186  -17.874 0.3000000119
54833  -51.462  -41.265  -16.477 0.3000000119
55875  -53.799  -40.060  -16.791 0.3000000119
124693  -49.080  -41.717  -15.551 0.3000000119
55886  -53.429  -40.254  -17.044 0.3000000119
54818  -49.095  -40.775  -16.976 0.3000000119
41643  -40.985  -55.680  -13.690 0.6999999881
42640  -40.513  -54.310  -14.056 0.6999999881
122201  -38.964  -50.824  -14.081 0.6999999881
43628  -40.361  -53.417  -12.717 0.6999999881
43639  -40.377  -53.462  -13.710 0.6999999881
45539  -39.982  -51.907  -12.679 0.6999999881
46439  -39.204  -50.854  -12.458 0.6999999881
46448  -38.435  -50.594  -13.694 0.6999999881
44642  -40.150  -52.528  -13.347 0.6999999881
47382  -37.964  -50.116  -12.310 0.6999999881
51180  -51.308  -45.043  -17.042 0.3000000119
52034  -51.528  -44.345  -16.771 0.3000000119
52897  -52.535  -42.851  -17.630 0.3000000119
52901  -52.764  -42.874  -18.742 0.3000000119
54849  -54.118  -41.642  -18.870 0.3000000119
54844  -53.727  -41.014  -17.908 0.3000000119
120704  -54.320  -41.313  -18.240 0.3000000119
55876  -54.563  -40.220  -16.605 0.3000000119
51179  -50.709  -45.495  -16.472 0.3000000119
54834  -52.324  -40.988  -16.889 0.3000000119
53849  -52.561  -41.934  -17.202 0.3000000119
36173  -50.339  -61.306  -20.389 0.4000000060
37059  -49.021  -60.097  -20.455 0.4000000060
38031  -49.983  -59.421  -19.931 0.4000000060
37043  -51.685  -60.471  -19.134 0.4000000060
36171  -48.132  -60.877  -20.715 0.4000000060
39022  -48.209  -57.979  -18.491 0.5000000000
39043  -49.312  -58.483  -19.101 0.4000000060
38018  -49.737  -58.859  -19.547 0.4000000060
38030  -48.824  -59.369  -20.132 0.4000000060
38019  -51.449  -59.209  -19.145 0.4000000060
38017  -48.523  -58.940  -19.776 0.5000000000
38029  -47.875  -59.320  -20.227 0.4000000060
129405  -47.160  -59.473  -20.457 0.4000000060
123266  -48.980  -58.122  -18.630 0.4000000060
39042  -48.098  -58.560  -19.309 0.5000000000
38016  -47.289  -59.048  -20.174 0.5000000000
37057  -46.738  -59.953  -20.744 0.5000000000
135535  -47.228  -58.528  -18.871 0.5000000000
39041  -46.853  -58.811  -19.774 0.5000000000
38028  -46.355  -59.229  -20.755 0.5000000000
38033  -44.496  -59.457  -21.299 0.5000000000
37062  -43.794  -60.143  -21.339 0.5000000000
39051  -46.226  -58.908  -20.537 0.5000000000
119676  -45.638  -58.592  -18.845 0.6000000238
38027  -45.494  -59.097  -21.110 0.5000000000
39039  -44.620  -58.183  -20.382 0.5000000000
39050  -45.305  -58.658  -20.802 0.5000000000
39048  -43.531  -58.099  -20.873 0.6000000238
38026  -44.804  -58.695  -21.114 0.5000000000
39047  -42.755  -57.803  -20.622 0.5000000000
39040  -45.705  -58.606  -19.922 0.6000000238
137734  -45.019  -58.434  -18.505 0.6000000238
39904  -43.861  -57.684  -20.517 0.6000000238
39903  -43.177  -57.353  -20.497 0.6000000238
40783  -42.451  -56.155  -20.459 0.5000000000
41704  -40.943  -54.786  -20.222 0.5000000000
41705  -41.491  -55.155  -20.363 0.5000000000
41708  -42.005  -55.416  -20.434 0.5000000000
42700  -41.681  -54.256  -19.888 0.5000000000
45593  -38.438  -51.350  -17.823 0.4000000060
120206  -44.892  -58.270  -19.405 0.6000000238
46487  -38.026  -50.555  -16.742 0.5000000000
39018  -44.058  -57.991  -18.117 0.6000000238
39028  -44.426  -57.987  -18.763 0.5000000000
46501  -38.555  -51.007  -17.401 0.5000000000
39890  -43.754  -57.351  -18.884 0.6000000238
125283  -43.479  -56.952  -19.731 0.6000000238
127716  -39.257  -51.270  -17.388 0.5000000000
127968  -42.995  -55.904  -19.677 0.6000000238
40781  -43.106  -56.331  -20.141 0.5000000000
43688  -40.579  -53.359  -19.710 0.5000000000
40780  -42.580  -55.668  -20.154 0.5000000000
42695  -42.322  -54.444  -19.303 0.5000000000
46500  -37.772  -50.784  -17.358 0.4000000060
45592  -37.441  -51.107  -17.625 0.4000000060
46470  -38.243  -50.513  -15.796 0.5000000000
39019  -44.637  -58.396  -17.881 0.6000000238
46471  -38.831  -50.913  -16.460 0.5000000000
39877  -43.560  -57.633  -17.866 0.6000000238
45582  -39.448  -51.404  -16.523 0.5000000000
40766  -43.225  -56.848  -18.432 0.6000000238
40774  -42.969  -55.985  -18.909 0.6000000238
43696  -40.958  -53.354  -19.971 0.5000000000
41692  -42.511  -55.276  -18.470 0.6000000238
43689  -41.504  -53.243  -19.363 0.5000000000
42694  -42.045  -53.768  -18.921 0.5000000000
43680  -40.910  -52.739  -18.109 0.5000000000
46486  -37.198  -50.382  -16.871 0.4000000060
119947  -37.449  -50.231  -16.095 0.5000000000
118906  -37.019  -50.662  -17.346 0.4000000060
46447  -37.706  -50.300  -14.120 0.5000000000
46458  -38.457  -50.610  -14.715 0.5000000000
123735  -38.842  -50.831  -15.465 0.5000000000
46459  -39.138  -51.014  -14.736 0.5000000000
39865  -42.702  -57.228  -16.915 0.6000000238
45572  -39.387  -51.336  -15.567 0.5000000000
40755  -42.165  -56.497  -16.665 0.6000000238
41678  -42.253  -55.696  -17.468 0.6000000238
44689  -41.038  -52.635  -19.118 0.5000000000
41691  -42.009  -54.912  -17.718 0.5000000000
44674  -40.387  -52.123  -17.632 0.5000000000
43681  -41.501  -53.280  -18.557 0.5000000000
46469  -37.624  -50.250  -15.122 0.5000000000
46449  -39.057  -50.884  -13.330 0.6000000238
135827  -39.539  -51.507  -14.681 0.5000000000
40741  -41.578  -56.287  -15.127 0.6000000238
44664  -39.879  -51.882  -16.068 0.5000000000
45583  -39.876  -51.689  -17.106 0.5000000000
41677  -41.705  -55.493  -16.667 0.6000000238
119702  -40.253  -52.232  -16.645 0.5000000000
42671  -41.525  -54.478  -17.067 0.5000000000
43666  -40.661  -52.991  -16.824 0.5000000000
43667  -41.266  -53.575  -17.512 0.5000000000
47410  -36.876  -49.882  -15.484 0.4000000060
47418  -36.663  -49.912  -16.376 0.4000000060
45559  -39.426  -51.283  -13.913 0.6000000238
44654  -39.898  -51.992  -15.064 0.6000000238
41669  -40.909  -55.015  -15.242 0.6000000238
44665  -40.294  -52.680  -15.614 0.5000000000
42656  -40.659  -54.327  -14.946 0.6000000238
47400  -37.004  -49.891  -14.541 0.5000000000
47381  -37.329  -49.632  -12.721 0.4000000060
47391  -37.122  -49.802  -13.609 0.4000000060
47390  -36.457  -49.397  -14.036 0.4000000060
45548  -39.822  -51.773  -13.423 0.6000000238
45560  -39.850  -51.954  -14.141 0.6000000238
43652  -40.474  -53.500  -14.725 0.5000000000
45602  -39.566  -51.678  -18.733 0.5000000000
45595  -39.810  -51.570  -18.246 0.5000000000
44688  -40.465  -52.345  -19.281 0.5000000000
38008  -51.533  -59.260  -19.011 0.4000000060
39029  -46.353  -58.718  -19.156 0.6000000238
39010  -44.065  -58.258  -17.334 0.6000000238
40728  -41.560  -56.287  -14.160 0.6000000238
41657  -40.680  -55.058  -14.370 0.6000000238
41670  -41.353  -55.609  -15.627 0.6000000238
44655  -40.208  -52.670  -14.420 0.6000000238
46437  -37.778  -50.274  -13.166 0.5000000000
39052  -44.053  -58.692  -21.153 0.5000000000
39900  -44.041  -57.582  -19.781 0.6000000238
39876  -43.044  -57.249  -17.591 0.6000000238
42684  -42.203  -54.452  -18.523 0.5000000000
40765  -42.711  -56.399  -17.789 0.6000000238
40754  -41.685  -56.201  -15.960 0.6000000238
42665  -41.235  -54.830  -16.110 0.6000000238
42664  -40.853  -54.378  -15.688 0.6000000238
42670  -40.993  -54.002  -16.479 0.6000000238
43660  -40.640  -53.645  -15.701 0.5000000000
43661  -53.935  -53.533  -15.593 0.3000000119
43655  -54.363  -54.334  -15.288 0.3000000119
43662  -54.632  -54.178  -16.253 0.3000000119
43668  -54.127  -53.502  -16.718 0.3000000119
42672  -55.347  -55.064  -17.093 0.3000000119
43669  -54.730  -54.405  -17.569 0.3000000119
43682  -54.684  -54.848  -18.998 0.3000000119
45585  -53.114  -52.290  -17.711 0.3000000119
44675  -53.554  -53.290  -18.611 0.3000000119
118918  -54.210  -53.773  -18.127 0.3000000119
44691  -53.278  -53.881  -20.050 0.3000000119
45598  -52.834  -52.812  -19.091 0.3000000119
48378  -52.574  -48.695  -20.598 0.3000000119
133526  -51.095  -49.303  -20.497 0.3000000119
49350  -52.412  -47.657  -20.582 0.3000000119
49346  -51.065  -47.833  -20.251 0.3000000119
50321  -52.078  -46.027  -20.497 0.3000000119
49349  -51.568  -48.303  -20.465 0.3000000119
118514  -51.628  -46.212  -20.003 0.3000000119
37056  -45.933  -59.816  -21.059 0.4000000060
42666  -55.215  -54.954  -15.903 0.3000000119
42673  -56.018  -56.021  -17.948 0.3000000119
38034  -45.193  -59.869  -21.256 0.4000000060
42686  -55.941  -55.745  -18.652 0.3000000119
42696  -55.223  -55.287  -19.304 0.3000000119
44690  -52.563  -53.248  -20.379 0.3000000119
45613  -51.837  -52.302  -20.775 0.3000000119
48377  -51.825  -49.501  -20.667 0.3000000119
47439  -52.905  -49.927  -20.914 0.3000000119
48379  -53.603  -48.871  -20.619 0.3000000119
49352  -54.153  -47.236  -20.519 0.3000000119
50327  -52.565  -46.741  -20.521 0.3000000119
42685  -55.360  -55.308  -18.415 0.3000000119
43691  -54.055  -54.482  -20.474 0.3000000119
36165  -36.532  -61.607  -21.108 0.4000000060
136099  -36.323  -61.120  -21.261 0.3000000119
37046  -36.792  -60.107  -19.977 0.3000000119
38013  -36.470  -59.500  -20.087 0.3000000119
40772  -40.718  -56.385  -18.868 0.4000000060
40773  -41.117  -56.238  -19.768 0.4000000060
39016  -40.713  -58.065  -17.701 0.4000000060
39017  -41.146  -58.695  -18.099 0.4000000060
41702  -40.335  -54.761  -19.285 0.4000000060
42693  -40.610  -54.093  -19.895 0.4000000060
40778  -40.729  -55.578  -19.619 0.4000000060
40779  -41.331  -55.660  -20.247 0.4000000060
39889  -41.160  -57.001  -19.321 0.4000000060
139228  -41.852  -58.213  -19.918 0.4000000060
135202  -42.089  -57.436  -20.342 0.4000000060
127852  -41.570  -58.440  -19.109 0.4000000060
38014  -41.889  -58.971  -19.597 0.4000000060
43685  -37.522  -53.692  -17.769 0.3000000119
39901  -42.098  -56.552  -20.541 0.4000000060
132251  -37.848  -51.819  -17.775 0.3000000119
44680  -37.274  -52.393  -17.594 0.3000000119
39038  -42.333  -58.522  -20.346 0.4000000060
39898  -41.626  -56.584  -20.211 0.4000000060
45594  -39.105  -51.347  -18.164 0.4000000060
41690  -40.179  -55.595  -18.236 0.4000000060
39027  -41.212  -57.836  -18.688 0.4000000060
124320  -41.579  -57.592  -19.693 0.4000000060
137218  -46.935  -69.574  -20.571 0.3000000119
29537  -47.613  -68.647  -20.123 0.3000000119
31515  -49.386  -67.020  -20.067 0.3000000119
32495  -50.226  -65.657  -19.279 0.3000000119
32511  -50.675  -65.092  -19.368 0.3000000119
34293  -49.087  -64.023  -20.617 0.3000000119
33417  -48.453  -64.668  -21.087 0.3000000119
34303  -47.297  -64.286  -21.556 0.3000000119
35222  -48.509  -63.041  -20.953 0.3000000119
35231  -47.352  -63.204  -21.206 0.3000000119
34302  -46.371  -63.640  -21.574 0.3000000119
125503  -49.483  -61.833  -20.620 0.3000000119
122342  -48.372  -61.956  -20.896 0.3000000119
35221  -47.303  -62.290  -21.000 0.3000000119
36172  -49.223  -61.050  -20.600 0.3000000119
36180  -46.564  -61.689  -21.012 0.3000000119
32483  -50.680  -64.947  -18.824 0.3000000119
36170  -47.138  -60.756  -20.848 0.3000000119
140125  -47.471  -61.511  -20.898 0.3000000119
31516  -49.820  -66.337  -19.938 0.3000000119
28537  -46.822  -69.107  -19.913 0.3000000119
29517  -44.213  -68.310  -18.054 0.4000000060
29518  -45.407  -67.905  -18.296 0.4000000060
29539  -48.652  -67.886  -20.513 0.3000000119
29553  -47.386  -69.173  -20.498 0.3000000119
30494  -42.732  -68.035  -17.004 0.3000000119
30504  -48.325  -67.277  -19.386 0.4000000060
30522  -48.734  -67.609  -20.053 0.4000000060
30536  -48.959  -67.523  -20.635 0.3000000119
31497  -47.791  -66.760  -18.710 0.4000000060
31499  -49.620  -66.297  -19.309 0.3000000119
31529  -49.314  -66.854  -20.667 0.3000000119
32433  -45.271  -64.654  -14.678 0.3000000119
32443  -45.618  -64.876  -15.256 0.4000000060
32456  -48.593  -64.288  -16.899 0.4000000060
32467  -48.874  -64.891  -17.298 0.4000000060
32468  -49.762  -65.150  -17.902 0.4000000060
32510  -50.188  -65.663  -19.795 0.3000000119
33334  -43.427  -64.085  -12.439 0.3000000119
33363  -47.325  -63.969  -15.689 0.4000000060
33372  -47.940  -64.102  -16.172 0.4000000060
33383  -50.240  -64.544  -18.091 0.4000000060
34221  -45.112  -63.139  -13.230 0.3000000119
34233  -46.156  -63.227  -14.150 0.3000000119
34234  -46.482  -63.499  -14.769 0.3000000119
34264  -49.751  -64.167  -17.744 0.4000000060
34292  -48.075  -63.829  -21.066 0.3000000119
35137  -43.088  -62.324  -11.541 0.3000000119
35143  -44.133  -62.351  -12.549 0.3000000119
35223  -49.274  -62.488  -20.724 0.3000000119
36098  -43.764  -61.596  -12.411 0.3000000119
36123  -45.751  -61.555  -15.123 0.3000000119
36160  -51.652  -60.804  -19.374 0.4000000060
36987  -44.052  -60.808  -12.648 0.3000000119
37010  -46.126  -60.904  -15.578 0.3000000119
37048  -51.532  -60.037  -19.293 0.4000000060
37058  -47.798  -59.946  -20.520 0.4000000060
37060  -50.177  -60.307  -20.259 0.4000000060
37061  -50.878  -59.645  -19.681 0.4000000060
37064  -45.394  -60.654  -21.204 0.4000000060
38009  -51.557  -59.721  -19.100 0.4000000060
38032  -43.574  -59.442  -21.281 0.5000000000
39031  -51.182  -58.828  -18.910 0.5000000000
39049  -44.410  -58.202  -20.902 0.6000000238
39827  -43.220  -57.007  -13.784 0.6999999881
39866  -43.332  -57.839  -16.888 0.6999999881
39888  -40.743  -57.238  -18.288 0.4000000060
39899  -43.412  -57.064  -20.222 0.6000000238
39902  -42.571  -56.939  -20.473 0.5000000000
40701  -44.604  -55.933  -12.656 0.6000000238
40775  -43.290  -56.504  -19.353 0.6000000238
40782  -41.856  -55.874  -20.545 0.4000000060
40784  -42.938  -56.705  -20.371 0.5000000000
41658  -41.110  -55.706  -14.696 0.6999999881
41706  -42.096  -54.989  -19.994 0.5000000000
41707  -41.207  -54.550  -20.283 0.5000000000
42683  -41.777  -54.071  -18.070 0.5000000000
42698  -40.945  -54.008  -20.213 0.5000000000
42699  -41.197  -54.066  -20.189 0.5000000000
42701  -55.015  -55.124  -19.828 0.3000000119
42702  -41.543  -54.758  -20.243 0.5000000000
43597  -42.321  -53.117  -9.552 0.6000000238
43598  -43.050  -53.218  -9.478 0.6000000238
43679  -38.006  -52.639  -17.999 0.3000000119
43690  -41.842  -53.792  -19.504 0.5000000000
43692  -54.541  -55.065  -19.962 0.3000000119
43695  -40.554  -52.703  -19.480 0.5000000000
43697  -41.315  -53.540  -19.877 0.5000000000
43698  -54.094  -54.399  -20.713 0.3000000119
43699  -54.536  -54.780  -20.293 0.3000000119
44609  -40.769  -52.619  -10.312 0.6999999881
44610  -44.470  -52.615  -10.411 0.6000000238
44682  -40.470  -52.095  -18.675 0.5000000000
44694  -40.985  -52.853  -19.706 0.5000000000
45492  -41.889  -51.337  -8.665 0.6000000238
45554  -49.793  -51.686  -13.564 0.4000000060
45575  -52.483  -51.577  -15.852 0.4000000060
45601  -39.095  -51.534  -18.466 0.4000000060
45603  -40.032  -51.797  -19.019 0.5000000000
45605  -51.172  -51.724  -19.601 0.4000000060
45608  -50.123  -51.372  -20.497 0.4000000060
45610  -51.847  -52.513  -20.457 0.3000000119
46406  -40.521  -50.637  -9.291 0.6000000238
46473  -46.686  -50.525  -15.995 0.4000000060
46475  -49.390  -50.362  -16.114 0.4000000060
46477  -51.157  -50.637  -16.057 0.4000000060
46488  -46.425  -50.148  -16.664 0.4000000060
46504  -47.864  -50.438  -18.089 0.4000000060
46512  -49.332  -51.350  -20.101 0.4000000060
46516  -48.045  -50.596  -19.757 0.4000000060
46517  -48.706  -50.949  -20.432 0.4000000060
46521  -49.364  -50.926  -20.793 0.4000000060
46523  -50.952  -50.962  -20.938 0.4000000060
47338  -41.650  -49.178  -7.525 0.6000000238
47339  -42.339  -49.278  -7.520 0.6000000238
47355  -44.388  -50.050  -9.157 0.6000000238
47423  -35.673  -49.795  -17.102 0.5000000000
47424  -46.770  -49.975  -18.013 0.4000000060
47434  -50.260  -49.757  -20.630 0.4000000060
47438  -50.944  -50.178  -20.860 0.3000000119
48274  -39.902  -47.738  -7.716 0.6999999881
48285  -43.448  -48.731  -8.050 0.6000000238
48311  -37.957  -48.967  -11.269 0.8000000119
48352  -46.844  -48.879  -15.973 0.4000000060
48357  -35.227  -49.221  -16.321 0.5000000000
48371  -47.998  -49.662  -19.676 0.4000000060
48372  -48.755  -49.513  -19.997 0.4000000060
49253  -42.413  -47.949  -7.436 0.6000000238
49254  -43.012  -48.109  -7.747 0.6000000238
49267  -37.602  -47.577  -9.817 0.6999999881
49332  -48.343  -48.281  -17.521 0.4000000060
49351  -53.274  -47.371  -20.536 0.3000000119
50240  -43.021  -46.648  -9.658 0.6000000238
50250  -36.526  -47.197  -10.555 0.6999999881
50254  -45.161  -47.199  -11.077 0.5000000000
50267  -45.627  -46.855  -11.392 0.5000000000
50313  -50.500  -46.554  -17.821 0.3000000119
50326  -51.701  -47.068  -20.375 0.3000000119
50328  -53.403  -46.548  -20.519 0.3000000119
51076  -38.634  -44.890  -7.535 0.8000000119
51096  -37.366  -45.836  -8.752 0.8000000119
51115  -42.424  -45.798  -11.570 0.5000000000
51119  -46.199  -45.706  -11.595 0.5000000000
51134  -47.564  -45.640  -12.475 0.5000000000
51150  -42.011  -45.778  -15.348 0.6000000238
51159  -39.900  -45.319  -16.312 0.6999999881
51174  -40.078  -45.235  -16.947 0.6999999881
51200  -52.738  -45.997  -20.594 0.3000000119
51201  -53.481  -45.637  -20.520 0.3000000119
51942  -41.117  -44.988  -8.469 0.6999999881
51948  -35.548  -44.072  -9.432 0.6000000238
51979  -40.873  -44.916  -12.356 0.6999999881
51984  -47.690  -44.751  -12.504 0.5000000000
51985  -48.254  -44.487  -12.957 0.5000000000
51990  -39.611  -44.848  -14.541 0.6999999881
52016  -40.747  -44.962  -17.107 0.5000000000
52018  -42.615  -44.722  -17.933 0.5000000000
52019  -43.333  -45.135  -17.692 0.5000000000
52021  -51.444  -43.817  -16.185 0.3000000119
52032  -43.994  -44.590  -17.908 0.5000000000
52772  -37.573  -43.631  -7.712 0.8000000119
52773  -38.285  -43.656  -7.593 0.6999999881
52774  -39.091  -43.655  -7.651 0.6999999881
52779  -36.461  -43.223  -8.106 0.6999999881
52789  -39.778  -43.230  -9.971 0.6999999881
52800  -40.278  -43.759  -10.462 0.6999999881
52823  -39.453  -43.858  -12.877 0.6000000238
52828  -46.429  -43.831  -12.885 0.5000000000
52843  -46.911  -43.132  -13.900 0.5000000000
52846  -49.034  -43.648  -13.703 0.4000000060
52862  -50.337  -43.631  -14.632 0.4000000060
52884  -39.229  -43.488  -17.107 0.6000000238
52893  -43.810  -44.183  -18.449 0.5000000000
52894  -44.501  -43.468  -18.414 0.5000000000
52895  -45.173  -42.721  -18.460 0.5000000000
53726  -37.311  -42.477  -8.036 0.6999999881
53736  -38.506  -42.248  -8.945 0.6999999881
53765  -42.126  -42.498  -11.642 0.6000000238
53766  -42.845  -42.164  -11.863 0.6000000238
53781  -39.156  -43.073  -12.399 0.6000000238
53798  -43.224  -42.734  -13.729 0.5000000000
53811  -37.810  -42.454  -15.671 0.6000000238
53828  -39.234  -42.589  -17.383 0.6000000238
53831  -44.388  -42.272  -16.899 0.5000000000
53841  -38.866  -41.939  -18.054 0.6000000238
53853  -38.668  -41.645  -18.043 0.6000000238
53854  -44.898  -42.778  -18.506 0.5000000000
53855  -45.672  -42.128  -18.301 0.5000000000
54775  -38.137  -40.984  -12.207 0.6000000238
54794  -37.947  -41.869  -13.940 0.6000000238
54825  -38.547  -41.321  -17.818 0.6000000238
54841  -47.307  -39.815  -18.154 0.3000000119
54847  -53.368  -41.646  -18.693 0.3000000119
55733  -43.883  -40.127  -7.867 0.6000000238
55746  -41.897  -40.677  -8.338 0.5000000000
55763  -40.987  -40.688  -9.486 0.5000000000
55782  -36.686  -40.078  -10.007 0.6999999881
55783  -37.703  -40.560  -10.560 0.6999999881
55786  -44.431  -40.191  -11.040 0.5000000000
55787  -44.976  -39.737  -11.148 0.5000000000
55789  -47.284  -40.154  -11.179 0.4000000060
55832  -39.639  -40.216  -13.184 0.6000000238
55835  -45.922  -39.826  -13.486 0.4000000060
55839  -49.968  -40.183  -14.231 0.4000000060
55846  -45.134  -39.965  -14.468 0.4000000060
55847  -46.151  -39.779  -14.523 0.4000000060
55864  -55.985  -40.021  -15.574 0.3000000119
55868  -45.253  -40.401  -17.112 0.4000000060
55887  -54.228  -40.746  -17.407 0.3000000119
56758  -41.749  -38.983  -6.566 0.4000000060
56767  -40.933  -39.361  -7.817 0.4000000060
56769  -42.603  -39.914  -7.116 0.5000000000
56790  -44.637  -39.645  -8.143 0.4000000060
56804  -40.006  -39.077  -9.920 0.6000000238
56836  -49.515  -39.449  -11.576 0.4000000060
56868  -51.388  -39.209  -15.416 0.5000000000
56875  -45.973  -39.498  -17.028 0.4000000060
56880  -50.323  -38.612  -16.771 0.5000000000
56884  -53.757  -38.880  -16.147 0.4000000060
56887  -38.311  -39.310  -17.385 0.6000000238
56889  -39.262  -39.627  -17.300 0.6000000238
56892  -48.405  -37.974  -18.266 0.4000000060
56896  -52.293  -38.750  -17.215 0.4000000060
56900  -39.116  -38.811  -17.753 0.6000000238
56901  -47.327  -38.726  -18.242 0.4000000060
56902  -47.933  -38.417  -18.405 0.4000000060
56903  -48.734  -38.209  -18.507 0.5000000000
56907  -52.622  -39.480  -17.187 0.4000000060
56908  -53.134  -39.828  -16.922 0.4000000060
57744  -42.460  -38.918  -6.234 0.3000000119
57745  -43.295  -38.754  -6.130 0.3000000119
57747  -45.070  -38.103  -6.433 0.3000000119
57761  -45.934  -38.091  -7.378 0.4000000060
57809  -50.694  -38.559  -11.491 0.4000000060
57824  -53.607  -37.365  -13.394 0.5000000000
57832  -52.262  -38.690  -13.531 0.5000000000
57835  -55.548  -37.127  -14.030 0.3000000119
57836  -56.276  -37.555  -13.718 0.3000000119
57842  -54.520  -37.624  -14.571 0.4000000060
57851  -38.990  -38.781  -17.890 0.6000000238
57852  -39.235  -38.064  -17.471 0.6000000238
57854  -49.918  -38.271  -18.157 0.5000000000
57855  -50.805  -38.514  -17.955 0.5000000000
58556  -40.637  -37.153  -6.150 0.3000000119
58559  -43.961  -37.651  -5.459 0.3000000119
58608  -39.624  -37.651  -9.876 0.5000000000
58609  -48.290  -37.097  -9.324 0.4000000060
58625  -49.831  -37.616  -10.549 0.3000000119
58628  -52.459  -36.474  -11.104 0.4000000060
58652  -54.352  -36.366  -13.063 0.3000000119
58653  -55.267  -36.190  -13.206 0.3000000119
58665  -54.721  -37.019  -14.067 0.4000000060
58670  -54.987  -37.099  -14.276 0.4000000060
58671  -38.669  -37.655  -17.374 0.5000000000
58674  -38.975  -37.964  -17.730 0.6000000238
58675  -39.033  -37.464  -17.546 0.5000000000
59371  -40.611  -36.195  -5.421 0.3000000119
59372  -41.173  -36.366  -4.947 0.3000000119
59389  -42.590  -37.048  -4.970 0.3000000119
59392  -44.734  -36.045  -5.561 0.3000000119
59407  -40.250  -36.603  -6.560 0.4000000060
59427  -46.455  -36.557  -7.452 0.3000000119
59445  -51.469  -36.030  -9.881 0.3000000119
59484  -55.096  -35.748  -12.695 0.3000000119
60273  -54.679  -35.936  -8.297 0.3000000119
60289  -53.417  -34.768  -9.667 0.3000000119
60303  -53.879  -34.877  -10.500 0.3000000119
60327  -39.249  -35.201  -16.349 0.4000000060
61039  -42.075  -34.125  -3.824 0.3000000119
61040  -42.791  -33.982  -3.743 0.3000000119
61106  -46.288  -35.058  -8.118 0.3000000119
61121  -46.441  -34.797  -8.997 0.3000000119
61124  -51.753  -34.368  -8.409 0.3000000119
61134  -39.401  -34.659  -9.341 0.3000000119
61136  -46.446  -34.479  -10.043 0.3000000119
61161  -39.397  -34.665  -13.242 0.4000000060
61927  -43.181  -33.478  -3.658 0.3000000119
61940  -43.804  -33.424  -4.041 0.3000000119
61941  -44.250  -33.293  -4.523 0.3000000119
61973  -45.427  -33.878  -6.860 0.3000000119
61992  -45.543  -33.613  -7.828 0.3000000119
62004  -45.551  -33.511  -8.838 0.3000000119
62018  -38.866  -32.839  -10.168 0.3000000119
62022  -48.206  -33.807  -10.101 0.3000000119
62029  -45.962  -33.536  -11.410 0.3000000119
62048  -39.277  -33.510  -15.437 0.4000000060
62053  -39.074  -33.390  -15.812 0.5000000000
62836  -44.568  -32.730  -4.839 0.3000000119
62917  -45.469  -32.931  -10.762 0.3000000119
62922  -45.709  -32.987  -11.855 0.3000000119
62926  -45.876  -32.478  -12.253 0.3000000119
63767  -42.801  -31.723  -3.154 0.3000000119
63769  -44.294  -31.252  -4.037 0.3000000119
63865  -46.285  -31.907  -12.232 0.3000000119
64662  -42.755  -30.495  -2.897 0.3000000119
64681  -43.332  -30.674  -3.262 0.3000000119
64689  -45.010  -30.276  -4.719 0.3000000119
64764  -45.439  -30.921  -10.224 0.3000000119
64771  -45.561  -30.621  -11.297 0.3000000119
64777  -45.828  -30.433  -11.950 0.3000000119
65492  -41.479  -29.938  -2.414 0.3000000119
65595  -47.566  -29.861  -10.583 0.3000000119
65609  -46.870  -29.958  -12.162 0.3000000119
68199  -45.484  -26.678  -9.115 0.3000000119
68204  -46.048  -26.709  -9.417 0.3000000119
68208  -49.949  -26.693  -10.222 0.3000000119
69079  -47.833  -25.147  -9.439 0.3000000119
70781  -49.547  -23.412  -9.943 0.3000000119
70791  -51.053  -23.320  -10.375 0.3000000119
116429  -45.666  -29.375  -7.284 0.3000000119
117288  -39.287  -33.984  -9.268 0.3000000119
117528  -41.891  -45.613  -12.157 0.5000000000
117825  -39.453  -36.834  -11.192 0.5000000000
118116  -48.354  -39.332  -10.502 0.4000000060
118295  -40.310  -52.328  -10.966 0.6999999881
118944  -40.618  -30.272  -2.363 0.3000000119
119255  -49.107  -51.101  -19.201 0.4000000060
119437  -41.586  -45.720  -16.084 0.6000000238
119719  -45.762  -28.257  -9.876 0.3000000119
120716  -46.485  -31.098  -12.644 0.3000000119
121291  -41.002  -45.738  -15.692 0.6000000238
121503  -47.638  -49.391  -18.939 0.4000000060
122591  -49.043  -35.870  -10.578 0.3000000119
123039  -38.758  -48.624  -9.988 0.6999999881
123675  -50.832  -58.867  -19.339 0.4000000060
124795  -44.692  -40.477  -14.189 0.4000000060
125216  -53.607  -52.904  -17.205 0.3000000119
125686  -41.741  -41.571  -10.016 0.6000000238
125774  -42.640  -55.334  -19.470 0.5000000000
125838  -53.982  -48.039  -20.595 0.3000000119
126379  -36.585  -60.959  -20.763 0.3000000119
126646  -47.293  -65.081  -16.645 0.4000000060
126672  -53.157  -48.095  -20.632 0.3000000119
127197  -37.077  -38.050  -12.843 0.5000000000
127790  -40.523  -40.868  -11.007 0.6000000238
127910  -54.002  -54.428  -19.573 0.3000000119
129210  -47.017  -33.041  -11.171 0.3000000119
130834  -50.687  -42.735  -15.364 0.3000000119
131308  -43.431  -40.957  -10.148 0.6000000238
131919  -37.253  -40.304  -10.025 0.6999999881
132083  -44.071  -56.335  -12.800 0.6999999881
132129  -43.349  -58.827  -21.127 0.5000000000
132754  -42.112  -31.994  -2.988 0.3000000119
132828  -47.812  -37.731  -8.953 0.4000000060
133513  -48.532  -40.548  -13.199 0.4000000060
134787  -42.627  -46.531  -8.982 0.6000000238
134929  -55.007  -35.874  -13.061 0.3000000119
134988  -42.492  -67.746  -16.291 0.3000000119
135079  -53.527  -41.838  -19.196 0.3000000119
135523  -45.477  -31.185  -9.209 0.3000000119
135606  -39.542  -38.121  -15.201 0.6000000238
135742  -45.366  -42.297  -18.343 0.5000000000
136966  -43.958  -62.862  -12.181 0.3000000119
137012  -46.797  -49.034  -16.788 0.4000000060
137071  -42.100  -68.589  -17.069 0.3000000119
137304  -45.421  -39.395  -9.001 0.4000000060
138420  -40.188  -37.946  -8.048 0.4000000060
138509  -46.674  -60.391  -15.840 0.3000000119
138956  -39.532  -38.027  -11.023 0.5000000000
139253  -45.861  -58.925  -20.882 0.5000000000
139344  -45.931  -34.775  -7.883 0.3000000119
140286  -39.070  -44.707  -7.430 0.8000000119
140409  -47.854  -62.616  -21.059 0.3000000119
140442  -40.851  -54.409  -11.687 0.6999999881
140715  -46.478  -49.969  -17.464 0.4000000060
140812  -39.718  -39.349  -11.427 0.6000000238
140826  -36.084  -46.706  -10.746 0.6999999881
140866  -39.562  -39.685  -13.429 0.6000000238
