#!ascii label  , from subject sub-v1s1x0050667_ses-1 vox2ras=TkReg
582
14446  -52.298  -83.457  -8.630 0.0000000000
25630  -51.188  -72.281  -16.161 0.0000000000
18451  -51.763  -79.009  -7.257 0.0000000000
20576  -51.453  -77.642  -11.817 0.0000000000
23639  -47.465  -74.729  -9.139 0.0000000000
15385  -56.685  -81.810  -2.449 0.0000000000
18374  -50.757  -79.715  -2.739 0.0000000000
21500  -47.671  -76.621  0.731 0.0000000000
19429  -47.167  -78.836  -5.722 0.0000000000
20543  -48.983  -77.185  -8.409 0.0000000000
20520  -44.675  -76.919  -6.043 0.0000000000
119229  -54.649  -80.764  -2.011 0.0000000000
124481  -52.124  -80.673  -0.006 0.0000000000
124722  -49.989  -75.332  1.428 0.0000000000
21511  -50.454  -76.356  -1.273 0.0000000000
14481  -49.532  -83.838  -10.745 0.0000000000
22679  -50.825  -74.914  -13.979 0.0000000000
19505  -48.146  -77.996  -14.126 0.0000000000
20654  -50.557  -77.159  -17.281 0.0000000000
17492  -54.917  -79.992  -8.576 0.0000000000
17508  -52.209  -80.709  -10.673 0.0000000000
22645  -52.450  -75.235  -10.491 0.0000000000
25565  -50.680  -72.700  -11.103 0.0000000000
18419  -56.009  -79.766  -5.367 0.0000000000
16416  -51.416  -81.187  -4.884 0.0000000000
19417  -49.591  -78.503  -4.454 0.0000000000
131629  -49.233  -79.806  2.111 0.0000000000
118535  -49.149  -78.509  -0.762 0.0000000000
20491  -50.575  -77.220  -3.903 0.0000000000
23585  -49.688  -74.896  -3.621 0.0000000000
17515  -47.706  -80.492  -11.204 0.0000000000
117890  -46.403  -71.004  -12.062 0.0000000000
24628  -48.437  -72.928  -14.403 0.0000000000
21700  -46.671  -76.419  -17.027 0.0000000000
20501  -46.272  -77.734  -4.529 0.0000000000
19433  -45.931  -78.132  -6.155 0.0000000000
14459  -51.021  -83.638  -9.478 0.0000000000
23709  -51.558  -73.359  -14.710 0.0000000000
21676  -50.727  -76.033  -15.445 0.0000000000
22719  -51.299  -74.690  -16.823 0.0000000000
20683  -50.434  -76.656  -18.314 0.0000000000
23737  -50.524  -73.881  -17.165 0.0000000000
18453  -53.818  -78.563  -7.313 0.0000000000
19457  -52.772  -77.713  -8.170 0.0000000000
21618  -48.155  -75.763  -9.376 0.0000000000
21621  -51.166  -76.083  -9.630 0.0000000000
22635  -49.647  -75.105  -9.989 0.0000000000
24579  -51.741  -73.825  -11.189 0.0000000000
127958  -49.053  -73.801  -9.448 0.0000000000
15425  -55.670  -81.590  -5.359 0.0000000000
16403  -56.716  -80.993  -3.908 0.0000000000
17402  -52.780  -80.988  -2.433 0.0000000000
17420  -53.226  -80.907  -3.126 0.0000000000
17419  -51.728  -80.669  -3.405 0.0000000000
17442  -49.505  -80.293  -4.944 0.0000000000
18418  -50.789  -79.474  -4.108 0.0000000000
19355  -47.799  -77.980  0.715 0.0000000000
18336  -48.895  -79.081  0.122 0.0000000000
19370  -48.825  -77.673  -0.412 0.0000000000
22532  -52.240  -75.381  -2.260 0.0000000000
21519  -50.840  -76.429  -2.404 0.0000000000
21549  -51.264  -75.789  -3.501 0.0000000000
21547  -50.385  -76.168  -4.149 0.0000000000
18481  -51.474  -79.237  -11.250 0.0000000000
17506  -49.987  -80.593  -10.634 0.0000000000
19470  -49.164  -79.036  -10.978 0.0000000000
18511  -47.317  -79.343  -14.895 0.0000000000
26502  -45.290  -70.851  -11.108 0.0000000000
26533  -47.501  -71.297  -13.363 0.0000000000
22702  -47.136  -75.883  -15.377 0.0000000000
18449  -49.139  -79.547  -7.124 0.0000000000
20535  -50.527  -77.938  -8.107 0.0000000000
19443  -47.749  -78.600  -7.244 0.0000000000
20531  -46.592  -77.396  -7.551 0.0000000000
21602  -46.004  -75.988  -8.523 0.0000000000
121580  -56.330  -80.300  -2.496 0.0000000000
17363  -52.698  -80.864  -0.825 0.0000000000
128995  -51.832  -80.608  -1.427 0.0000000000
22502  -48.663  -75.687  0.910 0.0000000000
21509  -49.081  -76.550  -0.033 0.0000000000
22504  -50.381  -75.603  0.673 0.0000000000
22515  -51.108  -75.866  -0.479 0.0000000000
22533  -52.855  -75.091  -1.698 0.0000000000
21653  -51.224  -75.995  -12.475 0.0000000000
20591  -48.763  -77.317  -12.811 0.0000000000
21667  -49.919  -76.294  -13.760 0.0000000000
20640  -49.482  -77.790  -15.565 0.0000000000
18544  -48.884  -79.174  -17.553 0.0000000000
18559  -49.375  -78.595  -19.030 0.0000000000
19634  -48.954  -77.849  -20.084 0.0000000000
20698  -48.403  -77.270  -20.261 0.0000000000
15464  -53.454  -82.142  -8.762 0.0000000000
133950  -52.747  -82.254  -9.647 0.0000000000
17509  -53.543  -79.444  -10.835 0.0000000000
19480  -53.415  -78.101  -11.286 0.0000000000
20545  -52.387  -77.211  -8.702 0.0000000000
21623  -53.050  -76.571  -9.968 0.0000000000
21640  -53.089  -76.522  -11.651 0.0000000000
23686  -52.567  -74.544  -11.964 0.0000000000
24621  -51.770  -72.969  -13.012 0.0000000000
25602  -51.408  -71.890  -13.456 0.0000000000
16454  -55.032  -81.429  -6.711 0.0000000000
137270  -55.479  -79.787  -6.958 0.0000000000
138696  -53.691  -79.518  -6.200 0.0000000000
17422  -55.548  -79.971  -3.791 0.0000000000
16438  -53.762  -80.494  -4.902 0.0000000000
17480  -51.923  -80.716  -6.127 0.0000000000
17477  -48.982  -80.500  -6.063 0.0000000000
18415  -48.216  -79.527  -5.030 0.0000000000
21560  -47.804  -77.296  -4.150 0.0000000000
118146  -50.200  -80.247  1.307 0.0000000000
18353  -50.254  -79.969  -0.802 0.0000000000
19384  -50.192  -78.938  -2.293 0.0000000000
20456  -49.406  -77.467  -1.191 0.0000000000
20464  -49.974  -77.545  -2.249 0.0000000000
19390  -50.606  -78.687  -3.447 0.0000000000
20504  -50.439  -77.536  -4.187 0.0000000000
21562  -49.732  -76.341  -4.300 0.0000000000
120279  -50.156  -82.284  -10.176 0.0000000000
16490  -48.719  -82.062  -11.004 0.0000000000
19489  -47.504  -78.433  -12.601 0.0000000000
17524  -46.692  -80.421  -13.080 0.0000000000
24572  -49.306  -72.589  -9.405 0.0000000000
26520  -49.799  -70.825  -11.664 0.0000000000
27533  -50.261  -70.056  -13.621 0.0000000000
26546  -49.057  -70.393  -14.027 0.0000000000
24638  -50.263  -72.214  -16.052 0.0000000000
23736  -49.471  -74.286  -16.755 0.0000000000
22729  -48.289  -75.645  -17.636 0.0000000000
20489  -46.395  -76.978  -4.063 0.0000000000
20500  -45.679  -77.307  -4.545 0.0000000000
118294  -50.273  -84.448  -9.137 0.0000000000
14460  -51.733  -83.464  -9.188 0.0000000000
24639  -51.489  -72.709  -15.641 0.0000000000
23723  -51.496  -73.565  -15.816 0.0000000000
24649  -51.354  -72.952  -16.513 0.0000000000
23738  -51.066  -74.396  -17.291 0.0000000000
24648  -51.097  -72.649  -16.572 0.0000000000
18452  -52.723  -78.827  -7.219 0.0000000000
19448  -53.253  -78.144  -7.763 0.0000000000
19447  -52.228  -78.288  -7.645 0.0000000000
22631  -47.360  -75.562  -9.172 0.0000000000
21619  -49.053  -75.858  -9.569 0.0000000000
22634  -48.658  -75.121  -9.716 0.0000000000
23641  -49.858  -74.127  -10.063 0.0000000000
131819  -48.367  -74.411  -9.411 0.0000000000
15384  -55.893  -82.637  -2.387 0.0000000000
15400  -55.992  -82.374  -3.059 0.0000000000
16402  -56.005  -81.925  -3.828 0.0000000000
15401  -56.707  -81.478  -3.196 0.0000000000
133726  -51.266  -80.333  -2.528 0.0000000000
17401  -51.804  -80.622  -2.704 0.0000000000
18398  -51.218  -80.219  -3.140 0.0000000000
17418  -51.108  -80.321  -3.964 0.0000000000
18397  -51.018  -79.504  -3.657 0.0000000000
21482  -47.867  -75.980  0.986 0.0000000000
22478  -46.628  -76.114  1.710 0.0000000000
21481  -47.197  -76.405  1.205 0.0000000000
20429  -47.264  -77.287  1.040 0.0000000000
20444  -47.913  -77.159  0.393 0.0000000000
131715  -48.306  -77.773  0.110 0.0000000000
22552  -51.961  -75.185  -2.935 0.0000000000
21533  -51.530  -75.802  -2.860 0.0000000000
22574  -51.364  -75.191  -3.401 0.0000000000
23573  -51.904  -74.753  -2.979 0.0000000000
19477  -50.960  -78.389  -11.481 0.0000000000
18480  -50.329  -79.090  -11.063 0.0000000000
19476  -49.754  -78.287  -11.447 0.0000000000
24620  -46.743  -73.245  -12.958 0.0000000000
22687  -47.260  -75.488  -14.526 0.0000000000
21666  -46.668  -75.699  -13.739 0.0000000000
18448  -48.232  -79.429  -6.801 0.0000000000
18447  -47.687  -79.114  -6.730 0.0000000000
20521  -45.405  -77.486  -6.327 0.0000000000
20522  -46.119  -77.889  -6.835 0.0000000000
20530  -45.765  -77.044  -7.280 0.0000000000
21595  -46.213  -76.636  -8.099 0.0000000000
21584  -44.900  -76.669  -6.922 0.0000000000
17362  -51.757  -80.556  -0.705 0.0000000000
22462  -48.626  -74.834  2.248 0.0000000000
22481  -49.196  -75.171  1.659 0.0000000000
22503  -49.476  -75.630  0.829 0.0000000000
22516  -52.323  -75.572  -1.157 0.0000000000
13461  -48.944  -84.167  -11.892 0.0000000000
138123  -50.658  -75.716  -12.871 0.0000000000
21652  -50.159  -76.260  -12.878 0.0000000000
22678  -50.445  -75.651  -13.399 0.0000000000
21691  -50.921  -76.266  -16.454 0.0000000000
21690  -50.438  -76.871  -15.737 0.0000000000
20641  -50.105  -77.588  -16.006 0.0000000000
126241  -49.932  -78.161  -17.533 0.0000000000
18545  -49.260  -78.933  -18.257 0.0000000000
21713  -50.436  -75.869  -18.329 0.0000000000
120104  -49.934  -77.317  -18.894 0.0000000000
21740  -49.419  -76.978  -19.357 0.0000000000
20699  -48.922  -77.396  -19.919 0.0000000000
21726  -49.233  -76.290  -19.111 0.0000000000
16472  -54.609  -80.839  -8.411 0.0000000000
16471  -53.893  -81.401  -8.988 0.0000000000
19471  -53.479  -78.777  -11.074 0.0000000000
120553  -53.883  -78.075  -10.759 0.0000000000
20534  -49.401  -77.922  -8.017 0.0000000000
20536  -51.711  -77.771  -8.073 0.0000000000
20544  -50.046  -77.285  -8.562 0.0000000000
21622  -52.205  -76.182  -9.756 0.0000000000
21630  -52.834  -75.941  -10.305 0.0000000000
22647  -53.415  -76.378  -11.325 0.0000000000
22646  -53.147  -75.562  -10.976 0.0000000000
21655  -52.758  -75.604  -11.946 0.0000000000
24578  -50.877  -73.327  -10.800 0.0000000000
24600  -52.010  -73.673  -12.057 0.0000000000
24599  -51.330  -73.075  -11.573 0.0000000000
25584  -50.858  -72.192  -11.855 0.0000000000
17469  -56.241  -80.035  -5.525 0.0000000000
16455  -55.813  -80.788  -6.023 0.0000000000
18443  -55.866  -79.764  -6.152 0.0000000000
18442  -55.297  -79.465  -6.553 0.0000000000
18432  -55.395  -79.589  -5.796 0.0000000000
17386  -55.669  -80.428  -1.880 0.0000000000
17404  -55.354  -80.370  -2.804 0.0000000000
16417  -52.071  -81.097  -4.517 0.0000000000
16419  -53.808  -80.578  -4.216 0.0000000000
16436  -52.191  -81.155  -5.054 0.0000000000
16453  -52.453  -80.818  -5.662 0.0000000000
16452  -51.570  -81.125  -5.594 0.0000000000
17478  -49.938  -80.787  -6.150 0.0000000000
17465  -50.532  -81.102  -5.412 0.0000000000
18417  -49.940  -79.562  -4.491 0.0000000000
18416  -48.955  -79.594  -4.809 0.0000000000
19416  -48.363  -78.862  -4.553 0.0000000000
137322  -47.624  -78.244  -4.358 0.0000000000
20502  -48.585  -77.889  -4.278 0.0000000000
18320  -49.535  -79.946  1.532 0.0000000000
18352  -49.537  -79.492  -0.362 0.0000000000
18372  -49.732  -79.185  -1.346 0.0000000000
21502  -49.824  -76.045  -0.075 0.0000000000
21510  -49.595  -76.662  -0.810 0.0000000000
21532  -50.846  -76.548  -3.403 0.0000000000
20465  -50.410  -76.989  -2.712 0.0000000000
20477  -50.425  -77.603  -3.343 0.0000000000
19389  -50.121  -78.182  -2.652 0.0000000000
19402  -50.677  -78.060  -4.014 0.0000000000
22572  -49.959  -75.587  -4.034 0.0000000000
22571  -49.151  -75.255  -3.848 0.0000000000
21546  -49.005  -75.853  -4.177 0.0000000000
16486  -52.166  -81.607  -10.220 0.0000000000
15480  -51.162  -82.460  -9.945 0.0000000000
16485  -51.218  -81.502  -10.258 0.0000000000
17505  -48.477  -80.962  -10.866 0.0000000000
16483  -49.268  -81.273  -10.581 0.0000000000
16489  -47.941  -81.468  -11.398 0.0000000000
15486  -48.273  -82.448  -11.831 0.0000000000
16493  -47.636  -81.818  -12.263 0.0000000000
20590  -48.041  -77.824  -13.166 0.0000000000
19490  -48.233  -77.901  -12.264 0.0000000000
19504  -47.376  -78.613  -13.583 0.0000000000
18519  -46.774  -80.091  -15.162 0.0000000000
18510  -46.763  -79.865  -14.333 0.0000000000
24566  -47.749  -72.909  -8.420 0.0000000000
25542  -48.144  -72.267  -8.634 0.0000000000
26536  -50.718  -70.546  -13.221 0.0000000000
26535  -49.851  -70.209  -12.683 0.0000000000
25613  -48.037  -71.938  -13.917 0.0000000000
26545  -48.264  -70.900  -13.912 0.0000000000
24629  -48.811  -71.874  -14.561 0.0000000000
25622  -49.494  -71.241  -14.985 0.0000000000
24637  -49.417  -72.270  -15.244 0.0000000000
24646  -49.717  -73.030  -15.897 0.0000000000
23721  -49.031  -74.058  -15.718 0.0000000000
134462  -47.602  -75.618  -15.983 0.0000000000
21689  -47.853  -75.612  -16.732 0.0000000000
116916  -47.391  -76.059  -17.315 0.0000000000
19414  -46.763  -78.335  -4.861 0.0000000000
19434  -46.560  -78.462  -6.351 0.0000000000
19428  -46.285  -78.314  -5.634 0.0000000000
19427  -45.666  -77.997  -5.677 0.0000000000
20513  -45.217  -77.391  -5.344 0.0000000000
22482  -50.882  -75.287  1.708 0.0000000000
22483  -51.758  -75.482  1.484 0.0000000000
139928  -49.955  -83.811  -10.163 0.0000000000
22691  -51.278  -74.222  -14.840 0.0000000000
22689  -50.439  -75.754  -14.338 0.0000000000
22690  -51.024  -75.154  -15.110 0.0000000000
22705  -51.230  -75.381  -16.254 0.0000000000
21701  -50.806  -76.469  -17.235 0.0000000000
20670  -50.623  -76.753  -17.766 0.0000000000
22718  -51.082  -75.454  -17.231 0.0000000000
22732  -50.826  -75.222  -17.848 0.0000000000
22731  -50.219  -75.169  -18.134 0.0000000000
121302  -55.161  -79.500  -7.852 0.0000000000
19450  -54.737  -78.531  -8.637 0.0000000000
19458  -53.629  -77.797  -8.443 0.0000000000
20547  -53.730  -77.647  -9.084 0.0000000000
21605  -48.528  -76.528  -9.003 0.0000000000
21606  -49.539  -76.627  -9.087 0.0000000000
22636  -50.733  -75.390  -10.028 0.0000000000
22644  -51.473  -74.893  -10.387 0.0000000000
23645  -52.117  -74.499  -10.842 0.0000000000
23644  -51.017  -74.067  -10.548 0.0000000000
24577  -50.232  -73.386  -10.184 0.0000000000
16421  -56.554  -80.609  -4.500 0.0000000000
17447  -56.413  -79.881  -4.744 0.0000000000
138820  -53.629  -81.028  -2.032 0.0000000000
17403  -54.038  -80.829  -2.623 0.0000000000
137259  -52.361  -80.827  -3.004 0.0000000000
16400  -52.442  -80.945  -3.769 0.0000000000
17444  -51.558  -80.951  -4.167 0.0000000000
123699  -50.073  -80.755  -4.957 0.0000000000
121802  -50.292  -80.376  -4.497 0.0000000000
19340  -47.439  -78.286  1.564 0.0000000000
19341  -48.080  -78.824  1.387 0.0000000000
18319  -48.794  -79.439  1.195 0.0000000000
19356  -48.371  -78.596  0.521 0.0000000000
139856  -48.659  -78.327  -0.122 0.0000000000
21512  -51.504  -75.931  -1.859 0.0000000000
21548  -50.698  -76.509  -3.947 0.0000000000
22573  -50.804  -75.731  -3.844 0.0000000000
23586  -50.618  -75.063  -3.656 0.0000000000
23571  -50.259  -74.483  -3.200 0.0000000000
18472  -51.829  -79.963  -10.971 0.0000000000
17507  -51.049  -80.649  -10.578 0.0000000000
124576  -50.737  -79.904  -10.898 0.0000000000
18471  -49.624  -79.848  -10.771 0.0000000000
18470  -48.478  -79.917  -10.770 0.0000000000
19520  -47.730  -78.685  -14.549 0.0000000000
26531  -45.722  -71.860  -12.072 0.0000000000
130476  -46.327  -71.758  -12.468 0.0000000000
26532  -46.958  -71.211  -12.693 0.0000000000
25612  -47.132  -72.384  -13.210 0.0000000000
24627  -47.538  -73.072  -13.588 0.0000000000
23697  -47.836  -73.978  -13.949 0.0000000000
23708  -48.482  -73.985  -14.708 0.0000000000
21688  -47.042  -76.138  -16.324 0.0000000000
18450  -50.134  -79.562  -7.212 0.0000000000
19446  -51.016  -78.681  -7.606 0.0000000000
19445  -49.805  -78.733  -7.623 0.0000000000
19444  -48.742  -78.711  -7.500 0.0000000000
20533  -48.379  -77.831  -7.850 0.0000000000
19442  -46.881  -78.232  -7.120 0.0000000000
20532  -47.451  -77.662  -7.702 0.0000000000
20542  -48.011  -77.078  -8.314 0.0000000000
21596  -47.101  -76.904  -8.223 0.0000000000
21603  -46.735  -76.167  -8.746 0.0000000000
22630  -46.553  -75.261  -8.811 0.0000000000
122648  -57.246  -81.050  -2.288 0.0000000000
123820  -54.861  -80.705  -1.242 0.0000000000
123821  -53.787  -81.018  -1.419 0.0000000000
17385  -52.743  -80.938  -1.708 0.0000000000
116645  -51.854  -80.683  -2.128 0.0000000000
17384  -51.129  -80.288  -1.998 0.0000000000
22480  -48.203  -75.350  1.532 0.0000000000
21501  -48.365  -76.410  0.428 0.0000000000
122747  -49.070  -76.036  0.437 0.0000000000
22553  -52.482  -75.010  -2.401 0.0000000000
20593  -50.697  -76.838  -12.242 0.0000000000
20575  -50.247  -77.584  -11.895 0.0000000000
20592  -49.656  -77.040  -12.554 0.0000000000
21651  -49.361  -76.813  -13.294 0.0000000000
20611  -48.717  -77.347  -13.708 0.0000000000
20626  -48.924  -77.624  -14.774 0.0000000000
18531  -48.421  -79.209  -16.991 0.0000000000
137350  -49.274  -78.037  -19.733 0.0000000000
19633  -48.691  -78.200  -20.635 0.0000000000
20716  -48.556  -77.718  -20.654 0.0000000000
136599  -48.277  -77.842  -21.159 0.0000000000
14447  -52.979  -82.869  -8.448 0.0000000000
14461  -52.447  -82.900  -9.181 0.0000000000
15463  -52.935  -82.510  -9.102 0.0000000000
136114  -53.162  -81.640  -9.937 0.0000000000
116974  -52.762  -81.056  -10.510 0.0000000000
17498  -53.697  -80.089  -10.498 0.0000000000
120819  -53.014  -80.276  -10.815 0.0000000000
18482  -52.368  -79.342  -11.232 0.0000000000
19478  -52.163  -78.491  -11.534 0.0000000000
20577  -52.502  -77.622  -11.740 0.0000000000
21608  -51.723  -76.704  -9.176 0.0000000000
20556  -52.579  -76.752  -9.331 0.0000000000
20565  -53.675  -77.465  -11.212 0.0000000000
20578  -53.234  -77.425  -11.530 0.0000000000
20594  -51.900  -76.901  -12.091 0.0000000000
21654  -52.397  -76.227  -12.067 0.0000000000
133270  -52.140  -75.474  -12.395 0.0000000000
22669  -51.152  -75.074  -12.912 0.0000000000
23666  -52.477  -74.416  -11.422 0.0000000000
119792  -51.976  -73.893  -12.668 0.0000000000
23698  -51.472  -74.037  -13.530 0.0000000000
118848  -51.716  -73.187  -13.688 0.0000000000
24630  -51.573  -72.567  -14.618 0.0000000000
26561  -51.426  -71.777  -14.377 0.0000000000
14431  -53.336  -83.001  -7.555 0.0000000000
15454  -54.169  -82.176  -7.314 0.0000000000
135669  -54.807  -81.119  -7.573 0.0000000000
16439  -55.228  -81.729  -6.019 0.0000000000
16465  -55.467  -80.487  -6.896 0.0000000000
17488  -55.192  -80.228  -7.732 0.0000000000
132002  -55.199  -79.256  -7.256 0.0000000000
17482  -54.471  -79.039  -6.817 0.0000000000
18441  -53.243  -79.265  -6.692 0.0000000000
117332  -56.678  -80.417  -3.074 0.0000000000
17423  -56.246  -80.060  -3.402 0.0000000000
17446  -55.850  -79.695  -4.597 0.0000000000
17421  -54.331  -80.504  -3.502 0.0000000000
17445  -54.798  -80.056  -4.480 0.0000000000
17466  -53.520  -80.190  -5.627 0.0000000000
17481  -52.771  -80.148  -6.193 0.0000000000
18440  -51.857  -79.859  -6.682 0.0000000000
18439  -50.531  -80.240  -6.716 0.0000000000
18438  -49.507  -80.234  -6.660 0.0000000000
18437  -48.288  -80.015  -6.082 0.0000000000
17464  -49.579  -80.614  -5.509 0.0000000000
17441  -48.682  -80.133  -5.466 0.0000000000
19415  -47.610  -78.982  -4.941 0.0000000000
133766  -46.966  -77.611  -4.293 0.0000000000
18337  -49.503  -79.783  0.660 0.0000000000
18338  -50.247  -80.163  0.269 0.0000000000
17361  -51.158  -80.429  -0.121 0.0000000000
17383  -51.032  -80.346  -1.172 0.0000000000
18373  -50.421  -79.773  -1.772 0.0000000000
20445  -48.529  -77.066  -0.057 0.0000000000
20455  -49.070  -77.061  -0.474 0.0000000000
21518  -49.986  -76.818  -1.832 0.0000000000
19383  -49.701  -78.303  -1.741 0.0000000000
132136  -50.952  -78.773  -4.071 0.0000000000
19418  -50.622  -78.591  -4.214 0.0000000000
20503  -49.652  -77.269  -4.359 0.0000000000
21563  -50.289  -76.735  -4.238 0.0000000000
21561  -48.799  -76.760  -4.293 0.0000000000
21545  -47.952  -76.227  -3.989 0.0000000000
14483  -51.514  -83.029  -9.658 0.0000000000
14482  -50.636  -83.373  -9.816 0.0000000000
119304  -50.024  -83.173  -10.186 0.0000000000
16484  -50.187  -81.380  -10.405 0.0000000000
15478  -49.442  -82.054  -10.506 0.0000000000
15479  -49.280  -83.092  -10.861 0.0000000000
15487  -48.767  -82.989  -11.542 0.0000000000
20574  -49.149  -77.648  -12.039 0.0000000000
135767  -47.819  -78.630  -11.728 0.0000000000
18488  -47.130  -79.168  -12.074 0.0000000000
18498  -47.108  -79.193  -14.175 0.0000000000
18487  -46.755  -79.762  -12.587 0.0000000000
17519  -46.875  -80.453  -12.393 0.0000000000
21559  -45.015  -76.822  -4.647 0.0000000000
21594  -44.360  -75.914  -7.258 0.0000000000
22629  -45.699  -75.376  -8.332 0.0000000000
23633  -46.143  -74.676  -8.462 0.0000000000
23634  -46.884  -74.278  -8.632 0.0000000000
134723  -48.527  -73.688  -9.131 0.0000000000
24573  -49.542  -73.270  -9.564 0.0000000000
125310  -49.840  -72.858  -9.807 0.0000000000
25543  -48.746  -72.280  -9.060 0.0000000000
25553  -49.686  -72.188  -10.064 0.0000000000
25564  -50.130  -71.894  -11.109 0.0000000000
26521  -50.437  -71.165  -12.193 0.0000000000
26537  -51.179  -70.933  -13.596 0.0000000000
26560  -51.093  -71.036  -14.812 0.0000000000
134805  -47.633  -70.535  -12.877 0.0000000000
26534  -48.422  -70.254  -13.314 0.0000000000
27524  -48.974  -69.799  -12.630 0.0000000000
26547  -50.007  -70.159  -14.196 0.0000000000
26559  -50.423  -70.710  -14.939 0.0000000000
25629  -50.876  -72.066  -16.150 0.0000000000
24647  -50.661  -72.826  -16.652 0.0000000000
23722  -49.867  -73.523  -16.583 0.0000000000
22730  -49.307  -75.343  -17.960 0.0000000000
22717  -48.818  -75.091  -16.984 0.0000000000
21712  -48.775  -75.815  -18.526 0.0000000000
21725  -48.341  -76.260  -19.110 0.0000000000
13406  -50.271  -84.100  -9.683 0.0000000000
13407  -50.945  -84.101  -9.119 0.0000000000
14502  -49.023  -83.750  -11.842 0.0000000000
14503  -49.237  -83.915  -11.395 0.0000000000
15453  -53.590  -82.380  -8.091 0.0000000000
15470  -52.170  -82.309  -9.868 0.0000000000
15471  -53.317  -81.903  -9.432 0.0000000000
16390  -57.024  -80.769  -3.073 0.0000000000
16401  -53.338  -80.852  -3.793 0.0000000000
16418  -52.911  -80.970  -4.500 0.0000000000
16420  -56.167  -81.376  -4.598 0.0000000000
16437  -52.921  -80.836  -5.162 0.0000000000
16440  -56.286  -80.674  -5.162 0.0000000000
16464  -54.087  -81.679  -8.216 0.0000000000
16478  -53.280  -80.970  -10.349 0.0000000000
16487  -52.778  -81.661  -10.151 0.0000000000
16495  -46.836  -81.206  -13.516 0.0000000000
17335  -51.032  -80.493  0.954 0.0000000000
17405  -57.043  -80.580  -2.160 0.0000000000
17443  -50.757  -80.937  -4.614 0.0000000000
17448  -56.479  -80.168  -4.770 0.0000000000
17467  -54.601  -79.848  -5.317 0.0000000000
17468  -55.394  -79.696  -5.117 0.0000000000
17479  -51.032  -80.818  -6.187 0.0000000000
17483  -55.906  -80.024  -6.310 0.0000000000
17514  -47.039  -80.053  -11.781 0.0000000000
17520  -47.323  -80.916  -11.921 0.0000000000
17534  -46.643  -80.480  -13.874 0.0000000000
17545  -46.498  -80.876  -15.072 0.0000000000
18430  -47.931  -79.551  -5.584 0.0000000000
18431  -54.558  -79.470  -6.013 0.0000000000
18436  -47.721  -79.378  -6.215 0.0000000000
18454  -54.814  -78.785  -7.830 0.0000000000
18473  -52.530  -79.953  -10.977 0.0000000000
18474  -52.986  -79.429  -11.073 0.0000000000
18479  -47.626  -79.524  -11.318 0.0000000000
18497  -46.769  -79.596  -13.490 0.0000000000
18572  -49.287  -78.348  -19.562 0.0000000000
19413  -45.882  -77.986  -5.052 0.0000000000
19435  -47.237  -78.840  -6.595 0.0000000000
19449  -54.150  -78.221  -8.134 0.0000000000
19479  -52.944  -78.718  -11.291 0.0000000000
19488  -46.979  -79.058  -12.872 0.0000000000
19555  -48.962  -78.892  -16.917 0.0000000000
19569  -49.418  -78.670  -17.582 0.0000000000
19591  -49.597  -78.021  -19.290 0.0000000000
19609  -48.986  -78.347  -19.982 0.0000000000
19660  -48.331  -78.047  -21.221 0.0000000000
20546  -53.197  -77.498  -8.745 0.0000000000
20612  -49.400  -76.929  -14.221 0.0000000000
20642  -50.560  -77.085  -16.594 0.0000000000
20653  -50.234  -77.830  -16.880 0.0000000000
20700  -49.359  -77.598  -19.573 0.0000000000
20726  -48.006  -77.977  -21.608 0.0000000000
21604  -47.611  -76.379  -8.888 0.0000000000
21607  -50.639  -76.691  -9.140 0.0000000000
21620  -50.087  -75.955  -9.626 0.0000000000
21631  -53.349  -76.454  -10.701 0.0000000000
21632  -53.633  -76.918  -11.109 0.0000000000
21639  -52.742  -76.966  -11.839 0.0000000000
21641  -53.476  -76.994  -11.404 0.0000000000
21710  -46.782  -76.428  -17.943 0.0000000000
21711  -47.798  -76.046  -18.274 0.0000000000
21714  -50.774  -76.041  -17.852 0.0000000000
21727  -49.944  -76.466  -18.829 0.0000000000
21739  -48.807  -76.810  -19.631 0.0000000000
22623  -44.960  -75.332  -7.809 0.0000000000
22643  -50.536  -74.715  -10.265 0.0000000000
22658  -53.130  -75.694  -11.600 0.0000000000
22670  -52.365  -74.775  -12.450 0.0000000000
22671  -52.891  -75.102  -11.902 0.0000000000
22706  -51.376  -74.480  -15.995 0.0000000000
23635  -47.861  -73.752  -8.820 0.0000000000
23640  -49.095  -74.558  -9.767 0.0000000000
23720  -48.346  -74.588  -15.140 0.0000000000
23739  -51.351  -73.820  -16.741 0.0000000000
23753  -49.872  -74.655  -17.587 0.0000000000
23754  -50.593  -74.662  -17.660 0.0000000000
24659  -51.132  -73.302  -16.966 0.0000000000
25585  -51.459  -72.586  -12.488 0.0000000000
25599  -45.968  -72.420  -12.378 0.0000000000
25600  -46.701  -72.026  -12.827 0.0000000000
25601  -51.074  -71.507  -12.795 0.0000000000
25614  -48.808  -71.107  -14.362 0.0000000000
25623  -50.296  -71.545  -15.572 0.0000000000
25624  -50.859  -71.490  -15.501 0.0000000000
25625  -51.241  -71.872  -15.403 0.0000000000
26519  -45.674  -71.236  -11.658 0.0000000000
26548  -50.884  -70.378  -14.160 0.0000000000
26549  -51.310  -71.023  -14.126 0.0000000000
26558  -49.538  -70.622  -14.566 0.0000000000
27523  -48.200  -69.906  -12.452 0.0000000000
27532  -49.449  -70.000  -13.468 0.0000000000
116935  -52.953  -78.096  -11.509 0.0000000000
117845  -50.821  -84.453  -8.575 0.0000000000
117992  -50.091  -74.967  2.198 0.0000000000
119153  -51.191  -77.264  -8.616 0.0000000000
120751  -50.255  -72.769  -10.407 0.0000000000
125614  -56.257  -79.835  -4.112 0.0000000000
128630  -48.740  -80.067  -6.542 0.0000000000
131289  -48.688  -78.338  -11.530 0.0000000000
132500  -51.026  -79.527  -7.158 0.0000000000
132701  -49.119  -80.530  -10.642 0.0000000000
133966  -52.168  -82.791  -9.522 0.0000000000
134372  -57.083  -81.233  -2.789 0.0000000000
134459  -56.687  -80.241  -4.001 0.0000000000
134624  -48.307  -79.040  -11.168 0.0000000000
135092  -51.617  -72.502  -13.812 0.0000000000
135814  -51.064  -71.874  -15.906 0.0000000000
137731  -45.307  -76.202  -7.882 0.0000000000
137776  -49.015  -73.275  -15.143 0.0000000000
140185  -47.965  -75.093  -9.448 0.0000000000
140359  -52.316  -75.758  -10.152 0.0000000000
140831  -48.685  -73.064  -8.968 0.0000000000
141142  -52.668  -82.944  -8.877 0.0000000000
