#!ascii label  , from subject sub-v1s1x0050667_ses-1 vox2ras=TkReg
1182
122853  6.965  -52.749  73.211 0.0000000000
40640  3.021  -56.875  51.085 0.0000000000
39438  -0.332  -57.304  66.233 0.0000000000
47171  -0.170  -50.282  64.856 0.0000000000
52001  4.316  -43.411  60.190 0.0000000000
40473  2.575  -55.241  70.117 0.0000000000
44372  1.594  -52.231  70.419 0.0000000000
41468  9.959  -53.647  71.013 0.0000000000
40492  5.144  -55.611  68.353 0.0000000000
36768  1.480  -59.219  65.434 0.0000000000
51938  1.839  -45.179  67.882 0.0000000000
122179  2.520  -47.343  63.907 0.0000000000
54865  1.643  -42.748  65.276 0.0000000000
125726  -1.148  -60.180  60.973 0.0000000000
40564  0.381  -55.848  59.532 0.0000000000
43411  -0.813  -53.545  65.310 0.0000000000
49059  1.615  -48.121  69.190 0.0000000000
45401  1.699  -52.810  57.386 0.0000000000
47263  4.990  -49.309  56.679 0.0000000000
132483  1.654  -45.936  53.964 0.0000000000
56922  2.347  -39.083  56.516 0.0000000000
41453  4.760  -54.259  71.350 0.0000000000
43374  3.787  -52.989  72.220 0.0000000000
42432  8.712  -53.745  72.279 0.0000000000
118510  7.766  -54.425  69.876 0.0000000000
41472  6.078  -54.868  70.946 0.0000000000
39408  3.750  -55.628  69.704 0.0000000000
54834  2.085  -43.184  66.756 0.0000000000
121030  -1.009  -58.819  63.167 0.0000000000
126367  -0.423  -56.649  62.968 0.0000000000
41511  -0.766  -55.722  66.020 0.0000000000
47078  1.980  -49.324  74.498 0.0000000000
47101  1.730  -49.894  70.049 0.0000000000
139177  0.555  -58.688  65.525 0.0000000000
35913  0.364  -60.995  63.969 0.0000000000
36789  -0.698  -60.303  64.182 0.0000000000
122084  -0.884  -61.529  61.973 0.0000000000
44413  0.554  -53.382  62.158 0.0000000000
42580  0.851  -54.935  58.552 0.0000000000
46290  1.124  -51.984  61.649 0.0000000000
51085  4.170  -45.190  62.313 0.0000000000
48180  4.550  -49.045  59.888 0.0000000000
130833  5.874  -46.826  58.835 0.0000000000
48216  3.234  -47.566  54.951 0.0000000000
52019  4.542  -44.721  56.352 0.0000000000
39419  0.557  -56.258  67.924 0.0000000000
41490  0.260  -54.887  68.169 0.0000000000
42437  1.893  -53.792  70.863 0.0000000000
45293  2.890  -51.014  74.542 0.0000000000
41493  11.331  -53.539  68.670 0.0000000000
42477  9.228  -53.089  65.614 0.0000000000
123208  8.251  -53.728  68.280 0.0000000000
40500  6.166  -55.346  66.485 0.0000000000
38424  2.855  -57.417  66.912 0.0000000000
38418  1.859  -57.123  67.627 0.0000000000
124414  1.259  -47.271  67.114 0.0000000000
48145  1.148  -49.632  63.983 0.0000000000
51064  1.726  -45.926  66.223 0.0000000000
51975  1.726  -44.025  64.455 0.0000000000
52885  1.547  -42.554  62.062 0.0000000000
45296  9.178  -52.076  72.772 0.0000000000
43405  15.076  -52.444  67.154 0.0000000000
43391  15.670  -52.122  69.112 0.0000000000
42438  12.474  -53.309  71.419 0.0000000000
43370  10.754  -52.935  72.436 0.0000000000
36828  -1.737  -61.027  58.485 0.0000000000
38572  -0.332  -59.142  57.785 0.0000000000
119626  -0.092  -57.208  60.548 0.0000000000
41553  0.280  -55.397  62.326 0.0000000000
121738  -0.728  -52.077  64.474 0.0000000000
44384  0.098  -52.813  68.585 0.0000000000
135380  0.175  -51.056  67.662 0.0000000000
48102  0.517  -49.175  67.132 0.0000000000
50086  1.414  -46.909  68.445 0.0000000000
127655  0.543  -57.882  56.549 0.0000000000
41615  1.195  -56.434  55.826 0.0000000000
42605  2.722  -54.268  54.502 0.0000000000
47224  3.009  -50.820  60.207 0.0000000000
46321  3.405  -51.417  57.083 0.0000000000
44539  4.752  -52.791  52.820 0.0000000000
45457  2.814  -50.599  52.669 0.0000000000
46360  1.537  -49.500  52.522 0.0000000000
55865  1.442  -40.718  63.010 0.0000000000
54908  1.132  -41.163  60.397 0.0000000000
56908  0.831  -39.342  59.696 0.0000000000
54922  3.507  -41.281  57.922 0.0000000000
53909  2.699  -42.640  54.964 0.0000000000
42417  5.916  -53.183  72.535 0.0000000000
43372  5.205  -53.184  72.484 0.0000000000
44353  6.391  -52.213  73.154 0.0000000000
42420  8.036  -53.613  72.734 0.0000000000
41458  7.163  -54.157  71.767 0.0000000000
41450  6.584  -53.981  71.932 0.0000000000
41460  5.070  -54.560  71.176 0.0000000000
142708  1.390  -57.233  50.348 0.0000000000
41643  2.120  -55.381  50.608 0.0000000000
38448  -0.768  -57.863  64.922 0.0000000000
39457  -0.770  -57.414  64.636 0.0000000000
39439  -0.519  -56.876  65.900 0.0000000000
118381  11.765  -52.718  65.044 0.0000000000
37603  0.068  -57.950  65.705 0.0000000000
36771  0.072  -59.176  64.918 0.0000000000
37640  -0.356  -58.911  64.619 0.0000000000
125438  -1.032  -59.597  63.923 0.0000000000
45356  0.254  -52.157  63.536 0.0000000000
45362  0.704  -53.213  61.675 0.0000000000
46285  0.600  -51.333  63.210 0.0000000000
131289  4.102  -43.709  61.137 0.0000000000
50153  5.816  -46.182  60.848 0.0000000000
51992  5.813  -44.497  60.039 0.0000000000
51111  5.257  -45.422  57.558 0.0000000000
52902  5.511  -43.542  58.383 0.0000000000
40482  1.790  -55.525  69.389 0.0000000000
41482  1.314  -54.655  69.387 0.0000000000
41464  2.187  -54.358  70.794 0.0000000000
44361  3.339  -51.896  72.446 0.0000000000
47072  3.163  -50.259  76.245 0.0000000000
41486  10.176  -53.526  69.417 0.0000000000
121028  9.725  -53.474  68.587 0.0000000000
41487  8.898  -53.553  69.361 0.0000000000
40486  6.071  -55.322  69.349 0.0000000000
40494  6.312  -55.201  68.062 0.0000000000
40495  5.502  -55.553  67.855 0.0000000000
39422  3.999  -56.368  68.064 0.0000000000
40472  3.350  -55.185  70.256 0.0000000000
38412  2.667  -56.456  68.660 0.0000000000
131290  2.184  -55.967  69.408 0.0000000000
38415  1.111  -56.731  67.934 0.0000000000
51042  1.406  -46.299  67.939 0.0000000000
50118  1.466  -46.737  66.657 0.0000000000
130350  1.667  -45.443  66.692 0.0000000000
54849  1.769  -42.944  66.066 0.0000000000
52864  1.635  -43.696  65.401 0.0000000000
130819  1.521  -43.132  64.550 0.0000000000
51980  1.776  -43.579  63.041 0.0000000000
123551  1.504  -42.732  63.877 0.0000000000
121262  13.255  -53.277  69.768 0.0000000000
36820  -1.162  -60.238  59.464 0.0000000000
37692  -0.756  -59.242  59.591 0.0000000000
38538  -0.723  -58.351  60.991 0.0000000000
126361  -0.534  -55.553  64.539 0.0000000000
41544  -0.060  -55.942  63.055 0.0000000000
43422  -0.365  -54.070  64.255 0.0000000000
43421  -0.190  -53.243  63.849 0.0000000000
44403  -0.980  -52.681  64.811 0.0000000000
43389  0.722  -53.614  69.368 0.0000000000
123243  0.172  -53.780  68.410 0.0000000000
120319  1.088  -52.156  69.464 0.0000000000
48072  1.766  -48.902  69.858 0.0000000000
124421  1.131  -50.908  68.784 0.0000000000
47124  1.264  -49.535  68.534 0.0000000000
47142  0.415  -49.738  67.483 0.0000000000
48083  1.251  -48.757  68.271 0.0000000000
49076  1.211  -48.087  67.992 0.0000000000
50079  1.654  -47.127  69.184 0.0000000000
42478  8.131  -53.402  65.845 0.0000000000
42488  8.980  -52.916  64.745 0.0000000000
37656  2.406  -59.457  64.640 0.0000000000
36793  2.052  -60.158  63.380 0.0000000000
35911  1.515  -60.575  63.708 0.0000000000
34893  -0.459  -61.562  62.974 0.0000000000
34910  0.336  -62.110  62.207 0.0000000000
36806  -1.119  -60.965  61.567 0.0000000000
36813  -1.488  -61.353  60.051 0.0000000000
39538  0.462  -57.533  58.242 0.0000000000
39575  0.353  -58.415  56.730 0.0000000000
40581  0.583  -56.697  58.055 0.0000000000
44453  1.381  -53.805  58.149 0.0000000000
42596  1.366  -55.367  56.694 0.0000000000
43555  1.458  -54.465  56.334 0.0000000000
42607  1.442  -55.142  55.247 0.0000000000
122771  1.811  -53.947  55.851 0.0000000000
49123  2.197  -48.475  64.055 0.0000000000
48155  1.916  -49.539  62.850 0.0000000000
48154  2.588  -49.303  62.500 0.0000000000
48191  5.127  -49.019  58.387 0.0000000000
46313  4.538  -50.466  58.151 0.0000000000
46319  5.031  -50.235  56.632 0.0000000000
44495  3.842  -52.003  55.127 0.0000000000
45412  4.614  -50.777  54.764 0.0000000000
45470  4.351  -51.587  52.543 0.0000000000
46338  4.418  -49.860  54.193 0.0000000000
50209  2.108  -46.877  54.543 0.0000000000
47288  1.765  -48.517  53.620 0.0000000000
49205  1.162  -47.342  53.763 0.0000000000
56878  1.254  -39.600  62.180 0.0000000000
55883  0.582  -40.788  62.274 0.0000000000
143229  0.486  -39.813  62.017 0.0000000000
57894  1.298  -38.183  57.945 0.0000000000
56917  1.575  -38.984  58.065 0.0000000000
55907  1.559  -40.257  58.943 0.0000000000
124459  2.849  -40.164  57.325 0.0000000000
53907  4.071  -41.620  56.268 0.0000000000
55936  3.016  -40.422  55.844 0.0000000000
142229  3.732  -54.482  70.931 0.0000000000
42435  2.773  -54.025  71.064 0.0000000000
42425  3.940  -53.604  71.747 0.0000000000
41469  9.054  -53.729  71.226 0.0000000000
118526  8.599  -53.699  69.906 0.0000000000
118386  7.761  -54.345  71.029 0.0000000000
40476  6.579  -54.996  70.459 0.0000000000
132337  5.300  -55.361  69.738 0.0000000000
39414  3.985  -56.055  69.027 0.0000000000
40478  4.821  -55.137  70.373 0.0000000000
40465  3.990  -54.993  70.610 0.0000000000
53802  2.344  -43.900  68.381 0.0000000000
52848  2.121  -44.223  67.308 0.0000000000
54819  2.502  -42.951  67.848 0.0000000000
124036  2.347  -42.542  67.018 0.0000000000
54862  3.071  -41.698  66.189 0.0000000000
37673  -0.939  -59.003  62.350 0.0000000000
38517  -0.745  -58.214  61.708 0.0000000000
39477  -0.885  -57.398  63.349 0.0000000000
40522  -0.647  -56.345  64.324 0.0000000000
42479  -0.769  -55.120  65.863 0.0000000000
45300  2.538  -50.422  71.730 0.0000000000
46235  1.835  -50.940  70.628 0.0000000000
47083  2.486  -49.341  71.569 0.0000000000
48048  2.142  -48.361  71.407 0.0000000000
49049  2.053  -47.964  70.586 0.0000000000
50070  2.006  -47.219  70.313 0.0000000000
36769  0.877  -59.176  65.403 0.0000000000
35902  0.740  -60.480  64.368 0.0000000000
36779  0.355  -59.969  64.704 0.0000000000
35914  -0.316  -60.932  64.001 0.0000000000
34894  -0.500  -61.419  63.016 0.0000000000
34911  -0.602  -61.943  62.255 0.0000000000
35929  -1.056  -61.012  62.874 0.0000000000
36800  -0.938  -60.302  62.954 0.0000000000
43461  0.398  -54.474  60.868 0.0000000000
136768  0.490  -55.189  59.279 0.0000000000
44424  0.514  -54.129  59.942 0.0000000000
44423  0.944  -53.594  59.622 0.0000000000
45368  1.705  -52.378  59.659 0.0000000000
50135  3.050  -46.411  63.100 0.0000000000
49142  4.027  -48.715  61.887 0.0000000000
50154  5.007  -46.969  61.572 0.0000000000
49153  5.657  -47.577  59.454 0.0000000000
49177  5.185  -48.150  57.824 0.0000000000
48228  3.876  -48.140  55.495 0.0000000000
49178  4.850  -47.319  56.816 0.0000000000
51122  3.584  -46.228  55.392 0.0000000000
126647  3.030  -45.771  55.026 0.0000000000
57898  1.916  -38.212  56.541 0.0000000000
56937  1.955  -40.068  54.995 0.0000000000
57903  1.700  -39.150  54.711 0.0000000000
39427  -0.056  -56.870  66.766 0.0000000000
129971  -0.055  -56.263  66.885 0.0000000000
40484  0.580  -55.529  68.276 0.0000000000
42443  1.050  -54.024  69.682 0.0000000000
125951  1.696  -52.766  70.582 0.0000000000
42427  2.631  -53.360  71.389 0.0000000000
44362  2.838  -52.055  71.898 0.0000000000
45305  2.707  -51.163  71.891 0.0000000000
134843  2.499  -50.630  74.794 0.0000000000
42459  12.405  -53.342  67.521 0.0000000000
138568  11.259  -53.012  66.023 0.0000000000
41506  10.817  -53.502  67.557 0.0000000000
41496  7.816  -54.167  68.681 0.0000000000
41502  7.630  -54.367  67.910 0.0000000000
41510  6.800  -54.738  66.379 0.0000000000
38446  2.911  -58.461  65.559 0.0000000000
37617  2.303  -58.351  66.030 0.0000000000
39423  3.191  -56.510  68.286 0.0000000000
38425  2.232  -57.425  67.139 0.0000000000
37619  1.365  -58.613  65.977 0.0000000000
37584  1.212  -57.903  66.755 0.0000000000
38420  0.466  -57.097  66.825 0.0000000000
48128  0.273  -49.539  65.280 0.0000000000
47181  0.620  -50.073  64.262 0.0000000000
48127  0.993  -49.098  65.257 0.0000000000
50130  1.830  -47.339  65.250 0.0000000000
50129  2.170  -46.455  64.909 0.0000000000
141469  1.659  -44.742  66.235 0.0000000000
51073  1.738  -44.906  65.730 0.0000000000
50128  2.335  -46.125  64.186 0.0000000000
51979  2.130  -44.189  63.087 0.0000000000
51987  2.357  -43.694  62.196 0.0000000000
52890  2.361  -42.798  61.010 0.0000000000
140466  8.161  -52.576  73.189 0.0000000000
42464  13.743  -52.777  66.928 0.0000000000
44380  17.572  -51.236  68.971 0.0000000000
44375  16.655  -51.225  69.779 0.0000000000
43395  16.384  -51.713  68.313 0.0000000000
43401  15.375  -52.341  68.176 0.0000000000
133280  14.015  -52.847  67.989 0.0000000000
140570  13.131  -53.172  67.502 0.0000000000
41484  11.929  -53.544  69.667 0.0000000000
41466  11.575  -53.579  70.799 0.0000000000
42428  11.779  -53.363  71.776 0.0000000000
42441  10.516  -53.579  71.514 0.0000000000
42418  10.134  -53.066  72.450 0.0000000000
43365  8.768  -52.829  73.127 0.0000000000
38556  -0.079  -58.212  59.321 0.0000000000
125147  0.286  -56.509  59.666 0.0000000000
40538  -0.196  -56.667  61.978 0.0000000000
40546  0.198  -56.220  61.225 0.0000000000
128169  0.413  -55.360  60.501 0.0000000000
141410  0.365  -53.891  62.436 0.0000000000
131297  0.113  -52.980  63.584 0.0000000000
46274  -0.811  -50.520  64.940 0.0000000000
41504  -0.458  -55.296  67.081 0.0000000000
43402  -0.855  -54.318  67.015 0.0000000000
118044  -0.778  -53.460  67.028 0.0000000000
45326  0.812  -51.754  68.888 0.0000000000
45333  -0.025  -51.733  67.877 0.0000000000
137798  -0.752  -52.702  66.508 0.0000000000
45345  -0.794  -51.741  66.070 0.0000000000
131828  -0.920  -50.268  65.484 0.0000000000
47161  -0.422  -49.884  65.346 0.0000000000
119851  0.911  -48.373  67.360 0.0000000000
50095  1.284  -46.947  68.071 0.0000000000
141335  1.730  -45.728  68.296 0.0000000000
51018  2.032  -46.371  69.732 0.0000000000
51919  2.146  -45.523  69.297 0.0000000000
124820  2.253  -44.493  68.631 0.0000000000
35935  2.037  -61.234  61.090 0.0000000000
35921  1.149  -61.114  63.211 0.0000000000
41592  0.874  -56.271  57.486 0.0000000000
40603  0.969  -56.996  56.046 0.0000000000
41633  3.676  -56.186  52.771 0.0000000000
47199  0.973  -50.580  63.242 0.0000000000
46297  2.028  -51.773  60.203 0.0000000000
46306  2.204  -51.860  59.262 0.0000000000
48181  3.779  -49.517  60.358 0.0000000000
118003  3.151  -50.971  58.701 0.0000000000
45400  2.162  -52.375  57.061 0.0000000000
44496  2.952  -52.678  55.602 0.0000000000
43575  3.809  -53.926  53.725 0.0000000000
138520  4.279  -55.283  51.921 0.0000000000
43593  3.891  -54.050  51.428 0.0000000000
46340  2.807  -49.458  53.512 0.0000000000
127628  1.806  -49.901  52.637 0.0000000000
140846  3.083  -41.419  65.023 0.0000000000
55847  3.341  -40.703  63.989 0.0000000000
128674  2.119  -41.425  64.207 0.0000000000
54902  1.152  -41.578  62.713 0.0000000000
52892  1.536  -42.206  61.250 0.0000000000
53878  1.938  -42.043  60.024 0.0000000000
134277  0.521  -39.876  60.501 0.0000000000
54914  1.974  -41.708  59.390 0.0000000000
53875  3.507  -42.371  58.959 0.0000000000
53891  4.870  -42.332  57.144 0.0000000000
52918  3.676  -43.806  55.515 0.0000000000
52041  2.421  -44.199  54.660 0.0000000000
131962  1.384  -43.134  53.838 0.0000000000
42416  6.595  -53.208  72.780 0.0000000000
43367  6.404  -52.749  73.060 0.0000000000
140200  6.751  -52.466  73.231 0.0000000000
42415  7.332  -53.296  72.977 0.0000000000
42421  7.322  -53.776  72.423 0.0000000000
121510  6.796  -53.592  72.490 0.0000000000
42422  6.070  -53.704  72.076 0.0000000000
39666  2.454  -57.571  51.238 0.0000000000
40644  2.222  -57.038  50.778 0.0000000000
41650  2.280  -56.322  50.645 0.0000000000
38437  -0.492  -57.565  65.562 0.0000000000
118383  12.787  -52.992  66.371 0.0000000000
118382  12.711  -52.779  65.641 0.0000000000
42475  12.028  -52.842  65.806 0.0000000000
38436  -0.186  -57.843  65.702 0.0000000000
37621  -0.036  -58.531  65.158 0.0000000000
38447  -0.461  -58.240  65.145 0.0000000000
38462  -0.713  -58.699  64.469 0.0000000000
138827  0.098  -51.228  64.347 0.0000000000
46281  0.267  -51.605  63.871 0.0000000000
51993  5.126  -44.024  60.723 0.0000000000
52000  5.260  -43.648  59.806 0.0000000000
51999  5.711  -43.966  59.129 0.0000000000
127594  4.680  -43.123  59.494 0.0000000000
40474  2.034  -55.261  69.998 0.0000000000
40468  2.372  -54.870  70.430 0.0000000000
41479  10.286  -53.553  70.127 0.0000000000
118385  9.461  -53.530  69.694 0.0000000000
118264  5.256  -55.516  68.985 0.0000000000
40491  5.835  -55.390  68.610 0.0000000000
142629  5.218  -55.828  67.167 0.0000000000
39421  4.716  -56.009  67.708 0.0000000000
39426  4.070  -56.621  67.125 0.0000000000
39413  4.584  -55.850  68.579 0.0000000000
39410  2.642  -55.657  69.814 0.0000000000
40481  2.128  -55.658  69.721 0.0000000000
39411  1.962  -56.055  69.023 0.0000000000
51939  1.648  -45.680  67.699 0.0000000000
51948  1.675  -45.627  67.269 0.0000000000
53845  1.552  -43.282  65.158 0.0000000000
54866  1.547  -42.912  64.893 0.0000000000
140608  1.506  -43.016  64.582 0.0000000000
54879  1.615  -42.347  64.374 0.0000000000
37686  -1.060  -59.901  60.144 0.0000000000
119264  -0.975  -59.119  60.554 0.0000000000
42490  -0.556  -54.761  64.712 0.0000000000
42504  -0.231  -54.926  64.058 0.0000000000
43417  -0.622  -54.040  64.839 0.0000000000
43416  -0.753  -53.349  64.493 0.0000000000
124662  1.430  -52.898  69.985 0.0000000000
44378  0.877  -52.962  69.482 0.0000000000
44373  1.305  -52.403  69.861 0.0000000000
47113  1.513  -49.615  69.249 0.0000000000
48073  1.493  -48.788  68.909 0.0000000000
133645  0.892  -49.592  68.018 0.0000000000
49068  1.437  -48.020  68.540 0.0000000000
141814  1.653  -47.662  69.304 0.0000000000
36777  1.745  -59.707  64.857 0.0000000000
36787  1.950  -60.019  64.185 0.0000000000
33810  -0.541  -61.883  62.549 0.0000000000
33809  -0.312  -62.041  62.400 0.0000000000
35941  -1.288  -61.170  60.725 0.0000000000
36812  -1.226  -60.700  60.127 0.0000000000
131102  0.444  -56.564  58.988 0.0000000000
41584  0.486  -55.818  59.002 0.0000000000
44452  1.523  -53.274  57.712 0.0000000000
44474  1.412  -53.854  57.462 0.0000000000
44473  1.448  -53.392  57.121 0.0000000000
44498  1.565  -53.644  56.570 0.0000000000
124007  2.580  -48.180  63.496 0.0000000000
49132  2.242  -48.874  63.194 0.0000000000
49131  2.802  -48.519  62.880 0.0000000000
47262  5.247  -49.847  57.103 0.0000000000
47250  5.343  -49.839  57.930 0.0000000000
47273  5.065  -49.825  56.245 0.0000000000
46328  4.762  -50.282  55.647 0.0000000000
46337  4.695  -50.121  54.838 0.0000000000
46356  4.622  -50.610  54.098 0.0000000000
47285  4.437  -49.434  54.936 0.0000000000
125933  2.067  -46.271  54.289 0.0000000000
49204  1.438  -47.099  54.135 0.0000000000
131779  1.594  -46.519  54.127 0.0000000000
141990  2.805  -38.993  62.206 0.0000000000
129929  1.968  -39.118  62.099 0.0000000000
56879  0.783  -39.666  62.107 0.0000000000
57862  1.184  -38.798  61.858 0.0000000000
57893  1.807  -38.576  57.180 0.0000000000
57890  1.095  -38.627  58.611 0.0000000000
55914  1.816  -39.766  58.309 0.0000000000
56915  2.610  -39.672  56.919 0.0000000000
55924  3.128  -40.321  56.484 0.0000000000
56921  2.681  -39.746  55.872 0.0000000000
41454  3.978  -54.014  71.300 0.0000000000
42424  4.622  -53.694  71.855 0.0000000000
44354  5.650  -52.011  72.965 0.0000000000
41456  8.929  -53.841  71.731 0.0000000000
41470  8.357  -54.022  71.366 0.0000000000
137007  8.378  -53.969  71.796 0.0000000000
41459  6.322  -54.474  71.422 0.0000000000
41471  7.019  -54.596  71.115 0.0000000000
135697  6.177  -55.234  69.966 0.0000000000
40477  5.744  -55.129  70.426 0.0000000000
40469  5.377  -54.940  70.805 0.0000000000
142903  4.661  -54.625  71.005 0.0000000000
40464  4.566  -54.817  70.852 0.0000000000
41461  4.220  -54.651  70.910 0.0000000000
53813  2.429  -43.417  68.099 0.0000000000
54832  2.624  -42.407  67.518 0.0000000000
54846  3.108  -41.815  67.245 0.0000000000
54847  2.508  -42.119  66.789 0.0000000000
54861  3.977  -41.600  66.470 0.0000000000
38500  -0.909  -57.974  62.695 0.0000000000
38481  -1.033  -58.059  63.625 0.0000000000
40502  -0.625  -56.400  65.662 0.0000000000
136512  -0.744  -57.020  64.367 0.0000000000
41519  -0.668  -55.890  65.497 0.0000000000
122831  -0.608  -55.992  64.942 0.0000000000
46216  2.731  -49.675  72.304 0.0000000000
46217  2.314  -49.958  71.395 0.0000000000
47082  2.602  -49.105  72.723 0.0000000000
48045  2.497  -48.503  72.219 0.0000000000
49037  2.105  -48.313  71.243 0.0000000000
50061  2.256  -47.834  71.073 0.0000000000
36770  0.411  -59.303  65.039 0.0000000000
35905  -0.513  -60.221  64.260 0.0000000000
35915  -0.739  -60.727  64.002 0.0000000000
34877  -0.564  -61.149  63.557 0.0000000000
136629  -0.652  -61.027  63.615 0.0000000000
141838  -0.767  -60.847  63.919 0.0000000000
38480  -0.964  -58.779  63.876 0.0000000000
37665  -0.960  -59.600  63.471 0.0000000000
143064  -0.992  -59.574  62.819 0.0000000000
124214  0.444  -53.907  61.622 0.0000000000
43484  0.425  -54.640  60.101 0.0000000000
44416  0.394  -53.909  60.936 0.0000000000
45361  0.996  -52.749  61.122 0.0000000000
45370  0.741  -53.470  60.540 0.0000000000
45369  1.246  -52.937  60.100 0.0000000000
45380  1.454  -53.065  59.219 0.0000000000
46298  1.437  -52.200  60.616 0.0000000000
50134  3.568  -45.871  62.801 0.0000000000
50145  3.596  -47.011  62.799 0.0000000000
50144  4.289  -46.416  62.312 0.0000000000
50152  6.302  -45.917  60.018 0.0000000000
49140  5.538  -47.421  60.578 0.0000000000
49165  5.388  -47.315  58.143 0.0000000000
50176  5.388  -46.227  57.994 0.0000000000
127747  5.124  -44.680  57.260 0.0000000000
51113  4.380  -46.100  56.179 0.0000000000
51121  3.954  -45.493  55.631 0.0000000000
58893  1.106  -37.126  57.059 0.0000000000
58896  1.769  -37.814  56.312 0.0000000000
134880  1.905  -38.223  55.431 0.0000000000
39424  0.450  -56.673  67.225 0.0000000000
39420  0.362  -56.107  67.804 0.0000000000
41475  1.440  -54.533  69.935 0.0000000000
41476  1.132  -54.432  69.275 0.0000000000
42442  1.423  -53.987  70.277 0.0000000000
43385  1.588  -53.370  70.446 0.0000000000
43381  1.902  -53.063  71.012 0.0000000000
42426  3.251  -53.484  71.590 0.0000000000
43375  3.085  -52.760  71.977 0.0000000000
45299  3.396  -51.014  72.652 0.0000000000
44366  2.263  -52.129  71.482 0.0000000000
45294  3.095  -50.162  73.001 0.0000000000
41499  11.539  -53.490  67.951 0.0000000000
42460  11.630  -53.405  67.142 0.0000000000
41501  8.970  -53.424  68.143 0.0000000000
41500  9.909  -53.437  67.902 0.0000000000
41488  8.112  -53.913  69.321 0.0000000000
41489  7.446  -54.744  69.152 0.0000000000
41497  7.182  -54.891  68.351 0.0000000000
41503  6.818  -54.966  67.360 0.0000000000
129407  5.805  -55.689  65.825 0.0000000000
39446  5.005  -56.917  65.087 0.0000000000
38434  3.481  -57.278  66.612 0.0000000000
38435  2.903  -57.884  66.253 0.0000000000
37598  2.401  -57.854  66.557 0.0000000000
39415  3.226  -56.177  69.210 0.0000000000
38413  2.119  -56.632  68.424 0.0000000000
38417  2.415  -56.798  67.941 0.0000000000
38426  1.715  -57.606  66.973 0.0000000000
37600  1.345  -57.960  66.535 0.0000000000
37583  1.394  -57.399  67.157 0.0000000000
123068  1.006  -56.357  68.215 0.0000000000
38419  0.983  -57.168  67.220 0.0000000000
38416  0.711  -56.709  67.541 0.0000000000
38421  -0.099  -57.016  66.609 0.0000000000
48117  0.695  -48.542  66.401 0.0000000000
125422  0.810  -48.701  65.824 0.0000000000
49104  1.113  -47.682  66.422 0.0000000000
118326  1.467  -46.891  66.200 0.0000000000
50125  1.744  -46.435  65.838 0.0000000000
50124  2.021  -46.180  65.389 0.0000000000
53824  2.083  -43.681  66.680 0.0000000000
52849  2.018  -44.142  66.712 0.0000000000
52856  1.773  -44.205  66.187 0.0000000000
52872  1.625  -43.697  64.947 0.0000000000
127031  1.708  -44.214  65.565 0.0000000000
51966  1.907  -44.592  64.924 0.0000000000
51078  2.101  -45.380  64.750 0.0000000000
51973  2.120  -45.006  63.892 0.0000000000
51082  2.494  -45.189  63.586 0.0000000000
51974  1.854  -44.272  63.993 0.0000000000
52881  1.585  -43.116  63.026 0.0000000000
51988  2.024  -43.444  62.226 0.0000000000
51996  2.559  -43.304  61.489 0.0000000000
52884  1.873  -42.839  61.648 0.0000000000
44351  8.610  -52.321  73.034 0.0000000000
45288  8.169  -51.892  72.668 0.0000000000
46212  8.797  -51.688  72.219 0.0000000000
43410  15.358  -52.343  66.337 0.0000000000
42472  14.689  -52.389  65.720 0.0000000000
42463  14.454  -52.542  66.711 0.0000000000
44376  15.982  -51.495  69.994 0.0000000000
45320  16.436  -51.068  70.242 0.0000000000
44382  16.151  -51.653  69.439 0.0000000000
44381  16.835  -51.369  69.207 0.0000000000
43390  16.294  -51.743  68.845 0.0000000000
43396  15.856  -52.073  68.539 0.0000000000
42454  13.961  -52.972  68.592 0.0000000000
122279  13.453  -53.140  68.124 0.0000000000
42445  13.059  -53.283  70.561 0.0000000000
42446  12.546  -53.476  70.036 0.0000000000
119061  12.259  -53.509  70.733 0.0000000000
41477  11.911  -53.555  70.244 0.0000000000
42439  11.882  -53.508  71.293 0.0000000000
43377  12.046  -53.048  72.026 0.0000000000
43378  11.325  -53.157  72.096 0.0000000000
42429  11.015  -53.471  71.878 0.0000000000
43379  10.726  -53.207  72.174 0.0000000000
42430  10.154  -53.430  72.017 0.0000000000
45295  9.946  -52.317  72.691 0.0000000000
44358  9.398  -52.529  72.979 0.0000000000
120825  -1.735  -60.920  57.704 0.0000000000
36827  -1.388  -60.437  58.177 0.0000000000
128718  -0.315  -58.100  60.279 0.0000000000
120515  -0.457  -59.146  58.635 0.0000000000
118241  0.083  -57.258  59.884 0.0000000000
39476  -0.659  -57.158  62.584 0.0000000000
39486  -0.522  -57.342  61.831 0.0000000000
40547  0.126  -56.100  62.138 0.0000000000
41552  0.398  -55.572  61.302 0.0000000000
42538  0.412  -54.964  61.753 0.0000000000
42552  0.462  -54.971  61.001 0.0000000000
42520  0.311  -54.467  62.566 0.0000000000
132439  -0.703  -52.723  64.251 0.0000000000
44406  -0.320  -52.398  63.947 0.0000000000
45353  -0.373  -51.738  64.210 0.0000000000
122775  -0.810  -51.281  64.657 0.0000000000
40493  -0.129  -55.732  67.264 0.0000000000
40496  -0.480  -55.861  66.633 0.0000000000
123192  -0.197  -55.000  67.648 0.0000000000
43394  -0.024  -53.325  68.269 0.0000000000
43398  -0.185  -53.876  67.932 0.0000000000
118053  -0.629  -54.035  67.522 0.0000000000
119210  -0.410  -53.372  67.695 0.0000000000
46236  1.698  -50.761  70.088 0.0000000000
45321  1.362  -51.317  69.443 0.0000000000
45332  0.534  -51.203  68.242 0.0000000000
120552  -0.379  -52.045  67.390 0.0000000000
141322  -0.567  -51.686  67.032 0.0000000000
45341  -0.710  -51.328  66.741 0.0000000000
47143  -0.221  -49.962  66.819 0.0000000000
47151  -0.468  -49.812  66.033 0.0000000000
48110  0.113  -49.261  66.535 0.0000000000
138158  0.417  -48.931  66.412 0.0000000000
124700  1.346  -47.355  68.315 0.0000000000
50102  1.222  -47.331  67.816 0.0000000000
51034  1.391  -46.551  68.224 0.0000000000
51033  1.540  -46.347  68.428 0.0000000000
42476  10.438  -52.992  65.869 0.0000000000
118524  11.173  -52.823  65.405 0.0000000000
36799  2.123  -60.287  62.470 0.0000000000
35912  0.998  -60.891  63.911 0.0000000000
35922  0.597  -61.303  63.426 0.0000000000
35958  -1.920  -61.677  58.854 0.0000000000
35967  -2.052  -61.585  58.012 0.0000000000
38603  0.148  -58.995  56.303 0.0000000000
138551  0.442  -58.315  56.096 0.0000000000
39598  0.457  -58.200  55.621 0.0000000000
43512  0.561  -54.711  59.394 0.0000000000
118621  0.581  -55.431  58.797 0.0000000000
42587  0.872  -55.500  57.971 0.0000000000
41601  1.309  -55.663  56.108 0.0000000000
41602  1.253  -56.137  56.364 0.0000000000
40615  1.003  -57.168  55.617 0.0000000000
40614  1.297  -56.840  55.194 0.0000000000
42606  1.828  -54.793  54.868 0.0000000000
41626  2.073  -55.939  54.025 0.0000000000
42620  2.257  -55.088  54.147 0.0000000000
40621  2.843  -56.626  53.415 0.0000000000
41625  2.977  -55.674  53.589 0.0000000000
48138  1.147  -49.348  64.646 0.0000000000
130489  0.846  -50.170  63.789 0.0000000000
48156  1.328  -49.870  63.346 0.0000000000
47209  2.740  -50.454  61.243 0.0000000000
47210  2.006  -50.720  61.688 0.0000000000
47225  2.416  -51.164  60.747 0.0000000000
46296  2.557  -51.456  59.945 0.0000000000
48164  4.258  -48.884  60.820 0.0000000000
48165  3.559  -49.377  61.316 0.0000000000
47239  3.697  -50.158  59.045 0.0000000000
46314  3.421  -51.194  57.797 0.0000000000
46315  2.564  -51.638  58.190 0.0000000000
45399  2.932  -51.940  56.721 0.0000000000
44471  2.441  -52.508  56.362 0.0000000000
45414  3.396  -52.014  55.951 0.0000000000
44518  4.496  -52.040  54.297 0.0000000000
43574  4.365  -52.949  53.851 0.0000000000
43573  4.540  -53.585  53.065 0.0000000000
42618  4.182  -54.645  53.063 0.0000000000
43584  4.550  -53.535  52.431 0.0000000000
42634  4.183  -54.682  51.654 0.0000000000
44551  4.491  -53.115  52.181 0.0000000000
45471  3.328  -51.293  52.318 0.0000000000
45472  2.281  -51.088  52.220 0.0000000000
139176  3.252  -47.916  54.805 0.0000000000
47275  3.740  -48.549  54.991 0.0000000000
47276  2.860  -48.250  54.388 0.0000000000
47297  1.621  -49.027  53.040 0.0000000000
47296  2.034  -49.269  53.255 0.0000000000
45474  1.306  -50.451  51.626 0.0000000000
55863  3.546  -39.965  63.090 0.0000000000
55864  2.642  -40.354  63.324 0.0000000000
55848  2.582  -41.074  64.147 0.0000000000
121747  2.041  -40.847  63.485 0.0000000000
54894  1.450  -41.737  63.504 0.0000000000
55866  1.071  -40.916  62.916 0.0000000000
55893  0.459  -40.685  61.601 0.0000000000
54904  0.898  -41.363  61.848 0.0000000000
53870  1.104  -41.573  61.076 0.0000000000
53869  1.532  -41.821  60.512 0.0000000000
57887  0.739  -38.565  59.807 0.0000000000
57880  0.648  -38.595  60.451 0.0000000000
56893  0.435  -39.319  60.966 0.0000000000
55901  0.824  -39.932  59.971 0.0000000000
55906  1.988  -40.545  58.545 0.0000000000
54924  1.731  -41.047  59.152 0.0000000000
54923  2.244  -41.330  58.796 0.0000000000
53887  2.341  -41.921  59.196 0.0000000000
53886  2.958  -41.810  58.730 0.0000000000
53884  4.880  -42.399  57.927 0.0000000000
53892  4.353  -41.789  57.500 0.0000000000
142441  3.375  -42.238  55.379 0.0000000000
53908  4.056  -42.224  55.781 0.0000000000
52925  3.552  -42.936  55.368 0.0000000000
52030  3.061  -44.463  54.998 0.0000000000
52927  2.181  -43.465  54.552 0.0000000000
55950  1.911  -40.621  54.967 0.0000000000
42423  5.319  -53.706  71.958 0.0000000000
43368  5.791  -52.658  72.926 0.0000000000
42433  7.925  -53.927  72.119 0.0000000000
41473  5.447  -54.690  71.139 0.0000000000
41451  5.791  -54.307  71.552 0.0000000000
41452  5.385  -54.147  71.596 0.0000000000
41651  1.462  -55.819  50.329 0.0000000000
38463  -0.958  -58.032  64.259 0.0000000000
39448  -0.603  -57.159  65.281 0.0000000000
37620  0.221  -58.578  65.305 0.0000000000
139466  0.078  -59.096  64.945 0.0000000000
37657  -0.582  -59.556  64.350 0.0000000000
36794  -0.828  -60.385  63.727 0.0000000000
44409  0.381  -52.795  63.073 0.0000000000
45358  0.540  -52.721  62.711 0.0000000000
46286  0.542  -51.855  62.970 0.0000000000
120764  0.773  -51.808  62.511 0.0000000000
51985  3.729  -44.262  61.941 0.0000000000
50143  4.997  -45.694  61.714 0.0000000000
51984  4.716  -44.545  61.580 0.0000000000
51089  6.040  -45.306  60.401 0.0000000000
51094  6.091  -45.917  59.041 0.0000000000
51101  6.061  -44.840  59.068 0.0000000000
52007  5.740  -44.500  58.170 0.0000000000
52017  5.463  -43.881  57.711 0.0000000000
139709  0.958  -55.891  68.421 0.0000000000
40483  1.382  -55.314  68.890 0.0000000000
40475  1.690  -55.059  69.673 0.0000000000
41474  1.901  -54.786  70.272 0.0000000000
41465  1.755  -54.338  70.496 0.0000000000
44360  3.737  -52.192  72.581 0.0000000000
45298  3.505  -51.186  73.223 0.0000000000
45287  2.977  -51.151  75.099 0.0000000000
46205  2.631  -50.871  75.668 0.0000000000
46203  3.427  -50.462  75.877 0.0000000000
41485  11.065  -53.544  69.403 0.0000000000
122895  10.648  -53.520  68.320 0.0000000000
41494  10.431  -53.531  68.931 0.0000000000
118564  9.591  -53.504  69.119 0.0000000000
41495  8.747  -53.559  68.818 0.0000000000
40485  6.945  -55.102  69.752 0.0000000000
40490  6.677  -55.173  68.905 0.0000000000
133975  5.918  -55.485  67.220 0.0000000000
38423  3.369  -56.785  67.390 0.0000000000
39409  3.202  -55.680  69.795 0.0000000000
39416  2.540  -56.152  69.232 0.0000000000
39417  1.944  -56.288  68.790 0.0000000000
38414  1.533  -56.843  67.989 0.0000000000
39418  1.492  -56.343  68.477 0.0000000000
39412  1.463  -55.869  68.720 0.0000000000
50110  1.304  -46.959  67.615 0.0000000000
142226  1.458  -46.657  67.151 0.0000000000
51057  1.669  -46.030  66.706 0.0000000000
53834  1.843  -43.350  66.255 0.0000000000
53835  1.826  -43.708  66.172 0.0000000000
53844  1.635  -43.265  65.660 0.0000000000
140681  1.556  -43.403  65.052 0.0000000000
51981  1.663  -43.560  63.763 0.0000000000
52878  1.577  -43.327  64.111 0.0000000000
53858  1.507  -42.854  63.634 0.0000000000
124268  1.430  -42.261  63.276 0.0000000000
43387  15.467  -51.999  69.675 0.0000000000
140183  13.348  -53.243  69.323 0.0000000000
43384  13.229  -53.005  71.202 0.0000000000
44357  10.638  -52.601  72.467 0.0000000000
141016  -1.401  -60.556  58.839 0.0000000000
40529  -0.504  -56.343  63.629 0.0000000000
41537  -0.352  -55.736  63.826 0.0000000000
42521  0.065  -55.128  63.240 0.0000000000
43432  0.055  -54.196  63.509 0.0000000000
42451  0.433  -54.190  68.496 0.0000000000
42452  0.023  -54.337  68.034 0.0000000000
126076  0.495  -53.752  68.873 0.0000000000
124274  0.336  -53.281  68.916 0.0000000000
44383  0.490  -52.542  69.021 0.0000000000
46246  1.486  -50.459  69.400 0.0000000000
46254  0.936  -50.314  68.321 0.0000000000
46255  0.479  -50.410  67.837 0.0000000000
46260  -0.011  -50.536  67.281 0.0000000000
48101  0.976  -48.800  67.727 0.0000000000
127127  1.497  -47.495  68.738 0.0000000000
50085  1.570  -46.733  68.707 0.0000000000
42489  8.195  -53.343  64.937 0.0000000000
37638  2.887  -59.008  65.000 0.0000000000
35920  1.624  -60.742  62.870 0.0000000000
35936  -1.155  -61.733  61.071 0.0000000000
35942  -1.489  -61.852  60.345 0.0000000000
35948  -1.747  -61.807  59.663 0.0000000000
36821  -1.568  -61.062  59.348 0.0000000000
123844  0.159  -58.348  58.443 0.0000000000
38588  -0.176  -59.049  56.994 0.0000000000
125953  0.281  -58.437  57.551 0.0000000000
39556  0.537  -57.729  57.291 0.0000000000
40592  0.722  -57.190  56.974 0.0000000000
134629  1.287  -54.378  57.941 0.0000000000
42586  1.265  -54.967  57.475 0.0000000000
140752  1.370  -54.348  57.302 0.0000000000
43556  1.391  -54.697  56.871 0.0000000000
138912  1.397  -55.093  56.411 0.0000000000
41614  1.365  -55.841  55.385 0.0000000000
42595  1.399  -55.157  55.874 0.0000000000
43565  1.572  -54.634  55.562 0.0000000000
139315  2.036  -54.239  55.219 0.0000000000
49124  1.576  -49.083  64.226 0.0000000000
48144  1.697  -49.247  63.605 0.0000000000
48166  2.984  -49.731  61.709 0.0000000000
135915  4.702  -49.121  59.148 0.0000000000
47222  4.112  -49.582  59.509 0.0000000000
47238  4.657  -49.678  58.737 0.0000000000
46312  5.166  -50.245  57.403 0.0000000000
46320  4.439  -50.808  57.100 0.0000000000
45398  3.834  -51.363  56.405 0.0000000000
45413  4.300  -51.212  55.496 0.0000000000
45433  4.506  -51.404  54.692 0.0000000000
44531  4.772  -52.153  53.433 0.0000000000
45469  4.849  -51.986  52.832 0.0000000000
45455  4.643  -51.280  53.328 0.0000000000
46357  4.292  -50.341  53.531 0.0000000000
46358  3.369  -50.099  53.193 0.0000000000
49189  2.597  -47.276  54.689 0.0000000000
48229  2.581  -47.694  54.547 0.0000000000
48230  1.944  -47.406  54.390 0.0000000000
48245  1.561  -47.788  53.949 0.0000000000
47289  1.327  -48.211  53.403 0.0000000000
123123  2.754  -39.590  62.577 0.0000000000
56868  1.817  -40.065  62.720 0.0000000000
55881  1.010  -40.213  62.548 0.0000000000
56880  0.367  -40.034  61.761 0.0000000000
130659  0.380  -40.237  61.029 0.0000000000
57891  0.713  -38.268  59.157 0.0000000000
56912  0.951  -39.026  59.214 0.0000000000
56907  1.162  -39.796  59.375 0.0000000000
55913  2.344  -39.964  57.864 0.0000000000
55912  3.375  -40.627  57.266 0.0000000000
54932  3.981  -41.152  57.147 0.0000000000
55923  3.610  -40.834  56.721 0.0000000000
55935  3.529  -40.949  56.129 0.0000000000
54950  2.904  -41.052  55.495 0.0000000000
40467  2.972  -54.906  70.522 0.0000000000
41463  2.672  -54.570  70.750 0.0000000000
41462  3.203  -54.532  70.853 0.0000000000
44359  4.348  -52.432  72.824 0.0000000000
41480  9.253  -53.620  70.434 0.0000000000
41481  8.247  -54.021  70.672 0.0000000000
129772  7.390  -54.657  70.473 0.0000000000
41457  7.786  -54.183  71.522 0.0000000000
40487  4.660  -55.621  69.205 0.0000000000
40488  4.392  -55.478  69.711 0.0000000000
40479  4.115  -55.271  70.157 0.0000000000
40470  4.845  -54.865  70.861 0.0000000000
40471  4.225  -55.065  70.551 0.0000000000
40480  3.727  -55.276  70.188 0.0000000000
131451  3.835  -55.120  70.424 0.0000000000
40466  3.609  -54.851  70.666 0.0000000000
52831  2.125  -44.400  68.066 0.0000000000
52840  1.821  -44.937  67.231 0.0000000000
53814  2.277  -43.786  67.730 0.0000000000
124745  2.247  -43.618  67.147 0.0000000000
54820  2.329  -43.311  67.445 0.0000000000
54818  2.868  -42.475  68.427 0.0000000000
54833  2.314  -42.864  67.186 0.0000000000
54848  2.116  -42.569  66.529 0.0000000000
54863  2.398  -41.950  65.928 0.0000000000
37680  -1.010  -59.170  61.431 0.0000000000
39467  -0.941  -57.519  64.018 0.0000000000
133085  -0.765  -56.916  63.825 0.0000000000
123219  -0.655  -55.337  65.187 0.0000000000
132443  -0.670  -54.527  65.340 0.0000000000
45315  1.841  -51.497  70.816 0.0000000000
46222  2.086  -50.589  71.107 0.0000000000
131729  2.179  -49.773  71.072 0.0000000000
130977  2.468  -48.777  71.647 0.0000000000
119967  2.200  -48.996  71.146 0.0000000000
119069  2.013  -49.389  70.691 0.0000000000
48061  2.063  -48.534  70.797 0.0000000000
120886  1.795  -48.097  69.958 0.0000000000
49058  1.776  -47.504  69.762 0.0000000000
36778  1.095  -59.857  64.892 0.0000000000
35903  0.119  -60.568  64.267 0.0000000000
36780  0.150  -59.932  64.867 0.0000000000
35904  -0.348  -60.382  64.290 0.0000000000
136463  -0.945  -60.846  62.360 0.0000000000
130601  -1.029  -60.053  62.079 0.0000000000
41569  0.360  -55.442  59.939 0.0000000000
41576  0.440  -55.395  59.462 0.0000000000
42573  0.430  -55.074  59.691 0.0000000000
139679  0.785  -54.139  59.300 0.0000000000
133166  1.225  -53.718  58.881 0.0000000000
45388  1.537  -53.176  58.433 0.0000000000
45379  1.808  -52.527  58.818 0.0000000000
49122  2.905  -47.420  63.209 0.0000000000
49130  3.423  -48.103  62.574 0.0000000000
49129  4.207  -47.620  62.153 0.0000000000
49141  4.703  -48.047  61.227 0.0000000000
49154  5.115  -48.339  60.220 0.0000000000
48179  5.187  -48.389  59.042 0.0000000000
48202  5.112  -48.979  57.401 0.0000000000
47274  4.518  -49.093  55.844 0.0000000000
48203  4.681  -47.944  56.709 0.0000000000
48215  3.967  -47.699  55.657 0.0000000000
49179  4.032  -47.280  55.769 0.0000000000
50187  4.911  -46.589  56.933 0.0000000000
50188  4.185  -46.705  55.907 0.0000000000
50199  3.250  -46.776  55.164 0.0000000000
51123  2.899  -46.301  54.978 0.0000000000
51130  2.478  -45.970  54.570 0.0000000000
58892  1.385  -37.860  57.169 0.0000000000
136541  2.191  -38.639  56.274 0.0000000000
56927  2.222  -39.243  55.567 0.0000000000
57902  2.084  -38.596  55.628 0.0000000000
57904  1.667  -38.297  54.826 0.0000000000
39641  2.942  -57.444  51.615 0.0000000000
40489  0.098  -55.597  67.708 0.0000000000
41483  1.040  -54.913  68.797 0.0000000000
141846  0.623  -54.978  68.464 0.0000000000
122631  0.741  -54.541  68.671 0.0000000000
42447  0.786  -54.034  69.089 0.0000000000
43386  1.172  -53.522  69.809 0.0000000000
42436  2.297  -53.775  71.084 0.0000000000
43376  2.451  -52.780  71.539 0.0000000000
43380  2.197  -53.278  71.237 0.0000000000
138717  2.125  -52.740  71.319 0.0000000000
44367  1.918  -52.264  71.055 0.0000000000
45306  2.120  -51.358  71.334 0.0000000000
46211  2.627  -49.828  73.771 0.0000000000
42466  12.274  -53.159  66.714 0.0000000000
42467  10.855  -53.350  66.650 0.0000000000
42468  9.814  -53.260  66.469 0.0000000000
41507  10.135  -53.401  67.182 0.0000000000
42469  8.903  -53.321  66.379 0.0000000000
41509  7.365  -53.965  66.140 0.0000000000
130877  7.490  -54.252  67.056 0.0000000000
41518  6.798  -54.590  65.451 0.0000000000
39435  5.332  -56.180  65.473 0.0000000000
37637  3.514  -58.486  64.866 0.0000000000
37639  2.208  -59.026  65.371 0.0000000000
37618  1.789  -58.687  65.873 0.0000000000
122297  2.766  -56.937  67.517 0.0000000000
37599  1.849  -58.095  66.436 0.0000000000
37601  0.895  -58.308  66.083 0.0000000000
37585  0.661  -57.655  66.456 0.0000000000
37602  0.405  -58.085  65.837 0.0000000000
38427  0.227  -57.529  66.231 0.0000000000
38428  -0.078  -57.472  66.263 0.0000000000
47182  0.165  -50.622  64.530 0.0000000000
48139  0.456  -49.881  64.759 0.0000000000
49107  1.321  -47.799  65.688 0.0000000000
118722  1.429  -48.479  65.127 0.0000000000
49114  1.751  -48.436  64.706 0.0000000000
49113  2.226  -47.421  64.599 0.0000000000
135426  1.738  -44.830  66.672 0.0000000000
51959  1.621  -45.117  66.057 0.0000000000
125352  1.700  -44.220  65.903 0.0000000000
51072  1.921  -45.439  65.563 0.0000000000
50136  2.697  -46.318  63.575 0.0000000000
51081  2.979  -45.471  63.206 0.0000000000
51978  2.711  -44.422  62.947 0.0000000000
51086  3.387  -44.787  62.712 0.0000000000
51986  2.857  -44.041  62.069 0.0000000000
51995  3.101  -43.582  61.311 0.0000000000
51994  3.363  -43.146  60.515 0.0000000000
141161  7.576  -52.659  73.240 0.0000000000
123786  7.128  -52.235  73.256 0.0000000000
44352  7.843  -52.240  73.095 0.0000000000
46213  7.896  -51.387  72.141 0.0000000000
42465  13.264  -52.976  66.934 0.0000000000
44374  17.373  -51.063  69.570 0.0000000000
43400  15.668  -52.262  67.542 0.0000000000
140464  14.863  -52.520  67.791 0.0000000000
43397  15.143  -52.432  68.760 0.0000000000
42456  14.238  -52.679  67.479 0.0000000000
42457  13.645  -52.924  67.504 0.0000000000
118384  12.837  -53.169  67.000 0.0000000000
42450  12.769  -53.397  69.314 0.0000000000
41492  12.021  -53.543  68.989 0.0000000000
41478  11.266  -53.557  70.158 0.0000000000
41467  10.829  -53.612  70.877 0.0000000000
44371  13.389  -52.456  71.531 0.0000000000
143023  12.252  -53.191  71.832 0.0000000000
42440  11.280  -53.539  71.447 0.0000000000
41455  9.668  -53.639  71.599 0.0000000000
42431  9.384  -53.655  72.001 0.0000000000
42419  9.444  -53.387  72.424 0.0000000000
117899  10.092  -52.770  72.731 0.0000000000
43371  9.466  -53.024  72.857 0.0000000000
135389  8.767  -53.350  72.853 0.0000000000
43366  8.098  -53.079  73.113 0.0000000000
123979  -1.037  -59.907  58.762 0.0000000000
39520  0.283  -57.367  59.105 0.0000000000
141506  0.317  -56.008  60.109 0.0000000000
118416  -0.340  -57.653  61.080 0.0000000000
119259  -0.107  -56.859  61.158 0.0000000000
39501  0.153  -56.485  60.429 0.0000000000
41562  0.329  -55.801  60.527 0.0000000000
43444  0.409  -54.300  61.788 0.0000000000
124548  0.431  -53.499  62.458 0.0000000000
43431  0.258  -53.530  63.028 0.0000000000
135901  0.360  -53.075  63.028 0.0000000000
121574  0.078  -52.214  63.780 0.0000000000
118234  -0.009  -51.686  64.120 0.0000000000
46278  -0.337  -51.036  64.498 0.0000000000
39428  -0.311  -56.582  66.453 0.0000000000
40497  -0.662  -56.118  66.192 0.0000000000
41505  -0.667  -55.531  66.531 0.0000000000
42455  -0.343  -54.384  67.730 0.0000000000
42461  -0.576  -54.661  67.339 0.0000000000
131179  -0.774  -55.194  66.335 0.0000000000
42471  -0.763  -54.652  66.460 0.0000000000
43407  -0.809  -54.052  66.614 0.0000000000
43406  -0.749  -53.442  66.206 0.0000000000
45316  1.556  -51.627  70.124 0.0000000000
45327  0.217  -52.123  68.487 0.0000000000
44388  -0.165  -52.624  67.979 0.0000000000
44392  -0.530  -52.750  67.316 0.0000000000
140674  -0.691  -52.771  66.963 0.0000000000
44400  -0.886  -52.656  65.623 0.0000000000
45349  -0.931  -51.864  65.105 0.0000000000
46265  -0.568  -50.741  66.850 0.0000000000
46270  -0.836  -50.631  66.201 0.0000000000
122830  -0.961  -50.963  65.340 0.0000000000
48118  0.153  -49.198  65.929 0.0000000000
123721  0.897  -47.992  66.983 0.0000000000
49086  1.138  -47.978  67.785 0.0000000000
49096  1.154  -47.623  67.545 0.0000000000
129333  1.296  -46.711  67.953 0.0000000000
51930  1.515  -46.068  68.114 0.0000000000
50078  1.750  -46.886  69.361 0.0000000000
51025  1.912  -46.185  69.098 0.0000000000
51929  1.890  -45.702  68.666 0.0000000000
129499  1.990  -45.086  68.403 0.0000000000
45289  7.373  -51.843  72.900 0.0000000000
42501  10.411  -52.414  64.074 0.0000000000
42487  10.089  -52.521  65.038 0.0000000000
36788  1.342  -60.298  64.352 0.0000000000
34908  1.323  -61.397  62.378 0.0000000000
37708  -0.601  -59.624  56.594 0.0000000000
141443  0.628  -55.890  58.318 0.0000000000
41591  1.274  -55.799  57.080 0.0000000000
40591  1.010  -56.686  56.639 0.0000000000
40604  0.647  -57.617  56.161 0.0000000000
39597  0.652  -57.672  55.632 0.0000000000
39615  0.382  -58.147  55.189 0.0000000000
41627  1.563  -56.350  54.603 0.0000000000
40631  3.487  -56.924  51.826 0.0000000000
47189  0.489  -50.834  63.988 0.0000000000
47211  1.222  -51.145  62.297 0.0000000000
47198  1.623  -50.270  62.593 0.0000000000
46289  1.698  -51.487  61.184 0.0000000000
45387  1.805  -52.701  58.072 0.0000000000
48153  3.272  -49.064  62.230 0.0000000000
47208  3.280  -50.047  60.798 0.0000000000
47223  3.387  -50.061  59.850 0.0000000000
133330  2.474  -51.550  58.784 0.0000000000
45386  2.167  -52.278  57.779 0.0000000000
44472  1.761  -52.936  56.765 0.0000000000
44497  2.114  -53.198  56.094 0.0000000000
43554  2.571  -53.475  55.194 0.0000000000
44519  3.628  -52.758  54.788 0.0000000000
43564  3.417  -53.467  54.434 0.0000000000
42619  3.301  -54.817  53.689 0.0000000000
41624  3.804  -55.378  53.130 0.0000000000
41632  4.176  -55.384  52.467 0.0000000000
123071  3.604  -56.278  51.504 0.0000000000
41642  3.140  -55.790  51.004 0.0000000000
42635  3.620  -54.882  51.268 0.0000000000
142298  3.084  -54.252  51.209 0.0000000000
46339  3.682  -49.744  53.742 0.0000000000
47287  2.428  -48.732  53.827 0.0000000000
46359  2.369  -49.969  52.973 0.0000000000
138812  2.097  -50.464  52.510 0.0000000000
46379  1.743  -50.755  52.109 0.0000000000
55838  2.314  -41.720  64.957 0.0000000000
119229  3.914  -40.972  64.600 0.0000000000
54878  1.948  -41.917  64.762 0.0000000000
54895  1.431  -41.907  63.422 0.0000000000
53862  1.369  -42.210  62.599 0.0000000000
55867  0.972  -41.096  62.853 0.0000000000
52891  1.978  -42.502  60.838 0.0000000000
52899  2.299  -42.509  60.355 0.0000000000
52898  2.756  -42.659  60.008 0.0000000000
55896  0.763  -40.492  60.425 0.0000000000
55900  1.257  -40.629  59.702 0.0000000000
54915  1.590  -41.430  59.800 0.0000000000
53876  2.803  -42.327  59.355 0.0000000000
52897  3.623  -42.846  59.589 0.0000000000
52904  4.424  -42.697  58.817 0.0000000000
53883  5.342  -43.049  57.604 0.0000000000
52018  5.017  -43.859  57.021 0.0000000000
54931  4.408  -41.666  56.865 0.0000000000
52916  5.025  -42.978  56.694 0.0000000000
52028  4.394  -43.877  56.218 0.0000000000
52029  3.816  -44.635  55.600 0.0000000000
52031  2.425  -45.073  54.541 0.0000000000
51131  1.940  -45.598  54.131 0.0000000000
125809  2.214  -39.918  55.330 0.0000000000
54951  2.141  -41.058  55.076 0.0000000000
52936  1.616  -43.368  54.075 0.0000000000
52928  1.923  -44.216  54.216 0.0000000000
51140  1.470  -45.411  53.809 0.0000000000
36781  -0.278  -59.681  64.518 0.0000000000
40512  -0.620  -56.636  64.982 0.0000000000
40645  1.537  -56.724  50.391 0.0000000000
41613  1.648  -55.467  54.687 0.0000000000
41641  3.932  -55.536  51.553 0.0000000000
42434  3.486  -54.038  71.178 0.0000000000
42462  -0.713  -54.931  66.803 0.0000000000
42486  11.158  -52.633  64.726 0.0000000000
42564  0.402  -55.008  60.248 0.0000000000
42628  4.411  -54.444  52.311 0.0000000000
42636  2.640  -54.815  50.944 0.0000000000
43412  -0.652  -54.235  65.995 0.0000000000
43511  1.029  -54.323  58.705 0.0000000000
43541  1.378  -54.039  56.953 0.0000000000
43592  4.336  -53.804  51.843 0.0000000000
44396  -0.644  -52.121  66.890 0.0000000000
44540  4.469  -52.429  52.313 0.0000000000
45337  -0.308  -51.314  67.245 0.0000000000
45378  2.190  -52.111  58.473 0.0000000000
45385  2.699  -51.809  57.448 0.0000000000
45397  4.487  -50.709  56.217 0.0000000000
45432  4.652  -51.365  54.063 0.0000000000
45456  3.918  -50.815  52.892 0.0000000000
46204  2.953  -50.679  76.115 0.0000000000
46291  0.771  -52.481  62.195 0.0000000000
46305  2.742  -51.253  59.369 0.0000000000
46381  1.402  -49.834  52.072 0.0000000000
47100  1.948  -50.233  70.701 0.0000000000
47284  4.825  -49.787  55.496 0.0000000000
47286  3.541  -49.070  54.199 0.0000000000
47298  1.358  -48.840  52.907 0.0000000000
48109  0.632  -48.730  66.818 0.0000000000
48167  2.348  -50.003  62.113 0.0000000000
48214  4.588  -48.468  56.397 0.0000000000
48244  2.068  -48.074  54.182 0.0000000000
49188  3.249  -47.248  55.062 0.0000000000
50163  6.086  -46.738  59.804 0.0000000000
50200  2.549  -46.567  54.722 0.0000000000
50219  1.288  -45.894  53.789 0.0000000000
51050  1.510  -46.264  67.402 0.0000000000
51090  5.592  -44.934  61.018 0.0000000000
51093  6.216  -45.235  59.741 0.0000000000
51102  5.763  -45.394  58.315 0.0000000000
51112  4.709  -45.450  56.654 0.0000000000
51967  1.744  -44.156  65.193 0.0000000000
52880  1.757  -43.095  62.363 0.0000000000
52883  2.226  -43.097  61.530 0.0000000000
52889  2.708  -42.933  60.797 0.0000000000
52896  5.279  -43.222  59.038 0.0000000000
52903  5.283  -42.908  58.349 0.0000000000
52917  4.384  -42.985  55.957 0.0000000000
52926  2.889  -43.627  54.977 0.0000000000
53865  1.256  -41.958  61.721 0.0000000000
53877  2.280  -42.203  59.682 0.0000000000
53885  3.963  -42.067  58.282 0.0000000000
53899  4.577  -42.257  56.447 0.0000000000
53910  1.900  -42.582  54.466 0.0000000000
54864  1.932  -42.335  65.655 0.0000000000
54880  1.548  -42.565  64.128 0.0000000000
54909  0.669  -40.957  61.033 0.0000000000
54933  2.683  -40.703  58.059 0.0000000000
54941  3.932  -41.240  56.631 0.0000000000
55849  1.682  -41.505  63.692 0.0000000000
55882  0.640  -40.341  62.377 0.0000000000
55937  2.509  -40.366  55.419 0.0000000000
56903  0.618  -39.279  60.207 0.0000000000
56911  1.378  -39.432  58.747 0.0000000000
56916  2.088  -39.296  57.522 0.0000000000
119021  4.052  -56.134  51.933 0.0000000000
123312  1.680  -43.711  65.718 0.0000000000
124726  3.548  -41.596  55.703 0.0000000000
126622  0.144  -56.190  67.229 0.0000000000
127876  11.642  -53.161  66.460 0.0000000000
134306  2.680  -46.974  54.837 0.0000000000
136146  4.910  -45.981  57.050 0.0000000000
136187  2.959  -41.827  55.264 0.0000000000
137183  3.164  -50.676  59.443 0.0000000000
139242  3.734  -56.623  52.186 0.0000000000
141218  2.785  -41.280  58.418 0.0000000000
141389  1.288  -50.176  68.797 0.0000000000
142206  1.728  -46.985  54.344 0.0000000000
142378  0.509  -55.376  59.140 0.0000000000
142421  3.256  -45.157  55.077 0.0000000000
142426  1.779  -45.613  65.941 0.0000000000
142522  4.690  -52.848  53.252 0.0000000000
143120  14.341  -52.691  67.922 0.0000000000
143156  5.080  -54.771  70.956 0.0000000000
