#!ascii label  , from subject sub-v1s1x0050667_ses-1 vox2ras=TkReg
706
30789  19.395  -67.636  -21.726 0.6000000238
25258  18.643  -72.867  -15.267 0.6999999881
25273  18.634  -72.347  -15.832 0.6999999881
28613  20.474  -69.321  -18.369 0.8999999762
29665  19.943  -68.833  -18.823 0.8000000119
29698  19.759  -67.929  -20.039 0.8000000119
30790  18.382  -67.736  -21.787 0.6000000238
131369  17.934  -67.855  -22.977 0.6999999881
122347  18.393  -72.537  -14.523 0.6999999881
24142  18.135  -74.022  -14.170 0.6999999881
26459  17.635  -71.940  -16.072 0.6999999881
27452  17.192  -71.485  -16.638 0.6000000238
26475  18.205  -71.497  -16.905 0.6999999881
26474  19.312  -71.398  -17.135 0.6999999881
28596  19.193  -70.190  -17.964 0.8000000119
29666  19.036  -68.940  -18.780 0.8000000119
29682  19.451  -68.397  -19.349 0.8000000119
30775  18.972  -67.757  -20.728 0.6000000238
30791  17.184  -67.796  -22.005 0.6000000238
30806  17.010  -67.805  -23.045 0.6999999881
30835  17.213  -67.154  -24.923 0.6999999881
24135  18.124  -73.488  -13.260 0.6000000238
26446  16.945  -71.704  -15.419 0.4000000060
26445  18.108  -71.959  -15.326 0.6000000238
140439  16.788  -71.643  -16.026 0.5000000000
28598  17.038  -70.650  -17.645 0.6000000238
28597  18.137  -70.466  -17.979 0.8000000119
29667  17.959  -69.074  -18.737 0.6999999881
29684  17.566  -68.501  -19.323 0.6999999881
29700  17.275  -68.021  -20.082 0.6999999881
30807  16.369  -67.476  -22.631 0.6000000238
30823  16.451  -67.248  -23.617 0.6000000238
30822  17.206  -67.556  -23.898 0.6000000238
26410  18.831  -71.914  -12.778 0.5000000000
24128  17.901  -73.337  -12.377 0.6000000238
22995  16.965  -74.310  -12.065 0.6000000238
26421  18.650  -71.857  -13.815 0.5000000000
137287  16.864  -71.108  -17.048 0.5000000000
28599  16.121  -70.193  -17.749 0.6000000238
119372  16.604  -68.815  -18.808 0.6000000238
128203  16.756  -68.373  -19.484 0.6000000238
30777  16.732  -67.804  -20.889 0.5000000000
30792  16.224  -67.559  -21.616 0.5000000000
30808  15.669  -67.051  -22.222 0.6000000238
31785  15.674  -66.958  -23.266 0.6000000238
31803  16.373  -65.995  -24.537 0.5000000000
32744  16.501  -65.245  -24.558 0.5000000000
32743  17.323  -64.904  -24.436 0.5000000000
31802  16.989  -65.918  -24.938 0.5000000000
25236  18.352  -72.634  -12.422 0.5000000000
142611  17.450  -73.106  -11.224 0.5000000000
26434  18.052  -71.484  -14.798 0.5000000000
27438  16.488  -70.905  -15.465 0.4000000060
28566  16.792  -70.057  -15.168 0.3000000119
28567  16.109  -70.135  -15.765 0.4000000060
123457  15.540  -69.484  -17.119 0.3000000119
29650  15.856  -69.276  -16.136 0.3000000119
29668  15.896  -69.361  -18.066 0.5000000000
29686  15.269  -67.993  -18.981 0.5000000000
29701  16.302  -68.000  -19.972 0.5000000000
30793  15.676  -67.098  -21.199 0.5000000000
120827  15.158  -66.501  -21.798 0.6000000238
31786  15.039  -66.493  -22.769 0.6000000238
31794  15.959  -66.484  -24.090 0.5000000000
33717  15.991  -64.735  -24.229 0.5000000000
26396  18.609  -71.793  -11.819 0.5000000000
26409  19.121  -71.171  -13.137 0.5000000000
27416  18.943  -70.210  -14.050 0.5000000000
29642  17.692  -69.350  -14.894 0.4000000060
28550  17.453  -70.221  -14.830 0.5000000000
29643  16.793  -69.050  -15.375 0.4000000060
130978  16.343  -68.170  -15.717 0.3000000119
30731  15.128  -67.948  -17.179 0.3000000119
29669  15.196  -68.245  -18.220 0.4000000060
30761  15.580  -67.833  -19.655 0.5000000000
30779  15.623  -67.265  -20.178 0.4000000060
31795  15.246  -66.142  -23.600 0.5000000000
135669  14.930  -64.024  -23.841 0.5000000000
33718  15.178  -64.693  -24.008 0.5000000000
33715  17.630  -64.472  -23.414 0.5000000000
33706  17.616  -64.147  -23.020 0.4000000060
33716  16.827  -64.581  -23.859 0.5000000000
133383  18.604  -71.015  -11.343 0.5000000000
27384  19.470  -70.230  -12.613 0.5000000000
124480  19.474  -69.962  -13.470 0.5000000000
29635  18.797  -68.720  -14.584 0.4000000060
30700  17.379  -67.945  -15.248 0.4000000060
30716  15.193  -67.276  -16.335 0.3000000119
31760  15.019  -67.485  -17.705 0.4000000060
31768  15.256  -66.749  -18.803 0.4000000060
118458  15.343  -65.784  -19.589 0.4000000060
30762  15.351  -67.500  -19.262 0.4000000060
31767  15.446  -66.557  -19.784 0.4000000060
126491  14.672  -65.344  -21.049 0.5000000000
32723  14.372  -65.337  -21.822 0.5000000000
31778  14.599  -65.911  -22.290 0.6000000238
122990  15.623  -64.055  -23.822 0.4000000060
28515  19.639  -69.401  -12.362 0.4000000060
28533  19.798  -69.428  -13.090 0.4000000060
29641  18.453  -67.831  -14.868 0.4000000060
125167  16.745  -67.155  -15.367 0.4000000060
30701  15.744  -67.259  -15.787 0.4000000060
31744  15.106  -66.590  -16.453 0.4000000060
134995  15.070  -67.214  -16.946 0.4000000060
32706  15.344  -66.394  -17.998 0.4000000060
32712  15.414  -65.743  -18.811 0.4000000060
32715  14.836  -65.186  -20.383 0.5000000000
32716  14.360  -64.800  -21.252 0.5000000000
33708  13.982  -63.987  -22.498 0.6000000238
33719  14.338  -64.412  -23.483 0.5000000000
35847  14.374  -62.701  -23.729 0.4000000060
34781  15.238  -63.271  -23.877 0.4000000060
131449  19.474  -69.006  -11.959 0.4000000060
125259  19.420  -67.844  -14.322 0.4000000060
133650  19.929  -67.972  -13.445 0.4000000060
30699  17.911  -67.020  -15.114 0.4000000060
31733  16.046  -66.391  -15.423 0.4000000060
32700  15.340  -65.873  -17.077 0.4000000060
133452  15.490  -65.387  -18.047 0.4000000060
136731  15.096  -65.053  -19.663 0.4000000060
33681  14.285  -64.244  -21.093 0.5000000000
34766  13.726  -63.313  -22.056 0.4000000060
33707  13.895  -63.996  -22.998 0.6000000238
30669  19.833  -67.847  -12.570 0.4000000060
30685  19.748  -67.070  -13.805 0.4000000060
31721  18.331  -66.156  -14.723 0.4000000060
31732  17.169  -66.144  -15.151 0.4000000060
32685  16.380  -65.699  -15.291 0.4000000060
33648  15.860  -64.876  -15.994 0.4000000060
33655  15.816  -64.433  -16.889 0.5000000000
33656  15.546  -64.885  -17.406 0.4000000060
33661  15.495  -64.540  -18.294 0.3000000119
34728  15.269  -64.156  -19.223 0.3000000119
33668  14.800  -64.342  -19.924 0.4000000060
35807  13.831  -63.019  -20.997 0.4000000060
35819  13.417  -62.762  -21.563 0.4000000060
35828  13.225  -62.643  -22.448 0.5000000000
135076  19.407  -68.196  -11.926 0.4000000060
32671  17.724  -65.334  -14.746 0.4000000060
32684  16.952  -65.333  -15.121 0.4000000060
34699  16.377  -63.976  -16.449 0.3000000119
34710  16.260  -63.787  -17.335 0.3000000119
34711  15.763  -64.200  -17.776 0.3000000119
34727  15.622  -63.922  -18.740 0.3000000119
34741  14.801  -63.683  -19.953 0.3000000119
35818  13.586  -62.326  -21.012 0.4000000060
36704  13.232  -60.917  -22.026 0.4000000060
31705  19.756  -66.326  -13.221 0.3000000119
32670  18.734  -65.393  -14.335 0.3000000119
33623  17.255  -64.552  -15.045 0.3000000119
34698  16.979  -63.434  -16.088 0.3000000119
34709  16.823  -63.270  -16.887 0.3000000119
34726  16.119  -63.593  -18.341 0.4000000060
35784  16.446  -62.643  -18.896 0.4000000060
35785  15.706  -63.036  -19.270 0.3000000119
123320  14.063  -62.012  -20.412 0.3000000119
36695  13.531  -61.277  -21.002 0.4000000060
119196  13.457  -60.284  -21.507 0.4000000060
35764  16.735  -63.069  -17.914 0.4000000060
36662  17.061  -61.298  -18.916 0.4000000060
36680  16.119  -61.309  -19.267 0.4000000060
37538  15.141  -60.607  -19.066 0.3000000119
36682  14.189  -61.309  -20.079 0.4000000060
37539  14.241  -60.544  -19.630 0.4000000060
38374  13.591  -59.101  -20.022 0.4000000060
37548  13.635  -60.423  -20.472 0.4000000060
127991  13.375  -59.422  -21.023 0.4000000060
37523  15.247  -59.945  -18.641 0.5000000000
37524  14.185  -59.745  -19.118 0.4000000060
38360  13.873  -58.666  -19.093 0.4000000060
38394  13.455  -58.830  -21.704 0.3000000119
39373  13.671  -58.248  -20.193 0.3000000119
30774  20.043  -67.688  -20.904 0.6999999881
28614  19.577  -69.481  -18.352 0.8000000119
30776  17.824  -67.807  -20.893 0.6000000238
29683  18.568  -68.443  -19.315 0.6999999881
29699  18.229  -67.947  -19.981 0.6999999881
26447  16.485  -71.311  -15.872 0.4000000060
27439  15.961  -70.916  -16.100 0.4000000060
28616  17.434  -69.941  -18.240 0.6999999881
142733  17.296  -68.940  -18.848 0.6999999881
27417  18.053  -70.621  -14.533 0.5000000000
29685  15.880  -68.349  -19.091 0.5000000000
29656  15.329  -68.834  -17.585 0.4000000060
127850  14.892  -65.845  -21.353 0.6000000238
32733  14.564  -65.783  -23.102 0.5000000000
32747  13.923  -64.720  -22.918 0.6000000238
32693  15.291  -65.787  -16.074 0.3000000119
34742  14.365  -63.628  -20.581 0.4000000060
121274  19.966  -67.150  -12.916 0.4000000060
34740  15.157  -63.362  -19.614 0.3000000119
36681  15.088  -61.396  -19.558 0.3000000119
38381  13.442  -58.582  -20.991 0.3000000119
24176  23.545  -72.986  -18.845 0.6000000238
24192  23.075  -73.406  -19.164 0.6000000238
137604  24.272  -74.663  -20.957 0.6000000238
134164  24.551  -73.329  -21.619 0.6000000238
25314  19.969  -72.725  -20.322 0.5000000000
128968  22.370  -73.435  -18.696 0.6000000238
138445  22.752  -72.320  -17.502 0.6999999881
25301  23.226  -72.491  -18.145 0.6999999881
24193  22.160  -73.430  -19.572 0.6000000238
25299  24.254  -71.919  -19.043 0.6000000238
25312  24.604  -72.196  -19.801 0.6000000238
26515  24.721  -71.470  -20.410 0.6000000238
25333  24.705  -72.424  -20.619 0.6000000238
25354  24.629  -72.666  -21.377 0.6000000238
127736  24.422  -72.271  -21.882 0.6000000238
25393  23.364  -72.653  -23.641 0.6999999881
23069  20.908  -73.887  -18.905 0.6000000238
25287  21.998  -73.242  -17.086 0.6999999881
24194  20.829  -73.079  -19.897 0.5000000000
24166  22.082  -73.514  -17.785 0.6999999881
140675  21.735  -73.692  -18.436 0.6999999881
26488  23.688  -70.917  -18.049 0.6999999881
26487  24.281  -71.014  -18.681 0.6999999881
27510  24.650  -70.474  -20.160 0.5000000000
26551  24.101  -71.496  -22.120 0.6000000238
27538  23.600  -70.877  -22.731 0.6000000238
26552  23.445  -71.814  -23.080 0.6999999881
27553  22.573  -70.293  -24.215 0.6999999881
26581  23.079  -71.865  -24.849 0.6999999881
138819  22.781  -71.348  -25.159 0.6999999881
30854  27.413  -67.424  -27.937 0.4000000060
29782  25.374  -68.353  -27.658 0.5000000000
28749  23.979  -69.213  -27.293 0.6000000238
28735  23.798  -70.059  -26.818 0.6000000238
27601  22.526  -70.059  -26.277 0.6999999881
23055  17.498  -74.836  -18.278 0.5000000000
23054  18.395  -75.060  -18.645 0.5000000000
133932  19.453  -75.091  -17.864 0.6000000238
23071  18.900  -74.431  -19.182 0.5000000000
24157  21.352  -73.318  -16.859 0.6999999881
23052  20.224  -74.614  -18.118 0.5000000000
23070  19.873  -74.333  -19.116 0.6000000238
25269  21.887  -71.890  -16.833 0.6999999881
26471  22.499  -71.756  -17.234 0.6999999881
27467  22.750  -70.872  -17.602 0.6999999881
27496  24.462  -70.326  -19.258 0.6999999881
27523  24.552  -70.742  -21.195 0.6000000238
28673  23.663  -69.880  -22.399 0.6000000238
28684  22.747  -69.463  -23.712 0.6999999881
27566  22.351  -70.706  -25.060 0.6999999881
28719  22.127  -70.017  -25.707 0.6999999881
28736  22.991  -69.643  -26.939 0.6000000238
28737  22.299  -69.231  -26.598 0.6000000238
21950  16.807  -75.287  -16.707 0.5000000000
24168  14.883  -73.519  -17.382 0.4000000060
21948  18.149  -75.467  -17.408 0.5000000000
23039  16.885  -75.038  -17.476 0.5000000000
21965  18.078  -75.356  -18.092 0.5000000000
23026  19.496  -74.813  -16.714 0.6000000238
23038  19.857  -74.788  -17.276 0.6000000238
25271  20.622  -72.946  -16.638 0.6999999881
24158  20.719  -73.789  -16.802 0.6000000238
26457  21.047  -72.023  -16.782 0.6999999881
27468  21.794  -70.443  -17.507 0.6999999881
28610  23.542  -69.535  -18.703 0.6999999881
28651  23.864  -69.033  -20.408 0.6999999881
28650  24.395  -69.764  -20.786 0.6999999881
29718  23.370  -68.909  -22.504 0.6999999881
29726  22.995  -68.880  -23.226 0.6999999881
28720  21.779  -69.033  -26.001 0.6999999881
30858  23.676  -67.976  -27.653 0.5000000000
28751  22.507  -68.792  -27.068 0.6000000238
28738  21.692  -68.783  -26.564 0.6000000238
23029  15.144  -74.710  -16.616 0.4000000060
21914  18.237  -75.329  -15.976 0.6000000238
21929  18.414  -75.402  -16.712 0.6000000238
23027  18.925  -75.079  -16.350 0.6000000238
24159  19.829  -73.622  -16.262 0.6000000238
26458  19.908  -72.098  -16.862 0.6000000238
27469  20.760  -70.549  -17.474 0.6999999881
26472  21.350  -71.240  -17.121 0.6999999881
28593  21.907  -69.634  -18.073 0.6999999881
28611  22.723  -69.493  -18.353 0.6999999881
119355  22.089  -68.478  -19.556 0.8000000119
28633  22.927  -68.898  -19.117 0.8000000119
128629  22.771  -68.149  -20.968 0.6000000238
29719  22.656  -68.382  -22.766 0.6000000238
29740  21.727  -68.765  -24.775 0.8000000119
28698  21.860  -69.198  -25.414 0.6999999881
31829  24.343  -66.838  -27.930 0.5000000000
30859  22.632  -67.534  -27.861 0.6000000238
134678  21.151  -67.940  -27.225 0.6999999881
31830  23.292  -66.763  -28.009 0.6000000238
21916  16.785  -75.468  -15.306 0.5000000000
21917  15.870  -75.436  -15.135 0.4000000060
21918  14.395  -75.705  -15.758 0.4000000060
21915  17.542  -75.385  -15.627 0.5000000000
21931  16.284  -75.308  -15.904 0.5000000000
23020  18.643  -74.602  -15.521 0.6000000238
25257  19.148  -73.088  -15.817 0.6000000238
120484  18.844  -71.943  -16.475 0.6000000238
27470  19.779  -70.700  -17.547 0.6999999881
28594  21.062  -69.829  -17.917 0.8000000119
29664  20.776  -68.728  -18.875 0.8000000119
29696  21.494  -68.080  -20.243 0.6000000238
30787  21.461  -67.636  -21.810 0.6000000238
29720  21.981  -68.167  -23.360 0.6999999881
29728  21.517  -68.280  -24.065 0.6999999881
29742  20.348  -68.215  -25.932 0.6999999881
30860  21.785  -67.349  -27.794 0.6000000238
30845  20.413  -67.035  -27.098 0.6000000238
141899  20.197  -66.281  -26.941 0.6000000238
31831  22.312  -66.726  -27.979 0.6000000238
30861  21.173  -66.865  -27.740 0.6000000238
23014  17.809  -74.776  -14.379 0.5000000000
21901  16.412  -75.432  -14.492 0.5000000000
126127  14.976  -75.547  -15.005 0.5000000000
124825  14.262  -75.892  -14.911 0.5000000000
23013  18.245  -74.489  -14.794 0.5000000000
21900  17.279  -75.300  -14.669 0.5000000000
24150  19.059  -73.745  -15.588 0.6000000238
29697  20.636  -67.951  -20.151 0.6999999881
30803  20.387  -67.639  -22.921 0.6000000238
30819  20.233  -67.787  -23.795 0.6000000238
30832  19.881  -67.784  -25.017 0.6999999881
30841  19.614  -67.678  -26.212 0.6000000238
31815  22.811  -66.130  -27.691 0.5000000000
32773  21.263  -65.809  -26.876 0.4000000060
24143  17.699  -74.351  -13.592 0.5000000000
21887  16.358  -75.191  -13.044 0.5000000000
122936  15.138  -75.712  -12.806 0.5000000000
138580  13.852  -75.931  -13.532 0.5000000000
21891  12.533  -75.724  -13.454 0.5000000000
21892  11.034  -75.455  -13.654 0.5000000000
132433  18.868  -67.719  -22.461 0.6000000238
30820  19.274  -67.792  -24.117 0.6000000238
30833  18.716  -67.561  -25.124 0.4000000060
30842  19.136  -67.016  -26.386 0.5000000000
31806  18.962  -66.196  -26.297 0.4000000060
32774  20.368  -65.795  -26.743 0.4000000060
31818  19.628  -65.849  -26.543 0.5000000000
24136  17.606  -74.019  -12.668 0.6000000238
22996  16.452  -74.888  -12.274 0.5000000000
21873  15.418  -75.462  -12.254 0.5000000000
21863  13.931  -75.344  -12.091 0.5000000000
21876  12.390  -75.222  -12.844 0.5000000000
22999  11.584  -74.841  -13.080 0.5000000000
23009  10.111  -74.288  -13.733 0.4000000060
24146  9.502  -74.024  -14.276 0.5000000000
127804  9.507  -73.258  -14.766 0.4000000060
139192  8.355  -73.107  -16.031 0.4000000060
24161  7.522  -73.576  -16.902 0.4000000060
30821  18.114  -67.769  -24.255 0.6000000238
30834  17.930  -67.241  -25.217 0.4000000060
31807  18.323  -65.753  -25.816 0.4000000060
32760  19.915  -65.378  -25.951 0.4000000060
22983  16.323  -74.481  -11.492 0.5000000000
21861  15.158  -75.201  -11.670 0.4000000060
22986  14.078  -74.781  -11.607 0.4000000060
129138  12.906  -74.125  -11.990 0.5000000000
24138  12.238  -73.289  -12.974 0.4000000060
127904  10.749  -73.723  -13.644 0.5000000000
24144  10.868  -73.015  -14.202 0.4000000060
137889  11.002  -72.571  -14.891 0.5000000000
25252  10.270  -72.828  -14.736 0.5000000000
25274  10.361  -72.233  -16.187 0.3000000119
25275  9.400  -72.337  -16.168 0.3000000119
26464  9.005  -71.957  -16.897 0.3000000119
32752  17.765  -65.310  -25.215 0.4000000060
22971  16.280  -73.841  -10.912 0.5000000000
128327  15.057  -73.908  -11.157 0.5000000000
24123  13.666  -74.071  -11.633 0.4000000060
25230  17.605  -72.566  -10.918 0.4000000060
24112  16.308  -73.193  -10.514 0.4000000060
132121  15.236  -73.027  -10.921 0.4000000060
26399  14.988  -71.605  -11.598 0.4000000060
26385  17.489  -71.850  -10.634 0.4000000060
26386  16.643  -71.868  -10.395 0.4000000060
25231  15.392  -72.142  -10.748 0.4000000060
27360  17.253  -71.155  -10.625 0.4000000060
26398  15.499  -71.408  -11.004 0.4000000060
27386  14.688  -70.975  -12.343 0.4000000060
26422  14.148  -71.069  -12.860 0.4000000060
27361  16.507  -71.187  -10.603 0.4000000060
27369  18.557  -70.172  -11.329 0.3000000119
28495  15.671  -70.021  -11.912 0.4000000060
28496  15.026  -70.192  -12.431 0.4000000060
28534  14.330  -70.223  -12.929 0.4000000060
28493  18.870  -69.065  -11.569 0.4000000060
28535  13.923  -69.661  -13.598 0.4000000060
29624  13.582  -68.766  -13.381 0.4000000060
137766  18.068  -68.673  -11.330 0.3000000119
29597  17.336  -68.794  -11.379 0.4000000060
29598  16.591  -68.937  -11.610 0.4000000060
125077  15.891  -69.136  -12.010 0.4000000060
143253  14.661  -69.605  -12.776 0.4000000060
28517  14.118  -69.261  -13.046 0.4000000060
29614  14.631  -68.851  -12.775 0.3000000119
30788  20.423  -67.585  -21.912 0.6000000238
23021  18.000  -75.161  -15.147 0.5000000000
30805  18.932  -67.788  -23.276 0.6000000238
24210  24.366  -73.968  -20.442 0.6000000238
27565  22.934  -71.066  -24.245 0.6999999881
28697  22.149  -69.620  -24.687 0.6999999881
30856  25.724  -67.602  -27.759 0.5000000000
31828  25.272  -66.899  -27.633 0.5000000000
29783  24.598  -68.495  -27.612 0.5000000000
28750  23.109  -68.863  -27.350 0.6000000238
23056  16.551  -74.082  -17.824 0.5000000000
29679  23.105  -68.430  -20.054 0.6999999881
29766  21.912  -68.557  -26.931 0.6000000238
23025  20.066  -74.358  -16.700 0.6000000238
126656  23.159  -68.374  -21.756 0.6999999881
29727  22.370  -68.736  -23.834 0.8000000119
29754  21.013  -68.444  -26.395 0.6999999881
21932  15.258  -75.224  -15.887 0.4000000060
29712  21.898  -67.892  -21.010 0.6000000238
30802  21.836  -67.840  -22.639 0.6000000238
29741  20.924  -68.260  -24.908 0.6999999881
130294  21.251  -68.676  -25.588 0.6999999881
31814  23.849  -66.141  -27.572 0.5000000000
31813  24.830  -66.235  -27.233 0.5000000000
29755  20.113  -68.010  -26.844 0.6999999881
30818  21.160  -67.800  -23.369 0.6999999881
30831  20.757  -67.957  -24.190 0.6999999881
117845  19.780  -67.275  -26.670 0.6000000238
142147  21.705  -66.766  -27.941 0.6000000238
21886  16.796  -75.235  -13.811 0.5000000000
120154  14.611  -75.867  -14.122 0.5000000000
119307  13.699  -75.985  -14.344 0.4000000060
133673  19.711  -67.729  -23.323 0.6000000238
129251  19.053  -67.422  -25.867 0.6000000238
24160  8.095  -73.715  -16.340 0.3000000119
30843  18.329  -66.852  -25.990 0.5000000000
32761  19.063  -65.378  -26.010 0.4000000060
127120  11.762  -73.921  -13.031 0.5000000000
25262  9.824  -72.640  -15.441 0.4000000060
25288  8.073  -72.097  -17.056 0.4000000060
131461  18.000  -69.411  -11.216 0.4000000060
122419  16.319  -69.757  -11.379 0.4000000060
18817  29.050  -79.235  -31.207 0.3000000119
18815  30.232  -78.423  -30.138 0.3000000119
25443  28.190  -71.727  -26.853 0.4000000060
26623  30.667  -70.571  -28.208 0.4000000060
26636  29.951  -70.887  -29.124 0.4000000060
25471  29.232  -70.980  -30.113 0.4000000060
121994  28.270  -70.897  -25.813 0.4000000060
25444  27.359  -72.024  -26.361 0.4000000060
25421  26.975  -71.668  -25.557 0.4000000060
121106  26.097  -72.377  -25.463 0.5000000000
25422  26.055  -73.256  -25.659 0.5000000000
134936  25.472  -73.782  -25.304 0.5000000000
27596  30.133  -69.673  -26.896 0.4000000060
26613  29.373  -70.717  -26.784 0.5000000000
26615  27.874  -71.446  -25.979 0.5000000000
131892  25.496  -74.414  -25.336 0.5000000000
27608  30.838  -69.926  -27.611 0.5000000000
26624  29.925  -70.834  -27.687 0.5000000000
27607  31.633  -69.586  -28.008 0.5000000000
137910  31.446  -70.382  -28.530 0.4000000060
26635  30.907  -70.859  -29.468 0.4000000060
25470  30.140  -71.067  -30.161 0.4000000060
25481  30.252  -71.518  -30.382 0.4000000060
24330  30.198  -73.051  -30.738 0.3000000119
133517  30.578  -74.075  -30.323 0.4000000060
28731  28.597  -69.350  -26.392 0.4000000060
28717  26.929  -69.861  -25.955 0.4000000060
29761  29.189  -68.860  -27.006 0.4000000060
27578  28.830  -69.911  -25.895 0.4000000060
28716  28.029  -69.812  -25.764 0.4000000060
138738  26.887  -71.020  -25.362 0.4000000060
26595  26.156  -71.450  -25.331 0.5000000000
29760  30.063  -68.978  -27.045 0.4000000060
27597  29.469  -70.090  -26.401 0.4000000060
27579  28.843  -70.494  -26.014 0.4000000060
27582  25.205  -71.141  -25.589 0.5000000000
26596  25.140  -72.206  -25.522 0.5000000000
24286  24.626  -73.599  -24.983 0.5000000000
25424  23.771  -73.220  -25.008 0.6000000238
23145  24.707  -74.438  -24.011 0.6000000238
27584  22.562  -70.983  -25.856 0.6000000238
26598  23.242  -71.664  -25.654 0.6000000238
24263  24.239  -73.931  -23.599 0.5000000000
26634  31.788  -70.863  -29.192 0.4000000060
25378  23.935  -72.424  -22.660 0.5000000000
136692  30.997  -72.149  -30.106 0.4000000060
24329  30.902  -73.173  -30.177 0.4000000060
28733  26.397  -69.298  -26.588 0.4000000060
28734  25.532  -69.494  -26.611 0.5000000000
27598  25.304  -70.200  -25.920 0.5000000000
27599  24.155  -70.763  -26.308 0.5000000000
132173  24.211  -72.759  -25.439 0.5000000000
25425  23.623  -72.346  -25.317 0.6000000238
27600  23.184  -70.539  -26.453 0.6000000238
27583  23.379  -71.225  -26.090 0.6000000238
17767  28.749  -79.881  -30.907 0.3000000119
19910  31.164  -78.358  -29.063 0.3000000119
20990  32.240  -76.355  -28.393 0.3000000119
29779  28.690  -68.215  -27.955 0.4000000060
134398  27.825  -68.087  -27.865 0.4000000060
139627  27.451  -68.571  -27.431 0.4000000060
28732  27.474  -69.190  -26.690 0.4000000060
29764  25.853  -68.844  -27.206 0.4000000060
130211  24.654  -69.912  -26.897 0.5000000000
29765  25.007  -69.079  -27.287 0.4000000060
25408  23.190  -72.698  -24.544 0.6000000238
25392  23.969  -73.241  -23.128 0.5000000000
29763  26.715  -68.753  -27.337 0.4000000060
26594  27.622  -70.973  -25.542 0.4000000060
24273  25.075  -74.205  -24.715 0.5000000000
22122  32.436  -75.611  -28.774 0.3000000119
28718  26.049  -69.816  -25.926 0.5000000000
26597  24.041  -71.873  -25.907 0.6000000238
35806  14.446  -62.882  -20.402 0.3000000119
17766  29.394  -79.635  -30.547 0.3000000119
18816  29.630  -78.812  -30.709 0.3000000119
21860  15.832  -75.051  -11.795 0.5000000000
21862  14.522  -75.202  -11.741 0.4000000060
21872  15.956  -75.253  -12.442 0.5000000000
21874  14.649  -75.580  -12.289 0.5000000000
21875  13.193  -75.370  -12.566 0.5000000000
21877  11.836  -75.424  -13.390 0.5000000000
21888  15.272  -75.714  -13.527 0.5000000000
21889  14.576  -75.850  -13.164 0.5000000000
21890  13.232  -75.749  -13.160 0.5000000000
21902  15.532  -75.596  -14.330 0.5000000000
21919  13.581  -76.047  -15.263 0.5000000000
21930  17.684  -75.472  -16.555 0.6000000238
21947  19.041  -75.277  -17.208 0.6000000238
21949  17.441  -75.386  -17.227 0.6000000238
21964  18.741  -75.353  -18.026 0.5000000000
21966  17.612  -75.314  -17.749 0.5000000000
21990  23.892  -75.018  -20.826 0.6000000238
22982  16.765  -73.922  -11.349 0.5000000000
22984  15.618  -74.441  -11.239 0.4000000060
22985  14.804  -74.693  -11.392 0.4000000060
22997  13.368  -74.836  -11.937 0.4000000060
22998  12.801  -74.841  -12.336 0.5000000000
23007  17.096  -74.795  -13.039 0.6000000238
23008  10.820  -74.623  -13.457 0.4000000060
23019  19.376  -74.380  -16.172 0.6000000238
23028  15.742  -74.830  -16.573 0.5000000000
23036  21.341  -73.678  -17.264 0.6999999881
23037  20.629  -74.286  -17.269 0.6999999881
23053  19.287  -74.973  -18.570 0.5000000000
23072  17.948  -74.270  -19.020 0.5000000000
23085  24.084  -74.548  -20.436 0.6000000238
23144  25.133  -74.776  -24.588 0.5000000000
24111  16.951  -73.308  -10.870 0.5000000000
24113  15.798  -73.522  -10.702 0.4000000060
24129  17.387  -73.587  -11.720 0.5000000000
24132  12.275  -74.287  -12.586 0.5000000000
24139  11.277  -74.058  -13.278 0.5000000000
24145  10.050  -73.414  -14.051 0.5000000000
24151  18.529  -73.699  -14.814 0.6999999881
24153  8.601  -73.777  -15.745 0.3000000119
24167  15.603  -73.596  -17.502 0.4000000060
24177  22.835  -73.128  -18.345 0.6999999881
24213  21.309  -73.049  -20.223 0.6000000238
24231  24.532  -74.055  -21.411 0.6000000238
24264  23.643  -73.315  -24.180 0.5000000000
24274  24.220  -73.797  -24.469 0.6000000238
25225  16.792  -72.575  -10.475 0.4000000060
25226  15.978  -72.612  -10.320 0.4000000060
25229  18.198  -72.328  -11.541 0.5000000000
25232  14.714  -72.431  -11.549 0.4000000060
25237  17.856  -72.926  -11.710 0.5000000000
25242  18.506  -72.658  -13.464 0.5000000000
25245  11.656  -73.151  -13.665 0.5000000000
25251  11.625  -72.509  -14.595 0.5000000000
25261  10.747  -72.472  -15.532 0.3000000119
25263  8.929  -73.005  -15.550 0.4000000060
25270  21.621  -72.682  -16.769 0.6999999881
25272  19.512  -72.653  -16.264 0.6000000238
25276  8.560  -72.501  -16.321 0.4000000060
25277  7.906  -72.884  -16.554 0.4000000060
25285  23.174  -71.695  -17.751 0.6999999881
25286  22.543  -72.951  -17.581 0.6999999881
25300  23.861  -72.409  -18.716 0.6000000238
25313  24.217  -72.869  -19.345 0.6000000238
25377  24.416  -72.951  -22.158 0.6000000238
25423  25.163  -73.126  -25.334 0.5000000000
25469  31.076  -71.283  -29.926 0.4000000060
26387  15.909  -71.689  -10.489 0.4000000060
26397  18.155  -71.743  -11.052 0.5000000000
26473  20.362  -71.331  -17.182 0.6999999881
26501  24.561  -71.228  -19.529 0.5000000000
26532  24.660  -71.836  -21.254 0.6000000238
26567  23.041  -71.977  -23.955 0.6999999881
26593  28.214  -70.364  -25.654 0.4000000060
26614  28.626  -71.144  -26.439 0.4000000060
27359  18.052  -71.078  -10.850 0.4000000060
27368  19.259  -69.694  -11.814 0.4000000060
27370  17.709  -70.346  -10.958 0.4000000060
27371  16.806  -70.444  -10.892 0.4000000060
27372  15.947  -70.736  -11.004 0.4000000060
27373  15.305  -70.819  -11.714 0.4000000060
27385  18.985  -71.079  -12.186 0.5000000000
27398  19.235  -70.547  -13.510 0.5000000000
27399  18.661  -71.023  -14.048 0.5000000000
27418  17.190  -70.971  -15.059 0.4000000060
27453  16.467  -71.257  -16.382 0.5000000000
27471  18.750  -70.888  -17.534 0.6999999881
27472  17.690  -71.083  -17.385 0.6000000238
27473  16.185  -70.807  -16.924 0.5000000000
27482  24.094  -70.171  -18.504 0.6999999881
27483  23.318  -70.108  -18.047 0.6999999881
27537  24.030  -70.579  -21.993 0.6000000238
27552  23.103  -70.314  -23.356 0.6999999881
27580  27.356  -70.447  -25.607 0.4000000060
27581  26.275  -70.542  -25.529 0.5000000000
27609  30.086  -70.289  -27.145 0.5000000000
28494  17.131  -69.556  -11.184 0.4000000060
28516  15.252  -69.392  -12.475 0.4000000060
28536  13.342  -69.028  -13.977 0.4000000060
28548  19.391  -69.343  -13.949 0.5000000000
28549  18.426  -69.724  -14.484 0.5000000000
28580  15.776  -70.204  -16.611 0.4000000060
28595  20.149  -69.992  -17.914 0.8000000119
28609  24.156  -69.716  -19.097 0.6999999881
28612  21.296  -69.185  -18.449 0.8000000119
28615  18.596  -69.660  -18.358 0.6999999881
28631  24.349  -69.676  -19.845 0.6999999881
28632  23.709  -69.146  -19.506 0.6999999881
28634  22.074  -69.005  -18.687 0.6999999881
28664  24.213  -69.956  -21.570 0.6000000238
28665  23.805  -69.131  -21.488 0.6999999881
28683  23.218  -69.423  -23.039 0.6999999881
28730  29.380  -69.537  -26.545 0.4000000060
29613  19.853  -68.663  -12.616 0.4000000060
29623  19.831  -68.790  -13.458 0.4000000060
29634  19.603  -68.526  -14.035 0.4000000060
29680  21.476  -68.709  -18.984 0.8000000119
29681  20.290  -68.350  -19.437 0.8000000119
29695  22.285  -68.181  -20.352 0.6000000238
29710  23.397  -68.485  -20.894 0.6000000238
29711  22.381  -67.898  -21.843 0.6000000238
29762  28.264  -68.706  -27.181 0.4000000060
29784  22.742  -68.310  -27.496 0.6000000238
29785  22.068  -68.117  -27.415 0.6000000238
30686  18.945  -67.005  -14.548 0.4000000060
30730  15.516  -68.351  -16.497 0.3000000119
30746  15.129  -67.586  -18.518 0.4000000060
30773  20.996  -67.722  -20.972 0.6000000238
30778  15.957  -67.608  -20.591 0.5000000000
30804  19.624  -67.656  -22.595 0.6000000238
30846  19.676  -66.579  -26.709 0.6000000238
30857  24.846  -67.681  -27.828 0.5000000000
31720  19.301  -66.209  -14.072 0.3000000119
31743  15.333  -66.482  -15.804 0.4000000060
31752  15.091  -66.824  -17.322 0.4000000060
31761  15.035  -67.068  -18.054 0.4000000060
31772  15.187  -65.768  -20.463 0.5000000000
31777  15.387  -66.461  -20.784 0.4000000060
31793  16.557  -66.818  -24.539 0.5000000000
31801  17.707  -66.326  -25.418 0.4000000060
31816  21.720  -66.266  -27.676 0.6000000238
31817  20.801  -66.271  -27.383 0.6000000238
32692  15.761  -65.719  -15.600 0.4000000060
32734  14.157  -65.319  -22.657 0.6000000238
32735  14.130  -64.722  -22.195 0.6000000238
32745  15.730  -65.494  -24.214 0.5000000000
32746  14.813  -65.301  -23.691 0.5000000000
33637  16.375  -65.030  -15.369 0.4000000060
33647  16.646  -64.223  -15.682 0.3000000119
33649  15.522  -65.141  -16.644 0.3000000119
33662  15.305  -64.869  -18.961 0.4000000060
33669  14.389  -64.125  -20.694 0.5000000000
33680  14.567  -64.642  -20.488 0.5000000000
33695  14.181  -64.054  -21.739 0.4000000060
34754  14.051  -63.539  -21.270 0.4000000060
34773  13.908  -63.444  -23.343 0.6000000238
34774  13.471  -63.329  -22.826 0.5000000000
34780  16.136  -63.375  -23.622 0.4000000060
34782  14.518  -63.572  -23.721 0.5000000000
35804  15.914  -62.109  -19.488 0.4000000060
35805  14.962  -62.290  -19.859 0.3000000119
119067  16.552  -64.106  -23.575 0.5000000000
119831  21.123  -68.364  -19.530 0.8000000119
120799  13.888  -75.735  -12.750 0.5000000000
121907  21.643  -73.451  -19.313 0.6000000238
122543  23.206  -71.201  -23.442 0.6999999881
122780  18.357  -73.286  -14.068 0.6999999881
122890  16.013  -75.414  -13.707 0.5000000000
124846  19.040  -70.421  -11.755 0.4000000060
125116  17.053  -75.430  -16.038 0.5000000000
125268  17.348  -74.971  -13.906 0.5000000000
126187  16.640  -61.921  -19.129 0.4000000060
126843  16.849  -69.403  -18.436 0.6999999881
127474  22.108  -69.477  -26.222 0.6000000238
127645  15.702  -75.511  -12.953 0.5000000000
128165  13.664  -59.853  -19.970 0.4000000060
128872  24.638  -73.259  -20.898 0.6000000238
128918  20.247  -73.506  -19.613 0.6000000238
130215  13.275  -61.874  -21.942 0.4000000060
132107  16.027  -74.327  -17.149 0.5000000000
133062  14.368  -74.179  -11.398 0.4000000060
133804  21.207  -74.030  -17.874 0.6999999881
134757  15.717  -68.808  -18.379 0.5000000000
137509  22.521  -70.063  -17.825 0.6999999881
137821  14.210  -65.165  -23.229 0.5000000000
138766  22.289  -72.527  -17.025 0.6999999881
138908  19.016  -68.022  -19.855 0.8000000119
138950  21.075  -67.611  -22.540 0.6000000238
139263  23.842  -71.754  -18.326 0.6999999881
140067  12.827  -75.522  -13.000 0.5000000000
140088  16.388  -74.903  -16.961 0.5000000000
140457  16.890  -70.566  -15.098 0.4000000060
140777  22.081  -71.249  -17.200 0.6999999881
141116  13.822  -70.168  -14.043 0.4000000060
141225  24.269  -73.204  -25.252 0.5000000000
142021  30.420  -72.314  -30.498 0.3000000119
143288  17.868  -68.548  -15.006 0.4000000060
