#!ascii label  , from subject sub-v1s1x0050645_ses-1 vox2ras=TkReg
1136
45527  0.232  -39.610  44.321 0.0000000000
49608  -23.726  -37.016  32.056 0.0000000000
56141  -22.308  -28.962  31.636 0.0000000000
48572  -16.134  -35.233  37.603 0.0000000000
68329  -30.419  -15.312  25.140 0.0000000000
126608  -26.876  -24.578  24.918 0.0000000000
47641  -24.429  -36.662  37.629 0.0000000000
129475  -20.680  -36.635  34.871 0.0000000000
70230  -37.638  -13.483  29.364 0.0000000000
70265  -40.554  -13.441  24.993 0.0000000000
71903  -43.231  -12.470  21.882 0.0000000000
58080  -26.296  -25.975  32.706 0.0000000000
59141  -23.691  -26.075  26.531 0.0000000000
58163  -29.847  -25.896  28.690 0.0000000000
64551  -31.834  -20.555  30.963 0.0000000000
121482  -10.021  -33.625  36.289 0.0000000000
42601  2.449  -42.285  47.648 0.0000000000
137072  -24.603  -33.347  32.025 0.0000000000
56103  -24.359  -29.504  35.919 0.0000000000
48614  -12.731  -36.559  32.436 0.0000000000
50570  -15.443  -35.215  31.657 0.0000000000
136126  -40.909  -9.897  17.355 0.0000000000
74268  -45.190  -9.094  20.688 0.0000000000
65487  -27.825  -19.615  25.461 0.0000000000
121524  -33.523  -15.255  32.011 0.0000000000
46621  -1.679  -37.820  40.799 0.0000000000
38770  5.108  -46.701  44.064 0.0000000000
70245  -39.007  -13.720  27.178 0.0000000000
58115  -28.821  -25.758  30.723 0.0000000000
50527  -7.964  -35.229  35.333 0.0000000000
44509  1.109  -41.117  46.476 0.0000000000
134609  -23.832  -34.807  28.693 0.0000000000
135753  -24.539  -34.949  32.197 0.0000000000
47686  -14.120  -35.622  35.737 0.0000000000
49590  -14.409  -36.021  32.880 0.0000000000
49577  -16.005  -34.365  35.084 0.0000000000
48618  -21.590  -37.674  33.484 0.0000000000
50558  -19.504  -35.173  32.121 0.0000000000
118518  -20.781  -36.536  30.529 0.0000000000
46676  -15.171  -36.220  38.586 0.0000000000
120185  -12.965  -35.667  36.099 0.0000000000
70293  -36.530  -13.923  20.630 0.0000000000
71937  -38.865  -11.536  18.409 0.0000000000
72709  -44.850  -11.442  20.714 0.0000000000
59160  -25.188  -25.631  25.336 0.0000000000
62773  -27.486  -22.580  24.699 0.0000000000
122748  -32.371  -18.278  31.715 0.0000000000
137458  -5.589  -35.441  39.241 0.0000000000
48508  -4.414  -36.089  41.375 0.0000000000
48489  -3.920  -36.138  43.430 0.0000000000
46635  -2.747  -37.544  39.785 0.0000000000
118772  3.122  -46.179  42.943 0.0000000000
47690  -24.408  -37.449  34.852 0.0000000000
134029  -24.630  -34.983  34.371 0.0000000000
49548  -25.340  -35.052  37.157 0.0000000000
47617  -18.359  -35.672  39.869 0.0000000000
49561  -18.550  -34.753  36.565 0.0000000000
135548  -21.244  -36.101  38.030 0.0000000000
47659  -22.068  -38.050  36.131 0.0000000000
69347  -33.524  -14.649  27.522 0.0000000000
119649  -36.523  -15.194  25.842 0.0000000000
68385  -37.822  -14.563  24.230 0.0000000000
70296  -39.373  -13.697  22.205 0.0000000000
71919  -40.259  -12.033  20.657 0.0000000000
71092  -41.985  -13.115  23.444 0.0000000000
58091  -23.796  -26.726  32.647 0.0000000000
58130  -22.482  -26.653  29.748 0.0000000000
59104  -25.120  -25.672  30.135 0.0000000000
59130  -27.118  -25.561  27.859 0.0000000000
59162  -28.467  -25.023  26.233 0.0000000000
61909  -29.444  -23.668  26.582 0.0000000000
134375  -31.068  -23.891  28.890 0.0000000000
51436  -8.679  -33.423  38.306 0.0000000000
49534  -6.460  -35.744  37.164 0.0000000000
76770  -45.320  -5.725  16.604 0.0000000000
43541  4.593  -42.187  48.219 0.0000000000
119098  -23.186  -33.031  28.686 0.0000000000
54256  -23.357  -31.466  31.536 0.0000000000
52389  -24.671  -33.640  34.235 0.0000000000
54236  -24.108  -31.819  33.814 0.0000000000
56124  -23.530  -29.067  33.913 0.0000000000
134093  -25.577  -27.303  35.200 0.0000000000
138919  -17.812  -34.009  34.124 0.0000000000
133957  -12.287  -35.214  37.997 0.0000000000
49574  -10.891  -35.093  33.523 0.0000000000
73498  -41.079  -10.256  19.885 0.0000000000
74266  -43.269  -8.836  19.393 0.0000000000
75908  -43.975  -7.547  18.263 0.0000000000
75900  -46.315  -7.270  19.973 0.0000000000
44567  0.960  -41.335  41.257 0.0000000000
43640  1.574  -42.656  42.569 0.0000000000
67360  -28.620  -17.078  25.713 0.0000000000
123423  -30.132  -20.545  28.564 0.0000000000
66417  -30.072  -17.603  28.775 0.0000000000
69345  -31.285  -14.986  28.494 0.0000000000
70215  -35.192  -13.846  30.633 0.0000000000
46585  -0.450  -38.139  43.308 0.0000000000
41705  2.447  -44.174  44.258 0.0000000000
40689  3.836  -44.488  45.803 0.0000000000
41679  5.271  -44.417  45.698 0.0000000000
45510  0.599  -40.313  45.357 0.0000000000
49635  -22.857  -36.594  30.185 0.0000000000
49636  -23.726  -36.021  30.372 0.0000000000
49620  -23.956  -36.048  31.916 0.0000000000
48586  -15.247  -35.175  36.330 0.0000000000
48600  -14.772  -35.073  35.195 0.0000000000
136293  -16.431  -34.797  36.944 0.0000000000
48633  -22.210  -37.527  32.213 0.0000000000
48632  -21.364  -37.287  32.005 0.0000000000
49618  -22.394  -37.131  30.882 0.0000000000
117997  -22.323  -36.571  29.332 0.0000000000
47616  -16.820  -35.891  39.373 0.0000000000
46666  -16.152  -36.437  39.639 0.0000000000
47635  -15.883  -35.843  38.520 0.0000000000
47655  -14.722  -35.805  37.354 0.0000000000
72717  -38.704  -11.628  19.089 0.0000000000
55167  -22.103  -30.519  30.569 0.0000000000
139673  -21.402  -29.652  29.454 0.0000000000
60098  -26.499  -24.982  25.172 0.0000000000
59193  -25.792  -26.111  22.912 0.0000000000
61038  -27.234  -24.015  24.492 0.0000000000
48543  -4.688  -36.725  38.424 0.0000000000
48518  -5.112  -35.619  39.925 0.0000000000
47580  -4.124  -37.006  39.680 0.0000000000
47565  -3.982  -36.694  40.720 0.0000000000
47594  -3.628  -37.461  38.835 0.0000000000
47678  -24.651  -37.682  36.213 0.0000000000
48592  -24.618  -36.465  35.945 0.0000000000
48578  -24.705  -36.406  37.123 0.0000000000
134366  -20.342  -35.859  40.100 0.0000000000
48547  -20.610  -35.751  39.089 0.0000000000
48534  -21.197  -35.985  39.523 0.0000000000
47620  -23.813  -36.568  38.627 0.0000000000
118495  -22.960  -36.963  37.685 0.0000000000
47662  -24.006  -38.104  37.012 0.0000000000
47676  -23.891  -38.178  35.311 0.0000000000
69339  -35.585  -14.498  27.751 0.0000000000
68294  -35.417  -14.808  26.809 0.0000000000
69350  -36.676  -14.905  26.912 0.0000000000
69363  -39.313  -13.867  25.635 0.0000000000
68335  -37.949  -15.029  25.280 0.0000000000
69383  -38.809  -14.334  24.361 0.0000000000
69402  -38.436  -13.960  23.041 0.0000000000
69404  -39.992  -14.040  23.307 0.0000000000
71099  -41.119  -14.056  22.290 0.0000000000
71086  -41.302  -13.474  24.138 0.0000000000
58079  -24.790  -26.444  33.179 0.0000000000
58111  -24.023  -26.018  31.716 0.0000000000
58093  -25.934  -25.773  31.773 0.0000000000
118740  -29.252  -25.813  29.881 0.0000000000
58145  -27.782  -25.521  29.632 0.0000000000
138350  -28.856  -25.550  28.684 0.0000000000
58181  -28.137  -25.514  27.613 0.0000000000
134284  -29.485  -25.356  27.533 0.0000000000
60090  -30.120  -25.092  27.497 0.0000000000
58165  -30.898  -25.742  28.255 0.0000000000
50501  -11.121  -33.753  38.046 0.0000000000
51438  -10.545  -33.573  38.736 0.0000000000
51444  -9.416  -33.421  36.912 0.0000000000
50518  -7.150  -35.221  36.724 0.0000000000
76766  -46.374  -5.743  17.916 0.0000000000
77602  -46.793  -5.279  17.575 0.0000000000
42587  3.390  -42.597  47.935 0.0000000000
52423  -24.313  -33.870  30.145 0.0000000000
52430  -23.651  -33.945  28.508 0.0000000000
53378  -24.076  -33.134  30.473 0.0000000000
53377  -23.203  -32.614  29.797 0.0000000000
54257  -23.977  -31.995  31.974 0.0000000000
118065  -25.062  -34.224  35.602 0.0000000000
50549  -24.682  -34.388  34.277 0.0000000000
52371  -25.195  -33.408  35.778 0.0000000000
55136  -24.584  -30.656  36.167 0.0000000000
54223  -24.733  -32.267  35.382 0.0000000000
55143  -24.027  -30.233  35.185 0.0000000000
55149  -23.643  -30.268  33.714 0.0000000000
130622  -23.935  -29.161  35.266 0.0000000000
57080  -23.979  -27.889  33.987 0.0000000000
117630  -24.618  -28.224  35.477 0.0000000000
49605  -15.020  -36.056  32.214 0.0000000000
137745  -19.754  -35.178  35.806 0.0000000000
49579  -19.159  -34.669  35.342 0.0000000000
50539  -19.479  -34.789  34.263 0.0000000000
50572  -18.765  -34.355  31.299 0.0000000000
48545  -12.766  -35.885  38.429 0.0000000000
48598  -12.744  -35.577  34.691 0.0000000000
134037  -12.331  -35.287  35.110 0.0000000000
49588  -11.401  -35.544  32.891 0.0000000000
125913  -11.016  -36.139  32.341 0.0000000000
71920  -42.087  -12.326  21.261 0.0000000000
72706  -40.816  -11.539  20.596 0.0000000000
72707  -42.281  -11.672  20.896 0.0000000000
73491  -45.621  -10.728  20.947 0.0000000000
135486  -43.660  -10.106  20.352 0.0000000000
74267  -44.626  -9.286  20.368 0.0000000000
75105  -43.439  -8.122  18.711 0.0000000000
75106  -44.465  -7.999  19.150 0.0000000000
75909  -44.840  -7.322  18.733 0.0000000000
75097  -46.226  -7.983  20.465 0.0000000000
59115  -23.145  -26.144  28.163 0.0000000000
58159  -21.791  -27.412  27.231 0.0000000000
66492  -27.891  -18.313  24.305 0.0000000000
66476  -28.171  -18.010  26.096 0.0000000000
63641  -30.531  -21.706  28.583 0.0000000000
63656  -29.963  -21.919  27.523 0.0000000000
64562  -30.998  -20.621  29.741 0.0000000000
67328  -32.426  -17.000  31.675 0.0000000000
120581  -31.485  -18.259  30.648 0.0000000000
122933  -31.924  -16.708  31.002 0.0000000000
68288  -30.577  -15.731  29.015 0.0000000000
69321  -32.327  -14.850  30.537 0.0000000000
136230  -33.771  -14.284  29.658 0.0000000000
70202  -34.551  -14.293  31.349 0.0000000000
47547  -2.515  -36.916  42.313 0.0000000000
47533  -1.871  -36.954  43.095 0.0000000000
47532  -0.995  -37.463  43.659 0.0000000000
122853  -0.602  -38.338  41.643 0.0000000000
46619  -0.142  -38.876  41.295 0.0000000000
46633  -0.794  -38.700  40.049 0.0000000000
42662  1.826  -43.520  42.138 0.0000000000
42651  1.899  -43.341  43.094 0.0000000000
41730  2.354  -44.687  42.720 0.0000000000
128347  4.042  -46.418  44.221 0.0000000000
127831  3.822  -45.763  44.693 0.0000000000
39731  4.352  -45.574  45.087 0.0000000000
118608  4.786  -44.631  45.798 0.0000000000
40699  5.399  -45.472  44.931 0.0000000000
118679  -22.438  -36.217  40.021 0.0000000000
70231  -38.559  -13.437  29.625 0.0000000000
69342  -37.709  -14.128  27.590 0.0000000000
125533  -40.093  -13.379  28.922 0.0000000000
58094  -27.524  -25.744  31.759 0.0000000000
50528  -8.812  -35.133  34.542 0.0000000000
50520  -9.080  -34.247  35.530 0.0000000000
45473  0.792  -40.338  47.996 0.0000000000
43557  1.591  -41.647  47.347 0.0000000000
50600  -23.670  -35.455  28.953 0.0000000000
51513  -24.227  -35.068  29.618 0.0000000000
51494  -24.713  -33.940  32.148 0.0000000000
57035  -25.672  -28.582  36.852 0.0000000000
117595  -13.220  -35.750  33.941 0.0000000000
48615  -13.524  -36.256  32.967 0.0000000000
48616  -13.999  -35.889  33.437 0.0000000000
49576  -14.994  -34.728  34.520 0.0000000000
50544  -15.374  -34.554  33.887 0.0000000000
48603  -20.871  -37.240  34.007 0.0000000000
119112  -20.114  -35.706  33.756 0.0000000000
49607  -20.593  -36.730  32.387 0.0000000000
141714  -20.189  -36.116  30.959 0.0000000000
49651  -20.596  -36.671  28.680 0.0000000000
46653  -14.489  -36.650  39.075 0.0000000000
47632  -13.585  -36.119  37.964 0.0000000000
47654  -14.136  -35.994  37.596 0.0000000000
47672  -13.815  -35.739  36.185 0.0000000000
69409  -35.657  -14.347  21.030 0.0000000000
72726  -39.918  -10.599  18.079 0.0000000000
73465  -44.365  -9.990  23.847 0.0000000000
72696  -44.585  -12.004  21.275 0.0000000000
129841  -24.428  -25.884  25.895 0.0000000000
61933  -26.851  -22.995  23.157 0.0000000000
63668  -27.790  -21.204  25.146 0.0000000000
65425  -33.097  -19.767  32.429 0.0000000000
65439  -32.096  -19.740  31.321 0.0000000000
66394  -32.904  -18.911  32.329 0.0000000000
120833  -6.403  -34.611  39.892 0.0000000000
49497  -5.904  -34.425  41.445 0.0000000000
48491  -4.964  -35.199  43.422 0.0000000000
136649  -4.391  -36.071  42.175 0.0000000000
47564  -3.377  -36.973  41.113 0.0000000000
46622  -2.304  -37.552  40.661 0.0000000000
117050  -1.433  -38.539  39.410 0.0000000000
46649  -2.169  -38.523  38.679 0.0000000000
48635  -23.965  -37.159  32.981 0.0000000000
49594  -24.176  -36.370  33.572 0.0000000000
48622  -24.465  -36.480  34.350 0.0000000000
49581  -24.811  -35.126  35.398 0.0000000000
48546  -17.154  -35.521  38.847 0.0000000000
49545  -17.215  -34.846  37.414 0.0000000000
49536  -19.141  -35.259  38.229 0.0000000000
48574  -20.167  -35.465  37.328 0.0000000000
48575  -20.821  -36.006  36.403 0.0000000000
47618  -22.478  -36.770  37.729 0.0000000000
48576  -21.882  -37.089  36.574 0.0000000000
48590  -21.517  -37.432  35.796 0.0000000000
48591  -21.976  -38.050  35.079 0.0000000000
48620  -23.315  -37.858  33.578 0.0000000000
47598  -17.479  -36.101  40.161 0.0000000000
68306  -32.005  -14.744  26.451 0.0000000000
68350  -31.906  -14.915  24.105 0.0000000000
68331  -33.554  -14.616  25.454 0.0000000000
68352  -34.711  -14.545  24.556 0.0000000000
68367  -35.537  -14.535  24.052 0.0000000000
69360  -37.485  -15.239  26.343 0.0000000000
68355  -37.523  -15.316  25.365 0.0000000000
68383  -36.398  -14.422  23.370 0.0000000000
69410  -37.268  -13.848  22.175 0.0000000000
69411  -38.081  -13.675  22.108 0.0000000000
71122  -37.979  -12.944  20.869 0.0000000000
71918  -39.304  -12.033  20.379 0.0000000000
71111  -39.672  -13.367  21.613 0.0000000000
71113  -41.562  -13.395  21.854 0.0000000000
71896  -42.327  -12.666  23.081 0.0000000000
71892  -41.788  -12.340  25.463 0.0000000000
72680  -42.752  -10.898  24.653 0.0000000000
57115  -22.573  -27.760  31.789 0.0000000000
57127  -21.963  -28.163  30.894 0.0000000000
58110  -22.602  -26.953  30.871 0.0000000000
59089  -23.317  -26.168  30.265 0.0000000000
59116  -24.109  -25.833  28.671 0.0000000000
58132  -27.147  -25.542  30.513 0.0000000000
59105  -25.868  -25.600  29.617 0.0000000000
118668  -25.004  -25.651  28.115 0.0000000000
131060  -26.498  -25.529  26.910 0.0000000000
59161  -27.558  -25.216  26.068 0.0000000000
60099  -27.688  -24.807  25.591 0.0000000000
61039  -28.207  -24.149  25.313 0.0000000000
140633  -28.973  -24.472  26.222 0.0000000000
61896  -29.957  -23.537  27.554 0.0000000000
63627  -31.230  -21.713  29.862 0.0000000000
62714  -31.683  -21.675  30.923 0.0000000000
63605  -32.472  -20.621  31.872 0.0000000000
51414  -7.789  -33.860  39.789 0.0000000000
51443  -8.312  -33.913  36.911 0.0000000000
51435  -7.737  -34.017  37.790 0.0000000000
50493  -6.989  -34.382  39.445 0.0000000000
49523  -5.695  -35.619  38.474 0.0000000000
54269  -22.214  -31.290  30.099 0.0000000000
55160  -23.101  -30.484  31.989 0.0000000000
50560  -24.433  -34.900  32.944 0.0000000000
118015  -24.641  -34.415  33.414 0.0000000000
52403  -24.676  -33.422  32.791 0.0000000000
53338  -24.377  -32.552  34.053 0.0000000000
53357  -24.361  -32.683  32.569 0.0000000000
54245  -24.018  -31.689  32.915 0.0000000000
138447  -23.454  -30.371  32.637 0.0000000000
56134  -23.156  -29.631  32.570 0.0000000000
57102  -23.354  -27.864  32.931 0.0000000000
139023  -24.553  -27.082  33.799 0.0000000000
57082  -25.958  -26.615  34.378 0.0000000000
118815  -26.241  -27.274  35.701 0.0000000000
117899  -26.609  -26.660  35.019 0.0000000000
49560  -17.161  -34.519  36.472 0.0000000000
50537  -17.184  -34.090  34.839 0.0000000000
51467  -16.536  -33.850  32.812 0.0000000000
50548  -19.517  -34.975  33.215 0.0000000000
139706  -17.907  -33.728  32.447 0.0000000000
49514  -12.086  -34.913  39.304 0.0000000000
49535  -11.927  -34.503  37.417 0.0000000000
48560  -12.746  -35.572  37.367 0.0000000000
48571  -12.284  -35.023  36.635 0.0000000000
125792  -11.286  -34.545  35.574 0.0000000000
135071  -9.978  -35.493  33.258 0.0000000000
72704  -39.238  -11.331  19.692 0.0000000000
73497  -40.445  -10.338  19.546 0.0000000000
74264  -40.770  -9.827  19.155 0.0000000000
73489  -43.446  -10.939  20.433 0.0000000000
74265  -41.603  -9.697  19.581 0.0000000000
74287  -41.300  -9.372  17.735 0.0000000000
74288  -41.786  -8.821  17.180 0.0000000000
75114  -42.970  -7.766  17.029 0.0000000000
75917  -43.466  -7.360  16.584 0.0000000000
129210  -43.926  -6.874  17.017 0.0000000000
75916  -46.091  -6.252  18.548 0.0000000000
45540  0.470  -39.872  43.124 0.0000000000
43603  0.978  -41.207  43.957 0.0000000000
43641  1.257  -41.978  41.945 0.0000000000
57145  -21.439  -28.268  28.267 0.0000000000
68328  -29.729  -15.792  25.707 0.0000000000
62760  -28.916  -22.582  25.913 0.0000000000
63654  -29.042  -21.343  26.393 0.0000000000
123491  -29.401  -20.408  27.595 0.0000000000
65451  -31.104  -19.807  30.140 0.0000000000
66435  -30.137  -18.710  28.854 0.0000000000
65472  -29.251  -19.378  27.680 0.0000000000
67337  -29.555  -17.127  28.104 0.0000000000
68290  -29.787  -15.960  27.621 0.0000000000
68305  -30.664  -15.086  26.840 0.0000000000
69346  -32.369  -14.740  27.962 0.0000000000
69332  -34.580  -14.143  29.172 0.0000000000
70228  -35.932  -13.603  29.777 0.0000000000
47513  -0.405  -38.183  45.947 0.0000000000
47523  -0.874  -37.516  44.532 0.0000000000
136228  -0.049  -38.921  43.855 0.0000000000
139132  0.333  -39.476  42.487 0.0000000000
45603  0.616  -40.742  40.594 0.0000000000
120467  1.201  -41.650  44.815 0.0000000000
133768  1.507  -42.142  45.343 0.0000000000
118915  2.291  -43.184  45.791 0.0000000000
40723  2.966  -45.455  43.713 0.0000000000
41693  2.805  -44.377  44.964 0.0000000000
41671  3.205  -43.361  46.688 0.0000000000
41669  4.219  -43.657  46.468 0.0000000000
42597  4.702  -43.349  46.658 0.0000000000
38769  5.781  -46.843  43.449 0.0000000000
40711  6.067  -45.510  44.294 0.0000000000
45511  0.250  -39.654  45.065 0.0000000000
45526  0.492  -40.134  44.693 0.0000000000
49619  -23.390  -36.608  31.152 0.0000000000
123989  -15.562  -35.404  37.276 0.0000000000
48587  -15.796  -34.929  36.752 0.0000000000
48645  -22.843  -37.285  31.677 0.0000000000
48644  -22.060  -37.343  31.534 0.0000000000
47636  -16.382  -35.727  38.708 0.0000000000
47658  -16.079  -35.601  38.214 0.0000000000
122914  -38.090  -12.330  19.349 0.0000000000
56140  -21.799  -29.551  30.556 0.0000000000
59178  -25.532  -25.473  24.090 0.0000000000
60111  -25.936  -24.916  24.055 0.0000000000
60125  -26.512  -24.324  24.021 0.0000000000
135578  -26.653  -24.057  23.486 0.0000000000
47595  -4.198  -37.214  38.684 0.0000000000
48529  -4.617  -36.482  39.326 0.0000000000
47663  -24.504  -37.478  36.882 0.0000000000
48577  -24.514  -36.811  36.555 0.0000000000
47600  -20.703  -36.067  40.547 0.0000000000
133417  -21.555  -36.119  40.022 0.0000000000
140746  -24.022  -36.916  37.831 0.0000000000
47640  -23.814  -37.450  37.534 0.0000000000
120182  -24.227  -37.643  37.132 0.0000000000
47677  -24.329  -38.134  36.182 0.0000000000
47584  -20.207  -36.324  41.394 0.0000000000
138917  -36.244  -13.750  28.873 0.0000000000
69340  -36.254  -14.523  27.566 0.0000000000
70240  -36.637  -14.125  28.111 0.0000000000
69364  -40.047  -13.521  25.317 0.0000000000
69376  -39.376  -13.900  25.016 0.0000000000
69384  -39.621  -13.971  24.383 0.0000000000
69393  -39.509  -14.131  23.870 0.0000000000
69385  -40.637  -13.693  24.368 0.0000000000
124366  -41.183  -13.954  23.711 0.0000000000
141532  -25.702  -26.175  33.129 0.0000000000
134590  -25.696  -25.967  32.561 0.0000000000
134704  -26.579  -25.825  32.096 0.0000000000
58147  -29.956  -25.977  29.341 0.0000000000
58146  -28.706  -25.589  29.410 0.0000000000
120977  -29.453  -25.698  28.975 0.0000000000
58162  -28.732  -25.515  28.090 0.0000000000
131535  -29.430  -25.564  28.153 0.0000000000
58164  -30.585  -25.667  28.056 0.0000000000
119076  -30.796  -25.862  28.438 0.0000000000
50510  -10.608  -33.555  37.163 0.0000000000
76767  -46.849  -5.728  18.588 0.0000000000
77603  -47.373  -5.076  17.994 0.0000000000
43544  1.923  -41.691  47.944 0.0000000000
43543  2.334  -41.749  48.468 0.0000000000
43530  2.820  -41.750  48.950 0.0000000000
124129  2.912  -42.634  47.644 0.0000000000
52416  -24.518  -33.762  31.167 0.0000000000
120270  -24.263  -32.863  31.528 0.0000000000
51456  -25.216  -33.913  35.742 0.0000000000
52372  -25.632  -33.727  36.529 0.0000000000
133913  -24.269  -30.462  35.658 0.0000000000
56087  -25.116  -28.533  36.230 0.0000000000
48628  -11.894  -37.184  31.890 0.0000000000
48588  -20.560  -35.839  35.657 0.0000000000
48602  -20.175  -35.521  34.830 0.0000000000
49589  -12.398  -35.643  33.252 0.0000000000
49604  -11.755  -36.252  32.302 0.0000000000
73520  -41.096  -10.468  16.712 0.0000000000
71911  -42.893  -12.245  21.314 0.0000000000
74261  -45.429  -9.710  21.178 0.0000000000
74260  -45.031  -10.041  20.852 0.0000000000
75095  -44.913  -8.536  19.964 0.0000000000
75096  -45.553  -8.328  20.282 0.0000000000
74269  -45.746  -8.777  20.928 0.0000000000
59128  -22.950  -26.212  27.098 0.0000000000
59114  -22.339  -26.620  27.669 0.0000000000
63667  -27.548  -20.718  24.526 0.0000000000
66475  -27.788  -18.592  25.341 0.0000000000
65488  -28.244  -19.182  26.232 0.0000000000
63626  -30.905  -21.328  29.398 0.0000000000
64573  -30.523  -21.050  28.911 0.0000000000
68270  -33.120  -16.536  32.289 0.0000000000
68279  -32.261  -15.784  31.173 0.0000000000
68284  -31.601  -15.716  30.419 0.0000000000
69322  -32.858  -14.947  31.319 0.0000000000
69306  -33.718  -14.493  31.270 0.0000000000
136138  -34.089  -14.641  31.773 0.0000000000
47562  -2.012  -37.454  41.503 0.0000000000
47546  -1.593  -37.425  42.260 0.0000000000
46605  -1.263  -37.852  41.559 0.0000000000
46620  -0.872  -38.305  40.893 0.0000000000
123660  2.047  -44.036  42.640 0.0000000000
38771  4.540  -46.896  43.913 0.0000000000
39748  4.601  -46.211  44.580 0.0000000000
39730  4.878  -45.612  45.084 0.0000000000
39747  5.259  -46.083  44.555 0.0000000000
57117  -29.007  -26.115  31.958 0.0000000000
45482  0.770  -40.439  46.967 0.0000000000
44502  1.214  -41.091  47.296 0.0000000000
43573  1.404  -41.621  46.768 0.0000000000
49654  -23.270  -36.088  29.347 0.0000000000
50575  -24.323  -35.349  31.677 0.0000000000
134298  -24.292  -35.312  30.644 0.0000000000
51493  -24.586  -34.636  31.530 0.0000000000
47685  -13.723  -35.755  35.045 0.0000000000
116830  -13.726  -35.777  33.977 0.0000000000
48599  -14.140  -35.463  34.725 0.0000000000
48601  -15.460  -34.707  35.733 0.0000000000
49593  -20.499  -36.676  33.325 0.0000000000
48617  -20.994  -37.327  32.958 0.0000000000
136297  -21.510  -37.081  31.046 0.0000000000
120121  -20.736  -36.652  31.465 0.0000000000
50574  -19.950  -35.927  30.066 0.0000000000
49633  -20.634  -36.446  29.561 0.0000000000
49652  -21.817  -36.671  28.512 0.0000000000
46677  -15.710  -36.120  38.871 0.0000000000
117172  -15.886  -36.829  40.090 0.0000000000
46665  -15.479  -36.455  39.263 0.0000000000
133996  -15.177  -36.821  39.775 0.0000000000
46664  -14.826  -36.477  38.864 0.0000000000
46674  -14.086  -36.221  38.180 0.0000000000
46675  -14.557  -36.253  38.360 0.0000000000
47673  -14.370  -35.695  36.583 0.0000000000
137416  -36.275  -13.967  21.138 0.0000000000
59176  -24.181  -26.337  24.768 0.0000000000
59177  -25.044  -25.957  24.329 0.0000000000
130558  -26.798  -23.606  23.781 0.0000000000
61920  -26.943  -22.956  24.091 0.0000000000
63679  -27.483  -21.639  24.578 0.0000000000
62759  -28.077  -22.023  25.411 0.0000000000
65426  -33.564  -19.342  32.904 0.0000000000
68253  -34.220  -16.618  33.284 0.0000000000
49512  -5.790  -34.978  39.898 0.0000000000
49504  -6.114  -34.443  40.635 0.0000000000
48509  -4.866  -35.464  41.069 0.0000000000
49496  -5.436  -34.894  41.936 0.0000000000
127131  -4.848  -35.609  42.060 0.0000000000
126681  -4.652  -35.714  42.780 0.0000000000
47579  -3.441  -37.298  39.982 0.0000000000
47578  -2.899  -37.347  40.590 0.0000000000
47563  -2.729  -37.192  41.398 0.0000000000
46634  -2.049  -37.832  39.752 0.0000000000
46650  -2.762  -37.847  38.763 0.0000000000
48621  -24.159  -37.254  33.919 0.0000000000
48593  -24.869  -35.945  36.697 0.0000000000
49563  -24.720  -35.777  35.447 0.0000000000
49564  -24.952  -35.317  36.156 0.0000000000
116913  -18.164  -35.371  39.016 0.0000000000
137913  -19.345  -35.466  39.131 0.0000000000
48561  -20.373  -35.581  38.167 0.0000000000
132153  -21.186  -36.239  37.150 0.0000000000
47602  -23.194  -36.352  39.494 0.0000000000
47601  -22.051  -36.253  38.994 0.0000000000
47638  -22.807  -37.824  37.282 0.0000000000
47637  -22.428  -37.501  36.868 0.0000000000
120695  -21.165  -37.415  34.949 0.0000000000
47688  -23.030  -38.164  34.653 0.0000000000
47689  -23.863  -38.001  34.394 0.0000000000
47583  -19.632  -36.103  40.921 0.0000000000
133821  -17.512  -35.686  39.510 0.0000000000
68292  -32.822  -14.753  27.050 0.0000000000
68307  -33.212  -14.650  26.223 0.0000000000
68293  -34.136  -14.701  26.742 0.0000000000
68309  -36.159  -14.961  26.269 0.0000000000
68332  -34.703  -14.650  25.432 0.0000000000
117415  -35.512  -14.695  25.090 0.0000000000
117345  -35.327  -14.562  24.445 0.0000000000
68353  -35.988  -14.701  24.727 0.0000000000
69343  -38.250  -14.006  27.371 0.0000000000
69352  -37.720  -14.653  26.869 0.0000000000
69361  -37.919  -14.897  26.169 0.0000000000
133800  -38.012  -15.047  24.975 0.0000000000
118985  -37.783  -15.287  25.421 0.0000000000
68369  -37.491  -14.846  24.810 0.0000000000
133555  -36.860  -14.661  24.379 0.0000000000
68384  -37.237  -14.567  24.124 0.0000000000
69401  -37.234  -14.325  23.322 0.0000000000
140831  -37.967  -14.246  23.422 0.0000000000
70295  -38.992  -13.760  22.683 0.0000000000
140216  -38.626  -13.584  22.045 0.0000000000
71109  -37.923  -13.399  21.451 0.0000000000
71110  -38.755  -13.358  21.541 0.0000000000
71123  -38.981  -12.820  20.959 0.0000000000
71091  -41.739  -13.694  23.384 0.0000000000
71100  -41.834  -13.792  22.569 0.0000000000
71114  -42.233  -13.243  22.130 0.0000000000
135600  -23.109  -27.506  32.389 0.0000000000
116919  -23.208  -26.823  31.808 0.0000000000
59090  -24.195  -25.822  30.713 0.0000000000
59103  -24.203  -25.852  29.697 0.0000000000
58114  -27.887  -25.616  31.020 0.0000000000
124608  -26.893  -25.645  31.385 0.0000000000
58160  -27.397  -25.527  28.899 0.0000000000
58144  -26.770  -25.541  29.637 0.0000000000
59117  -26.187  -25.573  28.706 0.0000000000
128390  -25.864  -25.586  27.512 0.0000000000
59145  -28.322  -25.354  26.835 0.0000000000
59144  -27.393  -25.465  26.851 0.0000000000
60113  -28.476  -24.524  25.871 0.0000000000
59163  -29.165  -24.764  26.561 0.0000000000
61008  -30.629  -24.747  28.080 0.0000000000
61019  -30.053  -24.338  27.640 0.0000000000
61887  -30.662  -23.460  28.454 0.0000000000
61880  -30.995  -23.034  28.946 0.0000000000
62729  -31.233  -22.637  29.556 0.0000000000
140625  -32.096  -21.797  31.862 0.0000000000
63606  -32.601  -20.992  32.358 0.0000000000
62706  -32.096  -21.285  31.569 0.0000000000
64536  -33.115  -20.322  32.552 0.0000000000
124654  -9.527  -33.381  38.702 0.0000000000
51415  -8.675  -33.553  40.079 0.0000000000
51425  -8.668  -33.483  39.211 0.0000000000
50519  -7.957  -34.640  36.236 0.0000000000
50508  -7.035  -34.964  37.588 0.0000000000
50500  -6.982  -34.632  38.495 0.0000000000
49513  -6.233  -34.986  39.060 0.0000000000
49524  -6.356  -35.317  38.080 0.0000000000
54270  -22.928  -31.796  30.563 0.0000000000
55168  -22.724  -30.937  31.041 0.0000000000
49595  -24.389  -35.620  34.048 0.0000000000
49610  -24.174  -35.525  33.300 0.0000000000
121637  -24.540  -34.948  33.735 0.0000000000
51470  -24.710  -33.905  34.567 0.0000000000
51469  -24.725  -33.990  33.871 0.0000000000
51479  -24.742  -33.967  33.034 0.0000000000
52388  -24.686  -33.550  33.629 0.0000000000
54229  -24.380  -31.980  34.624 0.0000000000
135562  -24.283  -32.355  33.344 0.0000000000
55154  -23.711  -30.720  32.992 0.0000000000
130567  -23.444  -29.665  33.135 0.0000000000
56130  -23.234  -28.863  32.926 0.0000000000
57103  -23.480  -28.420  33.422 0.0000000000
57081  -24.769  -27.360  34.537 0.0000000000
58065  -25.362  -26.581  33.760 0.0000000000
57036  -26.479  -27.833  36.885 0.0000000000
119085  -25.921  -27.863  36.289 0.0000000000
57046  -26.751  -27.237  36.154 0.0000000000
57083  -27.740  -26.408  34.736 0.0000000000
48630  -14.041  -36.783  32.543 0.0000000000
48629  -13.396  -37.239  32.125 0.0000000000
138628  -18.125  -34.892  37.433 0.0000000000
50538  -18.431  -34.249  34.704 0.0000000000
50529  -17.900  -34.377  35.651 0.0000000000
50546  -16.870  -33.965  33.854 0.0000000000
49592  -20.013  -35.998  32.778 0.0000000000
49525  -11.912  -34.551  38.287 0.0000000000
47653  -13.458  -35.932  37.358 0.0000000000
47631  -13.173  -35.897  37.545 0.0000000000
47652  -12.865  -35.589  36.861 0.0000000000
49558  -11.523  -34.833  34.693 0.0000000000
48584  -12.263  -35.150  35.877 0.0000000000
124714  -10.154  -34.784  34.212 0.0000000000
71928  -38.665  -11.879  19.768 0.0000000000
72705  -39.968  -11.323  20.234 0.0000000000
73487  -41.494  -10.987  20.509 0.0000000000
73486  -40.566  -10.788  20.129 0.0000000000
73508  -40.125  -10.332  18.910 0.0000000000
72708  -44.056  -11.603  20.727 0.0000000000
74258  -43.179  -9.461  19.852 0.0000000000
121849  -42.315  -9.114  19.276 0.0000000000
74278  -41.370  -9.385  18.676 0.0000000000
74279  -41.880  -8.775  18.220 0.0000000000
74280  -42.655  -8.547  18.666 0.0000000000
75111  -43.280  -7.765  17.801 0.0000000000
123735  -42.966  -7.971  16.196 0.0000000000
75913  -43.610  -7.326  17.397 0.0000000000
75914  -44.331  -6.948  17.799 0.0000000000
75910  -45.740  -7.050  19.271 0.0000000000
75911  -46.514  -6.531  19.387 0.0000000000
75901  -46.863  -6.891  20.101 0.0000000000
45559  0.630  -40.197  42.383 0.0000000000
44550  0.953  -41.063  42.218 0.0000000000
58109  -21.857  -27.505  29.998 0.0000000000
57140  -21.473  -28.006  29.113 0.0000000000
58129  -21.913  -27.222  29.101 0.0000000000
67359  -28.099  -17.623  25.065 0.0000000000
67376  -28.765  -16.897  24.725 0.0000000000
68327  -29.203  -16.337  25.293 0.0000000000
68303  -29.102  -16.479  26.242 0.0000000000
61027  -29.170  -24.054  26.216 0.0000000000
61922  -28.632  -23.843  25.614 0.0000000000
61908  -29.053  -23.406  25.995 0.0000000000
64582  -29.918  -21.390  27.739 0.0000000000
63655  -29.576  -21.588  27.070 0.0000000000
140612  -29.611  -21.084  27.494 0.0000000000
64581  -29.174  -20.839  26.983 0.0000000000
66400  -32.305  -19.158  31.580 0.0000000000
66408  -31.911  -19.354  31.139 0.0000000000
66407  -31.523  -19.174  30.715 0.0000000000
67331  -30.963  -17.665  30.031 0.0000000000
66419  -30.983  -18.806  30.147 0.0000000000
124080  -29.733  -19.026  28.260 0.0000000000
66434  -29.781  -18.131  28.314 0.0000000000
66433  -29.190  -18.073  27.695 0.0000000000
69329  -31.242  -15.221  29.478 0.0000000000
68291  -30.540  -15.372  28.026 0.0000000000
126408  -31.575  -14.895  27.470 0.0000000000
69336  -32.046  -14.674  28.953 0.0000000000
70214  -34.294  -14.115  30.316 0.0000000000
70227  -35.108  -13.845  29.661 0.0000000000
70216  -35.935  -13.707  30.957 0.0000000000
46573  -0.375  -38.168  44.163 0.0000000000
46584  0.041  -38.950  43.004 0.0000000000
46603  -0.032  -38.800  42.092 0.0000000000
141566  -0.330  -38.970  40.603 0.0000000000
45584  0.221  -39.775  40.826 0.0000000000
135704  0.177  -40.332  40.048 0.0000000000
43624  1.168  -41.757  43.062 0.0000000000
139330  1.272  -41.935  43.990 0.0000000000
42637  2.004  -43.306  44.164 0.0000000000
43602  1.600  -42.393  44.510 0.0000000000
42621  1.965  -42.854  45.134 0.0000000000
43585  1.858  -42.483  45.916 0.0000000000
41694  2.312  -43.692  45.028 0.0000000000
118666  2.720  -45.320  42.980 0.0000000000
40700  3.862  -45.098  45.287 0.0000000000
122553  3.310  -45.048  44.883 0.0000000000
40701  3.324  -44.502  45.491 0.0000000000
41682  3.275  -43.873  46.058 0.0000000000
41670  3.679  -43.310  46.866 0.0000000000
41681  3.748  -43.838  46.298 0.0000000000
41668  4.739  -44.046  46.120 0.0000000000
42611  5.199  -43.633  46.187 0.0000000000
121112  5.273  -42.918  46.810 0.0000000000
39745  5.951  -46.209  43.855 0.0000000000
44516  1.027  -41.145  45.585 0.0000000000
49637  -24.069  -35.902  31.144 0.0000000000
47687  -14.611  -35.436  35.938 0.0000000000
49559  -16.225  -34.489  36.194 0.0000000000
122909  -21.674  -37.565  32.708 0.0000000000
49634  -21.703  -36.806  30.089 0.0000000000
46667  -16.678  -36.264  39.803 0.0000000000
47615  -16.214  -36.030  39.132 0.0000000000
47634  -15.472  -35.921  38.302 0.0000000000
46690  -15.024  -36.007  38.080 0.0000000000
47656  -15.299  -35.733  37.712 0.0000000000
47674  -15.009  -35.598  36.896 0.0000000000
70304  -36.712  -13.744  20.010 0.0000000000
54281  -22.058  -31.589  28.947 0.0000000000
119668  -25.702  -25.381  24.949 0.0000000000
61921  -27.699  -23.570  24.803 0.0000000000
48530  -5.161  -36.046  38.916 0.0000000000
48517  -4.510  -36.217  40.344 0.0000000000
46636  -3.139  -37.532  38.968 0.0000000000
46651  -3.432  -38.159  38.133 0.0000000000
135419  -24.644  -37.987  35.577 0.0000000000
47691  -24.548  -37.206  35.543 0.0000000000
124892  -25.199  -35.526  37.485 0.0000000000
48533  -19.470  -35.703  40.094 0.0000000000
48548  -21.666  -36.246  38.425 0.0000000000
47619  -23.190  -36.629  38.517 0.0000000000
117567  -23.444  -36.864  37.982 0.0000000000
47639  -23.426  -37.858  37.488 0.0000000000
119652  -23.263  -38.133  36.975 0.0000000000
47675  -22.823  -38.181  35.657 0.0000000000
47661  -23.487  -38.203  36.253 0.0000000000
69338  -34.837  -14.391  28.248 0.0000000000
137281  -34.500  -14.673  27.262 0.0000000000
69348  -35.109  -14.630  27.481 0.0000000000
69349  -35.968  -14.769  27.138 0.0000000000
68295  -36.474  -15.006  26.596 0.0000000000
69354  -39.204  -13.816  26.363 0.0000000000
69362  -38.550  -14.381  25.933 0.0000000000
69375  -38.650  -14.310  25.342 0.0000000000
68357  -38.164  -14.647  24.758 0.0000000000
68371  -38.379  -14.811  24.492 0.0000000000
68370  -38.620  -14.353  23.965 0.0000000000
69392  -38.926  -14.312  24.140 0.0000000000
69403  -39.273  -14.035  23.476 0.0000000000
70285  -39.841  -13.934  22.867 0.0000000000
70297  -40.232  -13.911  22.268 0.0000000000
70286  -40.544  -14.203  22.867 0.0000000000
70278  -41.272  -14.199  23.037 0.0000000000
131877  -41.664  -13.180  23.898 0.0000000000
58092  -24.866  -25.921  32.286 0.0000000000
58112  -25.191  -25.626  31.196 0.0000000000
58133  -28.306  -25.591  30.220 0.0000000000
141770  -28.205  -25.530  29.019 0.0000000000
58161  -28.116  -25.537  28.393 0.0000000000
58182  -28.910  -25.413  27.532 0.0000000000
59146  -29.085  -25.190  26.929 0.0000000000
129067  -29.736  -25.132  27.244 0.0000000000
59148  -30.471  -25.334  27.768 0.0000000000
117663  -31.032  -24.622  28.657 0.0000000000
51427  -11.025  -33.832  39.533 0.0000000000
51437  -9.866  -33.303  37.858 0.0000000000
132229  -8.761  -33.444  37.512 0.0000000000
50526  -7.363  -35.443  35.963 0.0000000000
141435  -5.952  -36.227  37.124 0.0000000000
76765  -45.646  -5.973  17.627 0.0000000000
76771  -46.125  -5.482  17.123 0.0000000000
77607  -46.510  -5.052  16.605 0.0000000000
43542  3.850  -42.278  48.468 0.0000000000
133997  -24.140  -34.349  29.447 0.0000000000
52422  -23.819  -33.500  29.443 0.0000000000
54271  -23.680  -32.319  30.989 0.0000000000
50540  -24.735  -34.636  35.028 0.0000000000
51462  -24.806  -34.121  35.070 0.0000000000
135432  -24.877  -33.774  35.203 0.0000000000
52379  -24.751  -33.399  34.874 0.0000000000
134687  -24.855  -31.723  36.149 0.0000000000
55144  -24.420  -31.259  35.328 0.0000000000
118446  -23.961  -30.992  34.391 0.0000000000
55155  -23.855  -31.135  33.536 0.0000000000
56116  -23.695  -29.749  34.526 0.0000000000
56115  -23.935  -28.493  34.683 0.0000000000
118493  -27.257  -27.066  36.559 0.0000000000
49562  -19.913  -35.301  36.543 0.0000000000
50573  -19.508  -35.285  30.850 0.0000000000
49575  -11.930  -35.155  33.965 0.0000000000
49603  -11.164  -36.840  32.022 0.0000000000
71909  -41.126  -12.481  21.216 0.0000000000
141974  -41.555  -11.801  20.885 0.0000000000
139608  -44.332  -10.942  20.366 0.0000000000
74259  -44.458  -10.118  20.535 0.0000000000
123387  -43.901  -9.364  20.104 0.0000000000
75094  -44.121  -8.644  19.663 0.0000000000
75107  -45.279  -7.857  19.548 0.0000000000
75108  -45.858  -7.708  19.938 0.0000000000
44581  0.829  -41.663  40.291 0.0000000000
59101  -22.454  -26.584  28.719 0.0000000000
58143  -21.888  -27.167  28.220 0.0000000000
59127  -22.297  -26.748  26.711 0.0000000000
65508  -27.632  -19.225  24.599 0.0000000000
62747  -29.976  -22.668  27.480 0.0000000000
62746  -29.691  -22.356  26.975 0.0000000000
63640  -30.189  -21.584  28.068 0.0000000000
64572  -30.198  -21.131  28.333 0.0000000000
141017  -30.352  -20.828  28.758 0.0000000000
67327  -31.949  -17.751  31.130 0.0000000000
67332  -31.460  -17.090  30.546 0.0000000000
67335  -30.480  -16.967  29.293 0.0000000000
68283  -30.964  -16.336  29.842 0.0000000000
69330  -31.894  -14.810  29.829 0.0000000000
69331  -32.836  -14.448  29.548 0.0000000000
70213  -33.256  -14.453  30.472 0.0000000000
47535  -3.337  -36.501  42.854 0.0000000000
47534  -2.753  -36.612  43.061 0.0000000000
47545  -1.095  -37.551  42.909 0.0000000000
46604  -0.682  -38.072  42.367 0.0000000000
45604  -0.278  -39.586  39.992 0.0000000000
43623  1.589  -42.561  43.572 0.0000000000
41718  2.196  -44.055  43.425 0.0000000000
39759  3.832  -46.779  43.527 0.0000000000
39760  3.461  -46.055  43.963 0.0000000000
40688  4.471  -45.009  45.547 0.0000000000
41680  4.320  -44.315  45.998 0.0000000000
40687  5.054  -45.057  45.441 0.0000000000
138940  5.499  -44.952  45.239 0.0000000000
47585  -22.525  -36.403  41.343 0.0000000000
138258  -23.884  -36.285  39.694 0.0000000000
70241  -37.332  -13.835  28.273 0.0000000000
70242  -38.180  -13.631  28.421 0.0000000000
134580  -38.835  -13.650  27.954 0.0000000000
71056  -39.625  -13.474  28.027 0.0000000000
70255  -40.208  -13.404  26.132 0.0000000000
70256  -40.769  -13.270  25.531 0.0000000000
71083  -41.080  -13.222  24.977 0.0000000000
57105  -27.655  -26.033  33.112 0.0000000000
58081  -27.100  -25.861  32.516 0.0000000000
57116  -28.112  -25.918  32.222 0.0000000000
58095  -28.476  -25.815  31.451 0.0000000000
58116  -29.506  -26.043  30.555 0.0000000000
58149  -31.178  -26.012  28.883 0.0000000000
49557  -9.948  -34.352  35.051 0.0000000000
43556  2.019  -42.096  47.314 0.0000000000
50591  -23.958  -35.613  29.778 0.0000000000
51505  -24.442  -34.528  30.424 0.0000000000
121048  -14.371  -35.277  33.935 0.0000000000
49591  -14.721  -35.191  33.296 0.0000000000
50555  -15.157  -34.885  32.720 0.0000000000
133662  -20.534  -36.403  34.139 0.0000000000
49606  -20.060  -36.069  31.789 0.0000000000
131270  -21.417  -36.627  29.200 0.0000000000
137122  -13.758  -36.535  38.754 0.0000000000
46652  -14.058  -36.545  38.595 0.0000000000
47633  -13.821  -36.137  37.989 0.0000000000
117503  -14.071  -35.879  37.048 0.0000000000
47671  -13.592  -35.836  36.742 0.0000000000
48585  -13.344  -35.729  35.521 0.0000000000
68398  -35.520  -14.343  22.060 0.0000000000
73516  -40.495  -10.499  17.345 0.0000000000
73469  -43.710  -11.419  22.728 0.0000000000
72686  -44.142  -12.214  22.014 0.0000000000
73473  -44.661  -11.529  22.390 0.0000000000
135538  -45.892  -9.219  21.323 0.0000000000
59159  -23.464  -26.409  25.589 0.0000000000
64591  -27.864  -20.499  25.338 0.0000000000
64540  -32.209  -20.135  31.449 0.0000000000
124106  -31.875  -20.134  31.033 0.0000000000
65430  -32.547  -19.688  31.855 0.0000000000
67323  -32.869  -17.740  32.307 0.0000000000
67324  -33.485  -17.167  32.807 0.0000000000
68271  -33.906  -15.982  32.707 0.0000000000
69307  -34.567  -14.879  32.233 0.0000000000
49503  -5.434  -34.871  40.798 0.0000000000
48499  -4.015  -36.244  42.679 0.0000000000
47549  -3.919  -36.480  41.746 0.0000000000
47548  -3.311  -36.715  42.085 0.0000000000
38784  5.016  -47.426  43.395 0.0000000000
49609  -23.984  -36.201  32.750 0.0000000000
49580  -24.628  -35.573  34.795 0.0000000000
48606  -24.634  -36.507  35.123 0.0000000000
50530  -25.087  -34.597  35.864 0.0000000000
48563  -25.530  -35.294  38.201 0.0000000000
48573  -16.695  -35.334  38.196 0.0000000000
49546  -17.866  -35.108  38.136 0.0000000000
49547  -18.984  -35.056  37.413 0.0000000000
48589  -20.966  -36.773  35.644 0.0000000000
48562  -21.913  -36.658  37.427 0.0000000000
135124  -21.346  -36.708  36.272 0.0000000000
48604  -21.549  -37.705  34.302 0.0000000000
48605  -22.269  -38.032  33.996 0.0000000000
48619  -22.346  -37.803  33.056 0.0000000000
48634  -23.109  -37.493  32.545 0.0000000000
46655  -17.856  -36.606  40.926 0.0000000000
119174  -31.266  -14.833  25.625 0.0000000000
68349  -31.150  -15.029  24.552 0.0000000000
118496  -32.485  -14.690  25.555 0.0000000000
117417  -32.808  -14.677  24.648 0.0000000000
139657  -34.161  -14.692  26.039 0.0000000000
117416  -33.853  -14.585  24.688 0.0000000000
69341  -37.236  -14.444  27.438 0.0000000000
69351  -37.176  -14.928  26.813 0.0000000000
68310  -36.931  -15.424  26.098 0.0000000000
118476  -37.705  -15.373  25.815 0.0000000000
68334  -37.447  -15.610  25.747 0.0000000000
117346  -36.938  -15.426  25.623 0.0000000000
68368  -36.185  -14.563  24.167 0.0000000000
69400  -36.360  -14.140  22.213 0.0000000000
70294  -37.203  -13.598  21.188 0.0000000000
71121  -37.286  -13.307  20.538 0.0000000000
71134  -37.536  -12.853  19.972 0.0000000000
71917  -38.323  -12.404  20.252 0.0000000000
71908  -40.015  -12.729  21.039 0.0000000000
71112  -40.641  -13.353  21.691 0.0000000000
123207  -42.011  -12.941  21.529 0.0000000000
71910  -42.557  -12.705  21.747 0.0000000000
71897  -43.029  -12.157  22.646 0.0000000000
71084  -41.475  -12.763  25.567 0.0000000000
71087  -41.416  -12.883  24.635 0.0000000000
72683  -42.328  -12.031  23.356 0.0000000000
72684  -42.800  -11.389  23.425 0.0000000000
73464  -43.514  -10.652  23.646 0.0000000000
135036  -23.412  -26.265  31.128 0.0000000000
59102  -23.237  -26.099  29.241 0.0000000000
59129  -23.930  -25.902  27.587 0.0000000000
58113  -26.249  -25.619  31.071 0.0000000000
58131  -26.066  -25.591  30.382 0.0000000000
122802  -25.103  -25.664  29.164 0.0000000000
59142  -24.754  -25.751  27.004 0.0000000000
59143  -25.536  -25.576  26.421 0.0000000000
136085  -26.378  -25.364  25.947 0.0000000000
60112  -27.580  -24.370  25.103 0.0000000000
60114  -28.834  -24.272  25.972 0.0000000000
60101  -29.754  -24.774  27.160 0.0000000000
61028  -29.521  -24.304  26.808 0.0000000000
61910  -29.710  -23.969  27.147 0.0000000000
61886  -30.274  -23.051  27.992 0.0000000000
62728  -30.934  -22.149  29.111 0.0000000000
59119  -31.466  -25.729  29.111 0.0000000000
60076  -31.508  -24.754  29.600 0.0000000000
61000  -31.396  -24.011  29.462 0.0000000000
124084  -31.665  -23.339  30.989 0.0000000000
61865  -31.562  -22.721  30.602 0.0000000000
61873  -31.484  -23.282  29.923 0.0000000000
62722  -31.426  -22.188  30.251 0.0000000000
63615  -31.552  -21.232  30.617 0.0000000000
132264  -32.237  -20.448  31.506 0.0000000000
64535  -32.622  -20.171  31.970 0.0000000000
65421  -33.657  -19.948  32.978 0.0000000000
51451  -8.929  -33.842  36.283 0.0000000000
50509  -7.570  -34.562  37.046 0.0000000000
51424  -7.713  -33.877  38.854 0.0000000000
49533  -5.825  -35.960  37.653 0.0000000000
77608  -47.179  -4.769  17.047 0.0000000000
54282  -22.510  -31.975  29.671 0.0000000000
131296  -22.443  -30.043  31.368 0.0000000000
50559  -24.194  -35.427  32.490 0.0000000000
50576  -24.640  -34.462  32.519 0.0000000000
53321  -24.627  -32.748  34.754 0.0000000000
53339  -24.591  -33.184  34.186 0.0000000000
120127  -24.518  -32.980  33.450 0.0000000000
55161  -23.675  -31.118  32.357 0.0000000000
135664  -22.779  -29.572  32.064 0.0000000000
122149  -22.903  -28.593  32.405 0.0000000000
58078  -23.934  -27.308  33.415 0.0000000000
57104  -26.447  -26.101  33.395 0.0000000000
139141  -25.454  -27.835  35.803 0.0000000000
128040  -27.122  -26.250  34.103 0.0000000000
49578  -16.882  -34.255  35.709 0.0000000000
140004  -16.230  -34.202  34.282 0.0000000000
50545  -15.878  -34.255  33.354 0.0000000000
50556  -15.704  -34.293  32.211 0.0000000000
50547  -18.666  -34.275  33.713 0.0000000000
50557  -18.640  -34.214  32.568 0.0000000000
51468  -17.703  -33.808  33.193 0.0000000000
51476  -16.420  -33.869  31.705 0.0000000000
50494  -11.524  -34.175  38.972 0.0000000000
123575  -11.498  -33.985  37.505 0.0000000000
50511  -11.199  -33.911  36.759 0.0000000000
137029  -13.342  -36.264  38.415 0.0000000000
139218  -12.617  -35.601  37.794 0.0000000000
48559  -12.320  -35.060  37.319 0.0000000000
49544  -11.721  -34.447  36.608 0.0000000000
49543  -10.628  -34.015  35.889 0.0000000000
49573  -9.175  -35.797  33.596 0.0000000000
49587  -10.519  -35.800  32.746 0.0000000000
72725  -39.345  -10.961  18.810 0.0000000000
72718  -39.875  -10.739  19.608 0.0000000000
74277  -40.641  -9.895  18.203 0.0000000000
72695  -43.753  -12.173  21.314 0.0000000000
73477  -43.179  -11.664  20.826 0.0000000000
73488  -42.487  -10.921  20.528 0.0000000000
74257  -42.633  -10.007  20.105 0.0000000000
74294  -41.392  -9.649  16.827 0.0000000000
74295  -42.067  -9.290  16.169 0.0000000000
75104  -42.564  -8.239  17.730 0.0000000000
75113  -42.413  -8.390  16.658 0.0000000000
75918  -43.959  -6.813  16.240 0.0000000000
76769  -44.641  -6.340  17.086 0.0000000000
75915  -45.212  -6.601  18.234 0.0000000000
76762  -47.130  -6.103  19.472 0.0000000000
45539  0.564  -40.290  43.958 0.0000000000
44534  0.801  -40.741  43.124 0.0000000000
43658  1.198  -42.259  40.952 0.0000000000
43657  1.529  -42.875  41.573 0.0000000000
125908  -21.448  -28.624  29.851 0.0000000000
56150  -21.255  -29.055  28.667 0.0000000000
59158  -22.825  -26.927  25.587 0.0000000000
61907  -28.378  -23.102  25.396 0.0000000000
63670  -29.300  -22.092  26.458 0.0000000000
123762  -28.389  -21.203  25.735 0.0000000000
64592  -28.516  -20.370  26.180 0.0000000000
65438  -31.684  -19.792  30.837 0.0000000000
65450  -30.549  -20.313  29.213 0.0000000000
121212  -30.573  -19.315  29.466 0.0000000000
65464  -30.127  -19.705  28.788 0.0000000000
65463  -29.731  -20.037  28.185 0.0000000000
66454  -28.645  -18.646  26.988 0.0000000000
67346  -28.681  -17.443  26.742 0.0000000000
67347  -29.187  -16.756  27.235 0.0000000000
68287  -30.076  -16.387  28.515 0.0000000000
68304  -29.672  -15.768  26.631 0.0000000000
127727  -30.305  -15.238  25.988 0.0000000000
70239  -33.886  -14.365  28.812 0.0000000000
119307  -34.170  -14.526  27.919 0.0000000000
69333  -35.644  -14.058  28.571 0.0000000000
70229  -36.810  -13.567  29.259 0.0000000000
128997  -0.031  -38.947  44.643 0.0000000000
47522  -0.366  -38.238  45.010 0.0000000000
132233  0.253  -39.546  43.677 0.0000000000
45583  0.693  -40.428  41.509 0.0000000000
45560  0.357  -39.572  41.768 0.0000000000
127087  -1.396  -38.178  40.220 0.0000000000
44521  0.842  -40.787  44.733 0.0000000000
140088  1.263  -41.735  45.479 0.0000000000
43586  1.358  -41.826  46.051 0.0000000000
43572  1.802  -42.167  46.691 0.0000000000
120735  2.277  -42.675  46.964 0.0000000000
41717  2.587  -44.740  43.570 0.0000000000
139895  3.254  -45.464  44.340 0.0000000000
41704  2.871  -44.879  44.299 0.0000000000
41683  2.762  -43.844  45.656 0.0000000000
42612  2.649  -43.270  46.435 0.0000000000
42600  2.747  -42.899  47.125 0.0000000000
42599  3.236  -42.975  47.292 0.0000000000
135452  3.688  -42.948  47.419 0.0000000000
42586  4.073  -42.682  47.808 0.0000000000
42585  4.676  -42.770  47.393 0.0000000000
43555  5.204  -42.288  47.546 0.0000000000
140426  5.434  -46.927  43.607 0.0000000000
39746  5.576  -46.431  43.993 0.0000000000
39729  5.717  -45.831  44.418 0.0000000000
40698  5.857  -45.233  44.846 0.0000000000
131497  5.842  -44.527  45.256 0.0000000000
42588  2.841  -42.199  48.180 0.0000000000
42598  4.171  -43.105  47.102 0.0000000000
46662  -13.920  -36.333  38.277 0.0000000000
46663  -14.258  -36.437  38.514 0.0000000000
46689  -14.327  -36.026  37.882 0.0000000000
47613  -12.921  -35.900  38.046 0.0000000000
47614  -13.690  -36.324  38.279 0.0000000000
47657  -15.718  -35.634  37.981 0.0000000000
47660  -22.693  -38.119  36.550 0.0000000000
58150  -31.476  -25.973  29.176 0.0000000000
58183  -29.843  -25.542  27.863 0.0000000000
59118  -31.166  -25.810  28.574 0.0000000000
59131  -30.658  -25.543  27.950 0.0000000000
59132  -31.090  -25.274  28.007 0.0000000000
59133  -31.115  -25.330  28.516 0.0000000000
59140  -22.851  -26.479  26.207 0.0000000000
59147  -30.293  -25.309  27.664 0.0000000000
59164  -29.758  -24.904  27.134 0.0000000000
60065  -31.652  -25.556  29.698 0.0000000000
60075  -31.354  -25.063  29.103 0.0000000000
60091  -30.248  -24.921  27.599 0.0000000000
60100  -29.303  -24.519  26.568 0.0000000000
60102  -29.801  -24.535  27.285 0.0000000000
61881  -31.250  -23.392  29.337 0.0000000000
61895  -29.692  -23.178  27.021 0.0000000000
61897  -30.316  -23.930  28.041 0.0000000000
62733  -30.257  -22.200  27.989 0.0000000000
62734  -30.616  -22.583  28.489 0.0000000000
62761  -29.388  -22.883  26.472 0.0000000000
63608  -31.987  -20.894  31.243 0.0000000000
63614  -31.339  -20.921  30.218 0.0000000000
63669  -28.822  -21.848  25.967 0.0000000000
64550  -31.489  -20.318  30.527 0.0000000000
64571  -29.847  -20.845  27.987 0.0000000000
64601  -27.601  -19.983  24.813 0.0000000000
65471  -28.823  -19.856  27.019 0.0000000000
66395  -33.482  -18.658  32.940 0.0000000000
66399  -31.929  -18.717  31.173 0.0000000000
66418  -30.551  -18.227  29.442 0.0000000000
68280  -32.796  -15.869  31.755 0.0000000000
68296  -37.081  -15.271  26.465 0.0000000000
68308  -35.095  -14.790  26.211 0.0000000000
68311  -38.049  -14.792  25.817 0.0000000000
68330  -31.956  -14.835  24.902 0.0000000000
68333  -35.758  -14.874  25.745 0.0000000000
68336  -38.946  -14.142  24.901 0.0000000000
68354  -36.858  -14.910  25.067 0.0000000000
68356  -37.984  -14.962  24.904 0.0000000000
69337  -33.111  -14.513  28.426 0.0000000000
69353  -38.386  -14.292  26.606 0.0000000000
69377  -40.042  -13.643  24.800 0.0000000000
70277  -40.419  -14.053  23.610 0.0000000000
71101  -42.202  -13.281  22.844 0.0000000000
71902  -42.638  -12.781  22.375 0.0000000000
72679  -42.262  -11.665  24.070 0.0000000000
72687  -44.917  -11.936  21.842 0.0000000000
72697  -45.330  -11.574  21.316 0.0000000000
73499  -41.850  -10.335  20.159 0.0000000000
117412  -33.954  -14.557  23.865 0.0000000000
117414  -36.388  -14.951  25.417 0.0000000000
118185  -31.751  -22.234  31.258 0.0000000000
120236  -46.584  -7.460  20.333 0.0000000000
129502  -37.383  -15.571  26.121 0.0000000000
130522  -24.590  -38.062  36.767 0.0000000000
130587  -36.823  -14.631  27.301 0.0000000000
133786  2.170  -42.805  46.414 0.0000000000
134678  -30.712  -24.169  28.419 0.0000000000
135450  -38.225  -14.619  25.173 0.0000000000
135582  -31.271  -24.463  29.129 0.0000000000
139398  -30.336  -21.352  28.437 0.0000000000
