#!ascii label  , from subject sub-v1s1x0050645_ses-1 vox2ras=TkReg
1129
50314  16.127  -29.867  53.743 0.0000000000
40881  10.363  -39.863  32.650 0.0000000000
37854  10.135  -41.885  47.218 0.0000000000
45655  8.597  -34.639  43.528 0.0000000000
128958  11.587  -28.282  37.655 0.0000000000
42601  12.252  -36.989  53.416 0.0000000000
45604  11.647  -35.172  49.411 0.0000000000
135399  18.916  -32.146  52.748 0.0000000000
41644  15.910  -37.945  51.034 0.0000000000
36821  12.969  -42.758  47.744 0.0000000000
123503  10.011  -27.771  46.951 0.0000000000
49448  9.354  -31.221  40.785 0.0000000000
53183  11.346  -25.569  43.296 0.0000000000
123690  8.821  -43.730  42.111 0.0000000000
39882  10.563  -40.606  40.277 0.0000000000
137643  8.638  -37.840  45.773 0.0000000000
118318  10.152  -30.796  48.157 0.0000000000
42792  11.918  -37.396  38.086 0.0000000000
45723  11.322  -33.524  34.241 0.0000000000
118249  10.200  -30.981  32.640 0.0000000000
55221  9.651  -24.689  35.289 0.0000000000
46502  14.137  -33.679  53.965 0.0000000000
47410  13.477  -33.520  52.766 0.0000000000
49354  17.349  -30.995  54.483 0.0000000000
44600  17.813  -34.768  52.532 0.0000000000
44586  15.576  -34.760  54.709 0.0000000000
42604  14.511  -37.675  53.592 0.0000000000
53174  10.396  -27.234  45.082 0.0000000000
37883  9.563  -42.689  44.572 0.0000000000
39849  9.217  -40.679  43.651 0.0000000000
39817  9.050  -40.098  46.785 0.0000000000
48402  12.357  -32.567  48.946 0.0000000000
46538  11.310  -33.616  48.107 0.0000000000
125240  11.671  -42.442  47.804 0.0000000000
34786  12.106  -45.110  45.347 0.0000000000
35818  10.776  -44.386  45.280 0.0000000000
34813  10.065  -45.505  43.559 0.0000000000
42723  8.994  -37.686  41.843 0.0000000000
40811  11.488  -38.922  39.441 0.0000000000
44709  9.317  -35.858  40.526 0.0000000000
50404  10.999  -29.828  39.396 0.0000000000
47533  11.411  -32.244  37.669 0.0000000000
129089  11.117  -30.898  36.327 0.0000000000
47563  10.325  -32.238  33.421 0.0000000000
50432  10.399  -29.347  35.275 0.0000000000
39779  10.895  -39.942  50.386 0.0000000000
41663  10.010  -38.517  49.474 0.0000000000
44603  11.807  -36.222  51.573 0.0000000000
46531  13.076  -34.322  50.822 0.0000000000
47422  19.999  -32.226  50.359 0.0000000000
45628  19.821  -33.793  47.853 0.0000000000
123667  19.041  -34.490  49.899 0.0000000000
42624  16.900  -37.124  49.254 0.0000000000
39786  14.311  -40.623  49.492 0.0000000000
38812  12.547  -41.063  50.862 0.0000000000
48455  8.967  -31.267  45.135 0.0000000000
46581  8.705  -33.515  41.603 0.0000000000
50387  9.698  -29.988  43.529 0.0000000000
51311  10.283  -28.916  42.161 0.0000000000
52239  11.751  -27.906  40.434 0.0000000000
52153  17.437  -27.274  52.778 0.0000000000
135768  22.957  -29.764  49.165 0.0000000000
48389  24.956  -29.631  51.676 0.0000000000
49370  20.642  -29.424  52.862 0.0000000000
126057  19.119  -27.830  53.651 0.0000000000
34855  8.884  -45.226  39.598 0.0000000000
36940  9.193  -43.159  38.623 0.0000000000
121336  9.340  -41.633  41.407 0.0000000000
40768  8.913  -39.096  42.850 0.0000000000
117410  8.690  -36.450  44.171 0.0000000000
43620  9.731  -36.966  48.377 0.0000000000
124415  9.958  -35.125  46.969 0.0000000000
46553  9.706  -33.018  46.248 0.0000000000
50350  9.788  -29.642  48.220 0.0000000000
127510  10.486  -41.482  37.174 0.0000000000
117065  12.076  -40.375  36.224 0.0000000000
41803  13.685  -38.574  34.163 0.0000000000
136499  10.095  -34.173  39.717 0.0000000000
136999  12.736  -34.872  36.188 0.0000000000
42845  10.898  -36.920  33.443 0.0000000000
44798  10.382  -35.406  32.854 0.0000000000
45787  10.053  -33.898  31.736 0.0000000000
54225  11.329  -24.558  41.989 0.0000000000
54238  11.356  -25.298  39.439 0.0000000000
122397  9.895  -23.813  37.898 0.0000000000
52270  10.644  -26.860  36.234 0.0000000000
140143  9.895  -27.904  34.088 0.0000000000
49356  15.378  -31.348  54.144 0.0000000000
48373  14.801  -31.650  53.381 0.0000000000
120870  15.880  -29.750  52.705 0.0000000000
50305  16.651  -30.180  54.108 0.0000000000
47390  16.721  -32.741  54.842 0.0000000000
48356  15.928  -32.006  54.698 0.0000000000
45574  14.938  -34.027  54.802 0.0000000000
39959  9.740  -40.661  31.444 0.0000000000
40890  9.951  -39.676  32.293 0.0000000000
140034  9.740  -42.270  45.963 0.0000000000
38868  9.449  -41.642  45.960 0.0000000000
122776  9.379  -40.745  47.065 0.0000000000
47452  20.442  -32.329  46.962 0.0000000000
36823  10.983  -41.860  48.131 0.0000000000
35798  11.313  -43.374  46.609 0.0000000000
36840  10.468  -42.616  46.675 0.0000000000
35806  10.415  -43.665  45.565 0.0000000000
44673  8.595  -35.692  42.829 0.0000000000
135929  9.183  -36.956  40.881 0.0000000000
116447  8.567  -35.102  42.125 0.0000000000
50411  11.346  -29.802  38.491 0.0000000000
49464  11.222  -30.263  38.384 0.0000000000
50418  11.360  -29.897  37.584 0.0000000000
49481  10.562  -30.276  35.217 0.0000000000
50426  10.845  -29.293  36.041 0.0000000000
40675  11.428  -38.961  51.570 0.0000000000
41646  10.979  -38.093  51.044 0.0000000000
43602  11.844  -36.776  52.437 0.0000000000
46524  13.210  -34.122  51.902 0.0000000000
48414  13.787  -32.448  48.809 0.0000000000
47408  19.517  -31.981  52.017 0.0000000000
136713  19.572  -33.431  50.375 0.0000000000
115897  18.860  -33.502  51.718 0.0000000000
42607  16.694  -36.656  51.920 0.0000000000
43609  17.364  -36.277  50.417 0.0000000000
42625  16.445  -37.536  49.751 0.0000000000
40687  15.063  -39.209  50.242 0.0000000000
41631  13.188  -37.711  53.742 0.0000000000
40672  13.761  -39.584  52.370 0.0000000000
126424  12.459  -39.326  52.453 0.0000000000
39772  11.719  -40.243  51.195 0.0000000000
50368  9.578  -30.042  46.009 0.0000000000
49433  9.103  -30.571  44.736 0.0000000000
50383  9.849  -29.238  44.755 0.0000000000
53184  11.058  -26.485  44.093 0.0000000000
124494  10.276  -28.500  43.490 0.0000000000
52229  11.113  -27.643  42.599 0.0000000000
52233  11.471  -27.726  41.629 0.0000000000
52228  11.689  -26.886  42.188 0.0000000000
49381  21.101  -29.573  52.088 0.0000000000
35873  8.787  -44.544  41.053 0.0000000000
132054  8.893  -43.230  40.211 0.0000000000
36895  8.676  -43.277  41.470 0.0000000000
40748  8.591  -39.259  44.649 0.0000000000
40758  9.110  -39.823  43.434 0.0000000000
41697  8.581  -38.413  43.997 0.0000000000
42693  8.610  -37.772  43.634 0.0000000000
123298  8.635  -37.106  44.675 0.0000000000
43610  10.665  -36.643  49.800 0.0000000000
42627  9.650  -37.773  48.651 0.0000000000
137955  10.836  -35.610  48.817 0.0000000000
47436  11.000  -32.370  47.912 0.0000000000
45621  10.812  -34.583  47.852 0.0000000000
47444  10.529  -32.999  47.197 0.0000000000
116778  9.772  -33.768  46.269 0.0000000000
47453  10.070  -32.527  46.761 0.0000000000
49415  9.708  -30.827  46.989 0.0000000000
49408  9.943  -30.294  48.261 0.0000000000
44639  18.867  -34.938  47.733 0.0000000000
126535  18.879  -34.774  45.934 0.0000000000
36826  13.880  -42.894  46.824 0.0000000000
36850  14.210  -43.339  45.087 0.0000000000
35816  13.757  -43.893  45.669 0.0000000000
34801  11.647  -45.608  44.649 0.0000000000
34800  12.291  -45.569  44.542 0.0000000000
35853  9.124  -44.313  42.689 0.0000000000
119730  9.076  -45.247  41.492 0.0000000000
38928  9.953  -41.395  39.851 0.0000000000
37965  9.548  -42.413  38.299 0.0000000000
39892  10.425  -40.948  39.499 0.0000000000
41771  11.876  -38.337  38.436 0.0000000000
39910  11.680  -39.652  37.600 0.0000000000
40833  12.734  -38.620  37.025 0.0000000000
40844  13.608  -39.197  35.487 0.0000000000
42808  12.980  -37.718  36.707 0.0000000000
116944  8.893  -32.003  40.932 0.0000000000
46592  8.963  -33.680  40.812 0.0000000000
47517  9.345  -32.753  40.431 0.0000000000
46626  11.890  -32.893  36.371 0.0000000000
45713  12.048  -33.597  37.011 0.0000000000
45722  12.205  -33.794  35.132 0.0000000000
44767  12.770  -35.519  34.761 0.0000000000
44782  12.069  -35.180  33.965 0.0000000000
43860  10.535  -36.563  33.123 0.0000000000
45733  10.968  -34.360  33.517 0.0000000000
123829  10.268  -31.612  33.446 0.0000000000
46654  10.151  -33.284  32.587 0.0000000000
47601  9.959  -32.663  31.676 0.0000000000
56135  10.841  -23.081  41.223 0.0000000000
54233  11.391  -25.034  40.492 0.0000000000
55202  10.887  -24.310  39.719 0.0000000000
56168  9.639  -23.673  36.522 0.0000000000
55214  9.663  -23.979  36.886 0.0000000000
54249  10.764  -25.290  37.315 0.0000000000
54256  10.221  -25.419  36.083 0.0000000000
120499  10.272  -27.083  35.509 0.0000000000
121366  9.731  -26.117  34.849 0.0000000000
44593  13.113  -35.268  53.829 0.0000000000
45583  13.007  -34.633  53.344 0.0000000000
47399  13.902  -33.123  53.341 0.0000000000
119982  18.404  -31.507  53.959 0.0000000000
45581  18.411  -33.493  52.473 0.0000000000
46500  17.691  -33.336  53.936 0.0000000000
44590  16.738  -34.875  53.930 0.0000000000
43599  16.250  -36.211  53.298 0.0000000000
41640  15.224  -38.318  52.272 0.0000000000
43595  15.221  -36.202  54.069 0.0000000000
43592  14.004  -35.885  54.317 0.0000000000
54142  10.030  -26.018  47.846 0.0000000000
52204  10.116  -27.695  46.036 0.0000000000
118272  10.278  -25.961  46.051 0.0000000000
54173  10.513  -25.342  45.372 0.0000000000
124499  10.779  -24.766  44.558 0.0000000000
137321  9.233  -43.152  43.527 0.0000000000
37900  9.015  -42.466  43.078 0.0000000000
38877  9.351  -41.883  44.417 0.0000000000
39828  8.795  -39.899  45.852 0.0000000000
118248  8.568  -39.066  45.868 0.0000000000
46533  11.944  -33.949  49.013 0.0000000000
45613  11.443  -34.522  48.624 0.0000000000
47427  11.734  -32.481  48.504 0.0000000000
48404  11.292  -31.070  48.797 0.0000000000
48405  10.720  -30.511  48.821 0.0000000000
50341  10.376  -28.871  49.912 0.0000000000
35788  12.353  -42.810  47.721 0.0000000000
35795  12.501  -43.970  46.646 0.0000000000
35797  11.706  -43.476  46.817 0.0000000000
34780  11.244  -44.562  45.624 0.0000000000
34788  11.010  -45.056  44.973 0.0000000000
33775  10.534  -45.674  43.757 0.0000000000
34789  10.560  -44.894  44.596 0.0000000000
36861  9.874  -43.980  44.373 0.0000000000
41722  9.900  -38.919  41.598 0.0000000000
40795  10.988  -39.817  40.344 0.0000000000
41736  9.955  -38.231  41.020 0.0000000000
42757  10.184  -37.171  39.843 0.0000000000
42776  10.718  -36.971  39.172 0.0000000000
140188  10.222  -30.359  39.730 0.0000000000
48501  10.405  -31.310  39.436 0.0000000000
48509  11.058  -30.861  38.409 0.0000000000
48519  11.383  -31.514  37.018 0.0000000000
47544  11.214  -31.645  35.932 0.0000000000
46636  10.739  -32.849  34.051 0.0000000000
130244  10.743  -31.201  35.185 0.0000000000
133638  10.360  -30.723  34.554 0.0000000000
117368  10.150  -30.325  33.773 0.0000000000
56174  9.731  -23.824  35.213 0.0000000000
54290  9.478  -25.450  34.052 0.0000000000
56194  9.901  -24.615  33.615 0.0000000000
39787  10.302  -40.460  49.143 0.0000000000
39796  9.818  -40.280  48.435 0.0000000000
121764  10.162  -39.177  49.613 0.0000000000
42613  10.709  -37.295  50.294 0.0000000000
44605  11.694  -35.993  50.683 0.0000000000
45586  12.452  -35.164  52.267 0.0000000000
134423  12.356  -35.188  51.300 0.0000000000
46526  12.151  -34.951  49.987 0.0000000000
47425  13.108  -33.807  49.765 0.0000000000
48411  20.429  -31.484  49.936 0.0000000000
116875  20.235  -32.283  48.691 0.0000000000
46536  19.993  -33.093  49.172 0.0000000000
45595  18.402  -34.727  51.331 0.0000000000
43617  17.863  -35.825  49.780 0.0000000000
43647  17.623  -36.196  48.069 0.0000000000
38846  14.310  -41.648  47.387 0.0000000000
37837  13.669  -41.958  48.566 0.0000000000
40679  14.460  -39.541  51.455 0.0000000000
138349  13.733  -40.665  50.689 0.0000000000
37838  12.713  -42.147  49.112 0.0000000000
37833  11.845  -41.708  49.650 0.0000000000
37834  11.321  -41.490  49.442 0.0000000000
46565  8.660  -33.200  44.005 0.0000000000
46570  8.576  -33.391  43.265 0.0000000000
47485  8.748  -32.061  43.330 0.0000000000
134413  9.087  -31.053  42.684 0.0000000000
50394  9.674  -30.350  42.229 0.0000000000
51298  10.050  -28.648  44.376 0.0000000000
50389  10.044  -29.475  43.265 0.0000000000
49440  9.799  -30.031  41.294 0.0000000000
138462  10.083  -29.713  40.765 0.0000000000
51314  11.293  -28.837  40.062 0.0000000000
51322  11.623  -28.443  39.423 0.0000000000
51235  16.560  -28.738  53.109 0.0000000000
48422  22.340  -30.021  48.473 0.0000000000
47415  26.360  -30.869  51.270 0.0000000000
48380  25.912  -30.235  51.953 0.0000000000
48388  25.633  -30.316  51.133 0.0000000000
49390  23.674  -29.536  50.439 0.0000000000
49391  22.504  -29.737  50.025 0.0000000000
49392  21.518  -30.225  49.973 0.0000000000
48381  20.473  -30.471  51.776 0.0000000000
48371  19.752  -30.786  52.857 0.0000000000
50312  20.162  -29.100  53.469 0.0000000000
49372  19.161  -30.419  53.809 0.0000000000
51218  18.338  -29.120  54.016 0.0000000000
51231  17.686  -28.666  53.822 0.0000000000
37935  9.133  -42.525  40.118 0.0000000000
38916  9.967  -40.929  40.899 0.0000000000
38894  9.166  -41.434  43.083 0.0000000000
122158  9.845  -40.345  42.206 0.0000000000
40781  9.981  -39.667  41.905 0.0000000000
41710  8.883  -38.299  42.411 0.0000000000
43694  8.638  -36.460  43.388 0.0000000000
116448  8.691  -35.179  43.993 0.0000000000
40709  9.537  -39.018  48.474 0.0000000000
138237  9.132  -38.405  47.633 0.0000000000
116502  8.877  -37.481  46.479 0.0000000000
134398  10.833  -35.224  48.434 0.0000000000
44633  10.038  -35.586  47.584 0.0000000000
122911  9.079  -36.689  46.340 0.0000000000
44648  9.289  -35.571  45.963 0.0000000000
45643  9.003  -34.371  45.146 0.0000000000
116445  8.845  -33.732  44.615 0.0000000000
47469  9.081  -31.999  45.429 0.0000000000
49426  9.503  -30.733  46.282 0.0000000000
51270  9.884  -28.681  47.194 0.0000000000
51255  10.155  -28.325  49.780 0.0000000000
52181  9.880  -27.586  48.720 0.0000000000
53144  9.948  -26.782  48.405 0.0000000000
35851  13.894  -44.207  43.163 0.0000000000
34785  12.835  -45.097  44.997 0.0000000000
40824  11.213  -39.883  38.873 0.0000000000
39921  10.902  -40.883  37.144 0.0000000000
40878  12.627  -39.381  33.423 0.0000000000
45677  8.843  -34.564  41.050 0.0000000000
44708  9.807  -35.171  40.047 0.0000000000
44723  11.008  -35.264  38.791 0.0000000000
46611  10.764  -33.744  38.837 0.0000000000
45705  11.696  -34.664  37.796 0.0000000000
43785  11.969  -36.426  37.669 0.0000000000
43803  13.029  -36.198  35.628 0.0000000000
42843  12.555  -37.161  34.054 0.0000000000
135375  10.556  -38.416  33.112 0.0000000000
130774  10.366  -37.919  33.004 0.0000000000
46653  10.327  -33.787  32.751 0.0000000000
44832  10.113  -35.068  32.229 0.0000000000
55146  10.803  -23.982  43.972 0.0000000000
140192  11.020  -23.445  42.876 0.0000000000
54217  11.287  -24.634  42.863 0.0000000000
54232  11.484  -25.197  41.461 0.0000000000
53202  11.723  -25.905  40.021 0.0000000000
129065  11.828  -27.228  38.504 0.0000000000
55203  10.408  -23.952  38.696 0.0000000000
54245  11.148  -25.396  37.958 0.0000000000
52251  11.337  -27.604  37.162 0.0000000000
52271  10.493  -27.792  35.883 0.0000000000
51370  9.994  -28.887  34.373 0.0000000000
50452  10.209  -29.784  33.207 0.0000000000
51400  10.486  -28.763  32.926 0.0000000000
49373  15.624  -30.660  53.889 0.0000000000
49362  15.191  -31.268  53.855 0.0000000000
50323  15.743  -30.160  53.400 0.0000000000
132222  16.137  -30.361  53.990 0.0000000000
133327  16.238  -30.860  54.282 0.0000000000
137193  15.788  -30.934  54.147 0.0000000000
48357  15.506  -32.108  54.555 0.0000000000
39953  10.078  -40.385  32.305 0.0000000000
39957  9.824  -40.513  32.001 0.0000000000
37864  9.902  -42.159  46.465 0.0000000000
38858  9.622  -41.407  46.820 0.0000000000
38847  9.831  -41.082  47.712 0.0000000000
47451  20.952  -31.569  47.338 0.0000000000
47441  20.858  -31.522  48.237 0.0000000000
37847  10.417  -41.612  47.953 0.0000000000
36830  10.741  -42.166  47.431 0.0000000000
122796  10.080  -42.845  45.935 0.0000000000
132788  8.612  -35.228  43.364 0.0000000000
117545  8.673  -35.905  41.837 0.0000000000
45660  8.563  -34.844  42.837 0.0000000000
128134  11.512  -29.071  38.075 0.0000000000
122007  11.439  -29.446  37.667 0.0000000000
50419  11.268  -29.343  36.927 0.0000000000
51342  11.362  -28.648  37.188 0.0000000000
120674  11.892  -38.300  52.461 0.0000000000
41638  11.712  -37.730  52.329 0.0000000000
42605  11.905  -37.163  52.784 0.0000000000
46522  19.343  -32.799  51.442 0.0000000000
46512  18.903  -32.797  52.193 0.0000000000
42612  16.293  -37.290  51.446 0.0000000000
42611  16.874  -36.796  50.993 0.0000000000
42617  16.393  -37.411  50.580 0.0000000000
41653  15.979  -38.040  50.193 0.0000000000
41662  15.550  -38.656  49.791 0.0000000000
41654  15.450  -38.536  50.621 0.0000000000
41632  12.643  -37.399  53.597 0.0000000000
41636  12.719  -38.135  53.314 0.0000000000
40669  12.308  -38.614  52.804 0.0000000000
40674  11.865  -39.021  52.119 0.0000000000
51280  10.014  -28.534  46.249 0.0000000000
50377  9.876  -29.271  45.644 0.0000000000
53193  11.333  -26.719  43.086 0.0000000000
53192  11.520  -26.083  42.554 0.0000000000
129216  8.692  -43.965  41.446 0.0000000000
36882  8.807  -42.880  42.227 0.0000000000
41691  8.535  -38.470  45.486 0.0000000000
133056  8.554  -38.980  44.249 0.0000000000
120501  8.532  -38.544  44.726 0.0000000000
42680  8.593  -37.781  44.345 0.0000000000
42666  8.588  -37.796  45.088 0.0000000000
44615  10.823  -35.986  49.303 0.0000000000
48417  10.584  -31.077  48.235 0.0000000000
47443  10.709  -32.459  47.514 0.0000000000
48427  10.460  -31.537  47.771 0.0000000000
48428  10.292  -31.982  47.276 0.0000000000
48437  9.964  -31.019  47.638 0.0000000000
36820  13.486  -42.742  47.388 0.0000000000
36827  13.246  -43.210  47.057 0.0000000000
33773  11.368  -45.925  44.073 0.0000000000
135095  9.272  -45.163  42.368 0.0000000000
35864  8.911  -44.498  41.867 0.0000000000
39901  10.150  -41.360  39.111 0.0000000000
42791  12.398  -38.078  37.625 0.0000000000
41781  13.226  -38.381  36.413 0.0000000000
42809  12.391  -37.123  37.240 0.0000000000
139385  9.066  -32.342  40.634 0.0000000000
48502  9.556  -31.824  40.253 0.0000000000
46635  11.787  -33.061  35.348 0.0000000000
46625  12.191  -33.468  36.072 0.0000000000
44769  11.786  -34.375  34.067 0.0000000000
44783  11.038  -35.114  33.425 0.0000000000
48562  10.222  -30.946  33.376 0.0000000000
48572  10.166  -31.804  32.872 0.0000000000
48585  10.009  -32.023  32.129 0.0000000000
56136  10.590  -22.903  40.395 0.0000000000
55194  10.768  -23.662  40.517 0.0000000000
55217  9.735  -24.230  36.135 0.0000000000
126510  10.019  -24.633  36.503 0.0000000000
130340  9.909  -24.870  35.862 0.0000000000
54265  9.875  -25.613  35.381 0.0000000000
54277  9.575  -25.434  34.716 0.0000000000
46499  13.849  -34.286  54.013 0.0000000000
45579  13.280  -34.693  53.755 0.0000000000
47396  13.964  -33.429  53.682 0.0000000000
48383  14.899  -31.387  52.515 0.0000000000
47388  17.842  -31.786  54.332 0.0000000000
121942  17.726  -32.589  54.203 0.0000000000
118972  17.338  -31.764  54.651 0.0000000000
46495  16.290  -33.082  54.983 0.0000000000
46494  16.608  -33.469  54.759 0.0000000000
44585  16.249  -34.320  54.638 0.0000000000
44597  16.427  -35.592  53.691 0.0000000000
44591  16.025  -35.177  54.270 0.0000000000
43600  15.566  -36.627  53.664 0.0000000000
44592  15.239  -35.440  54.430 0.0000000000
116020  14.657  -33.866  54.576 0.0000000000
121413  14.536  -34.617  54.617 0.0000000000
45575  14.240  -34.422  54.402 0.0000000000
43593  13.577  -35.746  54.143 0.0000000000
52195  10.160  -26.714  46.751 0.0000000000
119117  10.352  -24.991  46.193 0.0000000000
55134  10.580  -24.281  45.389 0.0000000000
127710  9.580  -43.301  44.164 0.0000000000
37892  9.337  -42.561  43.895 0.0000000000
39816  9.171  -40.788  46.338 0.0000000000
39827  9.090  -40.785  45.433 0.0000000000
40729  8.763  -39.306  46.535 0.0000000000
47426  12.168  -33.164  48.959 0.0000000000
46537  11.641  -33.680  48.479 0.0000000000
49396  11.043  -30.026  49.397 0.0000000000
127223  11.098  -29.383  50.009 0.0000000000
118103  10.729  -29.241  49.867 0.0000000000
36822  11.987  -42.513  47.961 0.0000000000
35796  12.138  -43.462  47.026 0.0000000000
35789  11.872  -42.934  47.415 0.0000000000
35805  10.988  -43.788  45.968 0.0000000000
35804  11.486  -44.031  46.236 0.0000000000
36851  9.933  -43.339  45.028 0.0000000000
36871  9.458  -44.016  43.580 0.0000000000
41723  9.350  -38.273  41.722 0.0000000000
41737  9.263  -37.546  41.244 0.0000000000
43735  9.012  -36.375  40.918 0.0000000000
42742  9.712  -37.374  40.561 0.0000000000
43752  9.589  -36.604  40.318 0.0000000000
43768  10.236  -36.454  39.622 0.0000000000
131957  10.134  -29.943  40.083 0.0000000000
116831  10.704  -30.578  39.192 0.0000000000
49457  10.903  -30.160  39.200 0.0000000000
49470  11.278  -30.396  37.275 0.0000000000
118301  11.261  -30.955  37.416 0.0000000000
47554  10.858  -32.004  34.805 0.0000000000
49475  10.664  -29.844  35.633 0.0000000000
49482  10.271  -29.870  34.719 0.0000000000
49489  10.141  -30.196  34.129 0.0000000000
134435  9.898  -23.223  35.796 0.0000000000
56182  9.942  -24.111  34.410 0.0000000000
56183  9.709  -24.395  34.387 0.0000000000
38822  10.793  -40.518  49.786 0.0000000000
39780  10.435  -39.860  49.707 0.0000000000
40688  10.627  -39.255  50.216 0.0000000000
123660  11.288  -37.146  51.517 0.0000000000
125374  11.000  -37.545  51.003 0.0000000000
136295  11.083  -37.064  50.945 0.0000000000
43607  11.069  -36.694  50.540 0.0000000000
119566  11.470  -36.371  50.824 0.0000000000
46506  13.092  -34.173  53.255 0.0000000000
45584  12.540  -35.149  52.970 0.0000000000
46513  13.071  -34.093  52.810 0.0000000000
46525  12.703  -34.751  51.115 0.0000000000
46532  12.546  -34.408  49.871 0.0000000000
47433  20.107  -32.258  49.542 0.0000000000
45603  19.217  -34.008  50.483 0.0000000000
45611  19.590  -33.756  49.680 0.0000000000
45582  17.923  -34.086  52.848 0.0000000000
45585  18.319  -34.226  51.996 0.0000000000
135389  18.010  -34.866  51.879 0.0000000000
43608  17.904  -35.627  50.662 0.0000000000
43618  17.344  -36.475  49.517 0.0000000000
43632  17.826  -36.054  48.894 0.0000000000
43633  17.245  -36.635  48.676 0.0000000000
42632  16.715  -37.297  48.361 0.0000000000
41678  16.068  -38.290  47.583 0.0000000000
39785  14.883  -40.096  49.055 0.0000000000
39795  14.549  -40.799  48.656 0.0000000000
38836  14.191  -41.459  48.249 0.0000000000
38827  13.993  -41.389  49.087 0.0000000000
41633  14.968  -38.132  53.043 0.0000000000
40670  14.953  -39.032  51.914 0.0000000000
41641  14.669  -38.774  52.577 0.0000000000
39763  13.400  -40.136  51.950 0.0000000000
126926  13.577  -40.425  51.268 0.0000000000
38811  13.179  -41.042  50.650 0.0000000000
37831  13.015  -41.678  49.910 0.0000000000
38819  12.670  -41.462  50.329 0.0000000000
37832  12.429  -41.826  49.781 0.0000000000
38820  12.167  -41.450  50.304 0.0000000000
39773  11.235  -39.979  50.976 0.0000000000
38821  11.594  -41.228  50.092 0.0000000000
133277  11.136  -41.038  49.819 0.0000000000
38829  10.792  -41.142  49.165 0.0000000000
116508  8.831  -31.881  44.651 0.0000000000
47477  8.698  -32.413  44.045 0.0000000000
139615  8.882  -31.182  44.467 0.0000000000
50384  9.519  -29.909  44.301 0.0000000000
49435  9.135  -30.682  43.852 0.0000000000
49437  9.414  -30.593  42.937 0.0000000000
117283  9.206  -30.938  42.226 0.0000000000
50390  9.893  -30.044  42.887 0.0000000000
134969  10.188  -27.707  45.366 0.0000000000
52214  10.114  -27.947  44.716 0.0000000000
51307  10.147  -28.982  42.993 0.0000000000
50393  10.028  -29.631  42.359 0.0000000000
124343  10.204  -29.440  41.377 0.0000000000
51310  10.975  -28.771  41.205 0.0000000000
133159  17.360  -27.813  53.129 0.0000000000
52154  16.998  -27.948  52.695 0.0000000000
52158  17.150  -27.189  52.099 0.0000000000
48421  23.373  -29.740  48.475 0.0000000000
116467  23.020  -29.781  47.716 0.0000000000
49378  25.095  -29.505  52.491 0.0000000000
49366  25.722  -29.642  52.959 0.0000000000
48370  25.675  -29.769  52.606 0.0000000000
121337  24.732  -29.740  50.809 0.0000000000
49386  22.687  -29.480  50.921 0.0000000000
49387  21.554  -29.986  50.729 0.0000000000
49382  20.211  -30.218  52.496 0.0000000000
48382  19.902  -31.048  52.247 0.0000000000
51228  20.457  -28.192  53.467 0.0000000000
128536  19.595  -28.687  53.550 0.0000000000
49359  19.485  -29.656  53.659 0.0000000000
50313  19.093  -29.378  53.843 0.0000000000
49360  18.875  -30.117  54.065 0.0000000000
51229  18.961  -28.778  53.771 0.0000000000
52149  17.784  -27.518  53.256 0.0000000000
52143  18.105  -27.947  53.617 0.0000000000
52144  17.523  -28.182  53.493 0.0000000000
51232  17.155  -28.767  53.675 0.0000000000
34863  8.736  -45.516  38.613 0.0000000000
35884  8.896  -44.419  39.516 0.0000000000
126335  8.773  -42.898  40.809 0.0000000000
37922  9.046  -42.242  40.854 0.0000000000
124013  9.485  -41.796  40.470 0.0000000000
135916  9.241  -41.342  43.861 0.0000000000
39859  9.426  -40.533  42.901 0.0000000000
40767  9.540  -39.731  42.602 0.0000000000
40782  9.258  -39.007  42.141 0.0000000000
123172  8.625  -37.120  43.905 0.0000000000
124661  8.650  -37.175  43.162 0.0000000000
44666  8.664  -35.797  43.688 0.0000000000
44661  8.778  -35.780  44.454 0.0000000000
40697  9.831  -39.081  49.064 0.0000000000
40708  9.433  -39.605  48.057 0.0000000000
41664  9.705  -38.448  48.891 0.0000000000
136731  9.327  -37.741  47.869 0.0000000000
41679  8.910  -38.045  47.125 0.0000000000
42634  9.440  -37.094  47.671 0.0000000000
45614  11.099  -34.511  48.254 0.0000000000
45622  10.384  -34.677  47.331 0.0000000000
43649  9.527  -35.921  46.751 0.0000000000
43660  9.039  -36.216  45.820 0.0000000000
117881  9.629  -35.057  46.323 0.0000000000
45636  9.507  -34.347  45.936 0.0000000000
46560  9.281  -33.531  45.570 0.0000000000
115906  9.296  -32.679  45.699 0.0000000000
49414  9.742  -30.262  47.615 0.0000000000
136708  9.594  -31.289  46.439 0.0000000000
49425  9.636  -30.148  46.847 0.0000000000
50356  9.726  -29.522  47.437 0.0000000000
50346  10.010  -29.002  49.434 0.0000000000
46543  20.046  -33.092  48.288 0.0000000000
46549  20.085  -33.068  47.413 0.0000000000
45634  19.727  -33.689  46.961 0.0000000000
35830  13.911  -44.080  44.822 0.0000000000
36860  14.222  -43.484  44.209 0.0000000000
34778  12.323  -44.580  46.109 0.0000000000
35817  12.751  -44.840  45.693 0.0000000000
38954  9.997  -41.949  37.575 0.0000000000
132797  9.605  -42.654  37.508 0.0000000000
37982  9.927  -42.534  36.911 0.0000000000
38971  10.339  -41.969  36.848 0.0000000000
40812  11.305  -39.374  39.716 0.0000000000
39891  10.961  -40.286  39.619 0.0000000000
116910  12.272  -39.513  36.866 0.0000000000
39920  11.436  -40.185  37.003 0.0000000000
116770  11.423  -40.846  36.515 0.0000000000
39931  12.856  -40.693  35.350 0.0000000000
40866  13.814  -39.272  34.584 0.0000000000
39930  13.528  -40.059  34.990 0.0000000000
135229  13.631  -39.345  33.927 0.0000000000
39949  13.199  -39.773  33.599 0.0000000000
40877  13.185  -38.974  33.670 0.0000000000
116352  8.628  -33.452  42.460 0.0000000000
116442  8.585  -34.289  42.171 0.0000000000
119151  9.400  -34.395  40.456 0.0000000000
45697  10.465  -34.780  39.237 0.0000000000
44724  10.367  -35.641  39.465 0.0000000000
119859  10.760  -31.671  38.876 0.0000000000
47525  10.897  -32.537  38.701 0.0000000000
45712  12.491  -34.274  36.392 0.0000000000
45696  11.374  -33.753  37.946 0.0000000000
135321  12.278  -35.368  37.068 0.0000000000
43804  12.602  -36.188  36.745 0.0000000000
44755  12.855  -35.394  35.913 0.0000000000
44781  12.163  -35.839  34.052 0.0000000000
43840  12.815  -36.313  34.504 0.0000000000
42844  11.449  -37.239  33.700 0.0000000000
41805  11.777  -37.890  33.701 0.0000000000
41806  10.835  -37.731  33.370 0.0000000000
42859  10.545  -37.273  33.155 0.0000000000
116802  10.336  -36.093  32.748 0.0000000000
44813  10.255  -35.841  32.368 0.0000000000
47562  10.469  -32.132  33.969 0.0000000000
45734  10.633  -33.839  33.295 0.0000000000
46644  10.449  -32.946  33.347 0.0000000000
46662  10.011  -33.500  32.223 0.0000000000
121111  10.161  -34.133  32.346 0.0000000000
45773  9.990  -34.254  32.042 0.0000000000
45786  10.227  -34.339  31.495 0.0000000000
127411  10.912  -22.672  42.845 0.0000000000
55173  11.129  -23.977  42.461 0.0000000000
55158  11.029  -23.995  43.251 0.0000000000
54224  11.455  -25.290  42.338 0.0000000000
53205  11.746  -26.404  39.161 0.0000000000
53209  11.502  -26.400  38.182 0.0000000000
56152  9.683  -23.267  37.754 0.0000000000
56151  9.935  -23.186  38.464 0.0000000000
53216  10.826  -26.115  36.781 0.0000000000
53210  11.204  -26.436  37.371 0.0000000000
127938  11.016  -26.957  36.797 0.0000000000
52261  10.991  -27.757  36.583 0.0000000000
52278  9.953  -27.645  34.706 0.0000000000
133721  10.127  -27.786  35.183 0.0000000000
123552  9.943  -28.119  34.398 0.0000000000
50446  10.058  -29.428  33.873 0.0000000000
51382  9.984  -28.553  34.001 0.0000000000
54291  9.529  -26.184  33.771 0.0000000000
121328  14.835  -32.610  54.172 0.0000000000
48366  14.413  -32.779  53.785 0.0000000000
48365  14.887  -31.969  53.941 0.0000000000
49374  15.217  -30.872  53.395 0.0000000000
50330  15.641  -30.216  51.855 0.0000000000
50304  17.109  -30.042  54.172 0.0000000000
48359  17.200  -31.540  54.680 0.0000000000
48360  16.847  -31.517  54.692 0.0000000000
48355  16.403  -32.036  54.823 0.0000000000
46493  15.752  -32.864  54.933 0.0000000000
45573  15.549  -34.168  54.917 0.0000000000
47387  15.586  -32.523  54.745 0.0000000000
47391  15.173  -32.592  54.525 0.0000000000
125690  9.874  -39.300  31.884 0.0000000000
41829  9.962  -38.784  32.290 0.0000000000
37874  9.638  -42.325  45.317 0.0000000000
128429  11.278  -42.347  47.637 0.0000000000
35790  11.525  -42.867  47.179 0.0000000000
36829  11.087  -42.730  46.965 0.0000000000
36839  10.915  -43.148  46.452 0.0000000000
123593  10.569  -43.225  46.116 0.0000000000
43705  8.647  -36.567  42.545 0.0000000000
43719  8.839  -36.838  41.585 0.0000000000
138082  8.794  -36.213  41.330 0.0000000000
44695  8.833  -35.792  41.077 0.0000000000
49474  10.934  -30.312  36.070 0.0000000000
50425  11.128  -29.874  36.610 0.0000000000
40680  11.081  -39.301  50.986 0.0000000000
115785  11.186  -38.524  51.318 0.0000000000
42610  11.281  -37.779  51.639 0.0000000000
43604  11.619  -36.711  51.901 0.0000000000
122456  13.601  -33.401  52.092 0.0000000000
47418  13.575  -33.771  51.108 0.0000000000
47424  13.743  -33.263  50.338 0.0000000000
47434  14.077  -32.766  49.627 0.0000000000
47416  19.847  -32.157  51.150 0.0000000000
46530  19.702  -32.889  50.719 0.0000000000
46523  19.279  -33.471  50.993 0.0000000000
45594  18.859  -34.140  51.215 0.0000000000
118756  17.371  -35.227  52.801 0.0000000000
44601  17.559  -35.336  52.123 0.0000000000
43605  17.321  -35.987  51.450 0.0000000000
42616  16.974  -37.007  50.101 0.0000000000
40695  15.168  -39.344  49.414 0.0000000000
39777  14.700  -39.910  49.871 0.0000000000
41630  13.830  -37.836  53.746 0.0000000000
40666  14.124  -39.117  52.715 0.0000000000
41635  13.388  -38.376  53.369 0.0000000000
40673  13.064  -39.630  52.475 0.0000000000
130971  12.716  -40.162  52.001 0.0000000000
39771  12.315  -40.520  51.425 0.0000000000
39764  12.086  -39.920  52.005 0.0000000000
39765  11.575  -39.578  51.464 0.0000000000
49431  9.238  -30.656  45.535 0.0000000000
50378  9.516  -29.937  45.147 0.0000000000
117973  10.656  -26.688  44.773 0.0000000000
52213  10.457  -27.419  44.391 0.0000000000
52223  10.658  -27.681  43.562 0.0000000000
52230  10.459  -28.412  42.843 0.0000000000
52234  10.739  -28.334  42.101 0.0000000000
52232  11.955  -26.926  41.216 0.0000000000
48409  24.266  -29.865  49.104 0.0000000000
49368  24.320  -29.125  53.006 0.0000000000
116004  21.920  -29.518  51.496 0.0000000000
50327  21.582  -28.981  52.685 0.0000000000
50321  21.354  -28.660  53.135 0.0000000000
52142  18.850  -27.713  53.553 0.0000000000
35874  8.859  -44.506  40.223 0.0000000000
36913  8.888  -43.828  39.876 0.0000000000
36912  8.691  -43.753  40.723 0.0000000000
125808  8.858  -42.463  41.500 0.0000000000
119308  9.006  -40.188  44.118 0.0000000000
39850  8.766  -39.564  44.164 0.0000000000
40759  8.672  -39.086  43.648 0.0000000000
41703  8.643  -38.437  43.252 0.0000000000
118122  8.789  -36.399  44.976 0.0000000000
42618  10.237  -37.226  49.552 0.0000000000
42626  9.925  -37.846  49.272 0.0000000000
122784  9.898  -37.242  49.036 0.0000000000
43619  10.181  -36.524  49.065 0.0000000000
44624  10.522  -35.812  48.687 0.0000000000
46544  10.967  -33.535  47.695 0.0000000000
46545  10.666  -33.907  47.339 0.0000000000
45630  9.976  -34.415  46.630 0.0000000000
130474  10.229  -33.612  46.813 0.0000000000
47462  9.568  -32.052  46.193 0.0000000000
48438  9.896  -31.582  46.894 0.0000000000
45629  19.312  -34.310  47.347 0.0000000000
45635  19.306  -34.232  46.450 0.0000000000
44646  18.874  -34.866  46.818 0.0000000000
37863  14.303  -42.380  46.204 0.0000000000
36837  14.037  -43.135  45.951 0.0000000000
35843  9.567  -45.003  43.233 0.0000000000
136663  9.733  -45.770  42.810 0.0000000000
34844  8.985  -45.262  40.595 0.0000000000
37949  9.361  -42.513  39.225 0.0000000000
124295  9.811  -41.923  39.113 0.0000000000
38942  10.053  -41.595  38.435 0.0000000000
41760  11.455  -38.443  39.163 0.0000000000
40823  11.662  -39.108  38.886 0.0000000000
122065  12.103  -38.989  37.878 0.0000000000
39919  12.933  -39.820  35.895 0.0000000000
40845  13.164  -39.062  36.356 0.0000000000
41780  13.543  -38.569  35.863 0.0000000000
42807  13.516  -37.881  35.840 0.0000000000
47498  8.756  -32.529  41.833 0.0000000000
47507  8.846  -32.812  40.985 0.0000000000
46602  9.713  -33.456  40.106 0.0000000000
46618  11.685  -32.906  37.304 0.0000000000
44768  12.669  -34.663  35.104 0.0000000000
43842  11.133  -36.009  33.524 0.0000000000
43843  10.479  -35.739  33.045 0.0000000000
44784  10.480  -34.929  33.032 0.0000000000
46645  10.278  -32.939  32.970 0.0000000000
47571  10.200  -32.450  32.966 0.0000000000
47590  9.910  -32.906  32.071 0.0000000000
137662  10.009  -33.193  31.533 0.0000000000
57099  10.867  -22.454  41.862 0.0000000000
55188  11.036  -23.939  41.490 0.0000000000
136624  11.262  -24.578  41.240 0.0000000000
131003  11.056  -24.299  40.702 0.0000000000
56160  9.635  -23.459  37.212 0.0000000000
55210  9.693  -23.741  37.414 0.0000000000
55209  10.077  -24.401  37.255 0.0000000000
54250  10.468  -25.262  36.714 0.0000000000
53217  10.554  -25.973  36.308 0.0000000000
53226  10.293  -26.251  35.766 0.0000000000
53236  9.996  -26.531  35.173 0.0000000000
53247  9.804  -26.862  34.642 0.0000000000
122427  12.474  -36.277  53.546 0.0000000000
44594  12.702  -35.689  53.607 0.0000000000
47400  13.444  -33.726  53.306 0.0000000000
48374  14.365  -32.407  53.382 0.0000000000
128834  13.942  -32.908  52.695 0.0000000000
47393  18.803  -31.621  53.425 0.0000000000
46504  18.426  -32.824  52.890 0.0000000000
46505  18.055  -32.770  53.584 0.0000000000
121500  18.001  -33.421  53.213 0.0000000000
45577  17.673  -33.920  53.538 0.0000000000
46501  17.223  -33.076  54.491 0.0000000000
45578  17.157  -33.988  54.169 0.0000000000
44595  17.416  -34.632  53.320 0.0000000000
137454  16.939  -35.928  52.628 0.0000000000
43603  16.391  -36.602  52.641 0.0000000000
42608  16.132  -37.187  52.290 0.0000000000
41639  15.769  -37.817  51.865 0.0000000000
42602  15.964  -37.038  53.090 0.0000000000
42603  15.228  -37.338  53.363 0.0000000000
42597  14.798  -36.915  54.004 0.0000000000
116052  15.020  -34.718  54.783 0.0000000000
43596  14.599  -36.049  54.269 0.0000000000
42598  14.173  -37.300  53.955 0.0000000000
42599  13.610  -37.222  53.979 0.0000000000
123720  13.063  -37.139  53.891 0.0000000000
53166  10.297  -26.956  45.787 0.0000000000
53165  10.500  -26.337  45.338 0.0000000000
54188  10.839  -25.831  44.773 0.0000000000
133140  11.084  -25.430  44.129 0.0000000000
121153  8.988  -43.428  42.890 0.0000000000
38886  9.205  -41.925  43.660 0.0000000000
129453  9.342  -41.498  45.124 0.0000000000
39838  9.178  -40.892  44.491 0.0000000000
39839  8.837  -39.972  44.845 0.0000000000
136066  8.560  -39.207  45.229 0.0000000000
45605  11.163  -35.297  48.904 0.0000000000
137118  11.757  -34.530  49.017 0.0000000000
47435  11.420  -32.757  48.187 0.0000000000
48403  11.722  -31.350  48.939 0.0000000000
48416  11.184  -31.646  48.337 0.0000000000
49403  10.206  -30.274  48.652 0.0000000000
134972  10.355  -29.582  49.332 0.0000000000
36812  12.662  -42.462  48.363 0.0000000000
137710  13.018  -43.774  46.754 0.0000000000
36828  12.681  -43.349  47.122 0.0000000000
35803  11.929  -44.080  46.485 0.0000000000
34779  11.696  -44.647  45.900 0.0000000000
34787  11.447  -45.087  45.166 0.0000000000
33766  11.231  -45.546  44.554 0.0000000000
33774  10.976  -45.809  43.987 0.0000000000
33767  10.820  -45.412  44.320 0.0000000000
34802  10.396  -45.299  44.058 0.0000000000
35832  10.026  -44.783  44.071 0.0000000000
35819  10.282  -44.209  44.853 0.0000000000
40796  10.597  -39.778  41.188 0.0000000000
136908  10.339  -38.902  41.159 0.0000000000
41735  10.850  -38.930  40.593 0.0000000000
41748  11.171  -38.581  39.837 0.0000000000
41749  10.386  -37.951  40.194 0.0000000000
42756  10.881  -37.745  39.534 0.0000000000
42775  11.369  -37.583  38.836 0.0000000000
43786  11.341  -36.721  38.490 0.0000000000
49447  9.734  -30.511  40.542 0.0000000000
48488  9.944  -30.919  39.936 0.0000000000
47534  11.198  -31.556  38.036 0.0000000000
47543  11.594  -32.210  36.679 0.0000000000
47553  11.444  -32.372  35.638 0.0000000000
117140  11.224  -32.707  34.768 0.0000000000
139166  10.724  -30.662  35.420 0.0000000000
48551  10.481  -31.470  34.433 0.0000000000
48552  10.322  -31.471  33.939 0.0000000000
116118  10.226  -30.830  33.883 0.0000000000
49501  10.198  -30.343  33.289 0.0000000000
57152  9.710  -23.393  36.118 0.0000000000
137935  9.598  -24.281  34.984 0.0000000000
55229  9.546  -24.796  34.499 0.0000000000
55256  10.269  -24.596  33.165 0.0000000000
39952  10.572  -40.831  32.492 0.0000000000
38837  10.263  -41.048  48.525 0.0000000000
40696  10.026  -39.740  49.115 0.0000000000
40681  10.823  -38.620  50.679 0.0000000000
41655  10.388  -38.572  50.043 0.0000000000
122188  10.284  -37.905  49.851 0.0000000000
44606  11.159  -36.206  50.152 0.0000000000
44614  11.401  -35.726  49.790 0.0000000000
44598  12.354  -35.807  53.108 0.0000000000
44602  12.220  -35.701  52.342 0.0000000000
46514  12.772  -34.692  52.153 0.0000000000
45587  12.113  -35.674  51.457 0.0000000000
45596  11.936  -35.533  50.434 0.0000000000
121765  13.267  -33.033  49.409 0.0000000000
47432  20.615  -31.498  49.105 0.0000000000
47442  20.385  -32.313  47.827 0.0000000000
136376  19.928  -33.023  50.011 0.0000000000
45619  19.765  -33.799  48.716 0.0000000000
45620  19.328  -34.367  48.234 0.0000000000
134848  17.907  -35.882  47.483 0.0000000000
44612  18.771  -34.644  50.663 0.0000000000
44604  17.936  -35.282  51.381 0.0000000000
120717  18.315  -35.098  50.831 0.0000000000
44613  18.437  -35.139  50.054 0.0000000000
44623  18.341  -35.401  49.143 0.0000000000
43648  17.327  -36.366  47.229 0.0000000000
41671  16.424  -37.742  47.784 0.0000000000
38845  14.888  -41.043  46.954 0.0000000000
127700  14.167  -42.202  46.878 0.0000000000
37853  13.842  -42.339  47.396 0.0000000000
37845  13.454  -42.350  47.933 0.0000000000
41645  15.362  -38.436  51.456 0.0000000000
40678  14.953  -39.062  51.062 0.0000000000
39768  14.546  -39.713  50.678 0.0000000000
39762  14.015  -39.995  51.819 0.0000000000
39769  14.092  -40.164  51.081 0.0000000000
39778  14.142  -40.373  50.306 0.0000000000
38818  13.660  -41.147  49.953 0.0000000000
38828  13.361  -41.843  49.254 0.0000000000
37846  13.105  -42.291  48.547 0.0000000000
36813  12.275  -42.371  48.470 0.0000000000
36814  11.848  -42.188  48.429 0.0000000000
38813  11.925  -40.892  50.764 0.0000000000
37840  11.586  -41.852  48.968 0.0000000000
36815  11.434  -42.030  48.305 0.0000000000
37841  11.108  -41.704  48.810 0.0000000000
37842  10.714  -41.487  48.531 0.0000000000
116444  8.601  -33.945  43.775 0.0000000000
116443  8.530  -34.109  43.007 0.0000000000
116441  8.638  -32.780  43.499 0.0000000000
116440  8.695  -32.666  42.817 0.0000000000
48461  8.798  -31.571  43.922 0.0000000000
48466  8.968  -31.239  43.187 0.0000000000
48472  8.877  -31.684  42.514 0.0000000000
48479  8.968  -31.479  41.600 0.0000000000
49441  9.433  -30.739  41.470 0.0000000000
51289  10.030  -28.427  45.256 0.0000000000
50386  9.963  -29.352  43.983 0.0000000000
52224  10.140  -28.183  44.039 0.0000000000
51304  10.152  -28.872  43.713 0.0000000000
51315  10.693  -29.479  40.289 0.0000000000
51323  11.448  -29.261  39.136 0.0000000000
51333  11.766  -28.286  38.473 0.0000000000
51241  16.196  -29.080  52.735 0.0000000000
52159  16.774  -27.912  51.832 0.0000000000
119330  21.395  -30.769  48.719 0.0000000000
47407  26.429  -30.734  51.664 0.0000000000
48397  24.551  -29.885  50.011 0.0000000000
133718  23.589  -29.665  49.727 0.0000000000
49385  23.834  -29.371  51.285 0.0000000000
49398  21.888  -30.124  49.289 0.0000000000
48410  21.096  -30.815  49.551 0.0000000000
133261  21.133  -30.026  51.413 0.0000000000
48390  20.689  -30.668  51.063 0.0000000000
48391  20.092  -31.311  51.494 0.0000000000
47409  19.390  -31.423  52.776 0.0000000000
50311  21.091  -28.326  53.432 0.0000000000
50322  20.323  -29.128  53.325 0.0000000000
49371  19.810  -30.077  53.226 0.0000000000
48372  19.300  -30.906  53.344 0.0000000000
48363  18.832  -31.026  53.880 0.0000000000
49361  18.366  -30.551  54.255 0.0000000000
49353  17.940  -30.436  54.357 0.0000000000
51230  18.424  -28.515  53.795 0.0000000000
51219  17.844  -29.177  54.050 0.0000000000
135485  17.523  -29.690  54.144 0.0000000000
51220  17.103  -29.388  53.948 0.0000000000
121179  16.585  -29.126  53.653 0.0000000000
36926  9.078  -43.164  39.516 0.0000000000
137923  9.533  -42.023  39.746 0.0000000000
134583  9.013  -41.985  42.252 0.0000000000
135008  9.457  -41.174  42.252 0.0000000000
38904  9.767  -40.899  41.673 0.0000000000
39870  10.166  -40.319  41.615 0.0000000000
129309  8.666  -37.815  42.983 0.0000000000
42705  8.748  -37.400  42.413 0.0000000000
39805  9.398  -40.238  47.584 0.0000000000
39806  9.108  -39.507  47.321 0.0000000000
41673  9.412  -38.399  48.244 0.0000000000
40720  9.213  -38.965  47.816 0.0000000000
133017  8.909  -38.784  47.129 0.0000000000
41685  8.667  -38.425  46.326 0.0000000000
43634  10.046  -36.066  48.329 0.0000000000
44632  10.471  -35.355  48.066 0.0000000000
43635  9.687  -36.393  47.681 0.0000000000
42643  9.309  -36.841  47.036 0.0000000000
42655  8.759  -37.076  45.583 0.0000000000
44655  8.949  -35.685  45.268 0.0000000000
117544  9.178  -35.014  45.593 0.0000000000
116919  8.836  -35.093  44.790 0.0000000000
45650  8.726  -34.502  44.281 0.0000000000
127412  8.948  -32.790  44.867 0.0000000000
48448  9.231  -31.333  45.854 0.0000000000
50367  9.812  -29.388  46.569 0.0000000000
122057  9.963  -29.661  48.875 0.0000000000
124378  9.836  -29.019  48.794 0.0000000000
51259  9.881  -28.341  49.198 0.0000000000
51264  9.812  -28.361  48.549 0.0000000000
52187  9.895  -27.954  47.899 0.0000000000
127292  9.979  -27.087  47.670 0.0000000000
46552  20.095  -33.042  46.554 0.0000000000
131086  19.753  -33.548  45.400 0.0000000000
121602  13.067  -44.270  46.174 0.0000000000
121966  13.322  -44.523  45.340 0.0000000000
35831  13.451  -44.696  44.509 0.0000000000
35842  13.530  -44.808  43.666 0.0000000000
125564  9.271  -43.187  37.756 0.0000000000
38941  10.585  -40.791  38.736 0.0000000000
38953  10.420  -41.114  37.815 0.0000000000
40834  11.566  -39.509  38.283 0.0000000000
39911  10.988  -40.222  37.878 0.0000000000
38970  10.974  -41.558  36.445 0.0000000000
38987  11.529  -42.182  35.608 0.0000000000
40879  11.772  -39.368  33.263 0.0000000000
118247  8.713  -35.205  41.395 0.0000000000
45686  9.098  -35.179  40.739 0.0000000000
123497  9.860  -35.969  39.994 0.0000000000
43767  10.877  -36.157  39.008 0.0000000000
47516  10.163  -32.382  39.633 0.0000000000
46601  10.361  -33.272  39.444 0.0000000000
135873  11.036  -34.479  38.572 0.0000000000
44741  11.522  -35.777  38.182 0.0000000000
124104  12.857  -36.831  36.499 0.0000000000
42827  13.281  -37.074  35.848 0.0000000000
42826  13.583  -37.373  35.122 0.0000000000
43821  13.209  -37.000  34.647 0.0000000000
42842  13.481  -37.686  34.434 0.0000000000
41804  12.976  -38.083  33.832 0.0000000000
41819  11.185  -38.531  33.367 0.0000000000
40880  10.786  -39.210  33.033 0.0000000000
41820  10.219  -38.842  32.747 0.0000000000
129597  10.132  -38.059  32.623 0.0000000000
138041  10.395  -34.413  32.861 0.0000000000
44799  10.225  -34.770  32.563 0.0000000000
45759  10.125  -34.786  32.297 0.0000000000
44814  10.236  -35.330  32.483 0.0000000000
44831  10.241  -35.568  31.898 0.0000000000
132493  10.693  -23.929  44.599 0.0000000000
54205  11.073  -24.697  43.701 0.0000000000
53197  11.625  -26.063  41.774 0.0000000000
53201  11.736  -26.003  40.859 0.0000000000
52238  12.042  -26.793  40.171 0.0000000000
52242  11.904  -27.549  39.320 0.0000000000
54239  10.974  -24.780  38.707 0.0000000000
122858  10.520  -24.551  37.960 0.0000000000
54244  11.342  -25.603  38.652 0.0000000000
52250  11.633  -27.402  37.771 0.0000000000
51343  10.946  -28.599  36.339 0.0000000000
51352  10.359  -28.606  35.435 0.0000000000
125513  10.106  -29.121  34.774 0.0000000000
50440  10.080  -29.626  34.268 0.0000000000
136569  10.116  -30.010  33.699 0.0000000000
139891  10.259  -30.283  32.738 0.0000000000
54278  9.576  -26.141  34.355 0.0000000000
52286  9.644  -26.841  34.094 0.0000000000
52298  10.051  -28.004  33.707 0.0000000000
51389  10.205  -28.867  33.417 0.0000000000
49512  10.296  -30.569  32.160 0.0000000000
36838  13.496  -43.563  46.427 0.0000000000
37839  12.130  -42.031  49.082 0.0000000000
38814  11.312  -40.551  50.448 0.0000000000
39770  12.975  -40.597  51.400 0.0000000000
40667  13.568  -39.099  52.941 0.0000000000
40668  12.900  -38.956  53.012 0.0000000000
40671  14.342  -39.359  52.164 0.0000000000
41634  14.178  -38.462  53.188 0.0000000000
41637  12.111  -37.777  53.075 0.0000000000
41642  11.516  -38.375  51.916 0.0000000000
41647  10.669  -37.993  50.479 0.0000000000
41793  13.897  -38.301  35.038 0.0000000000
41818  12.215  -38.691  33.546 0.0000000000
42600  12.720  -36.708  53.806 0.0000000000
42606  11.595  -37.183  52.101 0.0000000000
42609  15.557  -37.645  52.668 0.0000000000
43594  15.873  -35.968  54.020 0.0000000000
43597  13.410  -36.483  54.066 0.0000000000
43598  12.977  -35.924  53.946 0.0000000000
43601  12.090  -36.544  53.015 0.0000000000
43606  11.402  -36.709  51.239 0.0000000000
43841  11.777  -36.535  33.857 0.0000000000
44587  14.524  -35.275  54.515 0.0000000000
44588  14.002  -35.159  54.363 0.0000000000
44589  13.464  -35.377  54.071 0.0000000000
44596  16.946  -35.369  53.288 0.0000000000
44599  12.001  -36.288  52.405 0.0000000000
45576  13.636  -34.853  54.099 0.0000000000
45580  12.829  -35.205  53.449 0.0000000000
45668  8.694  -34.173  41.440 0.0000000000
46496  15.536  -33.460  54.952 0.0000000000
46497  15.169  -33.208  54.747 0.0000000000
46498  14.345  -33.931  54.276 0.0000000000
46503  13.489  -34.071  53.624 0.0000000000
46507  12.822  -34.640  52.878 0.0000000000
46610  11.203  -33.033  38.098 0.0000000000
46669  9.923  -33.438  31.890 0.0000000000
47384  16.857  -32.070  54.845 0.0000000000
47385  16.281  -32.608  54.941 0.0000000000
47386  16.006  -32.410  54.870 0.0000000000
47389  17.279  -32.332  54.633 0.0000000000
47392  14.711  -33.287  54.335 0.0000000000
47394  18.200  -32.088  53.827 0.0000000000
47395  15.237  -31.988  54.338 0.0000000000
47398  18.449  -32.273  53.283 0.0000000000
47580  10.034  -32.706  32.478 0.0000000000
48358  17.748  -31.165  54.460 0.0000000000
48361  16.333  -31.455  54.583 0.0000000000
48362  15.735  -31.507  54.409 0.0000000000
48364  18.327  -31.081  54.187 0.0000000000
49352  18.485  -29.940  54.190 0.0000000000
49355  16.845  -30.765  54.393 0.0000000000
49367  25.122  -29.364  53.071 0.0000000000
49383  15.377  -30.521  52.666 0.0000000000
50302  18.556  -29.389  54.033 0.0000000000
50303  18.037  -29.704  54.210 0.0000000000
51236  16.206  -29.403  53.337 0.0000000000
51361  10.034  -28.348  34.791 0.0000000000
52150  17.017  -28.435  53.329 0.0000000000
52285  9.827  -27.479  34.309 0.0000000000
53106  18.089  -26.980  52.985 0.0000000000
56175  9.637  -23.972  35.700 0.0000000000
116499  14.095  -36.670  54.153 0.0000000000
116659  16.040  -33.607  55.003 0.0000000000
118907  18.741  -30.637  54.109 0.0000000000
120050  10.065  -29.966  33.960 0.0000000000
120822  12.541  -39.976  33.265 0.0000000000
122742  10.361  -29.395  32.913 0.0000000000
123975  17.484  -30.270  54.288 0.0000000000
128654  9.771  -28.878  48.030 0.0000000000
133208  15.968  -33.094  55.017 0.0000000000
133306  14.566  -34.223  54.630 0.0000000000
135151  9.710  -39.552  48.645 0.0000000000
136058  8.638  -34.680  41.639 0.0000000000
136853  13.277  -36.706  35.124 0.0000000000
136911  16.510  -29.751  53.854 0.0000000000
137284  9.887  -27.334  48.173 0.0000000000
138420  9.131  -37.461  47.235 0.0000000000
138431  12.574  -39.781  52.243 0.0000000000
138443  14.401  -33.131  54.005 0.0000000000
138660  16.661  -35.788  53.260 0.0000000000
139667  10.023  -27.200  35.010 0.0000000000
140098  13.892  -41.977  47.930 0.0000000000
