#!ascii label  , from subject sub-v1s1x0050645_ses-1 vox2ras=TkReg
743
36853  33.504  -43.252  44.750 0.0000000000
56255  48.396  -24.193  28.546 0.0000000000
60943  55.261  -17.998  28.921 0.0000000000
50412  46.611  -29.019  37.233 0.0000000000
138361  37.821  -43.028  39.845 0.0000000000
33810  36.808  -47.197  40.890 0.0000000000
59128  51.503  -20.497  29.248 0.0000000000
55259  52.305  -24.420  31.770 0.0000000000
48482  42.716  -31.635  40.547 0.0000000000
39871  41.047  -40.194  39.745 0.0000000000
70293  57.052  -7.807  21.881 0.0000000000
65714  54.443  -13.498  26.705 0.0000000000
51365  42.262  -28.811  34.585 0.0000000000
54268  48.045  -25.065  34.996 0.0000000000
119305  35.988  -44.113  42.074 0.0000000000
33776  35.013  -46.031  43.158 0.0000000000
57216  50.459  -22.198  29.145 0.0000000000
58146  52.329  -21.753  31.661 0.0000000000
57182  50.119  -22.560  31.456 0.0000000000
43788  45.640  -36.044  36.582 0.0000000000
36914  39.691  -44.086  39.825 0.0000000000
38907  38.837  -41.442  40.260 0.0000000000
37937  40.599  -42.889  38.200 0.0000000000
70289  55.320  -7.995  22.811 0.0000000000
67576  56.673  -11.438  22.638 0.0000000000
68517  55.844  -10.257  24.811 0.0000000000
61900  53.449  -16.807  28.178 0.0000000000
63827  52.770  -15.515  25.255 0.0000000000
63808  54.997  -15.919  28.118 0.0000000000
62871  56.421  -16.310  25.920 0.0000000000
60966  55.628  -18.595  26.385 0.0000000000
50397  45.323  -29.892  39.218 0.0000000000
51329  41.948  -28.970  38.192 0.0000000000
52255  45.051  -27.263  38.009 0.0000000000
139280  45.214  -26.993  34.870 0.0000000000
53219  47.297  -26.478  36.629 0.0000000000
136747  49.383  -26.847  34.724 0.0000000000
50434  48.255  -28.729  34.654 0.0000000000
35854  37.423  -44.460  41.264 0.0000000000
60057  51.164  -19.028  26.600 0.0000000000
60036  53.948  -18.856  30.365 0.0000000000
58151  54.159  -21.174  30.384 0.0000000000
55280  54.030  -24.284  29.925 0.0000000000
136352  42.042  -36.843  41.870 0.0000000000
44685  44.520  -35.123  40.511 0.0000000000
45678  45.726  -33.819  38.743 0.0000000000
47535  46.065  -32.276  37.124 0.0000000000
49485  45.476  -31.117  34.618 0.0000000000
42728  39.455  -37.454  40.438 0.0000000000
40798  42.604  -39.482  39.236 0.0000000000
68554  56.553  -9.399  19.557 0.0000000000
125877  53.641  -11.794  24.927 0.0000000000
65722  56.103  -13.215  25.506 0.0000000000
126998  54.784  -16.094  23.310 0.0000000000
55261  47.861  -24.634  31.483 0.0000000000
122690  50.272  -24.890  33.814 0.0000000000
53266  51.444  -26.758  32.043 0.0000000000
34791  33.264  -45.263  44.459 0.0000000000
35834  34.261  -44.634  44.130 0.0000000000
33777  34.245  -46.170  43.369 0.0000000000
56254  49.432  -23.376  28.240 0.0000000000
57192  50.011  -22.604  30.483 0.0000000000
56230  49.469  -23.157  30.042 0.0000000000
35875  39.851  -44.282  39.165 0.0000000000
138605  54.072  -8.839  22.529 0.0000000000
69401  56.125  -9.018  24.177 0.0000000000
138732  54.191  -9.632  23.582 0.0000000000
61885  54.378  -16.931  28.938 0.0000000000
63810  53.927  -16.071  28.381 0.0000000000
61884  55.114  -17.159  28.662 0.0000000000
61909  56.150  -17.213  27.158 0.0000000000
50405  45.727  -29.512  38.639 0.0000000000
51326  44.879  -28.164  38.939 0.0000000000
52243  45.946  -27.658  38.264 0.0000000000
53212  46.372  -26.912  37.295 0.0000000000
51334  47.086  -28.060  37.225 0.0000000000
51353  48.239  -28.023  35.557 0.0000000000
50428  47.438  -28.958  35.750 0.0000000000
36885  36.713  -44.257  41.586 0.0000000000
33798  37.285  -46.351  41.087 0.0000000000
33808  38.063  -46.473  40.295 0.0000000000
59136  50.651  -20.718  27.612 0.0000000000
60058  50.760  -19.788  26.755 0.0000000000
59135  51.243  -20.081  28.150 0.0000000000
60043  52.543  -18.797  29.149 0.0000000000
60037  52.715  -19.328  29.949 0.0000000000
59110  53.872  -20.414  30.575 0.0000000000
59111  53.271  -20.475  30.861 0.0000000000
56213  52.602  -23.490  31.673 0.0000000000
57178  53.086  -22.797  31.303 0.0000000000
55258  52.884  -24.119  31.220 0.0000000000
54327  53.654  -25.702  29.514 0.0000000000
54317  52.691  -25.713  30.784 0.0000000000
42725  43.633  -37.398  40.283 0.0000000000
43721  43.510  -36.053  41.218 0.0000000000
43737  44.481  -36.257  39.677 0.0000000000
44726  45.705  -35.348  37.585 0.0000000000
46612  46.263  -33.318  37.763 0.0000000000
128133  39.327  -40.700  40.188 0.0000000000
40771  39.328  -39.356  40.314 0.0000000000
41713  40.345  -38.803  40.995 0.0000000000
41726  41.663  -38.820  40.888 0.0000000000
40799  41.897  -39.780  39.552 0.0000000000
71147  56.147  -6.911  21.688 0.0000000000
69434  56.975  -8.994  20.133 0.0000000000
66609  56.296  -12.783  22.467 0.0000000000
64794  53.107  -14.765  25.477 0.0000000000
64803  51.979  -14.814  24.179 0.0000000000
65734  52.766  -13.289  24.634 0.0000000000
66599  52.358  -12.666  24.104 0.0000000000
66592  53.957  -12.193  25.574 0.0000000000
66585  54.794  -12.170  25.948 0.0000000000
65724  54.936  -12.828  26.397 0.0000000000
61934  55.332  -17.697  24.901 0.0000000000
62883  56.130  -16.267  24.904 0.0000000000
132977  42.131  -32.254  40.620 0.0000000000
48493  41.087  -31.267  39.325 0.0000000000
123044  41.743  -28.880  36.115 0.0000000000
51349  40.230  -29.367  36.017 0.0000000000
53239  46.614  -25.783  35.074 0.0000000000
137463  45.572  -26.416  33.664 0.0000000000
54283  46.717  -25.472  33.622 0.0000000000
54294  47.148  -25.047  31.877 0.0000000000
55234  48.052  -24.632  33.418 0.0000000000
55245  48.798  -24.147  32.914 0.0000000000
55232  49.587  -24.926  34.329 0.0000000000
51372  49.631  -27.729  33.718 0.0000000000
52287  49.995  -26.974  33.637 0.0000000000
51383  50.645  -28.046  32.254 0.0000000000
124155  51.543  -28.586  30.762 0.0000000000
35845  35.629  -44.735  43.044 0.0000000000
33800  35.776  -46.998  42.036 0.0000000000
32752  35.654  -47.556  40.803 0.0000000000
32730  35.114  -47.026  42.289 0.0000000000
58171  50.858  -21.454  28.914 0.0000000000
128749  52.010  -21.089  31.131 0.0000000000
58154  51.122  -21.598  30.630 0.0000000000
57181  50.971  -22.280  31.967 0.0000000000
56196  51.548  -23.637  32.597 0.0000000000
36898  38.677  -43.393  40.577 0.0000000000
38895  38.456  -42.245  40.319 0.0000000000
37913  39.218  -42.988  40.375 0.0000000000
37911  40.137  -42.699  39.525 0.0000000000
123256  40.632  -41.963  39.012 0.0000000000
38930  41.627  -41.407  37.796 0.0000000000
37936  41.200  -42.166  37.630 0.0000000000
70287  56.774  -8.150  22.706 0.0000000000
134705  56.896  -9.513  22.480 0.0000000000
69408  56.424  -8.617  23.454 0.0000000000
68526  56.478  -10.295  23.975 0.0000000000
66598  56.587  -12.367  23.770 0.0000000000
61923  51.672  -17.708  25.572 0.0000000000
62861  53.047  -16.447  26.713 0.0000000000
62860  53.739  -15.676  27.472 0.0000000000
64777  54.612  -14.660  27.464 0.0000000000
64783  55.391  -14.082  26.827 0.0000000000
63813  55.506  -15.581  27.593 0.0000000000
61920  56.316  -17.151  26.186 0.0000000000
49442  43.936  -30.818  40.210 0.0000000000
50401  42.129  -29.690  39.285 0.0000000000
51319  43.045  -28.769  39.054 0.0000000000
51336  43.536  -28.165  38.294 0.0000000000
51355  43.406  -28.370  36.121 0.0000000000
52282  43.973  -28.226  34.374 0.0000000000
52265  44.852  -27.380  36.463 0.0000000000
53230  46.475  -26.142  35.918 0.0000000000
54257  48.077  -25.598  35.752 0.0000000000
54267  48.732  -25.408  35.362 0.0000000000
127989  48.639  -26.670  35.684 0.0000000000
51363  48.670  -28.101  34.909 0.0000000000
50441  48.966  -29.132  33.186 0.0000000000
36886  35.882  -43.929  41.210 0.0000000000
36900  36.717  -43.922  40.519 0.0000000000
36884  37.493  -43.901  40.859 0.0000000000
116524  38.685  -44.029  40.656 0.0000000000
34845  39.305  -45.681  39.272 0.0000000000
60958  52.072  -18.054  27.110 0.0000000000
60944  53.599  -17.684  29.273 0.0000000000
60937  54.310  -18.229  29.786 0.0000000000
59118  54.688  -19.754  29.625 0.0000000000
58160  54.552  -21.198  29.598 0.0000000000
56241  54.438  -22.918  29.374 0.0000000000
58145  52.965  -21.954  31.321 0.0000000000
56228  53.950  -22.739  30.279 0.0000000000
134105  40.687  -35.485  40.805 0.0000000000
45672  41.223  -34.338  40.837 0.0000000000
46577  42.416  -33.884  41.568 0.0000000000
46575  43.579  -33.276  41.023 0.0000000000
43753  45.137  -35.935  38.162 0.0000000000
45679  45.218  -34.283  39.369 0.0000000000
47500  44.133  -32.047  40.399 0.0000000000
135672  45.290  -32.031  39.351 0.0000000000
48503  45.773  -31.075  38.331 0.0000000000
117925  45.928  -30.550  37.308 0.0000000000
49477  46.304  -29.960  36.178 0.0000000000
47536  45.756  -31.863  36.471 0.0000000000
43709  40.858  -36.752  41.551 0.0000000000
41725  42.406  -38.333  40.702 0.0000000000
41751  43.682  -38.968  38.212 0.0000000000
39894  42.747  -40.241  37.876 0.0000000000
138145  43.377  -40.281  36.513 0.0000000000
139748  57.255  -8.899  18.251 0.0000000000
67567  53.210  -10.932  23.771 0.0000000000
136261  54.644  -10.805  24.878 0.0000000000
66591  56.096  -11.657  25.003 0.0000000000
64809  56.595  -13.946  24.213 0.0000000000
63824  56.471  -14.648  25.492 0.0000000000
63841  55.891  -15.171  23.876 0.0000000000
64811  55.641  -14.840  23.298 0.0000000000
50415  40.140  -29.912  37.161 0.0000000000
54318  47.353  -25.147  29.996 0.0000000000
55281  48.503  -24.219  30.134 0.0000000000
139394  49.064  -23.447  31.270 0.0000000000
56198  49.840  -23.546  32.811 0.0000000000
55230  51.291  -24.763  32.832 0.0000000000
53237  49.816  -25.923  34.399 0.0000000000
53248  50.672  -25.877  33.372 0.0000000000
53257  51.761  -25.935  32.078 0.0000000000
52311  52.244  -27.419  30.671 0.0000000000
49483  47.176  -29.589  34.937 0.0000000000
49491  47.625  -29.643  33.730 0.0000000000
127662  33.279  -44.043  44.927 0.0000000000
35821  32.840  -44.679  44.945 0.0000000000
138895  32.805  -44.127  45.124 0.0000000000
36852  33.947  -43.925  44.465 0.0000000000
35820  33.599  -44.652  44.594 0.0000000000
124592  48.970  -23.878  28.781 0.0000000000
56243  49.523  -23.340  29.150 0.0000000000
56244  49.045  -23.814  29.658 0.0000000000
68536  53.435  -10.008  22.911 0.0000000000
61871  54.625  -17.653  29.252 0.0000000000
134838  55.673  -17.827  28.230 0.0000000000
122234  46.146  -29.221  38.000 0.0000000000
51324  46.024  -28.506  38.414 0.0000000000
139469  46.499  -28.479  37.788 0.0000000000
51335  46.505  -27.812  37.879 0.0000000000
50420  47.255  -28.623  36.475 0.0000000000
50421  46.813  -29.329  36.359 0.0000000000
33799  36.455  -46.751  41.618 0.0000000000
34824  36.720  -45.835  41.817 0.0000000000
60044  52.011  -19.667  29.063 0.0000000000
60038  52.214  -19.922  29.917 0.0000000000
59119  52.879  -19.892  30.586 0.0000000000
59120  52.109  -20.440  30.438 0.0000000000
56195  51.985  -23.882  32.207 0.0000000000
54304  52.817  -24.829  31.036 0.0000000000
54305  52.301  -25.307  31.586 0.0000000000
41750  44.017  -38.204  38.673 0.0000000000
42743  44.193  -37.115  39.613 0.0000000000
125986  44.287  -37.557  38.994 0.0000000000
39872  40.118  -40.691  39.979 0.0000000000
39860  39.347  -39.996  40.239 0.0000000000
40770  39.968  -39.462  40.647 0.0000000000
40785  40.551  -39.837  40.369 0.0000000000
40784  41.408  -39.467  40.331 0.0000000000
71146  56.795  -7.224  21.493 0.0000000000
71158  56.521  -6.852  20.890 0.0000000000
71145  57.180  -7.589  21.177 0.0000000000
69433  57.390  -8.323  20.150 0.0000000000
69422  57.095  -8.927  20.981 0.0000000000
64793  53.677  -14.233  26.301 0.0000000000
64801  53.166  -13.970  25.247 0.0000000000
121160  53.803  -13.443  26.049 0.0000000000
65733  53.492  -12.988  25.457 0.0000000000
65725  54.307  -12.814  26.107 0.0000000000
127917  54.742  -18.563  24.986 0.0000000000
61944  54.608  -17.816  24.335 0.0000000000
48483  42.073  -31.522  40.239 0.0000000000
126527  41.572  -31.773  39.917 0.0000000000
48492  41.670  -31.085  39.803 0.0000000000
119201  42.515  -28.730  35.638 0.0000000000
51366  41.227  -28.850  34.622 0.0000000000
54269  47.093  -25.381  34.534 0.0000000000
54270  46.403  -25.738  34.175 0.0000000000
54282  47.527  -25.010  33.967 0.0000000000
119562  47.106  -25.080  32.882 0.0000000000
55233  48.946  -24.585  33.985 0.0000000000
55223  48.326  -24.792  34.300 0.0000000000
136917  49.597  -28.815  32.830 0.0000000000
132332  49.890  -28.251  32.934 0.0000000000
137397  50.245  -28.871  32.016 0.0000000000
50453  50.990  -28.706  31.304 0.0000000000
35833  34.930  -44.662  43.619 0.0000000000
36862  35.155  -44.027  43.369 0.0000000000
34803  35.197  -45.317  43.306 0.0000000000
34815  35.777  -45.661  42.857 0.0000000000
33788  35.434  -46.535  42.616 0.0000000000
33789  34.742  -46.629  42.801 0.0000000000
57229  49.853  -22.743  27.771 0.0000000000
126485  50.131  -22.077  27.450 0.0000000000
57228  50.335  -22.157  28.277 0.0000000000
123034  50.510  -21.461  27.931 0.0000000000
58162  50.823  -21.678  29.715 0.0000000000
57191  50.667  -22.097  31.048 0.0000000000
57172  51.327  -22.874  32.473 0.0000000000
56214  50.420  -22.838  32.343 0.0000000000
36897  39.263  -43.748  40.344 0.0000000000
37902  38.685  -42.780  40.493 0.0000000000
36928  40.196  -43.618  38.729 0.0000000000
129974  40.033  -43.524  39.380 0.0000000000
37923  40.420  -42.841  38.864 0.0000000000
38931  40.946  -42.115  38.305 0.0000000000
69415  54.401  -8.334  22.383 0.0000000000
70295  54.815  -7.563  22.114 0.0000000000
70294  55.755  -7.289  22.358 0.0000000000
70288  56.206  -7.954  22.921 0.0000000000
69407  56.742  -8.935  23.032 0.0000000000
68528  55.720  -9.662  24.479 0.0000000000
68527  56.147  -9.789  24.334 0.0000000000
68516  56.104  -10.407  24.546 0.0000000000
67566  56.643  -11.403  23.640 0.0000000000
67555  56.283  -11.032  24.488 0.0000000000
61901  52.706  -17.280  27.281 0.0000000000
61922  52.309  -17.070  26.103 0.0000000000
62851  53.400  -16.469  27.608 0.0000000000
63809  54.342  -15.845  28.300 0.0000000000
63815  54.182  -15.443  28.109 0.0000000000
64778  54.228  -14.948  27.662 0.0000000000
63814  54.658  -15.230  27.891 0.0000000000
64776  55.247  -14.737  27.279 0.0000000000
60957  55.965  -18.121  27.041 0.0000000000
123332  56.132  -17.824  26.471 0.0000000000
61921  55.703  -18.012  25.645 0.0000000000
60967  55.006  -19.049  25.681 0.0000000000
48491  44.783  -30.470  39.692 0.0000000000
49451  43.539  -30.049  39.962 0.0000000000
50399  44.044  -29.297  39.724 0.0000000000
52245  44.544  -27.813  38.440 0.0000000000
51327  44.046  -28.203  38.972 0.0000000000
52256  44.260  -27.733  37.735 0.0000000000
51345  43.392  -28.205  37.232 0.0000000000
52266  44.158  -27.848  36.736 0.0000000000
129878  44.782  -27.384  37.326 0.0000000000
53211  46.852  -26.815  37.165 0.0000000000
53221  46.173  -26.623  36.613 0.0000000000
53220  46.958  -26.355  36.675 0.0000000000
54258  47.266  -25.828  35.956 0.0000000000
53229  47.690  -26.009  36.321 0.0000000000
53228  48.404  -26.029  35.947 0.0000000000
53218  47.952  -26.507  36.276 0.0000000000
50427  48.011  -28.558  35.212 0.0000000000
50433  48.752  -28.412  34.385 0.0000000000
118553  48.538  -28.891  34.054 0.0000000000
37893  35.276  -43.526  41.937 0.0000000000
37904  35.192  -43.281  40.837 0.0000000000
36883  38.093  -43.885  40.840 0.0000000000
35866  38.187  -44.711  40.870 0.0000000000
60952  51.733  -18.670  27.431 0.0000000000
60938  53.350  -18.737  30.013 0.0000000000
60945  52.812  -18.094  28.779 0.0000000000
132852  53.853  -18.203  29.824 0.0000000000
60035  54.537  -18.923  29.889 0.0000000000
60029  54.175  -19.615  30.297 0.0000000000
59109  54.387  -20.416  30.070 0.0000000000
58170  54.671  -22.036  28.983 0.0000000000
57201  54.291  -21.983  29.912 0.0000000000
58153  52.830  -21.142  31.220 0.0000000000
56229  53.735  -23.589  30.420 0.0000000000
120471  53.503  -22.990  30.798 0.0000000000
56242  54.185  -23.557  29.809 0.0000000000
44677  41.041  -35.932  41.540 0.0000000000
44687  41.180  -35.130  41.352 0.0000000000
44676  41.717  -35.580  41.914 0.0000000000
44686  43.987  -35.360  41.080 0.0000000000
44674  43.303  -35.123  41.640 0.0000000000
120542  43.383  -34.197  41.374 0.0000000000
46576  42.953  -33.588  41.495 0.0000000000
45661  43.985  -34.035  40.894 0.0000000000
42758  44.796  -36.747  37.878 0.0000000000
43770  45.352  -36.008  37.330 0.0000000000
44710  45.995  -34.576  37.752 0.0000000000
45688  45.691  -34.497  38.616 0.0000000000
45669  44.879  -33.705  39.818 0.0000000000
46593  45.457  -33.297  39.240 0.0000000000
47499  44.753  -32.134  39.914 0.0000000000
47508  45.652  -32.545  38.949 0.0000000000
47526  46.122  -32.497  37.692 0.0000000000
138377  45.807  -31.709  38.336 0.0000000000
135488  45.911  -31.714  38.013 0.0000000000
48510  45.888  -30.820  37.862 0.0000000000
124959  45.948  -31.524  37.553 0.0000000000
48520  45.874  -31.199  36.983 0.0000000000
38908  38.382  -41.536  39.923 0.0000000000
124261  38.263  -41.275  39.478 0.0000000000
39874  38.600  -40.579  39.607 0.0000000000
42744  39.131  -37.285  39.486 0.0000000000
43739  39.692  -36.631  39.994 0.0000000000
43723  40.328  -36.115  40.652 0.0000000000
42727  40.047  -37.021  41.042 0.0000000000
40783  42.151  -39.141  40.119 0.0000000000
41711  41.765  -38.079  41.298 0.0000000000
41740  42.882  -38.913  39.735 0.0000000000
41724  43.209  -38.149  40.062 0.0000000000
40797  43.164  -39.248  38.797 0.0000000000
38929  42.040  -40.682  38.175 0.0000000000
118120  43.547  -39.957  36.978 0.0000000000
124695  57.182  -8.726  19.200 0.0000000000
69439  56.657  -9.249  18.581 0.0000000000
120787  55.875  -9.806  18.865 0.0000000000
125455  56.746  -10.488  22.310 0.0000000000
62885  52.365  -16.122  24.896 0.0000000000
62886  51.853  -16.219  24.347 0.0000000000
63835  52.246  -15.536  24.516 0.0000000000
67559  52.895  -11.788  24.135 0.0000000000
117215  51.945  -12.095  23.517 0.0000000000
67568  52.383  -11.369  23.271 0.0000000000
68519  54.188  -10.387  24.237 0.0000000000
67558  53.830  -11.187  24.571 0.0000000000
66584  55.322  -12.366  25.962 0.0000000000
67547  55.485  -11.656  25.515 0.0000000000
66582  56.216  -12.843  25.143 0.0000000000
66590  56.345  -12.484  24.673 0.0000000000
65732  56.420  -13.295  24.765 0.0000000000
64792  56.015  -14.609  26.533 0.0000000000
63825  56.460  -15.458  25.707 0.0000000000
62894  55.510  -16.069  23.964 0.0000000000
63834  56.278  -15.452  24.640 0.0000000000
50408  41.615  -29.422  38.636 0.0000000000
50409  40.938  -29.868  38.335 0.0000000000
50413  41.168  -29.303  37.871 0.0000000000
123317  44.677  -27.545  34.655 0.0000000000
54296  45.864  -26.062  32.525 0.0000000000
54306  47.349  -25.213  30.937 0.0000000000
55270  47.949  -24.694  30.562 0.0000000000
55269  48.521  -24.070  31.127 0.0000000000
55260  48.344  -24.152  31.980 0.0000000000
55244  49.716  -24.344  33.610 0.0000000000
56184  50.506  -24.143  33.340 0.0000000000
55243  51.114  -24.185  32.919 0.0000000000
55231  50.829  -24.683  33.292 0.0000000000
53238  49.430  -26.274  34.847 0.0000000000
54266  49.424  -25.508  34.897 0.0000000000
52279  49.690  -26.557  34.332 0.0000000000
134207  50.982  -26.825  32.606 0.0000000000
53259  50.578  -26.532  33.210 0.0000000000
53258  51.105  -26.226  32.729 0.0000000000
54293  51.211  -25.495  32.820 0.0000000000
53265  51.981  -26.712  31.358 0.0000000000
52312  51.711  -27.445  31.376 0.0000000000
51401  51.972  -28.710  30.086 0.0000000000
49484  46.193  -30.238  35.288 0.0000000000
123795  34.568  -43.937  43.897 0.0000000000
34804  34.496  -45.431  43.748 0.0000000000
34790  33.876  -45.184  44.226 0.0000000000
34805  33.713  -45.741  43.961 0.0000000000
57217  49.973  -22.791  28.661 0.0000000000
57203  50.006  -22.735  29.558 0.0000000000
134085  49.455  -23.005  30.919 0.0000000000
35876  39.496  -44.856  39.535 0.0000000000
35885  39.992  -44.399  38.507 0.0000000000
127650  54.646  -8.752  23.158 0.0000000000
70282  55.796  -8.474  23.599 0.0000000000
69402  55.302  -9.104  24.051 0.0000000000
138934  54.922  -9.748  24.315 0.0000000000
61886  53.921  -16.871  28.903 0.0000000000
62844  54.220  -16.366  28.639 0.0000000000
62843  54.619  -16.402  28.521 0.0000000000
62842  55.248  -16.564  28.207 0.0000000000
62850  55.710  -16.399  27.718 0.0000000000
61899  55.728  -17.129  27.945 0.0000000000
125714  55.929  -17.721  27.583 0.0000000000
50398  44.878  -29.403  39.541 0.0000000000
50406  45.474  -29.023  39.017 0.0000000000
51325  45.501  -28.250  38.733 0.0000000000
52244  45.325  -27.620  38.438 0.0000000000
52254  45.800  -27.186  37.968 0.0000000000
52253  46.409  -27.199  37.746 0.0000000000
52252  46.870  -27.350  37.437 0.0000000000
52263  47.435  -27.166  36.773 0.0000000000
52262  48.132  -27.308  35.938 0.0000000000
51344  47.696  -27.973  36.313 0.0000000000
51354  47.728  -28.439  35.822 0.0000000000
117781  47.660  -29.077  35.043 0.0000000000
35855  36.720  -44.916  41.977 0.0000000000
34823  37.416  -45.256  41.386 0.0000000000
34835  37.904  -45.630  40.811 0.0000000000
58177  50.207  -21.364  27.061 0.0000000000
60051  50.822  -20.103  27.354 0.0000000000
60050  51.211  -19.471  27.405 0.0000000000
119654  51.768  -19.202  28.220 0.0000000000
137354  53.378  -19.275  30.396 0.0000000000
60030  53.636  -19.714  30.571 0.0000000000
58152  53.487  -21.292  30.859 0.0000000000
57179  52.501  -22.568  31.750 0.0000000000
56212  53.219  -23.560  31.013 0.0000000000
55268  53.430  -24.364  30.569 0.0000000000
125947  53.788  -24.921  29.938 0.0000000000
54316  53.293  -25.291  30.317 0.0000000000
53278  53.122  -26.386  29.969 0.0000000000
43707  42.716  -36.686  41.562 0.0000000000
43706  42.861  -35.851  41.844 0.0000000000
43722  43.388  -36.892  40.968 0.0000000000
42724  43.959  -36.622  40.408 0.0000000000
43720  44.231  -35.804  40.463 0.0000000000
43769  45.933  -35.472  36.814 0.0000000000
133409  46.312  -33.935  37.503 0.0000000000
46603  45.980  -33.217  38.520 0.0000000000
122827  46.460  -33.822  37.017 0.0000000000
46619  46.357  -33.232  37.134 0.0000000000
39873  38.867  -40.664  40.003 0.0000000000
132753  38.952  -39.901  39.908 0.0000000000
40800  38.726  -39.094  39.532 0.0000000000
41728  38.898  -38.538  39.914 0.0000000000
41727  39.278  -38.230  40.519 0.0000000000
42709  40.029  -38.033  41.088 0.0000000000
41712  41.041  -38.306  41.300 0.0000000000
40769  40.896  -39.156  40.817 0.0000000000
70303  57.349  -7.701  20.488 0.0000000000
66617  56.436  -12.076  22.187 0.0000000000
64802  52.639  -14.815  24.789 0.0000000000
65735  52.396  -14.103  24.421 0.0000000000
65741  51.962  -13.457  24.039 0.0000000000
66593  53.170  -12.461  24.795 0.0000000000
67548  54.550  -11.482  25.328 0.0000000000
65723  55.498  -13.007  26.084 0.0000000000
61933  55.949  -17.079  25.266 0.0000000000
62884  55.347  -16.960  24.484 0.0000000000
121553  41.441  -32.582  40.062 0.0000000000
136124  41.817  -28.848  36.870 0.0000000000
51339  40.689  -29.272  37.072 0.0000000000
51347  41.031  -29.024  36.490 0.0000000000
51357  40.547  -29.202  35.760 0.0000000000
124003  46.012  -26.192  35.137 0.0000000000
53251  45.176  -26.908  33.985 0.0000000000
53240  45.849  -26.181  34.302 0.0000000000
54284  45.951  -25.968  33.438 0.0000000000
54295  46.513  -25.604  32.203 0.0000000000
55246  47.843  -24.593  32.404 0.0000000000
52288  49.475  -27.219  34.319 0.0000000000
51371  50.141  -27.627  33.084 0.0000000000
52301  50.581  -27.219  32.826 0.0000000000
52300  51.137  -27.408  32.090 0.0000000000
51391  51.362  -28.090  31.406 0.0000000000
36874  35.021  -43.419  42.895 0.0000000000
36873  35.631  -44.044  42.725 0.0000000000
35844  36.171  -45.019  42.606 0.0000000000
33787  36.079  -46.268  42.265 0.0000000000
32741  36.088  -47.339  41.306 0.0000000000
32742  35.404  -47.296  41.630 0.0000000000
136983  50.911  -20.842  28.351 0.0000000000
58161  51.365  -21.081  30.041 0.0000000000
57190  51.512  -21.794  31.532 0.0000000000
57202  50.492  -22.136  30.060 0.0000000000
57180  51.856  -22.314  32.119 0.0000000000
57171  52.059  -23.114  32.249 0.0000000000
42778  44.489  -37.534  37.527 0.0000000000
37903  38.135  -43.153  40.517 0.0000000000
37914  38.061  -42.577  40.134 0.0000000000
37901  39.055  -42.223  40.430 0.0000000000
36896  39.747  -43.301  39.958 0.0000000000
37912  39.656  -42.436  40.077 0.0000000000
38906  39.474  -41.521  40.144 0.0000000000
38905  40.122  -41.719  39.671 0.0000000000
38918  40.769  -41.002  39.258 0.0000000000
39884  41.581  -40.464  38.962 0.0000000000
38917  41.271  -41.260  38.528 0.0000000000
37950  41.383  -42.245  36.952 0.0000000000
71140  56.541  -7.432  22.278 0.0000000000
69414  57.084  -8.674  22.058 0.0000000000
68535  56.732  -9.843  23.187 0.0000000000
69400  56.484  -9.313  23.833 0.0000000000
122489  56.737  -10.704  23.168 0.0000000000
66608  56.644  -12.243  22.927 0.0000000000
65747  56.608  -13.035  23.168 0.0000000000
133682  51.967  -16.870  25.027 0.0000000000
62873  52.705  -16.251  25.679 0.0000000000
62872  53.290  -15.746  26.369 0.0000000000
136081  52.992  -15.702  25.785 0.0000000000
63826  53.292  -15.189  25.971 0.0000000000
64785  54.309  -14.321  27.151 0.0000000000
64784  54.833  -14.071  27.099 0.0000000000
63818  56.059  -15.426  26.781 0.0000000000
62859  56.176  -16.305  26.976 0.0000000000
49443  43.093  -30.828  40.281 0.0000000000
49444  42.338  -30.943  40.109 0.0000000000
49452  42.671  -30.191  39.838 0.0000000000
50400  43.056  -29.333  39.499 0.0000000000
50407  42.373  -29.042  38.924 0.0000000000
51317  44.489  -28.698  39.391 0.0000000000
139846  43.393  -28.402  38.892 0.0000000000
51337  42.484  -28.620  37.633 0.0000000000
51346  42.553  -28.621  36.631 0.0000000000
51364  43.304  -28.536  35.032 0.0000000000
52275  44.247  -27.984  35.542 0.0000000000
52274  45.013  -27.246  35.552 0.0000000000
121508  45.514  -27.025  37.233 0.0000000000
53231  45.713  -26.671  35.578 0.0000000000
121547  47.439  -25.463  35.322 0.0000000000
134715  48.614  -25.759  35.674 0.0000000000
53227  49.012  -26.032  35.440 0.0000000000
52272  49.122  -26.778  35.119 0.0000000000
52273  48.742  -27.412  35.302 0.0000000000
52280  49.124  -27.384  34.811 0.0000000000
51362  49.154  -27.897  34.379 0.0000000000
139656  49.214  -28.457  33.686 0.0000000000
36915  37.195  -43.546  39.728 0.0000000000
36916  36.356  -43.711  39.573 0.0000000000
36899  37.628  -43.458  40.285 0.0000000000
35865  39.074  -44.612  40.250 0.0000000000
34834  38.556  -45.480  40.332 0.0000000000
34833  39.078  -45.343  39.819 0.0000000000
61910  51.947  -17.827  26.448 0.0000000000
60049  52.206  -18.560  28.258 0.0000000000
60951  52.394  -18.011  27.861 0.0000000000
61887  53.128  -17.432  28.421 0.0000000000
61872  54.133  -17.541  29.417 0.0000000000
60936  54.901  -18.367  29.420 0.0000000000
132871  55.287  -18.520  29.016 0.0000000000
60034  55.177  -19.111  29.115 0.0000000000
59126  55.039  -20.085  28.757 0.0000000000
133388  54.692  -20.501  29.331 0.0000000000
59112  52.677  -20.567  30.960 0.0000000000
57189  53.476  -22.261  30.868 0.0000000000
57188  53.876  -21.876  30.494 0.0000000000
44698  40.935  -35.019  39.231 0.0000000000
44675  42.468  -35.275  41.996 0.0000000000
45663  41.895  -34.583  41.764 0.0000000000
46586  41.823  -33.703  41.178 0.0000000000
46585  42.480  -33.081  41.181 0.0000000000
47501  42.761  -32.383  40.920 0.0000000000
119876  43.249  -32.084  40.802 0.0000000000
43754  44.640  -36.749  38.813 0.0000000000
44697  44.809  -35.456  39.857 0.0000000000
44711  45.523  -35.177  38.431 0.0000000000
44696  45.261  -35.037  39.256 0.0000000000
45680  45.008  -34.937  39.962 0.0000000000
46583  44.330  -33.512  40.424 0.0000000000
46584  43.638  -32.414  40.785 0.0000000000
122837  43.781  -31.708  40.495 0.0000000000
48480  44.410  -31.401  40.068 0.0000000000
48490  45.055  -31.350  39.549 0.0000000000
49450  45.286  -30.697  39.251 0.0000000000
47518  45.930  -32.432  38.286 0.0000000000
48489  45.576  -31.534  38.852 0.0000000000
49449  45.578  -30.457  38.773 0.0000000000
49458  45.834  -30.150  38.203 0.0000000000
49465  46.038  -29.873  37.581 0.0000000000
49471  46.232  -29.793  36.906 0.0000000000
121464  45.946  -30.369  36.760 0.0000000000
48530  45.743  -30.719  36.270 0.0000000000
48531  45.502  -31.345  35.624 0.0000000000
47546  45.643  -32.390  35.699 0.0000000000
48541  45.290  -31.877  35.051 0.0000000000
116641  38.011  -42.170  39.730 0.0000000000
39885  38.306  -40.330  39.153 0.0000000000
43708  41.595  -36.452  41.845 0.0000000000
42707  41.505  -37.361  41.634 0.0000000000
42706  42.205  -37.477  41.444 0.0000000000
41739  43.493  -38.620  39.160 0.0000000000
39883  42.391  -40.050  38.716 0.0000000000
39903  43.044  -40.406  37.042 0.0000000000
39893  42.970  -39.753  38.394 0.0000000000
133965  43.344  -39.508  38.083 0.0000000000
37876  32.929  -42.640  44.886 0.0000000000
69451  56.932  -9.305  17.689 0.0000000000
68529  53.534  -10.333  23.458 0.0000000000
68518  55.202  -10.249  24.742 0.0000000000
67557  55.377  -10.868  25.134 0.0000000000
67556  55.904  -10.931  24.980 0.0000000000
129229  56.406  -11.758  24.351 0.0000000000
65739  56.566  -13.181  23.973 0.0000000000
65740  56.468  -13.755  23.460 0.0000000000
65713  55.171  -13.456  26.714 0.0000000000
64791  55.957  -13.794  26.177 0.0000000000
64800  56.466  -13.962  25.109 0.0000000000
64810  56.235  -14.457  23.715 0.0000000000
64819  55.008  -14.826  22.654 0.0000000000
55293  47.804  -24.594  28.737 0.0000000000
49454  41.331  -30.697  39.337 0.0000000000
49466  40.345  -30.472  37.888 0.0000000000
54307  46.714  -25.748  31.287 0.0000000000
55283  47.358  -25.004  29.240 0.0000000000
55282  47.931  -24.692  29.651 0.0000000000
55292  48.461  -24.271  29.251 0.0000000000
56231  49.020  -23.635  30.523 0.0000000000
56215  49.550  -23.032  31.841 0.0000000000
56199  48.983  -23.685  31.993 0.0000000000
56197  50.847  -23.479  32.866 0.0000000000
123694  51.554  -24.203  32.583 0.0000000000
55242  51.773  -24.446  32.344 0.0000000000
55222  48.902  -24.966  34.755 0.0000000000
54281  49.907  -25.392  34.323 0.0000000000
53249  50.164  -26.224  33.854 0.0000000000
54280  50.271  -25.610  33.894 0.0000000000
54279  50.759  -25.240  33.376 0.0000000000
54292  51.800  -25.040  32.297 0.0000000000
53279  52.513  -26.616  30.670 0.0000000000
52331  52.748  -27.304  30.008 0.0000000000
51390  51.926  -28.103  30.699 0.0000000000
126771  52.412  -28.021  30.041 0.0000000000
49476  46.948  -29.522  35.605 0.0000000000
120022  47.001  -29.877  34.426 0.0000000000
50435  47.848  -29.303  34.385 0.0000000000
50442  48.288  -29.283  33.732 0.0000000000
38943  42.355  -40.838  37.400 0.0000000000
39902  43.269  -39.908  37.636 0.0000000000
40786  38.941  -39.209  39.903 0.0000000000
41714  39.659  -38.796  40.709 0.0000000000
41715  39.185  -38.824  40.326 0.0000000000
41738  43.878  -37.890  39.486 0.0000000000
42708  40.732  -37.515  41.414 0.0000000000
42726  42.975  -37.548  40.971 0.0000000000
42759  44.390  -37.559  38.313 0.0000000000
43736  44.964  -35.747  39.013 0.0000000000
44699  40.538  -35.473  39.814 0.0000000000
45662  42.747  -34.419  41.826 0.0000000000
45670  44.577  -34.406  40.303 0.0000000000
45671  44.037  -34.739  41.088 0.0000000000
45687  46.039  -33.854  38.130 0.0000000000
46582  44.828  -32.976  39.896 0.0000000000
47493  43.113  -32.788  41.147 0.0000000000
47509  45.257  -32.592  39.479 0.0000000000
48481  43.370  -31.428  40.502 0.0000000000
49453  41.899  -30.441  39.593 0.0000000000
49459  41.408  -30.083  39.035 0.0000000000
49460  40.865  -30.626  38.779 0.0000000000
50414  40.581  -29.671  37.569 0.0000000000
51316  45.116  -28.707  39.187 0.0000000000
51318  43.671  -28.712  39.318 0.0000000000
51328  42.797  -28.631  38.539 0.0000000000
51338  41.476  -29.021  37.364 0.0000000000
51348  40.502  -29.275  36.440 0.0000000000
52264  45.471  -26.981  36.305 0.0000000000
53241  45.596  -26.596  34.741 0.0000000000
53250  45.313  -26.627  32.996 0.0000000000
62897  51.254  -16.194  23.808 0.0000000000
63819  53.783  -14.977  26.870 0.0000000000
63833  56.472  -14.668  24.465 0.0000000000
63842  55.218  -15.448  23.288 0.0000000000
66583  55.889  -12.408  25.502 0.0000000000
69409  53.742  -9.374  22.607 0.0000000000
69413  57.305  -8.152  21.153 0.0000000000
119294  39.814  -40.119  40.363 0.0000000000
119394  42.234  -36.119  41.957 0.0000000000
123321  44.295  -29.982  39.874 0.0000000000
123629  55.517  -18.653  28.403 0.0000000000
127286  40.790  -34.919  40.317 0.0000000000
130441  52.250  -26.043  31.315 0.0000000000
131068  44.191  -32.685  40.478 0.0000000000
132558  41.815  -32.985  40.768 0.0000000000
137560  41.749  -28.929  35.304 0.0000000000
138257  53.260  -18.255  29.505 0.0000000000
138398  46.408  -25.634  32.914 0.0000000000
