#!ascii label  , from subject sub-v1s1x0050645_ses-1 vox2ras=TkReg
783
23759  29.861  -57.524  -41.785 0.6000000238
22770  32.203  -59.052  -33.737 0.6999999881
22781  32.890  -59.136  -34.950 0.6999999881
22809  33.702  -58.316  -37.947 0.8999999762
23732  32.475  -57.466  -39.150 0.8000000119
135041  31.599  -57.485  -40.169 0.8000000119
23749  29.671  -57.086  -41.103 0.6000000238
124630  28.870  -57.538  -41.998 0.6999999881
23769  27.801  -57.871  -43.006 0.6999999881
119343  31.731  -59.134  -33.076 0.6999999881
19840  31.021  -61.008  -32.024 0.6999999881
136155  32.530  -58.633  -34.464 0.6999999881
136789  32.637  -57.561  -35.202 0.6000000238
23700  33.069  -57.692  -35.760 0.6999999881
23708  33.463  -58.004  -36.399 0.6999999881
23716  32.795  -56.933  -37.378 0.8000000119
24649  32.051  -56.649  -37.939 0.8000000119
23724  31.961  -56.839  -38.793 0.8000000119
23734  30.954  -56.984  -40.013 0.8000000119
23748  30.484  -57.129  -40.685 0.6000000238
135354  27.667  -57.294  -41.934 0.6000000238
23770  26.752  -57.374  -42.744 0.6999999881
23788  26.714  -57.420  -44.080 0.6999999881
22760  31.122  -58.865  -32.694 0.5000000000
19828  30.424  -61.189  -31.544 0.6000000238
22771  31.504  -58.329  -33.378 0.4000000060
22782  32.088  -58.162  -34.011 0.6000000238
135088  31.902  -57.588  -34.312 0.5000000000
24608  32.563  -57.003  -35.705 0.6000000238
23709  33.059  -57.217  -36.468 0.8000000119
24640  31.388  -56.324  -37.491 0.6999999881
24651  30.575  -56.207  -38.630 0.6999999881
24662  29.464  -56.158  -39.588 0.6999999881
24697  27.594  -56.796  -41.040 0.5000000000
24698  26.730  -56.915  -41.801 0.6000000238
24717  26.306  -56.739  -42.554 0.6000000238
23771  26.413  -57.135  -43.442 0.6000000238
25756  27.194  -56.467  -44.265 0.5000000000
21771  30.157  -59.287  -31.603 0.5000000000
20818  30.069  -60.696  -31.099 0.6000000238
19829  29.690  -61.548  -31.095 0.6000000238
21770  30.878  -59.503  -32.104 0.5000000000
24609  31.737  -56.566  -35.682 0.5000000000
24628  30.473  -56.120  -36.404 0.6000000238
116330  30.101  -55.880  -37.130 0.6000000238
25674  29.266  -55.765  -38.753 0.6000000238
24663  28.533  -56.193  -39.900 0.5000000000
24664  27.646  -56.380  -40.196 0.5000000000
24683  26.674  -56.395  -40.823 0.6000000238
24699  26.120  -56.337  -41.747 0.6000000238
25735  26.182  -55.560  -42.734 0.5000000000
26764  26.786  -55.064  -42.898 0.5000000000
26754  27.986  -54.326  -42.718 0.5000000000
26763  27.506  -55.050  -43.068 0.5000000000
21756  29.918  -59.926  -31.025 0.5000000000
19814  29.201  -61.535  -30.476 0.5000000000
22772  30.614  -58.064  -32.974 0.5000000000
23676  30.922  -57.584  -33.653 0.4000000060
23691  29.576  -56.766  -33.955 0.3000000119
24589  29.979  -56.475  -34.823 0.4000000060
24611  29.202  -56.087  -35.354 0.3000000119
135643  28.719  -56.054  -34.901 0.3000000119
24629  29.602  -55.944  -36.294 0.5000000000
25642  29.090  -55.705  -37.150 0.5000000000
25658  28.241  -55.607  -37.665 0.5000000000
25688  27.801  -55.872  -39.286 0.5000000000
25703  26.849  -56.058  -39.799 0.5000000000
25704  26.069  -55.937  -40.289 0.6000000238
25722  25.719  -56.027  -41.112 0.6000000238
24718  25.981  -55.992  -42.356 0.5000000000
26756  26.169  -54.603  -42.532 0.5000000000
27840  27.607  -53.663  -42.368 0.5000000000
21746  29.343  -59.508  -30.468 0.5000000000
22748  29.622  -59.107  -31.172 0.5000000000
22762  29.618  -58.349  -31.824 0.5000000000
23677  29.289  -57.105  -33.156 0.4000000060
133175  30.057  -57.386  -33.421 0.5000000000
24572  28.763  -56.387  -33.677 0.4000000060
24591  28.331  -55.918  -34.502 0.3000000119
25628  27.882  -55.534  -35.840 0.3000000119
25643  28.056  -55.619  -36.726 0.4000000060
25676  27.540  -55.617  -38.265 0.5000000000
125552  26.841  -55.710  -38.858 0.4000000060
26744  25.073  -54.756  -41.584 0.5000000000
27834  25.465  -53.884  -41.504 0.5000000000
26757  25.472  -54.470  -42.097 0.5000000000
27839  28.377  -53.798  -42.152 0.5000000000
26755  27.164  -54.332  -42.720 0.5000000000
118922  28.979  -59.488  -29.761 0.5000000000
22749  29.320  -58.477  -30.999 0.5000000000
137443  29.300  -57.748  -31.674 0.5000000000
23678  28.865  -56.719  -32.800 0.4000000060
24573  28.498  -56.047  -33.053 0.4000000060
24574  28.213  -55.704  -33.772 0.3000000119
24613  27.801  -55.485  -35.057 0.3000000119
25644  27.275  -55.323  -36.406 0.4000000060
25660  26.682  -55.187  -36.987 0.4000000060
25661  26.228  -54.933  -37.558 0.4000000060
25677  26.753  -55.375  -37.895 0.4000000060
132529  26.179  -55.100  -38.568 0.4000000060
25689  25.840  -54.990  -39.524 0.5000000000
26709  25.323  -54.428  -39.736 0.5000000000
25705  25.388  -55.617  -40.653 0.6000000238
135811  26.186  -52.776  -41.451 0.4000000060
27841  26.718  -53.745  -42.329 0.5000000000
127642  29.185  -58.146  -30.493 0.4000000060
24555  29.023  -57.001  -31.970 0.4000000060
23651  29.207  -57.629  -31.164 0.4000000060
25613  28.275  -55.375  -33.195 0.4000000060
26663  28.280  -54.836  -33.481 0.4000000060
26674  27.443  -54.713  -34.951 0.4000000060
119184  27.153  -54.181  -35.753 0.4000000060
25629  27.282  -55.187  -35.613 0.4000000060
25630  26.766  -55.016  -36.238 0.4000000060
26686  25.958  -54.511  -37.341 0.4000000060
26689  25.722  -54.520  -37.959 0.5000000000
26697  25.539  -54.474  -38.845 0.5000000000
27799  25.089  -53.301  -39.510 0.6000000238
27814  25.294  -53.448  -40.680 0.5000000000
28817  25.313  -52.503  -40.578 0.4000000060
122210  25.726  -53.035  -41.178 0.4000000060
123102  29.048  -58.245  -29.691 0.4000000060
25593  29.061  -55.656  -31.696 0.4000000060
23638  29.192  -57.466  -30.315 0.4000000060
26647  28.611  -55.023  -32.768 0.4000000060
26673  27.925  -54.603  -34.236 0.4000000060
133037  26.560  -53.768  -36.558 0.4000000060
28770  26.034  -53.368  -37.294 0.4000000060
27773  25.674  -54.012  -37.537 0.4000000060
27784  25.376  -53.807  -38.307 0.5000000000
27785  25.155  -53.185  -38.891 0.4000000060
27815  25.099  -53.017  -39.991 0.6000000238
134377  29.411  -56.076  -30.433 0.4000000060
26631  29.615  -55.077  -31.590 0.4000000060
26646  29.286  -54.784  -32.461 0.4000000060
27709  28.536  -54.353  -33.825 0.4000000060
27732  28.496  -53.894  -34.463 0.4000000060
27748  28.486  -53.303  -35.317 0.4000000060
28756  27.979  -52.844  -36.003 0.5000000000
27762  27.197  -53.277  -36.256 0.4000000060
28769  26.643  -52.849  -36.929 0.3000000119
28781  26.129  -52.519  -37.416 0.3000000119
28783  24.999  -52.134  -38.360 0.4000000060
29747  24.447  -51.865  -38.818 0.4000000060
28807  24.844  -52.613  -39.311 0.5000000000
24519  29.212  -56.894  -28.904 0.4000000060
27708  29.424  -53.886  -33.908 0.4000000060
27731  29.343  -53.294  -34.778 0.4000000060
28754  29.232  -52.780  -35.318 0.3000000119
28767  28.283  -52.120  -36.278 0.3000000119
28768  27.529  -52.272  -36.734 0.3000000119
29722  26.700  -51.838  -37.358 0.3000000119
29734  25.780  -51.803  -37.622 0.3000000119
29736  24.497  -51.342  -38.323 0.4000000060
29748  23.727  -50.560  -38.714 0.4000000060
26613  30.158  -55.178  -30.610 0.3000000119
26645  30.259  -54.502  -32.160 0.3000000119
27707  30.493  -53.570  -33.540 0.3000000119
27730  30.220  -53.152  -34.364 0.3000000119
29711  29.444  -52.054  -35.509 0.3000000119
29712  28.879  -51.535  -36.055 0.3000000119
29720  28.128  -51.466  -36.633 0.4000000060
31569  27.343  -49.916  -36.650 0.4000000060
29721  27.450  -51.407  -37.038 0.3000000119
127907  26.830  -50.695  -37.160 0.3000000119
30652  25.302  -50.978  -37.622 0.3000000119
30654  24.101  -50.149  -37.851 0.4000000060
30666  23.637  -50.023  -38.264 0.4000000060
31595  23.846  -49.324  -38.217 0.4000000060
30635  28.524  -50.703  -36.390 0.4000000060
31556  26.983  -49.110  -36.281 0.4000000060
31570  26.427  -49.665  -36.785 0.4000000060
31571  25.576  -49.335  -36.835 0.3000000119
31585  24.490  -49.562  -37.474 0.4000000060
31573  24.359  -48.786  -37.298 0.4000000060
32621  23.918  -47.486  -37.210 0.4000000060
31586  23.972  -49.420  -37.853 0.4000000060
32634  24.034  -47.708  -37.713 0.4000000060
32617  26.115  -48.832  -36.371 0.4000000060
32618  25.341  -48.553  -36.473 0.5000000000
32619  24.697  -48.282  -36.676 0.4000000060
33676  24.011  -47.132  -36.694 0.4000000060
135067  24.143  -47.782  -38.079 0.3000000119
34712  23.365  -46.279  -37.295 0.3000000119
133969  30.513  -57.497  -41.303 0.6999999881
23722  33.198  -57.563  -37.927 0.8000000119
23750  28.574  -56.939  -41.177 0.6000000238
24660  31.184  -56.640  -39.155 0.6999999881
24680  30.045  -56.677  -40.242 0.6999999881
25746  26.781  -55.914  -43.400 0.6000000238
23689  31.317  -57.227  -34.287 0.4000000060
24588  31.010  -56.628  -34.931 0.4000000060
119038  30.812  -56.109  -37.080 0.6999999881
24642  29.834  -55.809  -38.069 0.6999999881
24682  28.308  -56.605  -40.523 0.6999999881
22773  29.819  -57.791  -32.650 0.5000000000
25675  28.449  -55.678  -38.555 0.5000000000
24630  28.692  -55.778  -36.100 0.4000000060
132722  26.289  -55.613  -39.511 0.6000000238
25706  25.060  -55.010  -40.880 0.5000000000
26727  25.202  -54.511  -40.378 0.6000000238
27749  27.661  -53.554  -35.640 0.3000000119
121182  25.581  -53.390  -37.818 0.4000000060
121521  29.752  -55.655  -30.052 0.4000000060
132420  26.059  -51.121  -37.453 0.3000000119
30637  25.721  -50.254  -37.237 0.3000000119
31572  24.890  -49.048  -36.967 0.3000000119
126043  33.295  -64.985  -38.166 0.6000000238
15814  33.690  -65.592  -38.798 0.6000000238
15828  35.160  -65.653  -40.144 0.6000000238
17792  35.537  -63.887  -40.214 0.6000000238
14795  31.418  -67.139  -38.019 0.5000000000
15801  32.895  -65.833  -38.192 0.6000000238
17739  33.611  -63.477  -37.393 0.6999999881
136904  33.516  -64.429  -38.198 0.6999999881
14794  32.351  -66.779  -38.229 0.6000000238
18817  34.316  -63.053  -39.003 0.6000000238
17774  34.164  -63.910  -39.086 0.6000000238
17794  34.507  -63.219  -39.602 0.6000000238
18835  34.691  -62.618  -40.138 0.6000000238
18834  35.074  -62.878  -40.319 0.6000000238
19956  34.808  -61.624  -41.447 0.6000000238
20957  35.428  -60.728  -42.513 0.6999999881
15788  31.393  -65.871  -37.215 0.6000000238
17723  33.336  -63.258  -36.584 0.6999999881
14788  31.665  -66.504  -37.646 0.5000000000
16781  32.522  -64.584  -36.849 0.6999999881
16796  32.678  -65.169  -37.532 0.6999999881
18802  34.152  -62.821  -38.124 0.6999999881
19912  34.501  -62.048  -38.927 0.6999999881
18836  34.586  -62.183  -39.803 0.5000000000
18853  34.756  -62.048  -40.725 0.6000000238
19976  34.466  -60.897  -41.984 0.6000000238
20958  34.776  -60.411  -42.654 0.6999999881
20978  34.135  -59.739  -43.046 0.6999999881
20976  35.542  -60.034  -43.179 0.6999999881
21927  34.862  -59.193  -44.220 0.6999999881
24729  38.793  -56.312  -45.210 0.4000000060
116806  36.278  -56.697  -45.753 0.5000000000
23807  35.669  -57.867  -46.207 0.6000000238
22918  35.654  -58.255  -46.183 0.6000000238
21952  35.052  -58.778  -44.913 0.6999999881
16783  29.799  -64.047  -37.193 0.5000000000
16765  31.029  -64.387  -36.446 0.5000000000
18775  32.795  -63.179  -35.910 0.6000000238
15775  30.463  -64.782  -36.929 0.5000000000
18774  33.427  -62.632  -36.274 0.6999999881
16764  31.755  -64.559  -36.527 0.5000000000
15774  31.179  -65.111  -36.859 0.6000000238
19900  34.137  -61.354  -37.103 0.6999999881
18786  33.887  -62.465  -37.094 0.6999999881
117805  34.389  -61.751  -37.978 0.6999999881
134916  34.251  -61.033  -39.842 0.6999999881
18854  34.559  -61.865  -40.513 0.6000000238
130620  33.852  -60.376  -41.930 0.6000000238
124409  33.547  -59.368  -43.436 0.6999999881
21909  34.094  -59.184  -43.920 0.6999999881
123476  34.345  -58.777  -44.674 0.6999999881
22902  34.520  -58.231  -45.321 0.6000000238
125173  33.855  -58.133  -45.205 0.6000000238
18766  29.895  -62.669  -35.318 0.5000000000
18788  29.044  -62.220  -37.650 0.4000000060
17712  31.134  -63.302  -35.592 0.5000000000
17713  30.391  -63.031  -35.836 0.5000000000
17726  30.777  -63.701  -36.082 0.5000000000
18763  32.321  -62.666  -35.264 0.6000000238
17711  31.939  -63.388  -35.587 0.6000000238
20883  33.932  -60.017  -36.484 0.6999999881
18762  33.105  -62.287  -35.645 0.6000000238
20895  34.218  -60.422  -37.087 0.6999999881
19899  34.452  -60.719  -37.877 0.6999999881
20927  33.920  -59.935  -40.106 0.6999999881
125069  33.845  -60.288  -40.710 0.6999999881
19935  34.209  -61.188  -40.625 0.6999999881
20938  33.073  -59.732  -41.924 0.6999999881
20960  33.436  -59.688  -42.660 0.6999999881
21910  32.886  -59.193  -43.474 0.8000000119
21928  33.666  -58.760  -44.592 0.6999999881
24749  35.008  -57.108  -45.185 0.5000000000
23796  34.479  -57.863  -45.337 0.6000000238
22903  33.057  -58.178  -45.254 0.6000000238
118737  28.906  -62.307  -36.424 0.4000000060
18751  30.987  -62.533  -34.578 0.6000000238
18764  31.467  -62.825  -35.119 0.6000000238
18750  31.875  -62.237  -34.580 0.6000000238
20856  33.079  -60.446  -35.125 0.6000000238
21804  33.619  -59.507  -36.005 0.6000000238
21829  34.137  -59.086  -37.468 0.6999999881
21828  34.365  -59.824  -37.745 0.6999999881
124541  33.967  -59.364  -39.354 0.6999999881
20918  34.314  -60.245  -39.392 0.6999999881
21862  32.691  -58.540  -40.288 0.8000000119
21876  33.415  -59.209  -40.194 0.8000000119
21884  32.712  -59.308  -41.477 0.6000000238
21894  32.574  -59.289  -42.710 0.6000000238
22882  31.820  -58.546  -45.198 0.8000000119
22881  32.877  -58.532  -44.957 0.6999999881
25757  35.681  -56.145  -44.461 0.5000000000
136276  34.532  -56.657  -44.714 0.6000000238
23798  32.405  -57.953  -45.502 0.6999999881
25759  34.498  -55.946  -44.324 0.6000000238
119077  29.321  -62.579  -34.535 0.5000000000
118018  28.463  -62.503  -34.847 0.4000000060
18755  26.919  -62.681  -34.661 0.4000000060
18736  31.299  -62.130  -33.938 0.5000000000
18752  30.195  -62.618  -34.606 0.5000000000
19870  32.370  -61.532  -34.338 0.6000000238
20857  32.768  -60.464  -34.518 0.6000000238
22790  33.295  -58.961  -35.570 0.6000000238
22802  33.841  -58.475  -36.981 0.6999999881
22822  33.579  -58.569  -38.925 0.8000000119
22823  32.934  -58.144  -39.452 0.8000000119
22852  31.298  -57.968  -41.397 0.6000000238
22860  31.409  -58.525  -42.231 0.6000000238
22870  31.226  -58.639  -43.354 0.6999999881
22883  30.808  -58.616  -45.263 0.6999999881
24753  30.912  -57.437  -45.858 0.6999999881
24750  33.757  -56.687  -44.651 0.6000000238
24733  32.055  -56.681  -44.762 0.6000000238
25750  33.838  -55.653  -44.094 0.6000000238
25751  32.241  -55.984  -43.882 0.6000000238
18720  30.409  -62.061  -32.574 0.5000000000
18739  29.181  -62.673  -33.472 0.5000000000
18754  27.752  -62.740  -34.200 0.5000000000
18741  26.944  -62.983  -33.772 0.5000000000
19839  31.586  -60.942  -32.606 0.5000000000
18737  30.872  -62.099  -33.239 0.5000000000
21781  32.517  -60.027  -33.941 0.6000000238
22840  31.890  -57.952  -40.647 0.6999999881
22861  29.751  -58.209  -43.174 0.6000000238
22871  29.593  -58.618  -44.241 0.6000000238
22906  30.137  -58.381  -45.759 0.6999999881
22885  28.889  -58.572  -44.867 0.6000000238
131146  30.069  -57.408  -45.732 0.6000000238
24734  31.321  -56.885  -45.273 0.6999999881
124571  34.512  -55.244  -43.925 0.5000000000
25740  32.381  -55.480  -43.158 0.4000000060
139953  30.628  -61.545  -32.080 0.5000000000
18722  28.615  -62.799  -32.511 0.5000000000
18723  27.720  -63.019  -32.112 0.5000000000
17690  26.170  -63.297  -32.442 0.5000000000
118154  25.121  -63.653  -32.938 0.5000000000
17693  23.838  -64.105  -33.130 0.5000000000
23768  28.953  -57.882  -42.911 0.6000000238
22886  27.888  -58.182  -44.523 0.6000000238
24755  28.633  -57.601  -45.229 0.4000000060
24735  29.733  -56.730  -44.980 0.5000000000
25753  30.242  -56.225  -44.253 0.4000000060
25741  31.544  -55.792  -43.362 0.4000000060
25752  31.251  -56.300  -44.302 0.5000000000
18700  28.385  -62.654  -31.483 0.5000000000
18701  27.512  -62.837  -31.173 0.5000000000
17648  25.878  -63.199  -31.516 0.5000000000
134874  25.251  -63.355  -31.545 0.5000000000
17649  24.671  -63.485  -31.565 0.5000000000
17674  22.493  -63.831  -32.361 0.4000000060
17675  21.549  -63.737  -32.377 0.5000000000
17676  20.672  -63.649  -32.427 0.4000000060
126108  19.925  -63.677  -32.403 0.4000000060
16705  19.710  -64.795  -32.420 0.4000000060
125511  27.255  -57.689  -44.396 0.6000000238
25755  28.282  -56.234  -44.313 0.4000000060
25754  29.298  -56.153  -44.265 0.4000000060
25742  30.686  -55.891  -43.492 0.4000000060
18683  28.177  -62.494  -30.570 0.5000000000
18684  27.285  -62.685  -30.133 0.4000000060
126656  25.825  -62.953  -30.718 0.4000000060
18702  25.080  -63.145  -30.909 0.5000000000
18688  23.533  -62.688  -30.293 0.4000000060
17651  22.886  -63.537  -31.586 0.5000000000
121460  22.840  -62.606  -30.499 0.4000000060
19831  21.264  -61.689  -30.839 0.5000000000
18705  21.592  -62.568  -31.057 0.5000000000
133391  20.675  -61.683  -31.160 0.3000000119
18707  19.690  -61.842  -31.806 0.3000000119
19843  19.239  -61.481  -32.571 0.3000000119
25745  27.790  -55.671  -43.692 0.4000000060
18668  28.036  -62.299  -29.748 0.5000000000
18669  27.431  -62.362  -29.383 0.5000000000
18685  26.246  -62.804  -30.052 0.4000000060
20791  28.582  -60.831  -29.258 0.4000000060
19798  27.855  -61.979  -29.067 0.4000000060
18652  27.144  -62.149  -28.730 0.4000000060
19782  24.911  -61.503  -28.128 0.4000000060
21732  28.657  -59.888  -29.014 0.4000000060
19779  27.584  -61.486  -28.463 0.4000000060
19780  26.754  -61.659  -28.058 0.4000000060
21718  28.225  -59.815  -28.240 0.4000000060
20752  25.804  -60.250  -27.233 0.4000000060
21704  24.994  -60.086  -27.551 0.4000000060
20792  24.024  -60.419  -28.777 0.4000000060
20750  27.612  -60.056  -27.735 0.4000000060
22722  28.867  -59.001  -29.263 0.3000000119
136289  25.457  -59.616  -27.237 0.4000000060
22708  24.890  -59.227  -27.705 0.4000000060
22709  24.258  -58.700  -28.600 0.4000000060
135954  28.769  -58.327  -28.593 0.4000000060
22723  23.641  -58.665  -29.616 0.4000000060
125318  23.385  -57.982  -29.967 0.4000000060
23615  28.848  -57.463  -28.289 0.3000000119
22695  27.578  -58.539  -27.276 0.4000000060
22696  26.554  -58.763  -27.008 0.4000000060
23604  25.883  -58.106  -27.172 0.4000000060
23616  25.016  -58.324  -27.747 0.4000000060
23629  23.793  -57.856  -29.207 0.4000000060
23617  24.469  -57.650  -28.407 0.3000000119
23767  29.619  -57.767  -42.398 0.6000000238
19853  32.184  -61.297  -33.739 0.5000000000
22873  27.547  -58.126  -43.909 0.6000000238
25744  28.803  -55.591  -43.662 0.4000000060
16827  34.884  -64.942  -39.680 0.6000000238
20977  34.802  -59.662  -43.441 0.6999999881
116173  33.244  -58.994  -44.164 0.6999999881
24731  36.948  -56.443  -45.401 0.5000000000
24747  36.227  -56.445  -45.012 0.5000000000
23806  36.280  -57.357  -46.440 0.5000000000
24748  35.702  -56.609  -45.152 0.4000000060
24764  35.196  -57.707  -45.686 0.6000000238
17727  30.009  -63.241  -36.554 0.5000000000
134295  33.484  -59.659  -40.653 0.6999999881
23797  33.476  -57.759  -45.130 0.6000000238
119356  33.286  -61.251  -35.553 0.6000000238
21911  32.095  -58.929  -43.507 0.8000000119
22904  32.164  -58.197  -45.571 0.6999999881
132716  28.415  -62.326  -35.627 0.4000000060
21885  32.142  -58.681  -41.272 0.6000000238
129170  31.906  -58.894  -42.741 0.6000000238
23800  30.481  -57.961  -46.146 0.6999999881
23799  31.738  -58.018  -45.974 0.6999999881
25749  35.102  -55.478  -44.035 0.5000000000
25748  35.608  -55.652  -43.888 0.5000000000
24752  31.734  -57.561  -45.646 0.6999999881
24751  32.727  -57.265  -45.002 0.6000000238
22853  30.482  -57.919  -42.165 0.6999999881
136249  30.364  -58.511  -43.574 0.6999999881
128624  30.545  -58.682  -44.357 0.6999999881
131159  30.600  -56.773  -45.148 0.6000000238
24732  32.966  -56.261  -44.309 0.6000000238
25739  33.155  -55.382  -43.639 0.6000000238
18721  29.598  -62.441  -32.564 0.5000000000
126530  27.565  -63.005  -33.414 0.5000000000
118135  26.259  -63.245  -33.317 0.4000000060
22872  28.519  -58.404  -43.919 0.6000000238
24754  29.330  -57.377  -45.414 0.6000000238
16704  20.420  -64.396  -32.865 0.3000000119
24736  28.847  -56.837  -44.864 0.5000000000
25734  30.053  -55.395  -42.671 0.4000000060
17642  24.113  -63.226  -30.848 0.5000000000
18706  20.303  -62.244  -31.503 0.4000000060
18726  18.998  -62.450  -32.052 0.4000000060
21701  27.970  -59.305  -27.714 0.4000000060
21702  27.141  -59.423  -27.262 0.4000000060
14862  42.858  -66.428  -46.223 0.3000000119
14861  43.841  -66.371  -46.591 0.3000000119
129687  41.555  -59.504  -43.913 0.4000000060
139836  43.342  -58.451  -46.585 0.4000000060
20985  43.830  -60.518  -44.505 0.4000000060
21943  44.324  -59.957  -45.502 0.4000000060
21946  40.489  -58.630  -45.476 0.4000000060
129789  40.123  -58.941  -44.518 0.4000000060
21906  39.820  -59.432  -43.603 0.4000000060
21907  38.846  -59.460  -43.633 0.5000000000
20954  38.794  -60.255  -42.179 0.5000000000
20973  38.436  -59.821  -42.859 0.5000000000
22911  42.250  -58.078  -46.853 0.4000000060
21945  42.079  -58.500  -45.925 0.5000000000
21921  41.103  -59.011  -44.615 0.5000000000
19952  38.670  -61.263  -41.268 0.5000000000
130895  42.986  -57.978  -47.017 0.5000000000
21944  42.957  -58.862  -45.909 0.5000000000
23802  43.396  -57.593  -46.662 0.5000000000
21963  43.893  -59.057  -46.326 0.4000000060
21962  44.702  -59.254  -46.338 0.4000000060
20984  44.701  -60.818  -44.880 0.4000000060
19990  45.622  -61.210  -45.241 0.4000000060
129804  46.211  -61.937  -45.333 0.3000000119
17862  46.262  -63.691  -45.739 0.4000000060
23810  40.129  -57.479  -47.387 0.4000000060
22914  39.298  -58.399  -47.191 0.4000000060
22915  38.398  -58.703  -47.320 0.4000000060
24766  40.564  -56.864  -46.979 0.4000000060
22919  40.388  -57.902  -47.192 0.4000000060
22920  39.740  -58.087  -47.553 0.4000000060
22897  38.867  -58.676  -46.423 0.4000000060
21948  38.517  -58.845  -45.447 0.5000000000
21923  38.269  -59.175  -44.568 0.5000000000
24765  41.231  -57.052  -46.647 0.4000000060
22912  41.186  -57.908  -46.716 0.4000000060
118943  41.400  -58.685  -45.443 0.4000000060
131212  37.817  -59.040  -45.382 0.5000000000
21908  37.958  -59.518  -43.765 0.5000000000
20955  37.929  -60.339  -42.168 0.5000000000
127288  37.009  -60.197  -42.814 0.6000000238
20956  36.181  -60.517  -42.609 0.6000000238
128705  37.358  -62.310  -40.807 0.6000000238
136054  35.524  -59.197  -44.505 0.6000000238
20987  35.915  -59.540  -43.943 0.6000000238
19954  36.602  -61.636  -41.180 0.5000000000
21961  45.458  -59.296  -46.184 0.4000000060
18852  35.279  -62.288  -40.827 0.5000000000
115821  46.292  -61.226  -45.312 0.4000000060
18897  46.413  -62.835  -45.286 0.4000000060
22922  37.950  -58.407  -47.894 0.4000000060
22916  37.099  -58.371  -47.614 0.5000000000
21949  37.229  -59.063  -45.618 0.5000000000
21950  36.521  -58.964  -45.543 0.5000000000
20974  37.094  -59.622  -43.818 0.5000000000
22900  36.070  -58.552  -46.051 0.5000000000
20975  36.360  -59.897  -43.411 0.6000000238
21951  35.770  -58.858  -45.253 0.6000000238
21926  36.173  -59.247  -44.735 0.6000000238
14870  42.187  -66.758  -46.824 0.3000000119
137343  44.047  -65.672  -45.278 0.3000000119
16855  46.388  -64.312  -44.149 0.3000000119
24744  39.924  -56.123  -46.310 0.4000000060
24760  39.467  -55.966  -46.947 0.4000000060
24768  38.928  -56.568  -47.669 0.4000000060
23812  38.425  -57.673  -48.090 0.4000000060
123531  37.521  -56.475  -46.893 0.4000000060
22917  36.308  -58.142  -46.796 0.5000000000
23805  36.980  -57.387  -47.283 0.4000000060
19974  35.887  -61.172  -41.955 0.6000000238
18851  36.284  -62.384  -40.770 0.5000000000
24769  37.899  -56.868  -47.618 0.4000000060
21947  39.470  -58.690  -45.451 0.4000000060
19953  38.002  -61.000  -41.351 0.5000000000
137991  46.999  -63.483  -43.861 0.3000000119
23811  39.396  -57.544  -47.913 0.4000000060
22898  37.864  -58.904  -46.391 0.5000000000
21924  37.506  -59.302  -44.690 0.5000000000
21925  36.828  -59.326  -44.800 0.6000000238
29735  25.109  -51.602  -37.933 0.3000000119
13813  31.044  -67.459  -38.689 0.5000000000
14789  30.884  -66.545  -37.468 0.5000000000
15787  32.180  -65.932  -37.585 0.5000000000
16766  30.447  -64.025  -36.619 0.5000000000
16780  33.239  -64.376  -37.553 0.6999999881
16782  31.950  -65.234  -37.039 0.6000000238
16811  34.246  -64.805  -39.181 0.6000000238
16812  33.762  -64.571  -38.652 0.6000000238
16826  35.515  -64.852  -40.132 0.6000000238
17650  23.790  -63.597  -31.572 0.5000000000
17652  21.968  -63.339  -31.612 0.5000000000
17653  20.984  -62.994  -31.648 0.4000000060
17671  25.318  -63.481  -32.197 0.5000000000
17672  24.405  -63.773  -32.435 0.5000000000
17673  23.403  -63.873  -32.342 0.4000000060
17724  32.377  -63.978  -36.161 0.5000000000
17725  31.509  -63.951  -35.978 0.6000000238
17740  33.055  -63.961  -36.715 0.6999999881
17758  33.803  -63.817  -38.324 0.6999999881
17793  34.830  -63.483  -39.959 0.6000000238
17824  46.778  -63.773  -43.769 0.3000000119
18670  26.687  -62.518  -29.320 0.4000000060
18672  23.780  -62.233  -29.538 0.4000000060
18686  25.307  -62.766  -30.081 0.4000000060
18689  22.158  -62.050  -30.474 0.4000000060
18699  29.245  -62.352  -31.710 0.6000000238
18703  23.256  -63.175  -30.916 0.5000000000
18704  22.428  -62.946  -30.963 0.5000000000
18724  26.834  -63.147  -31.831 0.5000000000
18725  19.653  -62.775  -31.970 0.4000000060
18738  30.080  -62.450  -33.282 0.5000000000
18740  27.859  -63.092  -32.853 0.5000000000
18753  28.583  -62.697  -34.088 0.4000000060
18765  30.665  -62.816  -35.193 0.6000000238
18776  29.668  -62.654  -36.121 0.5000000000
18787  29.386  -62.563  -36.926 0.4000000060
18850  38.261  -61.838  -41.037 0.5000000000
19778  28.151  -61.356  -28.914 0.4000000060
19781  25.795  -61.656  -27.933 0.4000000060
19797  28.407  -61.649  -29.489 0.4000000060
19815  28.681  -61.975  -30.140 0.5000000000
19830  28.938  -62.161  -30.884 0.5000000000
19832  20.269  -61.469  -31.417 0.3000000119
19841  30.032  -61.925  -31.892 0.5000000000
19854  31.642  -61.543  -33.287 0.5000000000
19855  31.083  -61.559  -32.575 0.5000000000
19869  32.834  -61.086  -34.744 0.6000000238
19871  31.898  -61.767  -33.964 0.6000000238
19881  32.647  -61.847  -35.018 0.6000000238
19887  33.835  -60.869  -36.373 0.6999999881
19911  34.525  -60.977  -38.796 0.6999999881
19955  35.543  -61.778  -41.404 0.5000000000
19957  34.316  -61.229  -41.263 0.6000000238
19973  37.000  -60.861  -41.788 0.6000000238
19975  35.049  -61.258  -42.116 0.6999999881
20001  46.710  -62.083  -45.085 0.4000000060
20751  26.724  -60.207  -27.326 0.4000000060
20771  28.090  -60.632  -28.445 0.4000000060
20772  27.218  -60.859  -27.853 0.4000000060
20773  26.272  -60.962  -27.547 0.4000000060
20774  25.326  -60.904  -27.575 0.4000000060
20775  24.594  -60.669  -28.081 0.4000000060
20807  28.921  -61.170  -29.936 0.5000000000
20817  30.615  -60.302  -31.583 0.6000000238
20821  20.817  -60.973  -31.082 0.3000000119
20831  31.789  -60.325  -32.731 0.6999999881
20832  31.283  -60.325  -32.237 0.6999999881
20841  32.158  -60.720  -33.273 0.5000000000
20871  33.518  -60.302  -35.809 0.6000000238
20907  34.449  -60.000  -38.608 0.6999999881
20928  33.318  -59.740  -41.199 0.6999999881
20936  38.683  -60.717  -41.609 0.5000000000
20937  33.811  -60.378  -41.328 0.6999999881
20959  34.119  -60.246  -42.422 0.6000000238
20986  36.476  -59.507  -44.143 0.6000000238
20988  35.343  -59.511  -43.829 0.6000000238
21003  45.226  -60.080  -45.705 0.4000000060
21703  26.220  -59.560  -27.049 0.4000000060
21719  24.428  -59.757  -28.324 0.4000000060
21733  23.868  -59.519  -29.186 0.4000000060
21745  29.523  -60.648  -30.486 0.5000000000
21769  31.532  -59.663  -32.616 0.5000000000
21782  32.094  -59.834  -33.148 0.6999999881
21792  33.202  -59.705  -35.369 0.6000000238
21793  32.831  -59.856  -34.722 0.6000000238
21815  33.952  -59.258  -36.687 0.6999999881
21844  34.147  -59.147  -38.356 0.8000000119
21861  33.349  -58.740  -39.664 0.8000000119
21895  32.271  -59.082  -42.049 0.6000000238
21919  43.374  -59.692  -45.165 0.4000000060
21922  39.144  -59.007  -44.501 0.5000000000
21929  32.416  -58.832  -44.350 0.8000000119
21930  31.498  -58.733  -44.403 0.6999999881
21953  33.835  -58.378  -45.046 0.6999999881
21964  42.661  -58.267  -46.483 0.5000000000
21965  41.923  -58.116  -46.463 0.4000000060
22694  28.330  -58.698  -27.829 0.4000000060
22697  25.612  -58.928  -27.188 0.4000000060
22737  29.092  -58.819  -30.137 0.4000000060
22761  30.311  -58.631  -32.287 0.5000000000
22791  32.908  -58.310  -35.179 0.6999999881
22797  33.631  -58.759  -36.221 0.6999999881
22810  33.144  -57.840  -38.660 0.8999999762
22824  32.244  -57.783  -39.897 0.8000000119
22874  27.163  -57.888  -44.073 0.6000000238
22884  29.820  -58.719  -45.114 0.6999999881
22895  41.028  -58.295  -46.297 0.4000000060
22896  39.866  -58.437  -46.384 0.4000000060
22899  36.944  -58.744  -46.594 0.5000000000
22901  35.230  -58.434  -45.579 0.6000000238
22905  31.190  -58.211  -45.898 0.6999999881
22907  29.332  -58.441  -45.448 0.6000000238
22908  28.605  -58.199  -45.259 0.6000000238
22910  43.128  -57.983  -46.800 0.5000000000
22913  40.190  -58.097  -46.957 0.4000000060
22921  38.894  -58.296  -47.834 0.4000000060
23601  28.350  -57.988  -27.638 0.3000000119
23603  26.807  -57.918  -26.978 0.4000000060
23628  29.076  -57.590  -29.256 0.4000000060
23664  29.318  -57.395  -32.347 0.5000000000
23675  31.575  -57.747  -33.894 0.4000000060
23688  32.400  -57.862  -34.635 0.6999999881
23690  30.469  -56.976  -34.161 0.4000000060
23699  33.306  -58.345  -35.810 0.6999999881
23701  31.981  -57.109  -34.917 0.5000000000
23715  33.449  -57.685  -37.190 0.8000000119
23723  32.641  -57.176  -38.340 0.8000000119
23733  31.753  -57.179  -39.557 0.8000000119
23747  31.147  -57.483  -40.712 0.6999999881
23779  26.911  -57.692  -43.618 0.6999999881
23787  27.837  -57.689  -44.816 0.6000000238
23801  29.454  -57.983  -45.787 0.6000000238
23803  42.637  -57.407  -46.581 0.5000000000
23804  41.729  -57.468  -46.622 0.4000000060
23808  35.138  -58.110  -45.740 0.6000000238
23809  40.845  -57.498  -46.940 0.4000000060
23813  37.532  -57.822  -48.077 0.4000000060
24518  29.438  -56.302  -29.603 0.4000000060
24531  29.263  -56.657  -30.426 0.4000000060
24542  29.150  -56.886  -31.206 0.4000000060
24590  29.069  -56.295  -34.523 0.3000000119
24592  27.804  -55.401  -34.399 0.4000000060
24610  30.873  -56.339  -35.726 0.5000000000
24612  28.403  -55.821  -35.273 0.3000000119
24626  32.333  -56.634  -36.477 0.8000000119
24627  31.394  -56.306  -36.568 0.6000000238
24639  32.036  -56.488  -37.178 0.8000000119
24641  30.684  -56.084  -37.790 0.6999999881
24650  31.323  -56.432  -38.321 0.6999999881
24652  28.731  -55.832  -39.247 0.6000000238
24661  30.384  -56.414  -39.448 0.6999999881
24681  29.123  -56.584  -40.436 0.6999999881
24700  25.506  -55.938  -41.830 0.6000000238
24737  27.944  -56.971  -44.770 0.4000000060
24738  27.058  -57.192  -44.489 0.6000000238
24739  26.458  -56.802  -43.975 0.6999999881
24745  39.104  -56.028  -46.142 0.4000000060
24759  40.250  -56.266  -46.809 0.4000000060
24761  38.408  -56.017  -46.806 0.4000000060
24762  36.880  -56.622  -46.403 0.5000000000
24763  35.689  -57.239  -45.771 0.6000000238
24767  39.831  -56.667  -47.352 0.4000000060
25579  29.533  -55.657  -30.935 0.4000000060
25580  29.196  -56.198  -31.113 0.4000000060
25594  28.864  -56.293  -31.837 0.4000000060
25604  28.968  -55.226  -32.188 0.4000000060
25605  28.613  -55.668  -32.431 0.4000000060
25619  27.377  -55.131  -34.932 0.3000000119
25657  28.999  -55.649  -38.044 0.5000000000
25659  27.365  -55.472  -37.297 0.4000000060
25723  25.067  -55.568  -41.435 0.6000000238
25733  30.904  -55.602  -42.696 0.4000000060
25736  25.405  -55.300  -42.235 0.5000000000
25743  29.811  -55.722  -43.453 0.4000000060
25758  35.132  -56.270  -44.635 0.6000000238
26630  30.670  -54.658  -31.237 0.3000000119
26661  29.910  -54.279  -33.048 0.3000000119
26662  28.937  -54.544  -33.227 0.4000000060
26664  27.881  -55.129  -33.850 0.3000000119
26679  27.036  -54.853  -35.586 0.4000000060
26680  26.631  -54.522  -36.329 0.4000000060
26685  26.315  -54.780  -36.862 0.4000000060
26710  25.067  -53.842  -40.067 0.6000000238
26726  25.456  -55.009  -40.262 0.6000000238
26745  25.195  -54.287  -40.846 0.5000000000
26765  34.854  -54.776  -43.540 0.5000000000
26766  34.098  -54.845  -43.587 0.5000000000
27733  27.757  -54.055  -34.993 0.4000000060
27798  25.217  -53.847  -39.218 0.5000000000
27831  28.023  -53.090  -41.865 0.4000000060
27833  26.249  -53.260  -41.758 0.4000000060
27842  25.968  -53.946  -42.108 0.5000000000
28743  29.905  -52.585  -35.005 0.3000000119
28755  28.741  -52.452  -35.765 0.3000000119
28782  25.582  -52.579  -37.815 0.4000000060
28794  25.349  -52.950  -38.328 0.5000000000
28795  24.938  -52.546  -38.752 0.4000000060
29737  24.028  -50.657  -38.278 0.4000000060
29758  24.602  -51.859  -39.410 0.5000000000
29768  25.054  -51.765  -40.070 0.4000000060
30636  27.769  -50.708  -36.794 0.4000000060
30638  25.076  -49.699  -37.195 0.3000000119
30653  24.822  -50.265  -37.506 0.4000000060
31606  23.673  -49.876  -38.751 0.4000000060
32606  25.093  -47.797  -36.135 0.5000000000
32620  24.183  -47.954  -36.978 0.4000000060
32628  24.074  -48.464  -37.655 0.4000000060
32633  24.070  -48.479  -38.125 0.3000000119
33675  24.506  -47.503  -36.392 0.4000000060
33677  23.606  -46.735  -36.937 0.3000000119
33688  23.800  -46.945  -37.439 0.3000000119
33698  24.031  -47.142  -37.894 0.3000000119
34711  23.757  -46.446  -37.811 0.3000000119
116264  30.088  -56.228  -35.640 0.5000000000
117194  28.260  -62.891  -33.418 0.5000000000
118134  26.602  -62.946  -30.918 0.4000000060
118719  28.997  -60.246  -29.828 0.4000000060
119142  28.512  -59.177  -28.417 0.4000000060
120462  29.218  -56.995  -29.716 0.4000000060
121414  32.538  -60.879  -34.049 0.6000000238
121507  26.284  -56.388  -43.113 0.5000000000
121880  27.052  -63.172  -32.819 0.4000000060
122447  37.663  -59.851  -43.063 0.5000000000
122875  24.577  -50.826  -37.890 0.4000000060
123211  32.929  -59.207  -40.860 0.6000000238
123653  37.462  -61.493  -41.129 0.6000000238
123779  20.933  -62.236  -31.192 0.4000000060
126152  28.723  -56.344  -32.448 0.4000000060
127031  30.535  -62.419  -33.945 0.5000000000
127137  37.615  -58.745  -47.308 0.5000000000
127462  33.697  -61.840  -36.290 0.6000000238
129351  25.674  -63.438  -32.928 0.5000000000
130391  35.032  -64.250  -39.913 0.6000000238
130428  29.113  -62.478  -35.486 0.4000000060
130932  31.215  -57.900  -46.108 0.6999999881
133312  34.253  -57.277  -44.980 0.6000000238
133501  34.193  -59.716  -37.075 0.6999999881
135070  30.660  -58.352  -42.870 0.6000000238
135233  29.856  -62.583  -33.967 0.5000000000
135679  19.191  -63.701  -31.996 0.4000000060
135795  20.248  -63.043  -31.927 0.4000000060
135984  30.366  -55.668  -43.051 0.4000000060
136443  24.123  -51.115  -38.634 0.4000000060
136528  34.584  -58.480  -45.149 0.6999999881
136533  27.601  -55.009  -34.419 0.4000000060
138217  30.486  -56.408  -35.268 0.4000000060
138517  32.906  -63.643  -36.293 0.6999999881
138549  29.943  -55.970  -38.926 0.6000000238
139010  32.606  -59.342  -34.361 0.6000000238
139281  25.808  -55.501  -40.065 0.6000000238
139688  26.119  -54.190  -36.950 0.4000000060
