#!ascii label  , from subject sub-v1s1x0050645_ses-1 vox2ras=TkReg
1871
32500  31.891  -48.849  -28.120 0.8999999762
120878  32.342  -49.306  -28.769 0.8000000119
32513  32.818  -48.574  -29.227 0.8000000119
122905  32.759  -50.134  -30.163 0.6999999881
120550  32.664  -49.140  -31.447 0.8000000119
31426  31.212  -49.309  -27.882 0.8999999762
33558  32.950  -47.716  -28.885 1.0000000000
117187  33.048  -47.838  -29.857 1.0000000000
118919  32.980  -48.656  -30.156 0.8999999762
31476  32.870  -49.355  -30.584 0.8000000119
32567  32.272  -48.911  -32.220 0.8000000119
32553  32.581  -48.218  -31.674 0.8999999762
31518  32.418  -49.600  -31.974 0.8000000119
32568  31.724  -48.807  -32.909 0.6999999881
130208  31.425  -49.407  -33.290 0.6999999881
32482  30.368  -48.861  -27.732 0.8000000119
32481  31.358  -48.466  -27.717 0.8999999762
33531  31.537  -47.633  -27.541 0.8999999762
33533  29.761  -48.108  -27.709 0.8999999762
118193  28.294  -48.018  -28.634 0.8999999762
33547  33.090  -46.881  -28.551 0.8999999762
33557  33.264  -46.903  -29.544 1.0000000000
32528  32.936  -47.973  -30.792 0.8999999762
34630  32.835  -46.463  -31.154 1.0000000000
34641  32.410  -46.590  -31.881 0.8999999762
33610  32.242  -47.365  -32.202 0.8999999762
119225  32.014  -48.136  -32.552 0.8000000119
32586  30.329  -48.492  -34.134 0.6999999881
34574  32.386  -46.248  -27.379 0.8999999762
34575  31.567  -46.703  -27.315 0.8999999762
132490  30.006  -47.231  -27.539 0.8999999762
33534  29.191  -46.803  -27.956 0.8999999762
33550  28.068  -47.314  -29.033 0.8999999762
33530  32.219  -47.179  -27.612 0.8999999762
34587  32.785  -46.691  -27.869 0.8999999762
34618  33.186  -46.296  -30.355 1.0000000000
34652  31.341  -46.451  -33.122 0.8000000119
118959  30.998  -46.955  -33.435 0.8000000119
128091  30.013  -47.560  -34.064 0.8000000119
34668  29.302  -46.478  -34.114 0.8000000119
34669  28.608  -46.735  -34.436 0.8000000119
34670  27.858  -46.927  -34.765 0.8000000119
35573  30.361  -45.776  -27.263 0.8999999762
34588  28.465  -46.412  -28.687 0.8999999762
34589  27.621  -46.552  -29.280 0.8999999762
35563  32.266  -45.513  -26.992 0.8999999762
35583  28.511  -45.361  -28.636 0.8999999762
137753  27.518  -45.223  -29.221 0.8000000119
34598  26.735  -46.723  -29.539 0.8000000119
133315  32.974  -46.048  -27.665 0.8999999762
36611  27.237  -44.300  -28.701 0.6999999881
120176  26.112  -45.993  -29.373 0.6999999881
35597  25.245  -45.951  -29.501 0.6999999881
35582  33.475  -45.441  -28.520 0.8999999762
36625  24.979  -45.179  -29.226 0.6999999881
36626  24.217  -44.797  -29.340 0.6999999881
36624  33.588  -44.644  -28.926 1.0000000000
37661  23.972  -44.033  -28.893 0.6000000238
35595  33.491  -45.440  -29.339 1.0000000000
36642  32.897  -44.795  -30.620 1.0000000000
35613  32.840  -45.629  -30.908 1.0000000000
35628  31.965  -45.378  -32.087 1.0000000000
34642  31.897  -46.588  -32.537 0.8999999762
36657  32.342  -44.922  -31.430 1.0000000000
128560  31.490  -45.091  -32.447 0.8999999762
35641  31.031  -45.170  -32.934 0.8000000119
35657  31.033  -45.810  -33.212 0.8000000119
34654  29.984  -46.302  -33.806 0.8000000119
35660  28.858  -45.206  -33.947 0.8000000119
35678  28.730  -45.945  -34.222 0.8000000119
35679  27.997  -46.158  -34.551 0.8000000119
36711  28.133  -45.376  -34.296 0.8000000119
131131  27.265  -45.585  -34.642 0.8000000119
34566  31.165  -45.944  -27.084 0.8999999762
34578  29.111  -45.901  -28.065 0.8999999762
35565  30.828  -45.213  -26.889 0.8999999762
35566  30.137  -45.113  -27.195 0.8999999762
35575  29.026  -45.050  -27.955 0.8999999762
36604  28.182  -43.913  -27.974 0.8999999762
35572  32.800  -45.506  -27.362 0.8999999762
36612  26.450  -44.459  -28.805 0.6999999881
36610  33.529  -44.676  -28.084 0.8999999762
37652  25.635  -43.966  -28.470 0.6000000238
36614  24.816  -44.420  -28.825 0.6000000238
37649  33.635  -43.636  -28.417 1.0000000000
37662  23.228  -43.561  -29.260 0.5000000000
36641  33.357  -44.711  -29.812 1.0000000000
38654  22.959  -42.746  -29.025 0.5000000000
37673  33.024  -43.974  -30.273 1.0000000000
37680  32.464  -44.061  -31.019 1.0000000000
37681  31.816  -43.353  -31.355 1.0000000000
36658  31.719  -44.654  -32.017 1.0000000000
36673  31.139  -44.496  -32.515 0.8999999762
35658  30.267  -45.421  -33.471 0.8000000119
37709  30.078  -43.910  -33.165 0.8999999762
36690  29.822  -44.520  -33.459 0.8000000119
35659  29.490  -45.085  -33.687 0.8000000119
38705  29.137  -42.857  -33.292 0.8999999762
130855  28.741  -43.990  -33.802 0.8000000119
38706  28.324  -42.657  -33.422 0.8999999762
36693  27.540  -44.005  -34.169 0.8000000119
36713  26.162  -43.966  -34.582 0.8000000119
38722  25.954  -42.673  -34.164 0.8000000119
37735  25.546  -43.271  -34.541 0.8000000119
36603  28.852  -44.280  -27.690 0.8999999762
36593  32.153  -44.842  -26.712 0.8999999762
138523  31.532  -43.919  -26.473 0.8999999762
37643  27.854  -43.218  -27.649 0.6999999881
37651  26.575  -43.716  -28.275 0.8000000119
128542  33.227  -43.872  -27.101 0.8999999762
37631  32.695  -43.460  -26.640 0.8999999762
38644  25.365  -43.257  -28.031 0.6999999881
37653  24.642  -43.636  -28.383 0.6000000238
37654  23.738  -43.116  -28.472 0.6000000238
38635  25.319  -42.543  -27.625 0.6999999881
38645  24.557  -42.840  -27.962 0.6000000238
38637  23.865  -42.277  -27.958 0.5000000000
135764  33.515  -43.183  -29.196 1.0000000000
39600  23.183  -41.605  -28.085 0.5000000000
39601  22.460  -41.199  -28.691 0.5000000000
121515  33.196  -43.205  -29.915 1.0000000000
37674  32.547  -43.243  -30.618 1.0000000000
37682  31.016  -43.113  -31.886 1.0000000000
37693  30.628  -43.694  -32.568 0.8999999762
38666  31.902  -42.425  -30.809 1.0000000000
38678  31.306  -42.625  -31.392 0.8999999762
38690  29.567  -42.396  -32.683 0.8999999762
38680  29.981  -41.948  -32.067 0.8999999762
38691  28.805  -42.097  -32.973 0.8999999762
38707  27.506  -42.540  -33.557 0.8999999762
37713  27.119  -43.206  -33.978 0.8999999762
39647  29.224  -41.624  -32.370 0.8999999762
38692  27.971  -41.938  -33.094 0.8999999762
38708  26.628  -42.426  -33.790 0.8999999762
39650  26.920  -40.960  -33.047 0.8999999762
37633  30.919  -43.661  -26.434 0.8999999762
36596  29.533  -44.719  -27.353 0.8999999762
37642  28.587  -43.535  -27.371 0.8999999762
36597  29.350  -43.938  -27.055 0.8999999762
37636  28.276  -42.803  -27.029 1.0000000000
38629  27.372  -42.552  -27.138 0.8000000119
139393  31.139  -43.113  -26.262 0.8999999762
38634  26.656  -42.590  -27.416 0.6999999881
128522  33.500  -44.060  -27.663 0.8999999762
37630  33.217  -43.171  -27.031 0.8999999762
39591  26.030  -42.134  -27.317 0.6999999881
39592  24.691  -41.401  -27.043 0.6999999881
39593  23.922  -41.546  -27.460 0.5000000000
38652  33.598  -42.661  -28.687 1.0000000000
40477  22.730  -40.814  -27.891 0.5000000000
123005  22.078  -40.542  -28.440 0.5000000000
39607  33.407  -42.055  -28.957 1.0000000000
39608  32.802  -41.780  -29.565 1.0000000000
119791  32.716  -41.017  -29.332 1.0000000000
39618  32.202  -41.857  -30.239 1.0000000000
39619  31.543  -41.564  -30.564 1.0000000000
40506  31.240  -40.926  -30.338 1.0000000000
39609  32.025  -41.101  -29.945 1.0000000000
39620  30.788  -41.202  -30.814 0.8999999762
39639  29.619  -41.202  -31.725 0.8999999762
39640  28.839  -40.917  -31.978 0.8999999762
41595  24.059  -39.289  -37.462 0.6999999881
41596  23.134  -39.627  -37.234 0.8000000119
41597  22.580  -39.991  -36.887 0.8000000119
41583  22.323  -39.664  -36.396 0.8000000119
38624  32.295  -42.618  -26.286 0.8999999762
38617  30.877  -42.012  -25.765 1.0000000000
38618  29.974  -42.034  -25.860 1.0000000000
38620  28.491  -41.799  -26.194 1.0000000000
39583  27.973  -42.112  -26.566 0.6999999881
39584  27.097  -41.751  -26.561 0.6999999881
38633  33.417  -42.555  -27.263 0.8999999762
38623  33.031  -42.591  -26.689 0.8999999762
39585  25.641  -41.347  -26.816 0.6999999881
40467  24.038  -40.696  -27.057 0.6000000238
39598  33.637  -41.889  -28.290 1.0000000000
38643  33.660  -42.622  -27.935 0.8999999762
126307  33.330  -41.959  -26.849 0.8999999762
40469  22.339  -40.178  -27.619 0.4000000060
39599  33.308  -41.370  -28.829 1.0000000000
40490  31.378  -40.374  -29.944 1.0000000000
40507  30.561  -40.383  -30.453 1.0000000000
40491  30.839  -39.741  -29.942 1.0000000000
41555  23.295  -39.452  -34.231 0.8999999762
121989  26.760  -39.521  -36.676 0.6000000238
42567  25.030  -39.091  -37.571 0.6000000238
42568  24.341  -38.455  -37.270 0.8000000119
42570  22.320  -39.113  -36.928 0.8000000119
125096  22.449  -40.331  -35.992 0.8999999762
121355  23.468  -40.760  -34.806 0.8999999762
39581  32.777  -41.735  -26.285 0.8999999762
39582  31.827  -41.894  -25.860 0.8999999762
117125  27.865  -41.289  -26.089 0.8000000119
40460  26.447  -41.144  -26.452 0.6999999881
40461  25.856  -40.535  -26.350 0.6999999881
138146  24.392  -40.166  -26.812 0.6000000238
41447  22.034  -39.549  -27.145 0.4000000060
40475  33.588  -40.939  -28.022 1.0000000000
39590  33.550  -41.691  -27.472 0.8999999762
134006  33.228  -40.220  -28.205 1.0000000000
40476  33.065  -40.606  -28.755 1.0000000000
41470  32.014  -39.486  -29.204 1.0000000000
120599  31.503  -39.808  -29.604 1.0000000000
41471  31.182  -39.125  -29.549 1.0000000000
41472  30.491  -39.151  -29.964 1.0000000000
41543  24.451  -39.525  -33.589 0.8999999762
42512  23.834  -38.267  -33.268 0.8999999762
41544  23.696  -39.028  -33.699 0.8999999762
127886  22.080  -38.895  -35.326 0.8999999762
41556  22.678  -39.401  -34.852 0.8999999762
41568  27.937  -38.938  -35.177 0.6000000238
42552  27.345  -38.943  -36.146 0.6000000238
42553  26.544  -38.573  -36.862 0.6000000238
42554  25.478  -38.254  -37.131 0.8000000119
42555  23.639  -37.911  -36.857 0.8000000119
42557  22.054  -38.771  -36.052 0.8999999762
39575  30.317  -41.347  -25.544 0.8999999762
39576  29.511  -41.353  -25.656 0.8999999762
40452  28.270  -40.595  -25.609 0.6999999881
125835  29.826  -40.809  -25.369 0.8999999762
40451  29.115  -40.670  -25.442 0.8999999762
40454  26.619  -40.500  -26.005 0.6000000238
39580  33.372  -41.236  -26.732 1.0000000000
40459  32.907  -40.775  -26.190 1.0000000000
39573  32.191  -41.049  -25.701 1.0000000000
40455  26.128  -39.833  -25.925 0.6000000238
41438  25.360  -39.819  -26.270 0.6000000238
41440  23.502  -39.027  -26.520 0.5000000000
123026  33.518  -40.749  -27.191 1.0000000000
40458  33.325  -39.946  -26.879 1.0000000000
40466  33.382  -40.114  -27.583 1.0000000000
41454  33.103  -39.547  -28.070 1.0000000000
41455  32.534  -39.027  -28.604 1.0000000000
41456  31.860  -38.825  -29.170 1.0000000000
42440  31.311  -38.233  -29.391 1.0000000000
125770  30.579  -37.762  -29.749 1.0000000000
41473  29.868  -38.812  -30.203 1.0000000000
41490  29.312  -39.267  -30.587 1.0000000000
42472  28.199  -38.297  -30.994 1.0000000000
41492  27.925  -38.866  -31.268 1.0000000000
42488  27.397  -38.300  -31.491 1.0000000000
42489  26.889  -38.660  -31.932 0.8999999762
41513  27.391  -39.197  -31.738 0.8999999762
41530  24.696  -38.948  -33.202 0.8999999762
41545  22.758  -38.868  -34.161 0.8999999762
42541  22.202  -38.297  -35.112 0.8999999762
42527  29.525  -38.753  -33.864 0.6000000238
41554  28.610  -38.947  -34.366 0.6000000238
42540  27.506  -38.131  -35.709 0.6000000238
133145  26.977  -38.105  -36.394 0.6000000238
117648  24.613  -37.754  -36.955 0.8000000119
43574  23.252  -37.411  -36.263 0.8000000119
40450  30.533  -40.600  -25.272 0.8999999762
41430  28.673  -39.950  -25.188 0.6999999881
40453  27.407  -40.457  -25.755 0.6000000238
131926  26.877  -39.883  -25.668 0.6000000238
41426  32.383  -39.396  -25.501 0.8999999762
129324  25.591  -39.073  -25.785 0.6000000238
134568  24.941  -39.241  -26.181 0.5000000000
135941  33.277  -40.529  -26.646 1.0000000000
41443  33.319  -39.199  -27.318 1.0000000000
41436  33.258  -39.098  -26.530 0.8999999762
41444  33.050  -38.884  -27.971 1.0000000000
42427  32.826  -38.283  -28.255 1.0000000000
42439  32.177  -38.253  -28.890 1.0000000000
43483  31.818  -37.551  -29.129 1.0000000000
43498  31.170  -37.491  -29.471 1.0000000000
123096  30.730  -36.990  -29.687 1.0000000000
124373  30.004  -37.217  -30.025 1.0000000000
42471  29.024  -38.370  -30.466 1.0000000000
43520  27.794  -37.557  -31.204 1.0000000000
127461  26.577  -38.028  -31.918 1.0000000000
140087  24.922  -37.491  -32.690 0.8999999762
42503  24.817  -38.115  -32.934 0.8999999762
42513  22.935  -38.323  -33.707 0.8999999762
117520  22.236  -37.239  -34.174 0.8999999762
43552  29.228  -37.832  -33.981 0.6000000238
42539  28.102  -38.217  -34.865 0.6000000238
43570  27.116  -37.282  -36.343 0.6000000238
44563  26.756  -36.369  -36.608 0.6999999881
44564  25.774  -36.336  -36.802 0.6999999881
43573  24.224  -37.253  -36.541 0.6999999881
43575  22.403  -37.856  -35.740 0.8000000119
43563  22.311  -37.327  -34.850 0.8999999762
43550  30.829  -37.891  -33.769 0.6000000238
44565  24.539  -36.307  -36.669 0.6999999881
123039  23.751  -36.904  -36.285 0.8000000119
43562  22.920  -36.958  -35.708 0.8999999762
41431  27.324  -39.340  -25.421 0.6999999881
132006  26.498  -39.188  -25.576 0.6000000238
133271  31.546  -39.528  -25.148 0.8999999762
41428  30.689  -39.795  -24.977 0.8000000119
41410  29.040  -39.231  -24.830 0.6999999881
41425  33.004  -38.892  -25.878 0.8999999762
118114  32.511  -38.615  -25.388 0.8000000119
42419  33.389  -38.378  -26.891 1.0000000000
42406  33.221  -38.263  -26.248 0.8000000119
43467  33.395  -37.597  -27.234 0.8999999762
43459  33.380  -37.706  -26.622 0.8000000119
43468  33.116  -37.550  -27.941 1.0000000000
43482  32.533  -37.554  -28.592 1.0000000000
44473  32.208  -36.858  -28.965 1.0000000000
126873  31.468  -36.884  -29.378 1.0000000000
116069  31.032  -36.205  -29.606 1.0000000000
44496  28.786  -36.836  -30.575 1.0000000000
43508  28.519  -37.587  -30.721 1.0000000000
43521  26.984  -37.437  -31.560 1.0000000000
43531  25.392  -37.066  -32.374 0.8999999762
126919  24.541  -36.890  -32.685 0.8999999762
126115  22.534  -37.197  -33.787 0.8999999762
43561  27.875  -37.324  -35.522 0.6000000238
44548  21.941  -36.557  -34.507 0.8999999762
44532  31.136  -37.118  -33.605 0.6000000238
43539  30.492  -37.268  -33.508 0.6000000238
45553  25.352  -35.543  -36.835 0.6999999881
45555  23.604  -35.652  -36.559 0.6999999881
41411  28.105  -39.173  -25.123 0.6999999881
42409  27.010  -38.524  -25.296 0.6000000238
41408  30.916  -38.964  -24.792 0.8000000119
41409  29.982  -39.150  -24.734 0.8000000119
42389  28.532  -38.496  -24.814 0.6999999881
42390  27.788  -38.429  -25.071 0.6999999881
138039  32.711  -37.418  -25.386 0.6999999881
41427  31.820  -38.772  -25.007 0.8000000119
43445  33.212  -37.389  -26.002 0.6999999881
44449  33.481  -36.871  -26.747 0.6999999881
116873  33.352  -36.681  -27.625 0.8000000119
44472  33.177  -36.017  -28.265 0.8000000119
119648  32.879  -36.805  -28.382 0.8000000119
45450  32.894  -35.424  -28.744 0.8000000119
118924  32.581  -36.136  -28.851 0.8999999762
44485  31.857  -36.177  -29.310 0.8999999762
44486  30.224  -36.361  -29.927 1.0000000000
44487  29.467  -36.624  -30.257 1.0000000000
44509  27.402  -36.744  -31.318 1.0000000000
44510  26.604  -36.614  -31.670 1.0000000000
45473  28.982  -36.054  -30.530 1.0000000000
123925  28.448  -36.294  -30.806 1.0000000000
44511  25.856  -36.506  -32.087 1.0000000000
137280  25.529  -35.888  -32.103 1.0000000000
44524  25.066  -36.333  -32.385 0.8999999762
44525  24.098  -36.074  -32.687 0.8999999762
43533  23.624  -36.836  -33.028 0.8999999762
44535  22.822  -36.689  -33.463 0.8999999762
44546  29.671  -37.244  -33.698 0.6000000238
44547  28.919  -37.088  -34.297 0.6000000238
44556  27.563  -36.458  -35.985 0.6000000238
45544  27.086  -35.693  -36.167 0.6999999881
44537  21.373  -36.013  -34.084 0.8999999762
44557  22.083  -36.427  -35.269 0.8999999762
46476  25.163  -34.832  -36.513 0.6999999881
45554  24.469  -35.256  -36.721 0.6999999881
45556  22.736  -35.133  -36.281 0.8999999762
45546  21.154  -35.044  -35.128 0.8999999762
43429  30.516  -37.475  -24.486 0.6999999881
42388  29.357  -38.440  -24.609 0.6000000238
138137  28.144  -37.909  -24.877 0.6000000238
43449  26.475  -37.762  -25.405 0.6000000238
43447  32.239  -36.877  -24.942 0.6999999881
125701  29.884  -36.709  -24.464 0.6000000238
43446  32.844  -36.796  -25.484 0.6999999881
44436  33.255  -36.485  -26.037 0.6999999881
45423  33.484  -35.981  -26.588 0.6999999881
126537  33.120  -34.819  -28.634 0.8000000119
45460  32.246  -35.482  -29.196 0.8000000119
123270  31.947  -34.893  -29.394 0.8000000119
45461  31.470  -35.447  -29.515 0.8000000119
45463  29.660  -35.749  -30.176 1.0000000000
45462  30.521  -35.368  -29.820 0.8000000119
45475  27.690  -35.185  -30.987 1.0000000000
118609  27.863  -36.085  -31.071 1.0000000000
127541  26.177  -35.859  -31.808 1.0000000000
45476  26.923  -34.777  -31.243 1.0000000000
45489  26.353  -35.199  -31.546 1.0000000000
45490  25.558  -35.182  -31.826 1.0000000000
46412  24.240  -34.480  -31.935 1.0000000000
46427  24.098  -35.209  -32.351 1.0000000000
45504  23.211  -35.522  -32.817 0.8999999762
44555  28.323  -36.557  -35.065 0.6000000238
45516  22.183  -35.830  -33.488 0.8999999762
44533  30.779  -36.537  -33.350 0.6000000238
117338  29.076  -36.420  -34.177 0.6000000238
45543  27.810  -35.723  -35.513 0.6999999881
45517  21.324  -35.453  -33.859 0.8999999762
46466  27.204  -35.087  -35.553 0.6999999881
46477  24.467  -34.574  -36.435 0.6999999881
46471  21.930  -34.573  -35.826 0.8999999762
118081  28.200  -37.227  -24.826 0.5000000000
136172  30.757  -36.792  -24.483 0.6000000238
45411  32.250  -35.889  -24.918 0.6999999881
44419  31.450  -36.417  -24.602 0.6999999881
44437  32.864  -36.140  -25.479 0.6999999881
46345  33.543  -35.067  -26.547 0.6999999881
45409  33.248  -35.694  -25.944 0.6999999881
118787  33.629  -34.934  -27.546 0.6999999881
46370  33.428  -34.617  -28.253 0.6999999881
125539  32.592  -34.800  -29.057 0.8000000119
46382  32.111  -34.198  -29.344 0.8000000119
47267  31.308  -33.616  -29.535 0.8000000119
46383  31.224  -34.556  -29.624 0.8000000119
132611  30.885  -32.924  -29.472 0.8000000119
46384  30.378  -34.398  -29.851 0.8000000119
46385  29.157  -34.379  -30.239 0.8999999762
46397  28.367  -34.608  -30.551 1.0000000000
116363  29.767  -34.136  -30.008 0.8000000119
46386  28.704  -33.904  -30.261 0.8999999762
46398  27.518  -34.285  -30.770 1.0000000000
46399  26.756  -33.938  -30.959 1.0000000000
46411  26.030  -34.394  -31.361 1.0000000000
119076  23.624  -33.892  -31.821 1.0000000000
46428  23.293  -34.661  -32.391 0.8999999762
45505  22.568  -35.074  -32.990 0.8999999762
46441  21.812  -34.958  -33.463 0.8999999762
46429  22.377  -34.411  -32.767 0.8999999762
46442  21.254  -34.799  -33.842 0.8999999762
45529  29.316  -35.627  -33.931 0.6000000238
45530  28.498  -35.659  -34.719 0.6000000238
117470  25.839  -34.536  -35.819 0.6999999881
46470  22.959  -34.173  -36.122 0.8000000119
47355  21.565  -34.140  -35.111 0.8999999762
45515  30.274  -35.750  -33.394 0.6000000238
135978  26.595  -34.653  -35.475 0.6999999881
46468  24.953  -34.232  -35.933 0.6999999881
47354  22.307  -33.656  -35.574 0.8000000119
47327  21.507  -33.832  -33.758 0.8999999762
46469  24.026  -33.927  -36.064 0.6999999881
47343  21.570  -33.804  -34.455 0.8999999762
44420  30.576  -36.090  -24.504 0.5000000000
117861  29.130  -36.246  -24.537 0.5000000000
119122  31.821  -35.140  -24.831 0.6999999881
44421  29.738  -35.787  -24.498 0.5000000000
124293  32.450  -35.027  -25.223 0.6999999881
46328  33.368  -34.167  -26.134 0.6999999881
126533  33.132  -34.952  -25.729 0.6999999881
118786  33.674  -34.155  -27.000 0.6999999881
47256  33.466  -33.146  -28.118 0.6999999881
46371  33.056  -34.004  -28.770 0.6999999881
47266  32.246  -33.339  -29.197 0.8000000119
48226  31.600  -32.862  -29.379 0.8000000119
48227  30.236  -32.526  -29.556 0.8000000119
47269  28.615  -33.229  -30.028 0.8000000119
47270  27.883  -32.968  -30.162 0.8999999762
47281  27.313  -33.472  -30.512 1.0000000000
47298  25.395  -33.684  -31.215 1.0000000000
45491  25.083  -34.414  -31.615 1.0000000000
48228  29.319  -32.684  -29.686 0.8000000119
48229  28.444  -32.501  -29.812 0.8000000119
47282  26.563  -33.197  -30.604 0.8999999762
47284  24.870  -33.040  -30.996 1.0000000000
47299  24.513  -33.760  -31.463 1.0000000000
47283  25.744  -32.958  -30.728 0.8999999762
48260  23.874  -33.037  -31.266 1.0000000000
46413  22.851  -34.019  -32.161 1.0000000000
46414  22.178  -33.568  -32.442 1.0000000000
47313  21.599  -33.269  -32.972 0.8999999762
45531  27.888  -35.041  -34.952 0.6999999881
47301  21.843  -32.743  -32.330 0.8999999762
46454  28.657  -34.825  -34.212 0.6000000238
48291  21.560  -32.776  -33.280 0.8999999762
46455  27.147  -34.473  -34.846 0.6999999881
47351  25.416  -33.902  -35.284 0.6999999881
47341  24.890  -33.290  -34.795 0.6999999881
48324  22.696  -32.977  -35.037 0.6999999881
48307  22.267  -32.487  -34.395 0.8000000119
48323  23.525  -32.857  -34.920 0.6999999881
48309  21.576  -32.052  -33.370 0.8000000119
48292  21.436  -32.099  -32.929 0.8999999762
48306  23.026  -32.219  -34.478 0.6999999881
45390  31.285  -35.595  -24.624 0.6000000238
45391  30.434  -35.276  -24.540 0.5000000000
46329  32.687  -34.218  -25.465 0.6999999881
46330  31.840  -34.420  -25.033 0.5000000000
116316  33.588  -33.265  -26.557 0.6999999881
48208  33.675  -32.713  -27.337 0.6999999881
47231  33.326  -32.700  -26.043 0.6999999881
122696  33.547  -32.232  -28.007 0.6999999881
48217  33.192  -32.511  -28.575 0.6999999881
47257  32.883  -33.059  -28.781 0.6999999881
49219  33.203  -31.791  -28.611 0.6999999881
48225  32.415  -32.306  -29.158 0.6999999881
49229  31.162  -32.122  -29.493 0.8000000119
49230  30.169  -31.764  -29.588 0.8000000119
139173  28.833  -32.172  -29.642 0.8000000119
50166  29.781  -30.908  -29.753 0.8000000119
50167  28.787  -31.019  -29.658 0.8000000119
48230  27.698  -32.263  -29.856 0.8000000119
48244  26.376  -32.470  -30.296 0.8999999762
48246  24.511  -32.331  -30.749 0.8999999762
50168  27.945  -31.021  -29.686 0.8000000119
50169  27.267  -31.039  -29.678 0.8000000119
48261  23.052  -32.629  -31.480 1.0000000000
48247  23.624  -32.036  -30.953 1.0000000000
48262  22.144  -32.308  -31.779 1.0000000000
47340  26.623  -33.824  -34.236 0.6999999881
118546  25.776  -33.571  -34.483 0.6999999881
48276  21.526  -32.445  -32.676 0.8999999762
48263  21.556  -32.030  -32.022 1.0000000000
119317  24.658  -32.683  -34.293 0.6999999881
49308  21.901  -31.907  -33.814 0.8000000119
48193  33.565  -32.333  -26.607 0.6999999881
49197  33.512  -31.508  -26.640 0.6999999881
123605  33.652  -31.864  -27.322 0.6999999881
49218  33.566  -31.378  -27.993 0.6999999881
50153  33.232  -30.939  -28.650 0.6999999881
126823  32.701  -31.386  -29.075 0.6999999881
50164  31.914  -31.337  -29.470 0.6999999881
50163  32.603  -30.558  -29.325 0.6999999881
50165  30.879  -31.142  -29.681 0.8000000119
138857  29.089  -30.438  -29.938 0.8000000119
50180  29.717  -30.026  -30.169 0.8000000119
126501  28.869  -29.820  -30.258 0.8000000119
49241  26.176  -31.663  -29.999 0.8999999762
49242  25.168  -31.725  -30.313 0.8999999762
50183  26.589  -30.788  -29.821 0.8000000119
119241  25.616  -30.931  -29.951 0.8999999762
49243  24.328  -31.623  -30.501 0.8999999762
47338  28.301  -34.076  -33.800 0.6000000238
50185  24.394  -29.923  -30.165 0.8999999762
50186  23.583  -30.334  -30.258 0.8999999762
48248  22.694  -31.989  -31.286 1.0000000000
135942  28.747  -33.526  -33.252 0.6000000238
49258  21.962  -31.671  -31.460 0.8999999762
48304  25.362  -32.889  -33.971 0.6999999881
49246  21.662  -30.916  -31.076 0.8999999762
49307  22.512  -31.669  -33.993 0.8000000119
49292  21.394  -31.408  -32.819 0.8999999762
49272  21.209  -31.163  -32.227 0.8000000119
49210  33.639  -31.035  -27.341 0.6999999881
50162  33.283  -30.107  -28.805 0.6999999881
50178  31.637  -30.476  -29.810 0.6999999881
51069  32.300  -29.798  -29.823 0.6999999881
51081  31.434  -29.645  -30.213 0.6999999881
50182  27.470  -30.439  -29.921 0.8000000119
127507  26.020  -30.258  -30.034 0.8000000119
51085  26.793  -29.804  -30.197 0.8000000119
120370  25.879  -29.555  -30.272 0.8000000119
137510  23.084  -31.477  -30.809 0.8999999762
47339  27.463  -34.001  -33.953 0.6000000238
50184  25.245  -30.171  -30.085 0.8000000119
51087  24.196  -29.138  -30.230 0.8999999762
123617  22.786  -30.270  -30.241 0.8999999762
50187  22.248  -30.587  -30.492 0.8999999762
116514  27.998  -33.245  -33.229 0.6000000238
47326  26.190  -33.139  -33.701 0.6999999881
50188  21.528  -30.173  -30.454 0.8999999762
48305  23.981  -32.209  -34.210 0.6999999881
50197  20.597  -30.353  -31.555 0.8000000119
50221  22.383  -30.441  -33.235 0.6999999881
120840  20.815  -30.154  -32.433 0.8000000119
50152  33.574  -30.435  -28.033 0.6999999881
51067  33.295  -29.347  -29.005 0.6999999881
51068  32.843  -29.161  -29.611 0.6999999881
51084  27.922  -29.621  -30.346 0.8000000119
52020  27.217  -28.952  -30.606 0.8000000119
135756  26.444  -29.058  -30.470 0.8000000119
51086  25.042  -29.330  -30.251 0.8000000119
116028  23.702  -29.627  -30.156 0.8999999762
51088  22.931  -29.648  -30.053 0.8999999762
47325  27.034  -33.279  -33.509 0.6000000238
51089  22.223  -29.934  -30.117 0.8999999762
117593  25.900  -32.208  -33.147 0.6999999881
48290  24.913  -32.151  -33.595 0.6999999881
51090  21.618  -29.492  -30.008 0.8999999762
50220  23.118  -30.492  -33.110 0.6999999881
122399  21.344  -29.956  -32.761 0.8000000119
51092  19.925  -29.191  -30.906 0.8000000119
51123  21.989  -29.771  -32.923 0.6999999881
139690  20.415  -29.703  -32.253 0.8000000119
51107  20.217  -29.976  -31.916 0.8000000119
51124  20.678  -29.373  -32.466 0.8000000119
124370  33.570  -28.972  -28.085 0.6999999881
130351  33.474  -28.943  -28.647 0.6000000238
48289  27.403  -32.493  -32.829 0.6000000238
52022  24.774  -28.525  -30.444 0.8000000119
52024  23.081  -28.455  -30.074 0.8999999762
51071  21.900  -28.835  -29.793 0.8999999762
119260  26.851  -31.788  -32.687 0.6000000238
52009  21.404  -28.207  -29.885 0.8999999762
50219  23.981  -30.671  -32.851 0.8000000119
127048  20.445  -28.898  -30.382 0.8999999762
51100  19.736  -29.323  -31.577 0.8000000119
51122  22.892  -29.566  -32.749 0.6999999881
52034  19.534  -28.653  -31.970 0.8000000119
52978  19.210  -27.826  -31.788 0.8000000119
49288  25.281  -31.379  -32.816 0.6999999881
133766  23.205  -27.875  -30.207 0.8000000119
50218  25.640  -30.281  -32.460 0.5000000000
117841  24.776  -30.759  -32.662 0.6000000238
126359  24.705  -29.885  -32.557 0.6000000238
51121  23.802  -29.770  -32.714 0.6999999881
52010  20.630  -28.284  -30.129 0.8000000119
52054  22.987  -28.648  -32.613 0.6000000238
52055  22.526  -28.059  -32.615 0.6000000238
53001  20.237  -28.072  -32.461 0.6999999881
117180  19.291  -27.334  -32.102 0.8000000119
52025  19.934  -28.399  -30.698 0.8000000119
53000  20.961  -27.760  -32.556 0.6000000238
125775  22.942  -27.114  -30.291 0.8000000119
52962  22.046  -27.064  -30.139 0.8000000119
53901  21.233  -26.893  -30.118 0.8999999762
139106  24.930  -29.219  -32.830 0.6000000238
53932  19.161  -26.749  -31.452 0.8000000119
52941  19.814  -26.998  -30.224 0.8000000119
135205  20.420  -26.743  -30.076 0.8000000119
52986  20.056  -27.298  -32.404 0.6000000238
53917  23.088  -26.221  -30.466 0.8000000119
53919  21.662  -26.282  -30.206 0.8000000119
51120  24.451  -29.090  -32.787 0.6000000238
124770  23.397  -27.925  -32.862 0.6000000238
136988  19.227  -25.759  -30.332 0.8000000119
52999  21.870  -27.464  -32.638 0.6000000238
54978  19.250  -25.350  -31.030 0.6999999881
54946  20.294  -25.593  -30.208 0.8000000119
53945  21.460  -25.956  -32.780 0.6000000238
54992  19.908  -25.259  -31.598 0.6000000238
55946  20.041  -24.806  -31.255 0.6999999881
52998  22.740  -27.157  -32.979 0.6000000238
121397  21.960  -26.721  -32.855 0.6000000238
54976  24.213  -25.301  -31.143 0.8000000119
54960  22.251  -25.603  -30.437 0.8000000119
52052  25.112  -28.598  -33.280 0.6000000238
54959  23.265  -25.442  -30.773 0.8000000119
51135  25.968  -28.676  -33.591 0.5000000000
55924  21.051  -24.228  -30.892 0.8000000119
118335  21.498  -24.786  -30.581 0.8000000119
52072  24.867  -27.813  -33.842 0.6000000238
138342  23.936  -28.140  -32.998 0.6000000238
55925  20.468  -24.334  -31.106 0.6000000238
53019  25.266  -27.397  -34.626 0.5000000000
53021  23.949  -26.867  -33.890 0.6000000238
53965  23.286  -26.557  -33.535 0.6000000238
54991  20.622  -25.258  -32.358 0.6000000238
127546  23.789  -26.237  -33.951 0.6000000238
55011  22.228  -25.285  -33.376 0.6000000238
55012  21.403  -24.859  -32.994 0.6000000238
55978  21.528  -24.152  -32.923 0.6000000238
54977  23.505  -24.768  -31.129 0.8000000119
55922  22.562  -24.667  -30.897 0.8000000119
55943  24.204  -24.296  -31.372 0.8000000119
56925  23.895  -23.514  -31.537 0.6999999881
55944  23.254  -24.048  -31.330 0.6999999881
53020  24.556  -27.165  -34.311 0.6000000238
56942  21.130  -23.675  -32.085 0.6000000238
57891  21.435  -23.428  -31.643 0.6000000238
56903  21.572  -23.777  -31.283 0.6999999881
53988  24.437  -26.420  -34.367 0.5000000000
56959  21.377  -23.702  -32.580 0.6000000238
55030  23.986  -25.649  -34.145 0.5000000000
55032  22.936  -24.759  -33.740 0.6000000238
55977  22.170  -24.303  -33.362 0.6000000238
55046  24.693  -25.585  -34.442 0.5000000000
121215  24.568  -23.244  -31.719 0.6999999881
56926  22.980  -23.103  -31.591 0.6000000238
57890  22.042  -23.211  -31.616 0.6000000238
56902  22.361  -23.837  -31.281 0.6000000238
58818  22.259  -22.295  -32.368 0.6000000238
134280  23.189  -22.245  -32.057 0.6000000238
56010  24.948  -24.589  -34.598 0.5000000000
55998  22.890  -23.913  -33.797 0.6000000238
56978  22.728  -23.155  -33.879 0.6000000238
57948  22.265  -23.035  -33.385 0.6000000238
57935  21.632  -23.171  -32.448 0.6000000238
58817  22.744  -21.887  -32.434 0.6000000238
126407  24.204  -23.999  -34.432 0.6000000238
56977  23.456  -23.402  -34.249 0.6000000238
56009  25.814  -24.696  -34.721 0.5000000000
56992  24.803  -23.684  -34.668 0.5000000000
56990  26.322  -23.957  -34.851 0.4000000060
127036  26.058  -23.075  -34.962 0.5000000000
57913  23.888  -22.728  -31.855 0.6000000238
58815  24.043  -21.826  -32.260 0.6000000238
57968  22.599  -22.468  -33.690 0.6000000238
138607  22.307  -22.085  -33.089 0.6000000238
58816  23.290  -21.570  -32.427 0.6000000238
130576  23.453  -22.036  -34.370 0.6000000238
58866  23.184  -21.182  -34.222 0.6000000238
119867  25.080  -22.892  -34.868 0.5000000000
57966  24.242  -22.389  -34.666 0.6000000238
57984  25.777  -22.207  -35.193 0.5000000000
57983  26.654  -22.404  -35.192 0.4000000060
59814  22.672  -19.997  -33.844 0.6000000238
60655  23.033  -20.121  -32.980 0.5000000000
60677  24.202  -20.210  -32.597 0.5000000000
58835  24.997  -21.751  -32.343 0.5000000000
58867  22.550  -21.840  -33.472 0.6000000238
60678  22.828  -19.704  -33.236 0.5000000000
58865  24.043  -21.535  -34.601 0.6000000238
58882  25.583  -21.310  -35.198 0.5000000000
125332  26.482  -21.566  -35.364 0.4000000060
59786  25.058  -20.403  -32.551 0.4000000060
59813  22.932  -20.289  -34.136 0.6000000238
60695  22.799  -19.489  -34.050 0.5000000000
58883  24.691  -20.995  -34.855 0.4000000060
120879  23.751  -20.643  -34.504 0.6000000238
60694  23.447  -19.767  -34.419 0.6000000238
61624  22.760  -18.682  -33.546 0.4000000060
59825  26.284  -20.643  -35.382 0.4000000060
60709  25.868  -19.659  -35.333 0.4000000060
62644  23.619  -17.949  -33.597 0.4000000060
59812  24.385  -20.085  -34.774 0.4000000060
61644  23.932  -18.452  -34.430 0.4000000060
140005  26.795  -21.039  -35.413 0.4000000060
61643  24.676  -18.581  -34.799 0.4000000060
60675  26.315  -19.529  -32.745 0.4000000060
139015  24.849  -18.732  -32.589 0.4000000060
62652  23.869  -17.924  -34.079 0.4000000060
60707  27.134  -19.221  -35.769 0.4000000060
60708  26.416  -18.970  -35.527 0.4000000060
61641  26.205  -18.052  -35.344 0.4000000060
126602  25.052  -17.976  -34.866 0.4000000060
61612  25.907  -18.126  -33.070 0.4000000060
62632  25.414  -17.532  -33.402 0.4000000060
127053  24.708  -17.668  -33.375 0.4000000060
61640  27.112  -18.350  -35.696 0.3000000119
62663  25.241  -17.399  -34.691 0.4000000060
62643  24.286  -17.646  -33.726 0.4000000060
62631  26.232  -17.403  -33.395 0.4000000060
62650  25.095  -17.218  -33.881 0.4000000060
128853  22.495  -40.496  -36.516 0.8000000119
40584  22.919  -40.310  -35.326 0.8999999762
40582  24.161  -40.632  -34.353 0.8999999762
39673  23.853  -41.486  -34.802 0.8999999762
38724  24.619  -42.020  -34.617 0.8999999762
39621  30.039  -40.797  -31.102 0.8999999762
40508  29.670  -40.043  -30.804 1.0000000000
41489  30.117  -39.558  -30.335 1.0000000000
39660  26.409  -41.517  -33.499 0.8999999762
39648  28.430  -41.390  -32.577 0.8999999762
40529  27.724  -39.979  -31.919 0.8999999762
41491  28.531  -39.026  -30.882 1.0000000000
39661  25.674  -41.215  -33.705 0.8999999762
40549  27.333  -40.474  -32.475 0.8999999762
40550  26.632  -40.270  -32.720 0.8999999762
41512  28.145  -39.499  -31.401 1.0000000000
39662  24.979  -40.897  -34.010 0.8999999762
41528  26.074  -39.229  -32.627 0.8999999762
59766  23.389  -20.129  -32.747 0.4000000060
60654  23.096  -19.428  -32.841 0.4000000060
60676  24.755  -19.402  -32.539 0.4000000060
126183  25.680  -19.893  -32.673 0.4000000060
32480  32.101  -48.048  -27.794 0.8999999762
33578  33.085  -47.138  -30.550 1.0000000000
33624  30.869  -47.726  -33.628 0.8000000119
32501  28.961  -48.108  -28.109 0.8999999762
34597  33.420  -46.180  -28.937 1.0000000000
33625  30.381  -46.968  -33.731 0.8000000119
36592  32.722  -44.353  -26.820 0.8999999762
37692  31.396  -43.901  -32.007 0.8999999762
36674  30.515  -44.519  -33.051 0.8000000119
36692  28.320  -44.536  -34.047 0.8000000119
135684  27.605  -44.835  -34.325 0.8000000119
38665  32.673  -42.507  -30.121 1.0000000000
37712  27.884  -43.252  -33.811 0.8999999762
36694  26.800  -43.813  -34.291 0.8000000119
39671  25.195  -41.639  -34.196 0.8999999762
38723  25.331  -42.413  -34.372 0.8000000119
39638  30.375  -41.551  -31.439 0.8999999762
40566  26.172  -40.718  -33.243 0.8999999762
38626  30.526  -42.800  -26.163 0.8999999762
38628  28.741  -42.409  -26.456 1.0000000000
39586  24.933  -40.560  -26.660 0.6000000238
40468  23.170  -40.246  -27.278 0.4000000060
40527  29.229  -40.491  -31.356 0.8999999762
134910  22.611  -40.719  -36.900 0.6999999881
39574  31.219  -41.217  -25.533 0.8999999762
40569  24.012  -39.776  -34.069 0.8999999762
41594  25.434  -39.901  -37.303 0.6000000238
41569  22.240  -39.522  -35.731 0.8999999762
116483  27.855  -39.903  -25.433 0.6999999881
41445  23.180  -39.579  -26.861 0.4000000060
40567  25.438  -40.438  -33.507 0.8999999762
42514  22.331  -38.327  -34.106 0.8999999762
43571  26.344  -37.719  -36.769 0.6999999881
125629  26.308  -37.007  -36.682 0.6999999881
41429  29.683  -40.053  -25.034 0.8000000119
138175  31.961  -39.866  -25.415 0.8999999762
43507  29.239  -37.463  -30.318 1.0000000000
40530  27.023  -39.824  -32.212 0.8999999762
42490  25.686  -37.888  -32.417 0.8999999762
42502  25.520  -38.674  -32.750 0.8999999762
40551  25.929  -39.905  -33.000 0.8999999762
43541  22.361  -37.829  -33.851 0.8999999762
42407  32.879  -38.088  -25.640 0.8000000119
132720  25.827  -37.919  -25.613 0.5000000000
42426  33.221  -38.335  -27.571 1.0000000000
43540  23.086  -37.561  -33.410 0.8999999762
118788  33.548  -36.181  -27.151 0.8000000119
45552  26.260  -35.646  -36.643 0.6999999881
45532  21.277  -35.894  -34.831 0.8999999762
125371  23.703  -34.768  -36.485 0.8000000119
43448  27.411  -37.632  -25.112 0.6000000238
43428  31.416  -37.274  -24.607 0.8000000119
43430  29.616  -37.615  -24.500 0.6000000238
132891  33.617  -35.591  -27.099 0.6999999881
45449  33.378  -35.267  -28.224 0.6999999881
46396  29.056  -35.202  -30.414 1.0000000000
45503  24.869  -35.598  -32.242 1.0000000000
45533  21.009  -35.372  -34.316 0.8999999762
43431  28.967  -36.977  -24.572 0.6000000238
44438  27.611  -36.791  -25.086 0.5000000000
115860  29.753  -34.867  -30.098 0.8999999762
44422  28.283  -36.294  -24.760 0.5000000000
47243  33.668  -33.463  -27.386 0.6999999881
46430  21.682  -34.153  -33.237 0.8999999762
46310  31.126  -34.803  -24.699 0.6000000238
46311  30.338  -34.451  -24.603 0.5000000000
47215  33.066  -33.378  -25.739 0.6999999881
48243  27.128  -32.723  -30.218 0.8999999762
49231  29.270  -31.770  -29.593 0.8000000119
49232  28.344  -31.755  -29.630 0.8000000119
138534  21.297  -31.507  -31.980 0.8999999762
47195  31.075  -33.997  -24.829 0.5000000000
50179  30.649  -30.293  -30.070 0.8000000119
48231  26.943  -32.034  -29.875 0.8999999762
116357  24.579  -30.855  -30.175 0.8999999762
49290  23.332  -31.383  -33.692 0.8000000119
49291  21.627  -31.285  -33.327 0.8000000119
127713  32.926  -29.799  -29.349 0.6999999881
129668  28.690  -29.168  -30.567 0.8000000119
51091  20.728  -29.609  -30.482 0.8999999762
51054  33.495  -29.579  -28.383 0.6999999881
128044  23.396  -29.035  -30.089 0.8999999762
51035  33.549  -29.689  -27.674 0.6000000238
52056  21.665  -28.321  -32.583 0.6999999881
52008  22.347  -28.024  -29.983 0.8999999762
53947  19.550  -26.631  -31.993 0.6999999881
52985  21.167  -26.831  -32.566 0.6000000238
53946  20.582  -26.309  -32.335 0.6000000238
55906  19.611  -24.975  -30.766 0.8000000119
55959  20.472  -24.617  -31.938 0.6000000238
55923  21.782  -24.233  -30.954 0.6999999881
55031  23.183  -25.682  -33.736 0.6000000238
57969  22.244  -22.488  -33.210 0.6000000238
116957  23.589  -25.051  -33.981 0.6000000238
58836  22.632  -21.624  -32.802 0.6000000238
127719  25.572  -18.913  -32.689 0.4000000060
61613  24.232  -18.654  -32.595 0.4000000060
61611  26.829  -18.029  -33.153 0.4000000060
62662  26.006  -17.169  -35.151 0.4000000060
39672  24.561  -41.335  -34.392 0.8999999762
129581  28.383  -57.129  -27.528 0.4000000060
24484  27.602  -56.606  -27.183 0.4000000060
24485  26.508  -56.380  -27.233 0.4000000060
25532  29.554  -55.435  -28.362 0.4000000060
119007  27.171  -55.843  -27.153 0.4000000060
25534  26.481  -55.396  -27.179 0.4000000060
26593  30.665  -54.470  -29.303 0.3000000119
25533  28.616  -55.526  -27.463 0.4000000060
26612  30.953  -54.584  -30.239 0.4000000060
27669  31.839  -53.454  -31.596 0.4000000060
28728  31.639  -52.208  -33.235 0.4000000060
137620  31.179  -52.029  -34.006 0.4000000060
25527  27.343  -55.041  -27.058 0.5000000000
26569  25.686  -54.898  -27.310 0.4000000060
26577  29.600  -54.621  -27.967 0.4000000060
26567  28.752  -54.706  -27.434 0.4000000060
26611  31.517  -53.837  -30.248 0.5000000000
28695  32.285  -52.594  -31.569 0.4000000060
28713  32.228  -51.959  -32.300 0.4000000060
29682  31.375  -51.359  -33.711 0.5000000000
31539  30.648  -49.938  -34.310 0.5000000000
31540  29.918  -49.823  -34.886 0.6000000238
30624  29.838  -50.667  -35.351 0.5000000000
31553  29.390  -50.047  -35.498 0.6000000238
32602  28.342  -48.973  -35.543 0.4000000060
26558  27.256  -54.249  -27.006 0.5000000000
26560  25.580  -54.045  -27.122 0.5000000000
26570  24.237  -54.047  -27.689 0.5000000000
26571  23.574  -54.058  -28.022 0.5000000000
27626  29.879  -53.819  -27.838 0.6000000238
116332  28.456  -53.975  -27.255 0.6000000238
133903  31.078  -52.899  -28.879 0.5000000000
28654  31.342  -52.156  -28.868 0.6000000238
27638  31.396  -53.377  -29.564 0.5000000000
28678  32.372  -52.384  -30.684 0.5000000000
29667  32.400  -51.189  -32.084 0.4000000060
30600  31.707  -50.173  -33.048 0.6000000238
31532  30.840  -49.286  -33.904 0.6000000238
131900  30.269  -49.286  -34.383 0.6000000238
125583  29.430  -48.056  -34.491 0.6000000238
33642  28.526  -47.607  -34.733 0.6000000238
33643  27.731  -47.519  -35.073 0.6000000238
32588  28.828  -48.524  -34.955 0.6000000238
32589  28.025  -48.181  -35.260 0.6000000238
33658  27.225  -47.852  -35.509 0.6000000238
33659  26.348  -47.569  -35.593 0.6000000238
27601  26.842  -53.678  -26.979 0.5000000000
27613  25.623  -53.262  -27.198 0.5000000000
27615  23.963  -53.370  -27.868 0.5000000000
27627  23.193  -53.346  -28.329 0.5000000000
27612  29.625  -53.151  -27.520 0.6000000238
27599  28.664  -53.167  -27.185 0.6000000238
28663  32.177  -52.217  -29.866 0.6000000238
28655  30.733  -52.321  -28.309 0.6000000238
29630  32.513  -51.604  -30.269 0.5000000000
29595  32.217  -51.523  -29.516 0.6000000238
30573  32.589  -50.826  -31.512 0.6000000238
31519  31.988  -49.543  -32.631 0.6000000238
33644  27.021  -47.038  -35.172 0.6000000238
34672  25.817  -46.077  -35.246 0.6999999881
28643  25.771  -52.479  -27.346 0.6000000238
28644  24.487  -52.696  -27.853 0.5000000000
28666  23.101  -52.621  -28.933 0.5000000000
28638  30.055  -52.387  -27.731 0.6000000238
28640  28.332  -52.299  -27.282 0.6000000238
28641  27.470  -52.252  -27.298 0.6000000238
126350  23.863  -52.146  -29.004 0.5000000000
28665  23.437  -52.005  -29.776 0.5000000000
29582  29.583  -51.569  -27.635 0.6000000238
31498  32.687  -50.048  -31.229 0.6000000238
35680  26.354  -45.456  -34.915 0.6999999881
29585  26.952  -51.600  -27.645 0.6000000238
130108  26.042  -51.734  -27.692 0.6000000238
133243  24.369  -52.116  -28.436 0.6000000238
130049  28.775  -51.725  -27.485 0.6000000238
29598  26.475  -51.081  -28.160 0.6000000238
29612  24.849  -51.421  -28.925 0.6000000238
29613  24.220  -51.506  -29.685 0.6000000238
29632  23.899  -51.400  -30.660 0.6000000238
29583  28.795  -51.033  -27.683 0.6000000238
29652  23.178  -51.703  -31.898 0.5000000000
30513  31.507  -50.903  -28.474 0.6000000238
29651  23.796  -50.902  -32.128 0.6000000238
134349  25.673  -45.404  -35.143 0.6999999881
30498  27.266  -50.786  -27.979 0.6000000238
30534  25.667  -50.636  -29.447 0.6000000238
30496  28.854  -50.300  -27.836 0.6000000238
30514  28.247  -49.938  -28.127 0.6000000238
30516  26.796  -50.418  -28.637 0.6000000238
30535  24.930  -50.811  -30.046 0.6000000238
29631  24.319  -50.688  -31.570 0.6000000238
125027  29.549  -50.770  -27.748 0.6000000238
30574  24.799  -50.090  -31.834 0.6000000238
30495  30.803  -51.024  -28.057 0.6000000238
31465  32.779  -49.383  -29.657 0.6000000238
36714  25.416  -44.114  -34.910 0.6999999881
37752  24.072  -43.430  -35.267 0.6999999881
125175  29.613  -50.062  -27.777 0.6000000238
31453  26.950  -49.865  -29.168 0.6999999881
30553  26.129  -49.999  -30.080 0.6999999881
30494  31.194  -50.203  -28.047 0.6000000238
38725  23.966  -42.413  -35.081 0.6999999881
31451  27.942  -49.324  -28.398 0.6999999881
31428  29.712  -49.425  -27.824 0.6999999881
31429  28.843  -49.521  -27.957 0.6999999881
31452  27.273  -49.224  -29.183 0.6999999881
32515  26.438  -48.949  -30.284 0.6999999881
31477  26.013  -49.520  -30.570 0.6000000238
32529  25.766  -49.006  -30.645 0.6999999881
32516  25.307  -48.384  -30.167 0.6000000238
31479  24.639  -49.351  -31.317 0.5000000000
40596  22.667  -41.083  -35.776 0.8000000119
32483  29.335  -48.814  -27.923 0.6999999881
32503  27.806  -48.614  -28.802 0.6999999881
32514  27.294  -48.441  -29.431 0.6999999881
124951  26.748  -48.367  -29.816 0.6999999881
126851  23.047  -48.795  -30.575 0.5000000000
33560  26.405  -47.647  -29.735 0.6999999881
33561  25.660  -47.793  -29.850 0.6000000238
33562  24.781  -47.570  -29.811 0.6000000238
52021  25.716  -28.641  -30.513 0.6999999881
51082  30.453  -29.426  -30.405 0.6999999881
52019  28.107  -28.713  -30.787 0.6999999881
51080  32.172  -29.045  -30.178 0.6000000238
128990  31.285  -28.696  -30.479 0.6000000238
52957  27.445  -28.145  -31.049 0.6999999881
121446  26.595  -28.344  -30.775 0.6999999881
52959  25.258  -27.970  -30.676 0.6999999881
52960  24.569  -27.704  -30.580 0.6999999881
51083  29.493  -29.244  -30.522 0.6999999881
52956  28.303  -27.905  -31.166 0.6999999881
52007  32.745  -28.417  -29.895 0.6000000238
52958  25.953  -27.746  -30.885 0.6999999881
53915  25.255  -27.223  -30.879 0.6999999881
54958  23.880  -26.079  -30.743 0.6999999881
52016  32.129  -28.367  -30.340 0.6000000238
129959  31.724  -27.945  -30.533 0.6000000238
52955  29.854  -27.615  -30.991 0.6000000238
129509  29.002  -27.611  -31.144 0.6999999881
52976  27.681  -27.304  -31.336 0.6999999881
53914  26.088  -26.779  -31.282 0.6999999881
53930  25.204  -26.380  -31.122 0.6999999881
53931  24.567  -26.028  -31.003 0.6999999881
52952  32.514  -27.639  -30.214 0.6000000238
52954  30.640  -27.004  -30.866 0.5000000000
52974  29.268  -26.976  -31.212 0.6000000238
53929  27.969  -26.455  -31.456 0.5000000000
117361  27.082  -26.618  -31.414 0.6999999881
55941  26.468  -25.135  -31.474 0.6999999881
55942  25.006  -24.782  -31.377 0.6999999881
135607  29.558  -20.111  -35.894 0.3000000119
130372  28.674  -20.464  -35.727 0.3000000119
125927  26.742  -19.830  -35.557 0.3000000119
23602  27.628  -57.573  -27.198 0.4000000060
134519  26.956  -57.169  -27.104 0.3000000119
24502  25.277  -57.421  -27.713 0.4000000060
24500  29.415  -56.175  -28.618 0.3000000119
24486  25.552  -56.583  -27.584 0.4000000060
26630  30.670  -54.658  -31.237 0.4000000060
24487  25.044  -56.000  -27.791 0.4000000060
27670  31.168  -54.110  -31.868 0.4000000060
28729  30.991  -52.776  -33.857 0.4000000060
28742  30.608  -52.283  -34.504 0.4000000060
30613  30.480  -50.667  -34.752 0.5000000000
31554  28.693  -49.849  -35.946 0.4000000060
135641  23.356  -54.675  -28.289 0.4000000060
32603  27.515  -48.622  -35.788 0.5000000000
26579  22.101  -54.372  -28.954 0.5000000000
34685  25.267  -46.619  -35.515 0.6000000238
27628  22.372  -53.435  -28.984 0.5000000000
121403  22.560  -52.598  -29.887 0.5000000000
27654  21.956  -52.909  -30.401 0.5000000000
35696  25.039  -45.767  -35.411 0.6000000238
28681  22.491  -52.374  -31.010 0.5000000000
29670  22.726  -51.644  -32.790 0.4000000060
35697  24.490  -45.040  -35.477 0.6999999881
31500  23.765  -49.856  -32.112 0.5000000000
132385  23.155  -42.753  -35.597 0.6999999881
31480  23.879  -49.365  -31.380 0.5000000000
38736  22.506  -42.507  -36.068 0.8000000119
39685  22.433  -41.714  -36.134 0.6999999881
32532  22.054  -48.755  -30.714 0.5000000000
135267  23.206  -47.697  -29.966 0.6000000238
48194  33.219  -31.994  -26.026 0.6000000238
52006  33.315  -28.516  -29.182 0.6000000238
129367  32.522  -26.870  -30.247 0.5000000000
53913  31.212  -26.299  -30.720 0.5000000000
54970  29.932  -25.629  -31.153 0.5000000000
54971  29.146  -25.647  -31.351 0.5000000000
139375  28.035  -24.989  -31.538 0.5000000000
55940  27.364  -24.652  -31.552 0.5000000000
56923  25.976  -23.657  -31.727 0.5000000000
60704  30.265  -19.677  -36.030 0.3000000119
60705  28.988  -19.782  -36.135 0.3000000119
119686  27.527  -19.797  -35.781 0.3000000119
120748  31.945  -50.181  -28.612 0.6000000238
30512  32.122  -50.865  -29.077 0.6000000238
30552  32.706  -50.878  -30.670 0.6000000238
33559  27.271  -47.578  -29.485 0.8000000119
135537  27.348  -46.392  -34.829 0.6999999881
123604  25.943  -44.753  -34.872 0.6999999881
37737  24.726  -42.868  -34.760 0.6999999881
131047  23.641  -26.713  -30.515 0.6999999881
56924  25.060  -23.889  -31.548 0.6000000238
135544  27.923  -20.320  -35.707 0.3000000119
39683  23.358  -41.959  -35.295 0.8000000119
38763  22.515  -42.335  -37.062 0.6999999881
52018  29.085  -28.411  -30.867 0.6999999881
24483  28.485  -56.292  -27.473 0.4000000060
133922  29.157  -55.259  -27.769 0.4000000060
25561  30.275  -55.098  -29.671 0.3000000119
27624  30.870  -53.715  -28.993 0.5000000000
25536  24.956  -55.279  -27.664 0.5000000000
29698  30.182  -51.586  -35.114 0.3000000119
31555  27.855  -49.384  -36.162 0.4000000060
25546  22.742  -55.025  -28.747 0.5000000000
32517  24.336  -48.340  -30.060 0.6000000238
52977  26.795  -27.511  -31.202 0.6999999881
53916  24.431  -26.778  -30.713 0.6999999881
52017  30.173  -28.551  -30.706 0.6999999881
120173  30.896  -27.833  -30.729 0.6000000238
52975  28.503  -27.111  -31.328 0.6999999881
52953  31.688  -27.132  -30.581 0.6000000238
53926  30.324  -26.277  -30.989 0.5000000000
53928  28.796  -26.361  -31.375 0.6000000238
54974  25.837  -25.842  -31.365 0.6999999881
128002  25.641  -25.162  -31.402 0.6999999881
53912  32.151  -26.282  -30.425 0.5000000000
54957  30.769  -25.600  -30.879 0.5000000000
53927  29.557  -26.289  -31.215 0.5000000000
54973  27.407  -25.640  -31.495 0.5000000000
129727  26.636  -24.205  -31.598 0.5000000000
130061  25.803  -24.474  -31.522 0.6999999881
53911  32.841  -26.314  -29.953 0.5000000000
126306  29.527  -24.997  -31.278 0.5000000000
128160  27.352  -23.937  -31.626 0.5000000000
122113  23.270  -43.739  -35.780 0.6000000238
37754  22.313  -42.982  -36.427 0.6000000238
127476  24.467  -41.156  -37.555 0.5000000000
37779  22.528  -43.289  -37.208 0.6000000238
130264  22.753  -41.357  -37.114 0.6000000238
40626  26.655  -40.745  -37.224 0.5000000000
39719  25.385  -41.249  -37.503 0.5000000000
39720  23.514  -41.202  -37.392 0.6000000238
121833  23.689  -45.108  -29.804 0.5000000000
125857  22.984  -40.508  -37.169 0.6000000238
40611  27.902  -40.593  -36.442 0.5000000000
41593  26.207  -40.065  -36.947 0.5000000000
41580  28.277  -40.243  -35.668 0.5000000000
36627  23.455  -44.401  -29.580 0.4000000060
123944  22.328  -44.113  -30.620 0.4000000060
37663  22.551  -43.061  -29.772 0.4000000060
40612  27.016  -40.265  -36.693 0.5000000000
40595  29.258  -40.506  -35.348 0.5000000000
139918  27.876  -39.590  -35.546 0.5000000000
38655  22.367  -42.258  -29.612 0.4000000060
137746  29.301  -39.414  -34.248 0.5000000000
119280  28.626  -39.729  -34.889 0.5000000000
39610  22.123  -41.549  -29.441 0.4000000060
42420  24.842  -38.512  -26.012 0.4000000060
42421  23.964  -38.353  -26.271 0.4000000060
42422  23.134  -38.260  -26.424 0.4000000060
41446  22.645  -39.068  -26.649 0.3000000119
139838  28.448  -35.002  -24.669 0.4000000060
45394  27.945  -35.320  -24.829 0.4000000060
44439  26.740  -36.788  -25.450 0.4000000060
43450  25.866  -37.220  -25.763 0.4000000060
132307  28.150  -34.510  -24.709 0.4000000060
44440  25.817  -36.310  -25.817 0.4000000060
43460  24.480  -37.663  -26.176 0.4000000060
45414  25.695  -35.406  -25.721 0.4000000060
118944  25.023  -36.824  -26.229 0.4000000060
43461  23.680  -37.543  -26.384 0.4000000060
43462  22.857  -37.373  -26.552 0.4000000060
45412  27.379  -36.024  -25.175 0.4000000060
45395  27.101  -35.183  -25.224 0.4000000060
116803  28.718  -34.050  -24.605 0.4000000060
46313  27.510  -34.700  -24.936 0.4000000060
46314  26.860  -34.429  -25.037 0.4000000060
45413  26.500  -35.771  -25.473 0.4000000060
46331  26.294  -34.910  -25.375 0.4000000060
45415  24.970  -35.059  -25.869 0.4000000060
44450  24.213  -36.953  -26.452 0.4000000060
46333  24.767  -34.383  -25.533 0.4000000060
46347  23.740  -34.828  -26.101 0.4000000060
44451  23.510  -36.710  -26.589 0.4000000060
47198  28.132  -33.696  -24.620 0.4000000060
119192  27.465  -34.048  -24.770 0.4000000060
47200  26.701  -33.580  -24.707 0.4000000060
47216  31.917  -33.381  -25.243 0.5000000000
48158  30.950  -33.322  -24.957 0.4000000060
47196  30.316  -33.647  -24.707 0.4000000060
47197  28.914  -33.286  -24.613 0.4000000060
138880  26.936  -33.047  -24.527 0.4000000060
46315  26.067  -34.115  -25.080 0.4000000060
47217  25.243  -33.869  -25.119 0.4000000060
47202  24.886  -33.145  -24.664 0.4000000060
46334  24.009  -34.282  -25.587 0.4000000060
48176  32.716  -32.583  -25.638 0.5000000000
48177  31.808  -32.344  -25.343 0.5000000000
137830  31.165  -32.793  -25.131 0.5000000000
48159  30.350  -32.803  -24.887 0.4000000060
48160  29.494  -32.603  -24.704 0.4000000060
122293  28.735  -32.393  -24.594 0.4000000060
48161  28.082  -32.887  -24.532 0.4000000060
47201  25.781  -33.331  -24.688 0.4000000060
49161  29.967  -31.878  -24.950 0.4000000060
118905  27.989  -32.059  -24.476 0.4000000060
48162  27.252  -32.539  -24.436 0.4000000060
48178  30.908  -32.095  -25.148 0.4000000060
50071  29.819  -30.987  -25.060 0.4000000060
49162  29.346  -31.428  -24.844 0.4000000060
49163  28.648  -31.525  -24.661 0.4000000060
49164  27.272  -31.669  -24.410 0.4000000060
50096  30.391  -30.409  -25.420 0.4000000060
51001  30.054  -29.483  -25.668 0.4000000060
50097  29.497  -30.220  -25.306 0.4000000060
50098  28.647  -30.094  -25.164 0.4000000060
50099  27.774  -29.968  -25.057 0.4000000060
49198  33.045  -31.179  -26.070 0.5000000000
50999  32.009  -30.077  -25.861 0.5000000000
51000  31.056  -29.830  -25.764 0.4000000060
51002  29.099  -29.473  -25.484 0.4000000060
51003  28.287  -29.334  -25.388 0.4000000060
51004  27.366  -29.049  -25.338 0.3000000119
50136  33.554  -30.328  -27.313 0.5000000000
50095  31.348  -30.649  -25.491 0.5000000000
49184  30.666  -31.244  -25.206 0.4000000060
50072  29.034  -30.820  -24.934 0.4000000060
137962  27.274  -30.743  -24.628 0.4000000060
50073  28.217  -30.736  -24.803 0.4000000060
51016  32.592  -29.528  -26.287 0.5000000000
51017  31.758  -29.268  -26.051 0.5000000000
51938  29.395  -28.810  -25.783 0.4000000060
51939  28.115  -28.505  -25.676 0.3000000119
123782  33.351  -29.019  -27.321 0.5000000000
51937  30.868  -29.029  -26.004 0.4000000060
129247  30.134  -28.632  -26.020 0.4000000060
121993  28.745  -28.886  -25.632 0.3000000119
51940  27.407  -28.265  -25.644 0.3000000119
51941  26.710  -28.334  -25.504 0.3000000119
51955  32.942  -28.404  -27.025 0.5000000000
51973  33.384  -28.280  -27.786 0.4000000060
51991  33.503  -28.323  -28.530 0.5000000000
121345  31.070  -27.945  -26.594 0.3000000119
138084  30.749  -28.434  -26.283 0.4000000060
51959  29.506  -28.149  -26.214 0.4000000060
52897  28.365  -27.942  -26.041 0.3000000119
52876  27.777  -27.811  -25.956 0.3000000119
52877  27.052  -27.688  -25.871 0.3000000119
126274  26.247  -27.636  -25.769 0.3000000119
52893  32.088  -27.918  -26.825 0.3000000119
52921  33.409  -27.476  -28.383 0.4000000060
52938  33.184  -27.709  -29.537 0.4000000060
130066  33.080  -26.976  -29.784 0.4000000060
52895  30.566  -27.383  -26.784 0.3000000119
51958  30.253  -28.000  -26.451 0.3000000119
123911  28.874  -27.718  -26.340 0.3000000119
125550  28.214  -27.402  -26.338 0.3000000119
52898  27.484  -27.174  -26.303 0.3000000119
52900  25.842  -26.939  -26.026 0.3000000119
53837  25.021  -26.890  -25.969 0.3000000119
52894  31.362  -27.399  -26.913 0.3000000119
52899  26.673  -27.020  -26.179 0.3000000119
53861  24.612  -26.133  -26.004 0.3000000119
52907  32.910  -27.619  -27.519 0.3000000119
134740  33.311  -26.671  -28.617 0.3000000119
53900  33.197  -26.437  -29.437 0.4000000060
135406  31.175  -24.929  -30.767 0.4000000060
54972  28.349  -25.674  -31.480 0.4000000060
53838  24.211  -26.843  -25.819 0.3000000119
53854  31.067  -26.823  -27.104 0.3000000119
52908  32.065  -26.991  -27.367 0.3000000119
53888  32.966  -25.998  -28.428 0.3000000119
54945  33.012  -25.782  -29.493 0.3000000119
125030  32.709  -24.988  -29.670 0.3000000119
54955  32.562  -25.609  -30.114 0.4000000060
139303  31.753  -24.906  -30.549 0.4000000060
129944  30.333  -24.967  -31.056 0.4000000060
55937  29.913  -24.358  -31.246 0.4000000060
127319  29.406  -23.777  -31.448 0.4000000060
55939  28.750  -24.958  -31.441 0.4000000060
126252  28.303  -24.033  -31.562 0.4000000060
52922  32.951  -26.786  -28.000 0.3000000119
55919  32.450  -24.204  -29.995 0.3000000119
128604  32.136  -23.527  -30.335 0.3000000119
126514  30.327  -23.641  -31.225 0.4000000060
56920  28.948  -23.128  -31.680 0.4000000060
135994  28.657  -22.481  -31.893 0.4000000060
57909  27.416  -22.783  -31.983 0.4000000060
57910  26.144  -22.887  -32.004 0.4000000060
57911  25.348  -23.091  -31.873 0.5000000000
56899  32.444  -23.430  -29.705 0.3000000119
56900  31.937  -22.859  -30.557 0.3000000119
56901  31.323  -23.467  -30.864 0.3000000119
56918  30.736  -22.885  -31.249 0.4000000060
56919  29.830  -23.012  -31.472 0.4000000060
57907  29.384  -22.379  -31.763 0.4000000060
58814  28.872  -21.777  -32.083 0.3000000119
57931  27.984  -22.110  -32.155 0.4000000060
58833  26.629  -21.294  -32.432 0.3000000119
58834  25.778  -21.580  -32.391 0.3000000119
57912  24.738  -22.512  -32.082 0.4000000060
124084  25.256  -21.112  -32.460 0.3000000119
138957  32.312  -22.931  -30.101 0.3000000119
57889  31.852  -22.213  -30.798 0.3000000119
57905  31.199  -22.171  -31.269 0.3000000119
57906  30.306  -22.245  -31.568 0.3000000119
58813  29.809  -21.594  -31.916 0.3000000119
58830  29.237  -20.958  -32.277 0.3000000119
58831  28.221  -21.085  -32.405 0.3000000119
58832  27.462  -21.459  -32.373 0.3000000119
59783  27.330  -20.690  -32.555 0.3000000119
126267  27.935  -20.267  -32.666 0.3000000119
58797  32.321  -21.899  -29.922 0.3000000119
58811  31.785  -21.516  -31.073 0.3000000119
58812  30.940  -21.365  -31.641 0.3000000119
59764  30.211  -20.762  -32.089 0.3000000119
59782  28.724  -20.261  -32.561 0.3000000119
60674  27.200  -19.704  -32.772 0.3000000119
59784  26.503  -20.316  -32.657 0.3000000119
60673  28.192  -19.527  -32.782 0.3000000119
61610  27.535  -18.752  -32.946 0.3000000119
61622  27.826  -17.826  -33.261 0.3000000119
49182  32.504  -31.731  -25.623 0.5000000000
36726  23.902  -44.380  -35.573 0.6000000238
120655  22.848  -43.994  -36.211 0.5000000000
37766  22.385  -43.779  -36.692 0.5000000000
38779  24.490  -42.617  -37.820 0.5000000000
37778  23.037  -43.654  -37.786 0.5000000000
40625  27.524  -40.917  -37.186 0.5000000000
39739  26.628  -41.981  -37.707 0.5000000000
39741  24.926  -41.924  -37.564 0.5000000000
34599  25.673  -46.882  -29.674 0.6000000238
128316  24.150  -47.048  -29.832 0.6000000238
35598  24.338  -45.662  -29.697 0.6000000238
35614  23.546  -45.686  -30.131 0.5000000000
35629  22.497  -45.527  -30.898 0.5000000000
36643  22.929  -44.893  -30.325 0.5000000000
36660  21.560  -44.492  -31.767 0.5000000000
37683  21.703  -43.729  -31.256 0.4000000060
37675  21.474  -42.787  -31.052 0.4000000060
38668  21.279  -41.938  -30.685 0.4000000060
39623  21.411  -41.270  -29.970 0.4000000060
41448  21.285  -39.181  -27.122 0.3000000119
129244  21.932  -38.862  -26.779 0.3000000119
45425  23.566  -35.467  -26.496 0.4000000060
46335  23.206  -34.186  -25.826 0.4000000060
48163  26.379  -32.727  -24.439 0.4000000060
47218  24.410  -33.729  -25.111 0.4000000060
48179  23.094  -32.938  -24.731 0.4000000060
48164  25.412  -32.551  -24.378 0.4000000060
118324  26.673  -32.040  -24.323 0.4000000060
48165  24.491  -32.386  -24.298 0.4000000060
51005  26.407  -29.079  -25.159 0.4000000060
50985  26.882  -29.822  -24.916 0.4000000060
52878  25.428  -27.562  -25.726 0.3000000119
127347  25.037  -28.045  -25.476 0.3000000119
40610  28.908  -40.903  -36.087 0.5000000000
41457  21.469  -39.983  -27.924 0.4000000060
46348  22.860  -34.823  -26.476 0.4000000060
47220  22.708  -33.505  -25.397 0.4000000060
119214  25.944  -31.913  -24.291 0.4000000060
49166  25.056  -31.733  -24.125 0.4000000060
40492  21.817  -40.916  -29.230 0.4000000060
136744  24.701  -39.794  -37.494 0.5000000000
45392  29.616  -34.952  -24.536 0.4000000060
50115  33.412  -30.687  -26.685 0.5000000000
123815  33.507  -27.784  -28.979 0.5000000000
46312  29.499  -34.052  -24.592 0.4000000060
51015  33.286  -29.785  -26.814 0.5000000000
54956  31.732  -25.498  -30.564 0.4000000060
56922  26.847  -23.369  -31.807 0.4000000060
57908  28.149  -22.994  -31.815 0.4000000060
39721  23.115  -42.045  -37.382 0.6000000238
39718  26.240  -41.331  -37.459 0.5000000000
39717  27.087  -41.396  -37.551 0.5000000000
44441  25.049  -35.844  -26.176 0.4000000060
46346  24.382  -34.791  -25.872 0.4000000060
129964  24.200  -36.153  -26.508 0.4000000060
136347  23.375  -36.030  -26.710 0.4000000060
132876  29.714  -33.279  -24.661 0.4000000060
47203  23.996  -33.005  -24.695 0.4000000060
47219  23.562  -33.616  -25.207 0.4000000060
49183  31.600  -31.481  -25.368 0.5000000000
128425  27.887  -31.337  -24.560 0.4000000060
50116  32.849  -30.342  -26.162 0.5000000000
50094  32.294  -30.884  -25.646 0.5000000000
51956  32.368  -28.760  -26.472 0.5000000000
132534  32.961  -29.075  -26.734 0.5000000000
51957  31.494  -28.545  -26.333 0.4000000060
52937  33.467  -26.995  -29.128 0.4000000060
53887  33.327  -26.149  -28.996 0.3000000119
55920  31.738  -24.311  -30.550 0.4000000060
55921  30.794  -24.285  -30.972 0.4000000060
53873  32.343  -26.095  -27.781 0.3000000119
57932  27.108  -22.098  -32.276 0.4000000060
57888  32.247  -22.335  -30.234 0.3000000119
56917  31.425  -22.730  -30.987 0.3000000119
58798  32.181  -21.650  -30.428 0.3000000119
59763  31.176  -20.308  -31.751 0.3000000119
30587  22.968  -50.729  -32.979 0.4000000060
31501  22.737  -49.970  -32.381 0.4000000060
31520  21.520  -49.717  -32.315 0.4000000060
31503  20.900  -49.168  -31.666 0.3000000119
31502  21.749  -49.324  -31.439 0.4000000060
33600  21.115  -48.118  -31.079 0.3000000119
32605  25.815  -48.052  -36.018 0.5000000000
33580  21.646  -48.109  -30.661 0.5000000000
132341  21.427  -47.616  -31.044 0.3000000119
34686  24.603  -46.343  -35.760 0.5000000000
34687  23.880  -45.951  -36.044 0.5000000000
33661  24.857  -47.074  -35.883 0.5000000000
33579  22.867  -47.158  -30.228 0.5000000000
34620  22.665  -46.376  -30.655 0.4000000060
128340  24.365  -45.679  -35.698 0.5000000000
34701  23.692  -46.412  -36.474 0.5000000000
34702  23.266  -46.063  -36.755 0.3000000119
36727  23.293  -44.556  -35.968 0.5000000000
35699  23.311  -45.300  -36.170 0.4000000060
36740  22.596  -44.817  -36.953 0.4000000060
35721  23.330  -45.751  -37.734 0.3000000119
35722  22.955  -45.592  -37.134 0.3000000119
124574  23.929  -44.865  -38.421 0.3000000119
36752  23.203  -44.491  -38.006 0.3000000119
37793  25.440  -43.584  -38.123 0.3000000119
36764  24.834  -44.334  -38.366 0.3000000119
36765  23.813  -43.961  -38.293 0.4000000060
36753  22.683  -44.189  -37.348 0.4000000060
136286  21.190  -43.145  -31.593 0.3000000119
38777  26.810  -42.750  -37.917 0.4000000060
38778  25.888  -42.848  -37.889 0.4000000060
37794  24.581  -43.431  -38.125 0.4000000060
38681  21.019  -42.593  -31.310 0.3000000119
40493  21.245  -40.745  -29.592 0.3000000119
44452  22.605  -36.408  -26.783 0.3000000119
45426  22.802  -35.573  -26.784 0.3000000119
45437  21.984  -35.722  -27.019 0.3000000119
46359  22.206  -35.191  -26.836 0.3000000119
46349  21.905  -34.603  -26.641 0.3000000119
48166  23.550  -32.292  -24.217 0.3000000119
48167  22.611  -32.255  -24.229 0.3000000119
48180  22.214  -32.872  -24.919 0.3000000119
48182  20.672  -32.554  -25.453 0.3000000119
126976  25.677  -31.042  -24.210 0.3000000119
49167  24.100  -31.562  -24.002 0.3000000119
49168  23.090  -31.486  -23.864 0.3000000119
50074  26.324  -30.434  -24.537 0.3000000119
130728  25.411  -30.052  -24.423 0.3000000119
139374  24.526  -30.023  -24.245 0.3000000119
50076  23.707  -30.517  -23.973 0.3000000119
50077  22.563  -30.594  -23.866 0.3000000119
50988  23.914  -29.506  -24.440 0.3000000119
50989  22.975  -29.674  -24.238 0.3000000119
51006  25.586  -29.167  -24.892 0.3000000119
50987  24.773  -29.324  -24.633 0.3000000119
51008  23.283  -28.867  -24.742 0.3000000119
32604  26.657  -48.326  -35.933 0.5000000000
39740  25.813  -42.034  -37.637 0.4000000060
137527  20.908  -41.884  -30.789 0.3000000119
50075  24.758  -30.819  -24.035 0.3000000119
48181  21.410  -32.741  -25.203 0.3000000119
34631  22.087  -46.226  -31.207 0.3000000119
35630  21.932  -45.325  -31.544 0.3000000119
36675  21.029  -44.434  -32.429 0.3000000119
25563  23.096  -55.871  -28.917 0.4000000060
25565  21.602  -55.440  -29.604 0.4000000060
25566  20.982  -55.232  -29.901 0.4000000060
25597  19.612  -55.174  -32.434 0.4000000060
130551  19.910  -54.227  -32.678 0.3000000119
27640  21.156  -53.962  -29.865 0.4000000060
27656  20.684  -53.968  -30.547 0.4000000060
122950  21.069  -53.419  -31.057 0.4000000060
30625  29.209  -50.665  -35.890 0.3000000119
27655  21.358  -53.408  -30.421 0.4000000060
27689  21.196  -52.993  -33.036 0.3000000119
28730  21.647  -52.372  -33.573 0.3000000119
129438  21.333  -53.059  -31.979 0.4000000060
30602  21.702  -50.665  -33.760 0.3000000119
27734  21.122  -52.335  -34.231 0.3000000119
31533  21.277  -50.002  -33.225 0.3000000119
28696  22.286  -52.354  -31.963 0.4000000060
29683  22.405  -51.081  -33.472 0.3000000119
30588  22.173  -50.345  -33.097 0.3000000119
25595  20.777  -56.213  -31.084 0.4000000060
25596  20.072  -55.585  -31.103 0.4000000060
31521  20.671  -49.441  -32.496 0.3000000119
25544  24.340  -55.723  -28.067 0.3000000119
31542  19.990  -49.813  -34.023 0.3000000119
24482  29.127  -55.931  -27.863 0.4000000060
24501  29.000  -56.685  -28.044 0.4000000060
25535  25.698  -55.762  -27.430 0.4000000060
25537  24.111  -54.807  -27.911 0.4000000060
25545  23.575  -55.383  -28.417 0.3000000119
25562  29.792  -55.616  -29.164 0.3000000119
25564  22.379  -55.635  -29.297 0.4000000060
25581  22.065  -56.100  -29.917 0.4000000060
25582  21.222  -55.826  -30.218 0.4000000060
25583  20.508  -55.416  -30.459 0.4000000060
26559  26.473  -54.429  -27.019 0.5000000000
26568  27.940  -54.456  -27.165 0.6000000238
26576  30.311  -54.156  -28.471 0.5000000000
26578  22.814  -54.136  -28.436 0.5000000000
26592  31.151  -54.058  -29.660 0.5000000000
26594  30.094  -54.937  -28.810 0.3000000119
26595  21.964  -55.053  -29.134 0.5000000000
26596  21.393  -54.665  -29.506 0.4000000060
26597  20.718  -54.655  -30.140 0.4000000060
26614  20.128  -54.725  -30.909 0.4000000060
26629  31.445  -54.136  -31.015 0.4000000060
26648  19.928  -54.461  -31.826 0.3000000119
27600  27.733  -53.620  -27.077 0.6000000238
27602  26.159  -53.703  -27.000 0.5000000000
27614  24.819  -53.513  -27.478 0.5000000000
27625  30.419  -53.215  -28.175 0.6000000238
27639  21.792  -53.368  -29.757 0.4000000060
27652  32.191  -53.059  -30.971 0.4000000060
27653  31.843  -53.540  -30.813 0.4000000060
27671  20.483  -53.849  -31.384 0.4000000060
27687  31.318  -53.194  -33.089 0.4000000060
27688  30.800  -53.888  -32.701 0.4000000060
28623  27.144  -52.966  -27.062 0.5000000000
28624  26.352  -53.072  -27.094 0.5000000000
28639  29.202  -52.388  -27.411 0.6000000238
28642  26.603  -52.332  -27.296 0.6000000238
28656  23.777  -52.684  -28.334 0.5000000000
28664  31.651  -52.621  -29.436 0.6000000238
28679  31.942  -53.029  -30.205 0.5000000000
28680  23.207  -51.876  -30.788 0.5000000000
28697  21.729  -52.896  -31.119 0.5000000000
28714  21.966  -52.394  -32.814 0.3000000119
29581  30.415  -51.693  -27.958 0.6000000238
29584  27.939  -51.429  -27.566 0.6000000238
29586  25.098  -51.963  -27.864 0.6000000238
29596  31.710  -51.512  -28.917 0.6000000238
29597  31.098  -51.608  -28.381 0.6000000238
29599  25.692  -51.252  -28.436 0.6000000238
29611  31.850  -52.012  -29.306 0.6000000238
29650  32.548  -51.650  -31.308 0.5000000000
29668  31.910  -51.123  -32.899 0.6000000238
29669  23.349  -51.122  -32.556 0.4000000060
29671  22.204  -51.836  -33.376 0.3000000119
29684  21.735  -51.531  -33.957 0.3000000119
29697  30.860  -51.433  -34.403 0.4000000060
30497  28.095  -50.531  -27.886 0.6000000238
30515  27.506  -49.988  -28.489 0.6999999881
30517  26.178  -50.698  -28.771 0.6000000238
30532  32.563  -50.878  -29.793 0.6999999881
30533  26.415  -50.190  -29.367 0.6999999881
30554  25.608  -50.147  -30.604 0.6000000238
30555  24.979  -50.330  -31.180 0.6000000238
30575  24.245  -50.230  -32.177 0.6000000238
30576  23.562  -50.438  -32.499 0.4000000060
30586  32.302  -50.353  -32.231 0.6000000238
30601  31.460  -50.651  -33.500 0.5000000000
30603  20.853  -50.303  -33.939 0.3000000119
30612  31.046  -50.662  -34.095 0.5000000000
31427  30.433  -49.758  -27.790 0.6000000238
31450  31.739  -49.574  -28.271 0.8000000119
31466  26.622  -49.509  -29.868 0.6999999881
31478  25.229  -49.643  -31.243 0.6000000238
31481  22.852  -49.390  -31.405 0.4000000060
31499  24.553  -49.782  -31.844 0.5000000000
31534  20.385  -49.625  -33.275 0.3000000119
31541  29.132  -49.343  -35.238 0.6000000238
31568  28.068  -50.091  -36.436 0.4000000060
32499  32.463  -48.345  -28.422 0.8999999762
32502  28.470  -48.726  -28.256 0.6999999881
32518  23.431  -48.264  -30.060 0.5000000000
32530  24.991  -48.954  -30.803 0.5000000000
32531  24.005  -48.850  -30.566 0.6000000238
32554  21.242  -48.696  -31.037 0.3000000119
32576  31.121  -48.648  -33.525 0.6999999881
32587  29.631  -48.924  -34.663 0.6000000238
33532  30.673  -47.954  -27.526 0.8999999762
33548  32.607  -47.498  -28.117 0.8999999762
33549  28.718  -47.372  -28.388 0.8999999762
33563  23.861  -47.723  -29.821 0.6000000238
33599  32.742  -47.295  -31.408 0.8999999762
33601  20.725  -48.431  -31.580 0.3000000119
33611  31.577  -47.337  -32.988 0.8000000119
33612  20.951  -47.565  -31.707 0.3000000119
33626  29.777  -46.915  -33.987 0.8000000119
33641  29.270  -47.229  -34.304 0.8000000119
33660  25.517  -47.330  -35.697 0.6000000238
33662  24.257  -46.741  -36.181 0.5000000000
34573  33.237  -46.143  -28.176 0.8999999762
34576  30.621  -46.540  -27.344 0.8999999762
34577  29.786  -46.304  -27.558 0.8999999762
34600  24.685  -46.558  -29.733 0.6000000238
34601  23.941  -46.370  -29.984 0.5000000000
34617  33.398  -46.081  -29.671 1.0000000000
34619  23.298  -46.376  -30.296 0.5000000000
34621  22.083  -47.206  -30.702 0.4000000060
34632  21.601  -46.878  -31.508 0.3000000119
34653  30.682  -46.316  -33.485 0.8000000119
34671  26.631  -46.236  -35.034 0.6999999881
34684  26.047  -46.833  -35.355 0.6999999881
34688  23.362  -45.849  -36.369 0.4000000060
35564  31.625  -45.366  -26.813 0.8999999762
35571  33.256  -45.451  -27.816 0.8999999762
35574  29.648  -45.488  -27.543 0.8999999762
35576  28.401  -44.588  -28.349 0.8999999762
35584  27.853  -44.827  -28.986 0.8000000119
35585  27.131  -44.897  -29.159 0.6999999881
35586  26.326  -45.214  -29.124 0.6999999881
35596  27.070  -45.729  -29.327 0.8000000119
35612  33.256  -45.495  -30.147 1.0000000000
35615  23.019  -45.760  -30.508 0.5000000000
35627  32.446  -45.825  -31.641 1.0000000000
35639  32.103  -46.022  -32.206 0.8999999762
35640  31.588  -45.777  -32.694 0.8000000119
35677  29.443  -45.735  -33.889 0.8000000119
35681  25.218  -44.892  -35.205 0.6999999881
35698  23.829  -45.177  -35.799 0.5000000000
35710  23.010  -45.401  -36.615 0.4000000060
36594  31.361  -44.525  -26.599 0.8999999762
36595  30.279  -44.391  -26.819 0.8999999762
36601  33.149  -44.712  -27.366 0.8999999762
36602  32.632  -44.993  -27.027 0.8999999762
36613  25.628  -44.797  -28.885 0.6999999881
36628  22.741  -43.913  -29.976 0.4000000060
36659  22.178  -44.666  -31.086 0.5000000000
36691  29.102  -44.519  -33.741 0.8000000119
36712  26.801  -44.643  -34.509 0.8000000119
36715  24.661  -44.245  -35.217 0.6999999881
36728  22.880  -44.644  -36.457 0.5000000000
37632  31.744  -43.364  -26.361 0.8999999762
37634  29.919  -43.454  -26.540 0.8999999762
37635  29.051  -43.149  -26.742 0.8999999762
37641  33.487  -43.326  -27.556 0.8999999762
37644  27.042  -43.112  -27.774 0.6999999881
37645  26.137  -42.986  -27.780 0.6999999881
37650  27.460  -43.732  -28.161 0.6999999881
37660  33.462  -43.889  -29.440 1.0000000000
37684  21.148  -43.759  -31.945 0.3000000119
37694  29.871  -43.206  -32.955 0.8999999762
37710  29.366  -43.745  -33.483 0.8999999762
37711  28.627  -43.367  -33.661 0.8000000119
37734  26.377  -43.225  -34.235 0.8000000119
37736  24.881  -43.591  -34.914 0.6999999881
37753  22.631  -43.295  -36.116 0.6000000238
37780  22.316  -42.947  -36.769 0.6999999881
37795  23.746  -43.146  -37.927 0.5000000000
38619  29.146  -41.945  -25.995 1.0000000000
38625  31.404  -42.639  -26.087 0.8999999762
38627  29.547  -42.641  -26.278 1.0000000000
38630  26.702  -42.157  -27.046 0.6999999881
38636  24.586  -42.091  -27.535 0.6000000238
38646  23.306  -42.341  -28.475 0.5000000000
38647  22.727  -41.953  -28.876 0.5000000000
38653  33.257  -42.565  -29.427 1.0000000000
38667  21.928  -42.491  -30.352 0.4000000060
38679  30.673  -42.325  -31.702 0.8999999762
38689  30.303  -42.767  -32.322 0.8999999762
38693  21.055  -43.224  -31.917 0.3000000119
38709  25.869  -41.992  -33.938 0.8999999762
38748  22.332  -42.333  -36.524 0.6999999881
38761  24.003  -41.896  -37.629 0.5000000000
38762  23.631  -42.503  -37.696 0.6000000238
39577  28.730  -41.274  -25.832 1.0000000000
39578  27.075  -41.046  -26.137 0.6000000238
39622  21.833  -41.869  -30.061 0.4000000060
39637  31.121  -41.920  -31.163 0.8999999762
39649  27.656  -41.189  -32.791 0.8999999762
39659  27.186  -41.759  -33.300 0.8999999762
39674  23.163  -41.249  -35.277 0.8999999762
39684  22.822  -41.884  -35.692 0.8000000119
39699  22.496  -41.420  -36.638 0.6999999881
40448  32.374  -40.212  -25.699 0.8999999762
40449  31.509  -40.331  -25.358 0.8999999762
40462  23.908  -39.773  -26.831 0.6000000238
40478  21.374  -40.461  -28.915 0.4000000060
40489  32.211  -40.312  -29.376 1.0000000000
40509  28.867  -39.760  -31.073 1.0000000000
40528  28.464  -40.220  -31.630 1.0000000000
40548  28.085  -40.667  -32.247 0.8999999762
40568  24.712  -40.159  -33.805 0.8999999762
40583  23.435  -40.050  -34.592 0.8999999762
40627  25.808  -40.618  -37.296 0.5000000000
40628  24.972  -40.480  -37.487 0.5000000000
40629  23.968  -40.279  -37.461 0.6000000238
41437  32.975  -39.842  -26.215 0.8999999762
41439  24.292  -39.101  -26.387 0.5000000000
41514  26.712  -39.198  -32.233 0.8999999762
41529  25.481  -39.290  -32.987 0.8999999762
41542  25.125  -39.709  -33.342 0.8999999762
41553  30.070  -39.373  -34.134 0.5000000000
41567  29.692  -39.989  -34.669 0.5000000000
41581  27.377  -39.956  -36.027 0.5000000000
41582  25.916  -39.179  -37.215 0.6000000238
42386  31.210  -38.132  -24.647 0.8000000119
42387  30.261  -38.307  -24.565 0.6999999881
42408  32.189  -37.900  -24.981 0.6999999881
42410  26.130  -38.472  -25.517 0.5000000000
42411  25.515  -38.352  -25.730 0.5000000000
42428  22.321  -38.162  -26.587 0.3000000119
42456  30.528  -38.525  -29.827 1.0000000000
42457  29.838  -38.036  -30.070 1.0000000000
42501  26.262  -38.606  -32.307 0.8999999762
42526  30.440  -38.681  -33.893 0.6000000238
42528  28.752  -38.266  -34.278 0.6000000238
42529  22.234  -38.634  -34.629 0.8999999762
42556  22.586  -38.256  -36.598 0.8000000119
42569  23.217  -38.722  -37.162 0.8000000119
43451  25.248  -37.754  -25.890 0.4000000060
43522  26.202  -37.263  -32.005 1.0000000000
43532  24.105  -37.541  -32.970 0.8999999762
43551  30.117  -38.006  -33.690 0.6000000238
43553  22.116  -37.987  -34.380 0.8999999762
43560  28.478  -37.519  -34.651 0.6000000238
43572  25.345  -37.244  -36.739 0.8000000119
44497  28.162  -36.867  -31.002 1.0000000000
44526  23.128  -36.220  -33.060 0.8999999762
44534  29.955  -36.520  -33.512 0.6000000238
44536  22.226  -36.559  -33.902 0.8999999762
44566  23.531  -36.439  -36.363 0.8000000119
44567  22.708  -36.062  -36.122 0.8999999762
45393  28.850  -35.471  -24.594 0.4000000060
45410  32.822  -35.540  -25.436 0.6999999881
45424  24.340  -35.364  -26.200 0.4000000060
45474  28.406  -35.573  -30.745 1.0000000000
45488  27.003  -35.790  -31.373 1.0000000000
45514  31.012  -35.888  -33.235 0.6000000238
45545  21.819  -35.561  -35.679 0.8999999762
46332  25.508  -34.606  -25.473 0.4000000060
46358  33.595  -34.054  -27.892 0.6999999881
46440  29.134  -34.123  -33.540 0.6000000238
46456  26.220  -34.202  -35.001 0.6999999881
46457  21.239  -34.576  -34.429 0.8999999762
46467  26.486  -35.090  -36.019 0.6999999881
46475  25.849  -35.083  -36.440 0.6999999881
47199  27.430  -33.313  -24.574 0.4000000060
47268  29.296  -33.625  -29.982 0.8000000119
47280  28.065  -33.738  -30.387 0.8999999762
47297  26.100  -33.623  -30.988 1.0000000000
47300  22.989  -33.365  -31.798 1.0000000000
47342  24.222  -32.891  -34.719 0.6999999881
47352  24.110  -33.309  -35.311 0.6999999881
47353  23.242  -33.400  -35.619 0.6999999881
48245  25.729  -32.260  -30.374 0.8999999762
48277  21.400  -31.789  -32.442 0.8999999762
48308  21.700  -32.891  -34.013 0.8000000119
48325  21.971  -33.329  -34.824 0.8000000119
49165  26.529  -31.301  -24.358 0.4000000060
49233  27.505  -31.589  -29.681 0.8000000119
49234  26.884  -31.423  -29.747 0.8999999762
49244  23.705  -31.193  -30.490 0.8999999762
49245  22.416  -31.267  -30.913 0.8999999762
49247  20.909  -30.337  -31.027 0.8999999762
49259  21.100  -30.928  -31.632 0.8000000119
49289  24.368  -31.434  -33.252 0.6999999881
50181  28.339  -30.391  -29.960 0.8000000119
50204  20.751  -30.604  -32.064 0.8000000119
50222  21.760  -30.535  -33.214 0.6999999881
50223  21.339  -30.681  -32.863 0.8000000119
50238  22.654  -31.014  -33.609 0.8000000119
50239  22.099  -31.131  -33.612 0.8000000119
50986  26.132  -29.703  -24.788 0.3000000119
51070  22.638  -28.916  -29.932 0.8999999762
51072  21.107  -28.909  -29.954 0.8999999762
51099  20.184  -29.892  -31.193 0.8000000119
51108  20.007  -29.322  -32.152 0.8000000119
51119  25.455  -29.309  -32.817 0.6000000238
51125  20.085  -28.668  -32.323 0.8000000119
51942  25.769  -28.347  -25.379 0.3000000119
51960  28.832  -28.333  -25.946 0.4000000060
52023  23.858  -28.318  -30.310 0.8000000119
52026  19.495  -28.540  -31.347 0.8000000119
52053  24.401  -28.311  -33.144 0.6000000238
52057  20.810  -28.569  -32.551 0.8000000119
52071  25.576  -28.060  -34.243 0.5000000000
52879  24.656  -27.512  -25.677 0.3000000119
52939  21.579  -27.561  -30.026 0.8999999762
52940  20.752  -27.508  -30.086 0.8000000119
52961  23.787  -27.414  -30.427 0.6999999881
52963  20.086  -27.760  -30.333 0.8000000119
52964  19.452  -27.509  -30.966 0.8000000119
52973  29.918  -26.836  -31.064 0.6000000238
52987  19.585  -27.996  -32.254 0.8000000119
52997  23.510  -27.212  -33.360 0.6000000238
53902  19.752  -26.114  -30.148 0.8000000119
53918  22.414  -26.456  -30.304 0.8000000119
53920  19.153  -26.266  -30.638 0.8000000119
53966  22.462  -26.232  -33.269 0.6000000238
54947  19.551  -25.422  -30.371 0.8000000119
54961  20.402  -24.877  -30.533 0.8000000119
54962  19.083  -25.530  -30.639 0.6999999881
54975  25.077  -25.587  -31.264 0.6999999881
55013  20.991  -24.400  -32.516 0.6000000238
55938  29.173  -24.431  -31.411 0.4000000060
55945  20.688  -24.231  -31.673 0.6000000238
55996  24.178  -24.861  -34.282 0.5000000000
55997  23.562  -24.321  -34.072 0.6000000238
56904  21.046  -23.886  -31.306 0.6000000238
56921  27.612  -23.425  -31.732 0.5000000000
56927  21.030  -23.815  -31.624 0.6000000238
56957  22.400  -23.591  -33.500 0.6000000238
56958  21.911  -23.609  -33.086 0.6000000238
56976  24.248  -23.182  -34.579 0.5000000000
56991  25.500  -23.803  -34.808 0.5000000000
57914  22.425  -22.531  -31.967 0.6000000238
57915  21.827  -22.826  -31.966 0.6000000238
57916  21.450  -23.243  -32.011 0.6000000238
57933  26.339  -22.160  -32.274 0.4000000060
57934  25.563  -22.345  -32.205 0.3000000119
57949  21.861  -23.061  -32.903 0.6000000238
57967  23.056  -22.591  -34.175 0.6000000238
57985  24.901  -21.912  -35.002 0.5000000000
58837  22.288  -22.154  -32.771 0.6000000238
58850  22.633  -21.392  -33.258 0.6000000238
58851  22.047  -22.616  -32.791 0.6000000238
59765  24.554  -21.043  -32.468 0.5000000000
59767  23.026  -20.985  -32.767 0.5000000000
59785  25.828  -20.768  -32.543 0.4000000060
59787  22.859  -20.651  -33.145 0.6000000238
59799  22.744  -20.245  -33.567 0.6000000238
59824  27.201  -20.573  -35.534 0.4000000060
59826  25.309  -20.375  -35.115 0.4000000060
60653  23.771  -19.349  -32.593 0.4000000060
60685  22.580  -19.340  -33.628 0.5000000000
60710  24.982  -19.432  -34.999 0.4000000060
60711  23.298  -18.974  -34.291 0.4000000060
61614  23.398  -18.716  -32.768 0.4000000060
61615  22.805  -18.969  -33.130 0.4000000060
61623  23.182  -18.355  -33.262 0.4000000060
61632  23.177  -18.293  -33.795 0.4000000060
61633  22.812  -18.783  -33.960 0.4000000060
61642  25.500  -18.608  -35.185 0.4000000060
62633  23.974  -18.054  -33.081 0.4000000060
62651  24.732  -17.515  -34.207 0.4000000060
62664  24.555  -17.900  -34.506 0.4000000060
116019  24.925  -18.194  -32.906 0.4000000060
116031  26.163  -57.268  -27.245 0.3000000119
116188  27.917  -55.754  -27.191 0.4000000060
116993  28.879  -34.676  -24.599 0.4000000060
117525  26.123  -48.405  -30.111 0.6000000238
117856  24.114  -19.220  -34.642 0.6000000238
117857  22.972  -30.858  -30.506 0.8999999762
117922  24.472  -50.946  -30.642 0.6000000238
118503  25.249  -41.904  -27.260 0.6999999881
118510  26.385  -41.689  -26.870 0.6999999881
119539  31.948  -44.174  -31.574 1.0000000000
119808  25.198  -32.472  -30.605 0.8999999762
120012  31.909  -52.865  -32.415 0.4000000060
120273  32.713  -39.864  -28.705 1.0000000000
120332  27.906  -34.501  -34.419 0.6000000238
120565  25.122  -52.751  -27.480 0.6000000238
120627  30.318  -50.515  -27.823 0.6000000238
120947  24.698  -33.695  -35.516 0.6999999881
121056  29.184  -53.910  -27.471 0.6000000238
121084  21.586  -46.002  -31.875 0.3000000119
121175  22.924  -42.843  -37.535 0.6000000238
121212  20.059  -25.894  -31.863 0.6000000238
121406  33.483  -35.771  -27.656 0.8000000119
121471  22.865  -21.813  -33.952 0.6000000238
121911  19.280  -25.942  -31.393 0.6999999881
121984  25.141  -42.990  -37.966 0.4000000060
122243  25.266  -42.480  -37.760 0.4000000060
122610  20.894  -24.092  -32.166 0.6000000238
123224  22.523  -48.043  -30.197 0.6000000238
123499  27.890  -45.635  -29.145 0.8999999762
123880  21.444  -29.161  -32.665 0.6999999881
124047  31.463  -53.529  -32.362 0.4000000060
124750  29.543  -51.299  -35.619 0.3000000119
125706  28.232  -43.817  -33.942 0.8999999762
125734  23.715  -28.783  -32.724 0.6000000238
126803  32.084  -44.106  -26.528 0.8999999762
126861  22.114  -43.330  -30.525 0.4000000060
127005  26.561  -18.820  -32.858 0.4000000060
127863  32.277  -24.902  -30.271 0.4000000060
127968  21.149  -25.522  -30.279 0.8000000119
128038  22.950  -45.028  -37.547 0.3000000119
128539  32.451  -50.135  -29.324 0.6000000238
128618  22.750  -20.904  -33.759 0.6000000238
128663  26.660  -32.612  -33.164 0.6000000238
129458  31.479  -48.139  -33.149 0.6999999881
129541  28.118  -55.109  -27.251 0.4000000060
129928  23.550  -47.071  -30.003 0.5000000000
129971  18.941  -25.871  -31.015 0.6999999881
130093  28.787  -37.778  -24.630 0.6000000238
130120  26.485  -39.693  -32.548 0.8999999762
130172  23.708  -20.943  -32.549 0.5000000000
130185  23.358  -41.021  -27.476 0.6000000238
130513  25.539  -17.761  -35.050 0.4000000060
130685  26.576  -25.998  -31.428 0.6999999881
130763  22.265  -28.920  -32.666 0.6999999881
130813  21.938  -22.725  -32.363 0.6000000238
131911  22.446  -32.866  -31.901 1.0000000000
131991  24.115  -27.597  -33.474 0.6000000238
132357  31.839  -45.985  -27.029 0.8999999762
132431  27.882  -52.859  -27.084 0.6000000238
132671  24.647  -39.758  -26.566 0.6000000238
133335  22.414  -41.004  -36.201 0.8000000119
133378  22.666  -39.748  -27.090 0.4000000060
133471  26.913  -48.898  -29.835 0.6999999881
133772  21.681  -53.930  -29.347 0.4000000060
133927  19.784  -55.249  -31.554 0.4000000060
134038  25.649  -45.433  -29.193 0.6999999881
134314  24.888  -54.446  -27.505 0.5000000000
134512  31.221  -50.002  -33.720 0.6000000238
134621  30.238  -33.477  -29.727 0.8000000119
134699  23.311  -18.402  -34.144 0.4000000060
134850  24.781  -34.964  -32.003 1.0000000000
134946  32.884  -48.678  -30.944 0.8000000119
135011  20.750  -26.185  -30.104 0.8000000119
135072  27.771  -47.984  -29.149 0.6999999881
135518  29.246  -31.965  -24.720 0.4000000060
135727  21.499  -31.427  -31.644 1.0000000000
136194  21.164  -30.767  -32.455 0.8000000119
136226  23.724  -51.322  -31.479 0.5000000000
136540  23.397  -45.219  -38.091 0.3000000119
136575  30.765  -19.255  -35.995 0.3000000119
136951  32.544  -36.423  -25.186 0.6999999881
137000  27.834  -44.271  -28.449 0.8999999762
137119  30.144  -51.134  -27.828 0.6000000238
137164  27.360  -39.901  -25.553 0.6999999881
137411  29.307  -47.536  -27.888 0.8999999762
137686  24.441  -23.735  -31.531 0.6999999881
137736  26.293  -42.406  -37.771 0.5000000000
137822  22.590  -32.458  -31.617 1.0000000000
137918  30.794  -34.002  -29.744 0.8000000119
138159  29.736  -32.182  -29.572 0.8000000119
138484  30.892  -47.226  -27.434 0.8999999762
138787  21.110  -26.352  -32.554 0.6000000238
139357  25.933  -43.493  -28.123 0.6000000238
139555  27.556  -38.857  -25.237 0.6000000238
139750  23.673  -22.720  -34.440 0.6000000238
139900  26.775  -22.666  -32.086 0.4000000060
140019  24.305  -51.816  -28.988 0.5000000000
140178  22.261  -29.363  -29.925 0.8999999762
