#!ascii label  , from subject sub-v1s1x0050644_ses-1 vox2ras=TkReg
932
116665  -33.946  -56.338  -5.734 0.0000000000
39609  -21.448  -55.446  -0.271 0.0000000000
33656  -26.863  -61.145  -4.235 0.0000000000
63384  -41.153  -28.956  -11.312 0.0000000000
66072  -47.255  -26.537  -15.709 0.0000000000
36533  -14.953  -57.458  3.899 0.0000000000
59851  -37.117  -32.774  -10.266 0.0000000000
42506  -34.988  -52.248  -5.665 0.0000000000
35669  -31.363  -59.480  -4.808 0.0000000000
39592  -17.340  -55.005  0.976 0.0000000000
34613  -18.221  -60.182  1.022 0.0000000000
39694  -29.940  -55.895  -6.884 0.0000000000
133341  -30.462  -53.304  -7.061 0.0000000000
35632  -22.793  -59.458  -1.977 0.0000000000
36656  -27.213  -58.323  -5.141 0.0000000000
116965  -35.103  -43.966  -14.989 0.0000000000
55329  -37.807  -38.252  -13.737 0.0000000000
58966  -40.196  -34.062  -13.433 0.0000000000
31433  -11.319  -63.121  1.593 0.0000000000
30410  -8.289  -64.767  2.388 0.0000000000
44342  -28.314  -50.075  -6.437 0.0000000000
47918  -29.862  -46.970  -8.862 0.0000000000
47968  -31.883  -46.660  -12.825 0.0000000000
32513  -14.579  -61.719  1.416 0.0000000000
38590  -20.776  -57.348  1.572 0.0000000000
128778  -21.787  -58.213  1.281 0.0000000000
36677  -32.798  -57.807  -5.139 0.0000000000
41476  -21.264  -53.294  0.324 0.0000000000
40541  -19.358  -54.331  -0.076 0.0000000000
37588  -18.940  -56.967  0.215 0.0000000000
38689  -30.553  -56.240  -5.047 0.0000000000
37702  -28.745  -57.459  -6.509 0.0000000000
53624  -33.915  -40.153  -13.746 0.0000000000
129114  -36.736  -41.118  -14.838 0.0000000000
56194  -34.967  -37.920  -13.456 0.0000000000
59871  -38.141  -32.968  -12.689 0.0000000000
120307  -40.011  -31.576  -13.450 0.0000000000
59891  -42.241  -33.497  -13.998 0.0000000000
137591  -42.354  -30.989  -14.777 0.0000000000
62525  -44.192  -30.230  -14.986 0.0000000000
42471  -28.030  -52.832  -3.308 0.0000000000
42521  -28.671  -51.619  -6.535 0.0000000000
44321  -27.023  -50.475  -4.308 0.0000000000
47905  -28.300  -46.784  -6.835 0.0000000000
48818  -29.516  -44.966  -9.468 0.0000000000
47931  -30.759  -47.148  -10.119 0.0000000000
49755  -30.869  -44.581  -11.329 0.0000000000
49769  -32.032  -44.581  -12.626 0.0000000000
33627  -24.722  -61.081  -2.403 0.0000000000
34581  -13.642  -60.630  2.649 0.0000000000
34598  -15.000  -59.970  1.796 0.0000000000
27121  -8.357  -67.891  3.809 0.0000000000
27118  -6.629  -68.412  4.158 0.0000000000
58058  -35.584  -35.946  -9.917 0.0000000000
125004  -32.755  -50.788  -4.881 0.0000000000
33658  -29.106  -61.147  -4.294 0.0000000000
118503  -16.161  -56.019  1.853 0.0000000000
35587  -16.140  -59.164  0.735 0.0000000000
37586  -17.434  -57.832  0.079 0.0000000000
66934  -48.598  -25.767  -16.747 0.0000000000
38707  -32.234  -56.531  -7.099 0.0000000000
40637  -32.551  -54.568  -8.189 0.0000000000
40635  -31.078  -54.444  -7.312 0.0000000000
39624  -22.524  -54.707  -0.857 0.0000000000
127478  -22.194  -57.615  -0.741 0.0000000000
37611  -23.581  -56.448  -2.053 0.0000000000
36616  -23.405  -58.908  -3.079 0.0000000000
35666  -24.915  -59.758  -3.896 0.0000000000
36635  -26.442  -58.930  -3.994 0.0000000000
34706  -26.918  -59.978  -5.413 0.0000000000
35703  -28.457  -58.942  -6.310 0.0000000000
36689  -30.666  -57.877  -6.744 0.0000000000
47982  -36.850  -46.799  -14.083 0.0000000000
58082  -36.467  -35.105  -12.804 0.0000000000
124403  -38.808  -36.137  -13.361 0.0000000000
122825  -45.947  -29.788  -15.848 0.0000000000
30411  -9.872  -64.414  1.862 0.0000000000
27142  -9.566  -67.163  3.144 0.0000000000
42535  -32.493  -52.231  -8.186 0.0000000000
44345  -30.766  -50.779  -6.709 0.0000000000
44332  -30.437  -49.495  -5.481 0.0000000000
46948  -26.949  -48.167  -5.025 0.0000000000
46090  -28.593  -48.291  -7.242 0.0000000000
119001  -31.217  -48.239  -6.690 0.0000000000
46988  -33.218  -48.822  -8.432 0.0000000000
46127  -34.286  -49.179  -10.686 0.0000000000
47041  -35.350  -48.189  -12.667 0.0000000000
48872  -33.675  -45.602  -14.301 0.0000000000
51881  -33.081  -42.197  -13.609 0.0000000000
33594  -23.122  -61.458  0.570 0.0000000000
33544  -12.072  -61.165  2.669 0.0000000000
32512  -13.112  -62.097  1.463 0.0000000000
33592  -16.119  -61.145  0.684 0.0000000000
26034  -6.058  -69.034  4.131 0.0000000000
38615  -21.127  -56.200  0.449 0.0000000000
37573  -21.552  -57.666  1.377 0.0000000000
37589  -21.875  -57.377  0.837 0.0000000000
37678  -33.599  -57.494  -4.840 0.0000000000
40557  -20.726  -53.999  -0.555 0.0000000000
41491  -20.055  -53.941  -0.267 0.0000000000
39621  -20.468  -54.595  -0.418 0.0000000000
38614  -20.332  -55.967  0.241 0.0000000000
55307  -33.429  -39.021  -12.030 0.0000000000
54466  -34.206  -39.270  -13.641 0.0000000000
56175  -34.340  -37.607  -11.689 0.0000000000
62492  -40.063  -29.976  -11.206 0.0000000000
62500  -39.416  -31.004  -12.541 0.0000000000
63401  -40.524  -29.758  -12.792 0.0000000000
62522  -40.561  -30.963  -14.015 0.0000000000
63402  -41.324  -29.582  -13.449 0.0000000000
63403  -42.250  -29.305  -13.709 0.0000000000
43394  -27.131  -51.403  -4.066 0.0000000000
49699  -29.080  -44.328  -7.325 0.0000000000
49726  -29.761  -44.123  -9.778 0.0000000000
135373  -30.251  -43.596  -9.928 0.0000000000
50790  -31.446  -43.710  -11.007 0.0000000000
33643  -25.807  -61.171  -3.434 0.0000000000
33617  -26.035  -61.865  -1.927 0.0000000000
120402  -27.166  -61.888  -2.899 0.0000000000
35561  -14.868  -59.280  2.817 0.0000000000
36547  -15.216  -58.608  2.347 0.0000000000
65227  -47.243  -27.975  -16.397 0.0000000000
27120  -7.323  -67.988  3.987 0.0000000000
41548  -36.121  -53.211  -4.703 0.0000000000
43418  -33.422  -51.392  -5.450 0.0000000000
117775  -30.100  -60.389  -4.730 0.0000000000
34684  -31.523  -60.745  -3.918 0.0000000000
40521  -18.251  -53.967  1.359 0.0000000000
40507  -17.498  -54.333  2.726 0.0000000000
39581  -16.484  -55.355  2.671 0.0000000000
39591  -16.837  -55.277  1.608 0.0000000000
129175  -16.245  -56.804  1.024 0.0000000000
38611  -17.557  -56.203  0.262 0.0000000000
124974  -19.980  -57.559  1.893 0.0000000000
37553  -19.528  -57.948  1.713 0.0000000000
38719  -31.000  -56.205  -7.658 0.0000000000
39706  -31.472  -55.451  -7.763 0.0000000000
124529  -30.659  -55.595  -7.458 0.0000000000
40559  -22.989  -54.263  -0.765 0.0000000000
39642  -23.349  -55.493  -1.214 0.0000000000
39643  -23.847  -55.355  -1.092 0.0000000000
37628  -24.245  -57.711  -2.429 0.0000000000
36617  -24.404  -58.526  -3.062 0.0000000000
35656  -24.322  -59.523  -3.474 0.0000000000
36633  -24.767  -59.238  -3.549 0.0000000000
36636  -27.487  -58.561  -3.749 0.0000000000
37653  -27.017  -58.520  -4.328 0.0000000000
35668  -26.404  -59.318  -5.007 0.0000000000
36673  -26.905  -58.871  -5.475 0.0000000000
124339  -28.038  -59.557  -5.959 0.0000000000
36674  -27.536  -58.514  -5.963 0.0000000000
38706  -29.417  -56.406  -6.844 0.0000000000
37703  -29.468  -57.453  -6.992 0.0000000000
37719  -29.870  -56.860  -7.374 0.0000000000
37705  -31.046  -57.384  -7.095 0.0000000000
48875  -36.228  -45.393  -14.585 0.0000000000
48877  -37.932  -45.259  -14.276 0.0000000000
50847  -36.842  -43.773  -14.882 0.0000000000
54486  -37.665  -39.672  -14.262 0.0000000000
52839  -38.286  -41.779  -15.200 0.0000000000
58934  -36.225  -34.315  -10.092 0.0000000000
58940  -35.706  -34.942  -11.423 0.0000000000
58948  -36.108  -34.119  -11.632 0.0000000000
59888  -39.154  -34.041  -13.253 0.0000000000
58964  -38.465  -34.455  -13.281 0.0000000000
58965  -39.775  -34.838  -13.170 0.0000000000
57125  -40.262  -37.273  -12.737 0.0000000000
62538  -45.605  -30.467  -15.580 0.0000000000
63422  -44.932  -29.230  -14.844 0.0000000000
64332  -46.237  -28.936  -16.015 0.0000000000
32500  -10.505  -62.438  2.237 0.0000000000
32487  -9.952  -62.670  2.777 0.0000000000
31419  -10.292  -63.623  1.832 0.0000000000
29279  -10.781  -66.169  3.552 0.0000000000
28208  -9.784  -67.497  5.130 0.0000000000
41588  -31.820  -53.500  -8.412 0.0000000000
41590  -33.097  -53.383  -8.504 0.0000000000
118896  -31.141  -52.407  -7.882 0.0000000000
43427  -27.999  -50.847  -6.536 0.0000000000
44364  -30.275  -50.915  -7.168 0.0000000000
44363  -29.520  -50.724  -6.851 0.0000000000
44333  -30.850  -50.247  -5.313 0.0000000000
45233  -29.380  -49.312  -6.162 0.0000000000
46949  -27.833  -46.981  -4.804 0.0000000000
47916  -28.612  -46.434  -8.096 0.0000000000
46972  -28.245  -47.437  -7.263 0.0000000000
46986  -29.927  -47.683  -8.273 0.0000000000
46076  -30.162  -48.363  -6.738 0.0000000000
133250  -31.131  -48.396  -7.863 0.0000000000
46975  -32.010  -48.427  -7.627 0.0000000000
115660  -31.388  -48.378  -8.628 0.0000000000
47027  -31.284  -47.126  -11.869 0.0000000000
47014  -31.871  -48.215  -10.738 0.0000000000
46144  -33.408  -48.262  -12.038 0.0000000000
125500  -35.098  -48.750  -11.899 0.0000000000
127820  -33.790  -47.727  -12.873 0.0000000000
47979  -34.044  -47.032  -13.513 0.0000000000
47978  -33.275  -46.330  -13.798 0.0000000000
51862  -32.614  -43.146  -12.392 0.0000000000
51880  -32.767  -43.018  -13.255 0.0000000000
51863  -32.925  -42.195  -12.715 0.0000000000
123894  -22.410  -59.444  -1.116 0.0000000000
35617  -22.260  -59.315  -0.101 0.0000000000
34643  -23.048  -60.713  -0.600 0.0000000000
119795  -14.083  -61.311  1.547 0.0000000000
33563  -13.210  -61.581  1.599 0.0000000000
127777  -13.893  -62.082  1.478 0.0000000000
35602  -17.292  -59.467  0.380 0.0000000000
128508  -16.277  -60.723  0.655 0.0000000000
34612  -17.596  -60.909  1.097 0.0000000000
37555  -20.385  -57.763  2.159 0.0000000000
36551  -21.153  -58.563  2.577 0.0000000000
34600  -21.822  -60.277  2.436 0.0000000000
34615  -22.154  -60.712  1.928 0.0000000000
36676  -31.748  -58.799  -5.087 0.0000000000
34698  -31.838  -59.967  -4.170 0.0000000000
41439  -20.184  -53.227  1.787 0.0000000000
41473  -18.938  -53.782  0.671 0.0000000000
40540  -18.456  -54.531  0.399 0.0000000000
38612  -18.438  -56.176  0.041 0.0000000000
38613  -19.367  -55.957  0.060 0.0000000000
38602  -19.890  -56.611  0.528 0.0000000000
39683  -30.201  -55.626  -6.196 0.0000000000
39684  -30.536  -55.122  -5.849 0.0000000000
37655  -28.562  -57.714  -4.416 0.0000000000
132691  -28.189  -57.908  -6.021 0.0000000000
38688  -28.952  -56.700  -5.765 0.0000000000
52819  -34.153  -41.556  -14.304 0.0000000000
51907  -35.826  -42.415  -15.198 0.0000000000
53635  -35.197  -40.361  -14.506 0.0000000000
55339  -35.616  -39.072  -14.143 0.0000000000
137526  -36.145  -37.513  -13.558 0.0000000000
60740  -37.444  -32.301  -11.502 0.0000000000
61611  -38.024  -31.927  -11.565 0.0000000000
60749  -38.741  -32.332  -12.842 0.0000000000
59889  -40.250  -33.158  -13.568 0.0000000000
59873  -41.480  -33.927  -13.206 0.0000000000
128912  -40.949  -32.475  -14.192 0.0000000000
60772  -42.216  -32.520  -14.434 0.0000000000
61649  -43.590  -31.484  -14.986 0.0000000000
62524  -43.432  -30.628  -14.979 0.0000000000
63420  -43.562  -29.758  -14.451 0.0000000000
30414  -11.808  -63.935  2.315 0.0000000000
30413  -11.093  -64.252  1.941 0.0000000000
30391  -11.741  -64.853  3.671 0.0000000000
41544  -28.599  -53.231  -5.299 0.0000000000
135564  -29.128  -52.395  -6.611 0.0000000000
122537  -28.059  -52.503  -5.293 0.0000000000
43415  -27.828  -51.641  -5.834 0.0000000000
134991  -27.304  -49.910  -5.817 0.0000000000
47899  -28.225  -46.526  -5.962 0.0000000000
48786  -28.806  -44.834  -6.718 0.0000000000
48796  -28.805  -45.027  -7.711 0.0000000000
47929  -29.411  -45.944  -9.321 0.0000000000
47919  -30.656  -47.624  -9.284 0.0000000000
132020  -29.808  -45.668  -9.856 0.0000000000
47954  -30.528  -45.834  -11.163 0.0000000000
48839  -31.246  -45.817  -12.287 0.0000000000
49768  -31.782  -45.406  -12.834 0.0000000000
49756  -31.476  -44.966  -12.018 0.0000000000
34661  -24.102  -60.685  -2.278 0.0000000000
130806  -23.831  -61.344  -0.844 0.0000000000
33616  -25.174  -61.646  -1.741 0.0000000000
34597  -14.324  -60.350  2.162 0.0000000000
33578  -14.784  -61.171  1.153 0.0000000000
27154  -7.962  -66.981  2.436 0.0000000000
30409  -7.619  -64.999  2.521 0.0000000000
28233  -7.127  -66.736  2.769 0.0000000000
28232  -6.064  -66.395  2.917 0.0000000000
27138  -5.712  -67.380  3.474 0.0000000000
44308  -32.611  -50.016  -3.949 0.0000000000
119660  -28.321  -61.388  -4.127 0.0000000000
33646  -28.355  -61.832  -3.531 0.0000000000
39551  -15.873  -55.515  4.531 0.0000000000
37538  -15.507  -56.914  3.348 0.0000000000
120745  -15.514  -57.988  1.755 0.0000000000
125577  -15.928  -57.512  1.189 0.0000000000
36574  -16.811  -58.657  0.313 0.0000000000
35603  -18.043  -59.504  0.461 0.0000000000
37587  -18.366  -57.954  0.155 0.0000000000
36562  -18.920  -58.412  0.836 0.0000000000
114666  -18.666  -59.819  1.877 0.0000000000
66930  -47.914  -25.918  -16.190 0.0000000000
38698  -33.146  -56.265  -6.475 0.0000000000
39696  -33.549  -55.456  -6.962 0.0000000000
39707  -32.191  -55.299  -7.898 0.0000000000
40636  -31.343  -54.740  -7.852 0.0000000000
41575  -30.849  -53.798  -6.763 0.0000000000
40610  -30.632  -54.483  -5.656 0.0000000000
41559  -30.270  -54.359  -5.382 0.0000000000
41545  -29.436  -53.805  -5.221 0.0000000000
41532  -28.489  -53.358  -3.678 0.0000000000
39623  -21.795  -54.681  -0.864 0.0000000000
37600  -22.120  -57.005  -0.099 0.0000000000
123865  -22.281  -56.213  -0.640 0.0000000000
126502  -22.525  -56.765  -1.290 0.0000000000
128194  -22.549  -58.659  -1.785 0.0000000000
38658  -24.133  -56.675  -2.199 0.0000000000
37627  -23.642  -57.254  -2.390 0.0000000000
35647  -23.214  -59.427  -2.701 0.0000000000
34680  -24.127  -59.870  -3.234 0.0000000000
34681  -24.728  -60.105  -3.652 0.0000000000
33655  -26.179  -60.870  -4.151 0.0000000000
118417  -25.302  -59.030  -3.104 0.0000000000
36653  -25.406  -59.413  -4.091 0.0000000000
35667  -25.761  -59.732  -4.499 0.0000000000
34694  -26.687  -60.523  -4.861 0.0000000000
130793  -27.599  -60.266  -5.365 0.0000000000
34707  -28.598  -60.128  -5.419 0.0000000000
35687  -29.655  -59.372  -5.753 0.0000000000
36687  -29.029  -58.207  -6.485 0.0000000000
35704  -29.315  -58.853  -6.269 0.0000000000
35689  -30.976  -58.948  -5.479 0.0000000000
37691  -31.430  -57.847  -6.248 0.0000000000
37692  -32.295  -57.480  -5.891 0.0000000000
134937  -21.868  -53.501  -0.235 0.0000000000
137021  -37.209  -42.375  -15.288 0.0000000000
57104  -34.864  -36.215  -11.453 0.0000000000
132058  -35.627  -36.271  -12.815 0.0000000000
57123  -37.060  -36.593  -13.457 0.0000000000
58956  -36.992  -34.262  -12.828 0.0000000000
57124  -37.907  -36.024  -13.468 0.0000000000
127334  -38.359  -37.683  -13.522 0.0000000000
55331  -40.061  -38.199  -13.205 0.0000000000
63432  -46.796  -29.589  -16.214 0.0000000000
64338  -46.970  -28.710  -16.434 0.0000000000
65212  -46.688  -26.989  -15.265 0.0000000000
31410  -9.398  -63.262  2.757 0.0000000000
30390  -9.089  -64.247  2.340 0.0000000000
30412  -10.394  -64.565  1.919 0.0000000000
130320  -9.669  -66.012  2.058 0.0000000000
137342  -9.100  -66.141  1.899 0.0000000000
27141  -8.940  -67.501  3.143 0.0000000000
40623  -33.953  -54.644  -7.295 0.0000000000
41584  -33.738  -53.134  -7.993 0.0000000000
42524  -33.899  -52.025  -7.109 0.0000000000
43445  -30.690  -51.633  -7.634 0.0000000000
43447  -32.434  -51.678  -7.595 0.0000000000
43431  -33.239  -51.596  -6.383 0.0000000000
43417  -32.491  -51.106  -5.720 0.0000000000
122958  -31.428  -50.076  -4.492 0.0000000000
45215  -31.461  -49.635  -4.327 0.0000000000
45214  -26.887  -49.457  -4.552 0.0000000000
45230  -27.307  -49.247  -6.133 0.0000000000
47898  -27.747  -47.254  -6.267 0.0000000000
46088  -27.686  -47.976  -7.023 0.0000000000
46074  -28.089  -48.680  -6.747 0.0000000000
46075  -28.918  -48.858  -6.539 0.0000000000
46077  -30.884  -48.273  -5.901 0.0000000000
47001  -32.047  -48.517  -9.829 0.0000000000
46099  -33.741  -49.182  -9.050 0.0000000000
47061  -36.545  -47.538  -13.579 0.0000000000
47997  -35.130  -46.192  -14.267 0.0000000000
49793  -34.800  -44.786  -14.834 0.0000000000
49791  -32.749  -44.712  -13.979 0.0000000000
50843  -33.351  -44.084  -14.361 0.0000000000
50844  -33.798  -43.157  -14.560 0.0000000000
52818  -33.432  -41.543  -13.821 0.0000000000
53599  -32.957  -40.370  -12.341 0.0000000000
36577  -22.060  -58.159  0.265 0.0000000000
34614  -22.232  -60.373  1.232 0.0000000000
32522  -24.654  -62.281  -0.038 0.0000000000
32501  -11.180  -61.954  2.083 0.0000000000
34580  -12.931  -60.888  3.234 0.0000000000
33562  -12.335  -61.545  1.776 0.0000000000
127710  -11.665  -62.570  1.638 0.0000000000
137233  -12.674  -63.206  2.148 0.0000000000
35586  -15.575  -59.636  1.136 0.0000000000
34626  -15.626  -60.908  0.710 0.0000000000
33579  -15.393  -61.368  1.021 0.0000000000
27103  -7.127  -69.131  6.090 0.0000000000
115339  -5.562  -67.968  3.588 0.0000000000
136274  -4.961  -67.055  3.198 0.0000000000
39687  -34.759  -55.620  -5.864 0.0000000000
136575  -21.640  -57.209  0.987 0.0000000000
38605  -21.756  -56.479  0.307 0.0000000000
37694  -33.953  -56.881  -5.155 0.0000000000
39622  -21.131  -54.582  -0.597 0.0000000000
39608  -20.765  -55.292  -0.120 0.0000000000
55308  -33.948  -38.522  -11.334 0.0000000000
55316  -34.021  -38.252  -12.342 0.0000000000
56165  -34.347  -37.831  -10.697 0.0000000000
63383  -40.696  -29.500  -10.817 0.0000000000
62501  -39.905  -30.126  -12.223 0.0000000000
63394  -40.487  -29.431  -11.790 0.0000000000
63395  -41.194  -28.955  -12.394 0.0000000000
64309  -41.808  -28.856  -13.125 0.0000000000
137198  -29.853  -43.486  -9.149 0.0000000000
33644  -26.610  -61.444  -3.597 0.0000000000
33629  -26.308  -61.675  -2.783 0.0000000000
36532  -14.793  -58.377  3.328 0.0000000000
65221  -47.119  -27.230  -16.137 0.0000000000
65228  -47.824  -27.457  -16.641 0.0000000000
66077  -47.608  -26.644  -16.253 0.0000000000
42485  -34.214  -51.831  -5.069 0.0000000000
42505  -34.037  -52.020  -6.010 0.0000000000
34709  -30.398  -59.620  -5.226 0.0000000000
34697  -30.992  -60.235  -4.516 0.0000000000
40539  -17.799  -54.622  0.860 0.0000000000
40520  -17.508  -54.532  1.774 0.0000000000
39582  -17.038  -54.799  2.454 0.0000000000
38600  -16.743  -56.060  0.862 0.0000000000
38601  -17.208  -55.558  0.743 0.0000000000
38718  -30.340  -56.393  -7.439 0.0000000000
39625  -23.664  -54.800  -0.603 0.0000000000
37629  -24.968  -58.303  -2.376 0.0000000000
37654  -27.760  -57.999  -4.592 0.0000000000
35701  -27.240  -59.080  -5.912 0.0000000000
38717  -29.809  -56.319  -7.265 0.0000000000
37720  -30.606  -56.846  -7.460 0.0000000000
49794  -35.662  -44.701  -14.836 0.0000000000
49795  -36.541  -44.596  -14.757 0.0000000000
50846  -35.968  -43.874  -14.913 0.0000000000
54469  -37.259  -38.846  -14.059 0.0000000000
54471  -39.133  -39.115  -13.967 0.0000000000
59842  -36.654  -33.543  -10.079 0.0000000000
59850  -36.182  -33.722  -10.796 0.0000000000
133505  -36.568  -33.066  -10.746 0.0000000000
58084  -40.119  -35.578  -12.770 0.0000000000
64324  -45.235  -28.394  -14.495 0.0000000000
32510  -11.082  -62.622  1.685 0.0000000000
31420  -10.522  -63.021  1.791 0.0000000000
31432  -10.808  -63.342  1.658 0.0000000000
41582  -31.023  -53.164  -7.527 0.0000000000
131581  -31.417  -53.085  -8.047 0.0000000000
43428  -28.860  -50.835  -6.766 0.0000000000
44343  -29.000  -50.056  -6.664 0.0000000000
45232  -28.487  -49.307  -6.438 0.0000000000
46985  -29.159  -47.059  -8.134 0.0000000000
123603  -30.558  -48.086  -8.546 0.0000000000
47038  -31.774  -47.245  -12.323 0.0000000000
47028  -31.823  -47.707  -11.593 0.0000000000
122048  -32.477  -47.770  -12.139 0.0000000000
132665  -33.041  -47.651  -12.620 0.0000000000
47039  -32.433  -47.207  -12.765 0.0000000000
47058  -33.174  -47.104  -13.159 0.0000000000
47057  -32.525  -46.573  -13.281 0.0000000000
34659  -22.934  -60.236  -1.341 0.0000000000
114606  -13.936  -61.689  1.507 0.0000000000
32503  -14.428  -62.334  1.897 0.0000000000
34628  -17.510  -60.196  0.659 0.0000000000
41561  -35.893  -53.622  -5.498 0.0000000000
37540  -20.713  -58.257  2.560 0.0000000000
37556  -21.100  -57.840  1.905 0.0000000000
37557  -21.553  -58.316  1.908 0.0000000000
120241  -21.798  -58.894  1.732 0.0000000000
35589  -21.928  -59.768  1.788 0.0000000000
36657  -32.496  -58.527  -4.768 0.0000000000
35670  -32.190  -59.249  -4.468 0.0000000000
41458  -21.003  -53.106  1.446 0.0000000000
135463  -20.374  -53.319  0.790 0.0000000000
41474  -19.755  -53.671  0.296 0.0000000000
39606  -18.870  -55.250  -0.046 0.0000000000
38603  -20.694  -56.797  0.940 0.0000000000
37572  -20.302  -57.237  1.410 0.0000000000
38696  -29.872  -56.135  -5.744 0.0000000000
39674  -30.589  -55.583  -5.317 0.0000000000
124772  -28.383  -57.439  -5.250 0.0000000000
53633  -33.813  -40.905  -13.730 0.0000000000
52820  -34.911  -41.234  -14.630 0.0000000000
53634  -34.427  -40.644  -14.232 0.0000000000
55325  -34.369  -38.366  -13.196 0.0000000000
55326  -34.897  -38.577  -13.832 0.0000000000
55327  -35.749  -38.136  -13.780 0.0000000000
56195  -35.462  -37.409  -13.325 0.0000000000
61612  -38.356  -31.596  -10.829 0.0000000000
61613  -39.125  -30.978  -10.666 0.0000000000
61630  -38.907  -31.666  -12.489 0.0000000000
61637  -39.318  -31.789  -12.980 0.0000000000
60759  -39.583  -32.512  -13.363 0.0000000000
60760  -40.358  -32.447  -13.821 0.0000000000
60770  -40.692  -31.799  -14.229 0.0000000000
62508  -41.226  -30.456  -14.166 0.0000000000
61647  -41.252  -31.264  -14.469 0.0000000000
61648  -42.124  -31.557  -14.649 0.0000000000
116295  -42.826  -31.185  -14.907 0.0000000000
62523  -42.633  -30.533  -14.678 0.0000000000
64310  -42.553  -28.705  -13.154 0.0000000000
63404  -43.063  -29.093  -13.811 0.0000000000
42484  -28.113  -52.860  -4.372 0.0000000000
124506  -27.231  -51.110  -5.086 0.0000000000
43414  -27.418  -50.666  -5.943 0.0000000000
44331  -27.081  -50.190  -5.262 0.0000000000
49709  -29.148  -44.298  -8.098 0.0000000000
48805  -29.093  -45.169  -8.594 0.0000000000
49743  -30.378  -44.164  -10.591 0.0000000000
48819  -29.976  -44.926  -10.204 0.0000000000
48828  -30.419  -45.065  -10.948 0.0000000000
48838  -30.868  -45.400  -11.614 0.0000000000
32563  -26.833  -62.150  -2.105 0.0000000000
32544  -26.510  -62.451  -1.361 0.0000000000
119676  -14.721  -59.855  2.772 0.0000000000
34610  -14.510  -60.760  1.378 0.0000000000
34611  -15.233  -60.503  0.942 0.0000000000
137153  -8.313  -67.486  2.915 0.0000000000
27140  -7.596  -67.461  3.114 0.0000000000
27119  -6.628  -68.040  4.019 0.0000000000
27139  -6.620  -67.333  3.351 0.0000000000
43396  -33.778  -51.059  -4.665 0.0000000000
43382  -34.118  -50.879  -4.060 0.0000000000
43376  -33.503  -50.161  -3.695 0.0000000000
43395  -33.133  -50.428  -4.245 0.0000000000
34695  -28.398  -60.753  -4.774 0.0000000000
39565  -16.194  -55.400  3.649 0.0000000000
38589  -15.798  -56.092  2.925 0.0000000000
38576  -15.632  -56.196  3.907 0.0000000000
37552  -15.757  -57.005  2.168 0.0000000000
38610  -17.051  -56.914  0.227 0.0000000000
37569  -16.541  -57.655  0.491 0.0000000000
36575  -17.747  -58.715  0.206 0.0000000000
117350  -17.987  -57.069  -0.015 0.0000000000
36549  -19.071  -58.803  2.018 0.0000000000
35588  -18.589  -59.281  1.015 0.0000000000
39695  -32.643  -55.794  -7.362 0.0000000000
38720  -31.790  -56.040  -7.686 0.0000000000
135845  -31.096  -53.765  -7.437 0.0000000000
39685  -30.599  -55.087  -5.152 0.0000000000
40603  -30.547  -54.759  -4.583 0.0000000000
118111  -29.577  -54.185  -4.147 0.0000000000
41546  -29.862  -54.099  -5.096 0.0000000000
129033  -28.823  -53.647  -4.395 0.0000000000
40558  -21.611  -54.113  -0.863 0.0000000000
38625  -22.114  -55.463  -0.770 0.0000000000
38638  -23.396  -55.993  -1.662 0.0000000000
119844  -23.072  -56.366  -1.769 0.0000000000
124766  -22.493  -57.738  -1.587 0.0000000000
37610  -23.000  -56.997  -2.086 0.0000000000
125480  -23.627  -58.295  -2.747 0.0000000000
36615  -22.976  -58.772  -2.570 0.0000000000
34669  -23.676  -60.065  -2.689 0.0000000000
35655  -23.712  -59.416  -3.166 0.0000000000
34682  -25.461  -60.523  -3.912 0.0000000000
34692  -25.290  -60.065  -4.182 0.0000000000
115788  -26.766  -59.012  -3.615 0.0000000000
125839  -26.178  -59.078  -3.548 0.0000000000
36618  -26.287  -59.164  -2.686 0.0000000000
36634  -25.652  -59.130  -3.888 0.0000000000
36654  -26.045  -59.195  -4.434 0.0000000000
34705  -26.448  -60.013  -5.096 0.0000000000
33657  -27.537  -60.981  -4.552 0.0000000000
35686  -28.898  -59.461  -5.874 0.0000000000
34708  -29.491  -59.932  -5.311 0.0000000000
37690  -28.468  -57.267  -5.909 0.0000000000
36688  -29.922  -58.200  -6.682 0.0000000000
35688  -30.156  -58.905  -5.963 0.0000000000
36675  -30.763  -58.400  -6.166 0.0000000000
125875  -31.389  -58.427  -5.660 0.0000000000
37721  -31.414  -56.734  -7.378 0.0000000000
37706  -31.846  -57.192  -6.744 0.0000000000
38697  -32.529  -56.895  -6.344 0.0000000000
41493  -22.245  -53.831  -0.739 0.0000000000
41477  -22.487  -53.542  -0.006 0.0000000000
47062  -37.441  -47.354  -13.564 0.0000000000
52838  -36.288  -41.760  -15.173 0.0000000000
51908  -36.654  -42.344  -15.298 0.0000000000
128363  -37.223  -41.821  -15.302 0.0000000000
57096  -35.028  -36.451  -10.515 0.0000000000
58954  -35.883  -34.913  -12.110 0.0000000000
58074  -35.312  -35.521  -11.799 0.0000000000
58081  -35.689  -35.627  -12.513 0.0000000000
57122  -36.058  -36.813  -13.287 0.0000000000
57114  -36.292  -36.009  -13.042 0.0000000000
60748  -37.781  -32.441  -12.129 0.0000000000
60739  -37.083  -32.794  -11.836 0.0000000000
59870  -37.511  -33.592  -12.811 0.0000000000
58091  -38.461  -35.260  -13.408 0.0000000000
137799  -38.032  -34.749  -13.347 0.0000000000
135741  -38.433  -36.519  -13.470 0.0000000000
130531  -38.036  -36.890  -13.541 0.0000000000
56197  -38.896  -36.994  -13.392 0.0000000000
55330  -39.191  -37.900  -13.400 0.0000000000
56198  -39.611  -37.360  -13.150 0.0000000000
56199  -40.884  -38.086  -12.664 0.0000000000
127782  -41.670  -33.596  -13.650 0.0000000000
60790  -44.977  -31.374  -15.353 0.0000000000
125485  -46.419  -30.473  -15.707 0.0000000000
64325  -45.895  -28.085  -15.158 0.0000000000
136533  -46.330  -27.575  -15.238 0.0000000000
120991  -46.589  -27.967  -15.969 0.0000000000
118389  -9.736  -63.767  2.027 0.0000000000
119752  -11.479  -64.687  2.617 0.0000000000
29321  -10.740  -65.026  2.259 0.0000000000
28234  -10.092  -66.576  2.825 0.0000000000
29302  -10.446  -65.805  2.490 0.0000000000
28250  -9.278  -66.709  2.248 0.0000000000
131803  -9.153  -67.187  2.687 0.0000000000
27107  -8.907  -67.916  4.984 0.0000000000
39708  -33.046  -54.999  -7.645 0.0000000000
40638  -33.393  -54.092  -8.043 0.0000000000
42546  -32.502  -52.958  -8.533 0.0000000000
42547  -33.220  -52.627  -8.314 0.0000000000
134233  -33.729  -52.459  -7.765 0.0000000000
42536  -33.215  -52.059  -7.792 0.0000000000
42533  -30.446  -52.444  -7.445 0.0000000000
42522  -29.674  -51.622  -7.086 0.0000000000
44365  -30.994  -51.175  -7.496 0.0000000000
43429  -31.600  -51.266  -7.190 0.0000000000
43430  -32.409  -51.347  -6.751 0.0000000000
43416  -31.525  -50.912  -6.026 0.0000000000
138153  -31.001  -49.792  -4.714 0.0000000000
45223  -31.045  -49.281  -4.799 0.0000000000
46050  -26.907  -48.645  -4.483 0.0000000000
136018  -26.885  -48.832  -5.140 0.0000000000
45222  -27.002  -49.361  -5.524 0.0000000000
46062  -27.009  -48.511  -5.918 0.0000000000
46973  -28.655  -47.694  -7.536 0.0000000000
46089  -27.991  -48.110  -7.204 0.0000000000
46073  -27.543  -48.461  -6.632 0.0000000000
132662  -29.357  -48.512  -6.913 0.0000000000
46063  -31.438  -48.519  -5.240 0.0000000000
46955  -31.779  -48.030  -5.769 0.0000000000
131742  -32.801  -48.605  -7.894 0.0000000000
47000  -31.369  -48.184  -9.465 0.0000000000
118351  -31.381  -47.946  -10.199 0.0000000000
46126  -33.438  -48.853  -11.039 0.0000000000
47015  -32.705  -48.730  -10.404 0.0000000000
46112  -33.554  -49.177  -10.046 0.0000000000
46146  -35.657  -49.015  -11.220 0.0000000000
46162  -35.959  -48.577  -12.028 0.0000000000
47042  -36.244  -48.037  -12.808 0.0000000000
47060  -35.646  -47.659  -13.453 0.0000000000
47996  -34.273  -46.284  -14.082 0.0000000000
47980  -35.047  -46.939  -13.809 0.0000000000
48873  -34.524  -45.550  -14.531 0.0000000000
49792  -33.944  -44.855  -14.634 0.0000000000
136871  -32.069  -44.948  -13.114 0.0000000000
48850  -32.320  -45.300  -13.481 0.0000000000
49781  -32.360  -44.544  -13.331 0.0000000000
50831  -32.737  -43.865  -13.684 0.0000000000
50832  -33.152  -43.070  -13.998 0.0000000000
51893  -33.556  -42.282  -14.211 0.0000000000
53614  -33.101  -40.867  -12.850 0.0000000000
124833  -22.878  -60.787  0.094 0.0000000000
34629  -22.404  -60.143  0.440 0.0000000000
34630  -22.646  -60.843  0.752 0.0000000000
33582  -22.650  -61.356  1.390 0.0000000000
32530  -24.931  -61.919  -0.841 0.0000000000
33605  -24.149  -61.731  -0.530 0.0000000000
33630  -28.004  -62.102  -2.966 0.0000000000
125025  -11.282  -61.431  2.716 0.0000000000
120566  -11.703  -61.575  2.014 0.0000000000
117651  -12.510  -61.896  1.529 0.0000000000
33577  -11.789  -62.006  1.610 0.0000000000
32511  -12.266  -62.329  1.553 0.0000000000
31434  -11.942  -62.955  1.670 0.0000000000
31423  -12.672  -62.768  1.743 0.0000000000
36561  -16.019  -58.284  0.859 0.0000000000
36560  -15.661  -58.841  1.421 0.0000000000
35600  -16.081  -60.126  0.787 0.0000000000
33580  -16.082  -61.632  1.266 0.0000000000
27117  -6.939  -68.828  4.635 0.0000000000
38604  -21.302  -57.090  1.163 0.0000000000
41475  -20.559  -53.620  -0.114 0.0000000000
40556  -20.055  -54.315  -0.344 0.0000000000
39607  -19.823  -55.081  -0.253 0.0000000000
54465  -33.327  -39.877  -13.185 0.0000000000
55324  -33.644  -39.051  -12.848 0.0000000000
56185  -34.715  -37.540  -12.761 0.0000000000
62491  -39.471  -30.614  -11.541 0.0000000000
62507  -40.124  -30.596  -13.191 0.0000000000
116504  -40.702  -30.295  -13.604 0.0000000000
62509  -42.025  -30.056  -14.186 0.0000000000
42470  -27.466  -52.207  -3.745 0.0000000000
127678  -27.192  -51.567  -3.104 0.0000000000
44307  -27.063  -50.710  -3.336 0.0000000000
49725  -29.340  -44.204  -8.973 0.0000000000
50789  -30.880  -43.976  -11.075 0.0000000000
114365  -30.786  -43.517  -10.483 0.0000000000
33642  -25.059  -60.804  -3.221 0.0000000000
33628  -25.478  -61.423  -2.627 0.0000000000
32564  -27.619  -62.489  -2.258 0.0000000000
35574  -15.279  -59.218  1.853 0.0000000000
64339  -47.714  -28.396  -16.629 0.0000000000
27106  -7.990  -68.201  4.889 0.0000000000
117605  -7.192  -68.583  4.885 0.0000000000
27105  -7.188  -68.592  4.937 0.0000000000
42472  -34.549  -51.513  -4.165 0.0000000000
34696  -29.256  -60.554  -4.822 0.0000000000
33659  -29.776  -60.912  -4.360 0.0000000000
34683  -30.563  -60.967  -4.080 0.0000000000
41437  -18.630  -53.507  2.096 0.0000000000
40508  -18.072  -53.916  2.413 0.0000000000
39566  -16.991  -54.629  3.404 0.0000000000
37571  -19.722  -57.316  0.932 0.0000000000
37570  -19.095  -57.704  0.562 0.0000000000
40571  -23.271  -54.940  -0.853 0.0000000000
38640  -24.517  -56.313  -1.586 0.0000000000
37612  -24.636  -57.264  -2.023 0.0000000000
36632  -23.919  -58.887  -3.360 0.0000000000
36655  -26.664  -58.805  -4.746 0.0000000000
35684  -26.890  -59.458  -5.455 0.0000000000
35685  -27.379  -59.551  -5.763 0.0000000000
35702  -27.728  -59.037  -6.204 0.0000000000
38705  -28.992  -56.734  -6.444 0.0000000000
37718  -29.246  -56.791  -7.052 0.0000000000
37704  -30.239  -57.451  -7.184 0.0000000000
47999  -36.731  -45.987  -14.369 0.0000000000
48863  -37.489  -46.093  -14.257 0.0000000000
48876  -37.067  -45.307  -14.506 0.0000000000
49796  -37.472  -44.428  -14.635 0.0000000000
128969  -37.171  -40.410  -14.489 0.0000000000
52822  -37.669  -41.114  -14.857 0.0000000000
53637  -38.103  -40.457  -14.494 0.0000000000
58068  -35.816  -35.082  -10.032 0.0000000000
58067  -35.305  -35.484  -10.812 0.0000000000
58941  -35.827  -34.580  -10.774 0.0000000000
60758  -38.850  -33.125  -13.217 0.0000000000
59887  -38.280  -33.722  -13.083 0.0000000000
126293  -39.062  -34.826  -13.331 0.0000000000
58092  -39.338  -35.529  -13.196 0.0000000000
57115  -39.648  -36.456  -12.970 0.0000000000
57116  -40.518  -36.355  -12.448 0.0000000000
62537  -44.883  -30.547  -15.400 0.0000000000
63430  -44.693  -29.874  -15.089 0.0000000000
63431  -45.253  -29.868  -15.444 0.0000000000
64331  -45.571  -29.102  -15.336 0.0000000000
32499  -10.058  -63.139  2.180 0.0000000000
27122  -9.345  -67.583  4.060 0.0000000000
40646  -32.140  -54.127  -8.442 0.0000000000
40647  -32.753  -53.975  -8.449 0.0000000000
42534  -31.801  -52.638  -8.257 0.0000000000
44344  -29.864  -50.141  -6.259 0.0000000000
129363  -27.271  -47.577  -5.602 0.0000000000
47911  -28.521  -46.530  -7.605 0.0000000000
46984  -28.663  -46.989  -7.703 0.0000000000
46974  -29.394  -47.998  -7.684 0.0000000000
118399  -30.359  -48.240  -7.716 0.0000000000
46964  -32.247  -48.170  -6.441 0.0000000000
46987  -32.312  -48.550  -8.742 0.0000000000
47013  -31.155  -47.311  -10.992 0.0000000000
126314  -32.589  -48.319  -11.338 0.0000000000
46145  -34.249  -48.804  -11.583 0.0000000000
47040  -34.425  -48.290  -12.419 0.0000000000
47059  -34.713  -47.720  -13.208 0.0000000000
128382  -32.240  -43.862  -12.133 0.0000000000
50819  -32.437  -43.844  -12.912 0.0000000000
52806  -33.168  -41.497  -13.200 0.0000000000
36592  -22.214  -58.521  -0.872 0.0000000000
34642  -22.578  -60.147  -0.438 0.0000000000
34596  -13.776  -61.005  1.793 0.0000000000
32502  -13.484  -62.481  1.778 0.0000000000
35601  -16.656  -59.502  0.548 0.0000000000
34627  -16.795  -60.167  0.614 0.0000000000
33593  -16.837  -60.789  0.728 0.0000000000
33581  -16.847  -61.383  1.131 0.0000000000
41560  -35.316  -52.987  -6.027 0.0000000000
42525  -34.676  -52.483  -6.535 0.0000000000
37539  -20.244  -58.362  2.918 0.0000000000
35576  -21.570  -59.245  2.418 0.0000000000
41438  -19.332  -53.245  2.206 0.0000000000
41457  -19.555  -53.402  1.209 0.0000000000
41456  -18.896  -53.467  1.509 0.0000000000
39605  -17.913  -55.357  0.289 0.0000000000
37689  -27.948  -57.927  -5.479 0.0000000000
38695  -29.467  -56.239  -6.382 0.0000000000
51906  -35.028  -42.483  -15.028 0.0000000000
50859  -35.444  -43.159  -15.106 0.0000000000
52836  -34.738  -41.907  -14.755 0.0000000000
52837  -35.420  -41.825  -14.985 0.0000000000
52821  -35.787  -41.139  -14.737 0.0000000000
54484  -34.599  -39.838  -14.192 0.0000000000
54485  -35.150  -39.633  -14.335 0.0000000000
53636  -36.203  -40.408  -14.520 0.0000000000
128516  -36.591  -39.568  -14.251 0.0000000000
54468  -36.409  -38.720  -14.013 0.0000000000
55328  -36.798  -38.023  -13.764 0.0000000000
60730  -36.923  -32.562  -11.110 0.0000000000
60731  -37.630  -32.132  -10.755 0.0000000000
136712  -38.259  -32.426  -12.466 0.0000000000
61620  -38.747  -31.334  -11.745 0.0000000000
61619  -38.374  -31.985  -12.242 0.0000000000
129263  -39.558  -33.353  -13.444 0.0000000000
132761  -40.849  -33.728  -13.435 0.0000000000
59890  -40.999  -33.179  -13.704 0.0000000000
60761  -41.574  -32.884  -14.118 0.0000000000
60771  -41.420  -32.106  -14.459 0.0000000000
63419  -42.798  -29.832  -14.245 0.0000000000
63421  -44.303  -29.413  -14.590 0.0000000000
31421  -11.552  -63.554  1.808 0.0000000000
30434  -11.056  -63.662  1.675 0.0000000000
42503  -29.189  -53.234  -6.139 0.0000000000
42523  -29.780  -52.853  -6.897 0.0000000000
42502  -28.530  -52.507  -5.987 0.0000000000
42483  -27.505  -52.020  -4.763 0.0000000000
44341  -27.713  -50.016  -6.180 0.0000000000
48773  -28.600  -45.889  -6.391 0.0000000000
48785  -28.545  -45.801  -7.335 0.0000000000
48795  -28.495  -45.847  -8.103 0.0000000000
47917  -28.915  -46.159  -8.592 0.0000000000
47930  -30.050  -46.595  -9.727 0.0000000000
47941  -30.179  -45.961  -10.472 0.0000000000
47942  -30.559  -46.537  -10.927 0.0000000000
47955  -30.876  -46.367  -11.667 0.0000000000
47967  -31.340  -46.615  -12.370 0.0000000000
137502  -31.592  -46.126  -12.754 0.0000000000
49757  -31.869  -44.328  -11.977 0.0000000000
50804  -31.403  -44.232  -11.548 0.0000000000
50805  -32.602  -43.340  -11.488 0.0000000000
34660  -23.547  -60.579  -1.866 0.0000000000
120448  -23.496  -60.937  -1.074 0.0000000000
33615  -24.221  -61.278  -1.455 0.0000000000
32543  -25.753  -62.153  -1.109 0.0000000000
34582  -14.279  -60.043  3.220 0.0000000000
34583  -14.480  -59.667  3.545 0.0000000000
34599  -18.230  -60.841  1.956 0.0000000000
29318  -8.067  -65.642  2.177 0.0000000000
28248  -7.625  -66.269  2.302 0.0000000000
29317  -7.238  -65.588  2.451 0.0000000000
133324  -6.879  -66.120  2.586 0.0000000000
28247  -6.396  -65.472  2.711 0.0000000000
29300  -5.377  -65.302  2.998 0.0000000000
57083  -36.270  -36.443  -9.350 0.0000000000
131145  -36.413  -34.856  -9.607 0.0000000000
58935  -36.831  -34.228  -9.432 0.0000000000
59843  -37.416  -33.374  -9.346 0.0000000000
132839  -32.359  -49.659  -3.853 0.0000000000
33645  -27.538  -61.599  -3.744 0.0000000000
33647  -29.053  -61.739  -3.721 0.0000000000
36548  -15.222  -57.710  2.806 0.0000000000
36576  -18.356  -58.791  0.433 0.0000000000
136218  -47.557  -26.252  -15.966 0.0000000000
39686  -33.968  -55.767  -6.311 0.0000000000
39723  -31.866  -54.744  -8.154 0.0000000000
41583  -31.317  -53.849  -7.931 0.0000000000
40609  -30.691  -55.030  -6.587 0.0000000000
136152  -30.920  -54.187  -6.366 0.0000000000
41547  -30.094  -54.494  -4.412 0.0000000000
41576  -30.643  -54.119  -6.037 0.0000000000
42504  -30.214  -53.762  -6.060 0.0000000000
41519  -28.520  -53.397  -2.870 0.0000000000
38626  -22.862  -55.827  -1.203 0.0000000000
39626  -24.442  -55.280  -0.559 0.0000000000
38639  -23.935  -55.915  -1.731 0.0000000000
37626  -22.986  -57.929  -2.290 0.0000000000
35633  -23.174  -59.984  -2.144 0.0000000000
34670  -24.381  -60.418  -2.953 0.0000000000
34693  -25.882  -60.264  -4.542 0.0000000000
36686  -28.279  -58.393  -6.239 0.0000000000
118912  -32.033  -58.154  -5.446 0.0000000000
37693  -33.159  -57.006  -5.605 0.0000000000
41459  -21.826  -53.274  1.232 0.0000000000
121904  -22.008  -53.357  0.417 0.0000000000
41492  -21.382  -53.708  -0.497 0.0000000000
47983  -38.448  -46.134  -13.890 0.0000000000
50860  -36.303  -43.074  -15.102 0.0000000000
50861  -37.183  -42.973  -15.051 0.0000000000
50862  -38.084  -43.171  -14.972 0.0000000000
51909  -37.741  -42.431  -15.224 0.0000000000
57095  -34.659  -37.057  -11.070 0.0000000000
57112  -34.800  -36.908  -12.049 0.0000000000
57113  -35.134  -36.186  -12.288 0.0000000000
56186  -35.294  -36.848  -12.794 0.0000000000
128603  -36.706  -37.272  -13.572 0.0000000000
56196  -37.467  -37.462  -13.614 0.0000000000
59859  -36.507  -33.221  -11.431 0.0000000000
59869  -36.740  -33.524  -12.275 0.0000000000
58955  -36.375  -34.332  -12.361 0.0000000000
58963  -37.759  -34.277  -13.163 0.0000000000
58083  -37.491  -35.065  -13.238 0.0000000000
58090  -37.022  -35.750  -13.233 0.0000000000
133488  -39.442  -38.630  -13.525 0.0000000000
63443  -47.531  -29.114  -16.534 0.0000000000
31409  -8.833  -63.545  3.269 0.0000000000
30433  -10.592  -63.969  1.763 0.0000000000
29320  -9.942  -65.202  1.911 0.0000000000
29319  -9.049  -65.417  1.915 0.0000000000
28249  -8.533  -66.336  2.058 0.0000000000
27155  -8.701  -67.119  2.464 0.0000000000
39697  -34.454  -55.128  -6.657 0.0000000000
40639  -34.210  -53.688  -7.379 0.0000000000
43446  -31.588  -51.777  -7.885 0.0000000000
43448  -33.083  -51.718  -7.191 0.0000000000
44334  -31.724  -50.597  -4.974 0.0000000000
44323  -32.180  -50.273  -4.367 0.0000000000
44322  -32.070  -49.774  -4.069 0.0000000000
45202  -27.007  -49.826  -3.514 0.0000000000
46037  -27.041  -48.774  -3.541 0.0000000000
45231  -27.827  -49.274  -6.381 0.0000000000
46954  -27.862  -46.947  -5.556 0.0000000000
46963  -27.825  -47.590  -6.837 0.0000000000
46962  -27.353  -47.915  -6.514 0.0000000000
137191  -29.928  -48.694  -6.031 0.0000000000
137194  -30.789  -48.826  -5.479 0.0000000000
46051  -31.754  -48.985  -4.545 0.0000000000
46052  -32.528  -48.876  -4.305 0.0000000000
119999  -32.815  -48.442  -7.033 0.0000000000
47002  -32.941  -48.830  -9.400 0.0000000000
47981  -35.951  -47.069  -13.986 0.0000000000
136740  -35.536  -46.621  -14.110 0.0000000000
47998  -35.980  -46.232  -14.299 0.0000000000
48874  -35.385  -45.485  -14.611 0.0000000000
48849  -32.050  -46.026  -13.199 0.0000000000
48862  -32.929  -45.500  -14.004 0.0000000000
137405  -33.270  -44.968  -14.357 0.0000000000
119813  -34.243  -44.012  -14.793 0.0000000000
50845  -34.612  -43.195  -14.962 0.0000000000
51894  -34.288  -42.425  -14.669 0.0000000000
53613  -32.919  -40.243  -12.896 0.0000000000
54454  -33.034  -39.746  -12.543 0.0000000000
135950  -33.609  -39.188  -11.488 0.0000000000
131155  -22.000  -59.278  0.983 0.0000000000
33604  -23.485  -61.299  -0.287 0.0000000000
33595  -23.876  -61.937  0.288 0.0000000000
32515  -24.315  -62.638  0.718 0.0000000000
33583  -23.450  -62.220  1.194 0.0000000000
33561  -10.782  -61.822  2.722 0.0000000000
34595  -12.951  -61.127  2.104 0.0000000000
31422  -12.234  -63.380  1.988 0.0000000000
133682  -13.097  -63.016  2.317 0.0000000000
33565  -17.568  -61.572  1.789 0.0000000000
32505  -16.033  -61.987  2.162 0.0000000000
32514  -15.277  -61.865  1.637 0.0000000000
66078  -48.220  -26.590  -16.707 0.0000000000
27104  -7.134  -68.774  5.148 0.0000000000
26028  -6.632  -69.361  5.459 0.0000000000
28231  -5.052  -66.379  3.141 0.0000000000
120865  -5.067  -68.161  3.356 0.0000000000
27137  -4.609  -67.279  3.016 0.0000000000
28230  -4.562  -66.433  2.969 0.0000000000
40645  -31.670  -54.209  -8.233 0.0000000000
41589  -32.465  -53.595  -8.546 0.0000000000
42486  -35.028  -52.147  -4.620 0.0000000000
42537  -34.268  -52.758  -7.281 0.0000000000
50848  -37.524  -43.652  -14.830 0.0000000000
53623  -33.345  -40.525  -13.305 0.0000000000
54467  -34.850  -39.229  -14.138 0.0000000000
60747  -37.434  -33.040  -12.367 0.0000000000
119392  -41.911  -30.780  -14.568 0.0000000000
120949  -35.751  -39.810  -14.345 0.0000000000
123391  -32.564  -45.979  -13.644 0.0000000000
123394  -33.398  -41.029  -13.392 0.0000000000
138285  -43.121  -30.197  -14.625 0.0000000000
