#!ascii label  , from subject sub-v1s1x0050644_ses-1 vox2ras=TkReg
839
32264  -37.797  -63.648  -65.557 0.5000000000
31242  -37.318  -64.444  -64.549 0.8000000119
132167  -35.830  -64.359  -62.732 0.8000000119
31241  -36.749  -64.747  -63.726 0.8000000119
31230  -36.956  -63.882  -63.863 0.8000000119
33339  -38.137  -63.062  -66.795 0.5000000000
134443  -37.585  -63.823  -65.049 0.5000000000
32256  -37.345  -63.530  -64.505 0.6000000238
31200  -34.836  -63.750  -62.131 0.6999999881
32230  -35.616  -63.217  -62.334 0.6999999881
33312  -37.087  -62.570  -63.764 0.8000000119
33321  -37.347  -62.771  -64.433 0.6999999881
33346  -38.060  -62.473  -67.464 0.6000000238
33338  -37.722  -62.371  -66.721 0.5000000000
34379  -37.522  -61.453  -66.524 0.6000000238
32243  -33.269  -63.581  -63.091 0.6999999881
114945  -37.590  -62.269  -65.852 0.6000000238
114645  -37.489  -60.642  -65.952 0.6000000238
33277  -34.117  -63.034  -62.146 0.6999999881
32210  -34.356  -63.849  -62.235 0.6999999881
33311  -36.666  -62.307  -63.135 0.6999999881
34373  -37.483  -61.410  -65.466 0.6000000238
34355  -37.102  -61.799  -63.668 0.8000000119
34366  -37.389  -61.354  -64.438 0.8000000119
35357  -37.456  -60.562  -65.046 0.6999999881
34388  -37.699  -61.152  -68.125 0.4000000060
116360  -37.530  -61.056  -67.335 0.6000000238
33310  -33.067  -62.870  -63.205 0.6999999881
130752  -37.501  -60.015  -66.281 0.6000000238
119764  -33.716  -62.231  -62.179 0.6999999881
33278  -34.659  -62.794  -61.880 0.6999999881
33298  -35.600  -62.517  -62.150 0.6999999881
34345  -36.179  -61.991  -62.509 0.6999999881
34354  -36.706  -61.453  -62.991 0.6000000238
37338  -37.460  -58.882  -64.603 0.5000000000
126067  -36.207  -61.143  -62.329 0.6000000238
35335  -36.804  -60.507  -62.828 0.6000000238
137380  -37.221  -60.284  -63.514 0.6000000238
121402  -37.433  -59.185  -63.922 0.6000000238
36314  -37.194  -59.635  -63.161 0.6000000238
36298  -37.353  -58.747  -63.225 0.5000000000
35386  -37.884  -60.488  -68.840 0.4000000060
33345  -37.672  -61.756  -67.430 0.5000000000
33320  -32.563  -62.543  -64.487 0.6999999881
35376  -37.646  -60.274  -67.757 0.6000000238
124673  -37.581  -59.703  -66.909 0.6000000238
118293  -34.322  -62.244  -61.813 0.6999999881
36334  -37.514  -59.331  -66.183 0.6000000238
34331  -35.111  -61.284  -61.629 0.6999999881
117563  -37.464  -58.948  -65.402 0.5000000000
37342  -37.561  -57.975  -65.693 0.6000000238
35326  -35.686  -60.959  -61.869 0.6999999881
37330  -37.499  -58.287  -64.077 0.5000000000
38380  -37.562  -57.570  -64.807 0.5000000000
33344  -32.489  -62.636  -68.018 0.6000000238
34378  -32.490  -61.275  -66.710 0.6000000238
36370  -38.042  -59.868  -69.605 0.5000000000
36360  -37.993  -59.599  -68.686 0.5000000000
115676  -32.512  -61.555  -65.768 0.6999999881
128547  -32.527  -62.554  -65.536 0.6999999881
36351  -37.809  -59.196  -67.690 0.5000000000
37353  -38.230  -57.677  -68.770 0.4000000060
33309  -32.745  -62.401  -63.659 0.6999999881
126555  -37.947  -58.073  -67.515 0.5000000000
34343  -33.422  -61.455  -62.328 0.6999999881
34329  -33.939  -61.517  -61.780 0.6999999881
135671  -37.830  -57.686  -66.861 0.5000000000
35311  -35.334  -60.428  -61.574 0.6999999881
35327  -36.170  -60.252  -61.998 0.6000000238
121764  -36.724  -59.756  -62.457 0.6000000238
39361  -37.739  -56.954  -65.610 0.5000000000
36283  -36.408  -59.295  -61.938 0.5000000000
37318  -37.192  -58.248  -62.584 0.5000000000
135206  -37.426  -58.010  -63.275 0.5000000000
39355  -37.708  -56.715  -64.638 0.5000000000
38375  -37.556  -57.297  -63.799 0.5000000000
39356  -38.018  -56.140  -65.218 0.3000000119
38406  -38.252  -57.167  -70.141 0.3000000119
33352  -32.386  -62.505  -68.973 0.6000000238
115997  -32.498  -61.986  -67.410 0.6000000238
37360  -38.204  -58.100  -69.677 0.4000000060
133445  -32.555  -60.375  -64.287 0.6000000238
38394  -38.195  -57.254  -67.986 0.5000000000
34353  -32.721  -61.642  -63.506 0.6999999881
35325  -33.093  -60.749  -62.550 0.6999999881
36281  -34.776  -59.711  -61.388 0.5000000000
39367  -37.965  -56.816  -66.406 0.5000000000
36282  -35.688  -59.558  -61.570 0.5000000000
39362  -38.134  -56.231  -66.079 0.4000000060
40299  -38.403  -55.544  -65.722 0.4000000060
125167  -37.726  -56.495  -63.901 0.5000000000
116712  -32.461  -61.798  -69.512 0.6000000238
34387  -32.455  -61.064  -67.768 0.6000000238
36333  -32.375  -59.892  -66.110 0.6000000238
35356  -32.461  -60.629  -65.962 0.6000000238
119446  -32.548  -59.507  -64.314 0.6000000238
39377  -38.349  -56.536  -67.875 0.3000000119
38387  -38.034  -57.161  -67.105 0.4000000060
35324  -32.688  -60.778  -63.377 0.6000000238
40315  -38.637  -55.675  -67.753 0.3000000119
129258  -33.231  -60.009  -62.226 0.6000000238
35310  -33.642  -60.705  -61.896 0.6999999881
40305  -38.891  -55.058  -67.199 0.3000000119
39368  -38.259  -56.334  -66.948 0.3000000119
36280  -33.809  -59.735  -61.575 0.6000000238
41240  -39.313  -54.591  -66.729 0.3000000119
40304  -38.493  -55.617  -66.637 0.3000000119
37301  -34.383  -58.787  -61.352 0.5000000000
37303  -35.997  -58.595  -61.466 0.5000000000
41229  -38.706  -54.876  -65.342 0.3000000119
41239  -38.792  -55.001  -66.227 0.3000000119
121548  -36.458  -57.894  -61.596 0.5000000000
38362  -37.005  -57.664  -62.021 0.5000000000
40294  -38.342  -55.441  -64.857 0.3000000119
40285  -37.852  -55.916  -63.501 0.4000000060
40293  -37.960  -55.996  -64.366 0.3000000119
35385  -32.421  -60.133  -68.238 0.5000000000
120840  -32.271  -59.457  -66.635 0.5000000000
128863  -32.664  -59.896  -63.533 0.6000000238
36313  -32.676  -59.181  -63.623 0.5000000000
42204  -39.870  -54.185  -67.242 0.3000000119
36295  -32.869  -59.383  -62.810 0.6000000238
42192  -39.751  -54.041  -66.261 0.3000000119
37300  -33.647  -58.789  -61.738 0.6000000238
37302  -35.221  -58.972  -61.357 0.5000000000
138204  -36.631  -57.076  -61.397 0.5000000000
39348  -37.612  -56.632  -63.099 0.4000000060
40273  -37.682  -55.939  -62.591 0.4000000060
36341  -32.239  -59.219  -67.733 0.5000000000
37346  -32.084  -58.674  -66.654 0.5000000000
37341  -32.178  -58.388  -65.694 0.5000000000
37337  -32.409  -58.169  -64.857 0.5000000000
42194  -40.925  -53.298  -67.420 0.3000000119
42193  -40.327  -53.652  -66.755 0.3000000119
37316  -33.180  -58.663  -62.396 0.6000000238
128706  -33.466  -58.144  -62.009 0.6000000238
136422  -34.468  -58.107  -61.242 0.5000000000
38348  -35.951  -57.663  -61.156 0.5000000000
40286  -38.257  -55.330  -63.970 0.4000000060
41202  -38.532  -54.475  -62.655 0.4000000060
38385  -32.078  -57.774  -66.517 0.5000000000
38383  -32.320  -57.533  -65.437 0.5000000000
135615  -32.473  -57.635  -64.759 0.5000000000
42207  -42.175  -53.166  -68.549 0.4000000060
43186  -41.788  -52.982  -67.565 0.4000000060
134508  -32.895  -57.657  -63.341 0.5000000000
38360  -33.162  -57.897  -62.657 0.5000000000
43175  -40.796  -53.027  -66.272 0.3000000119
38374  -33.101  -57.110  -62.907 0.4000000060
42180  -40.175  -53.409  -65.825 0.3000000119
38361  -33.479  -57.339  -62.031 0.5000000000
38347  -34.512  -57.479  -61.113 0.4000000060
38333  -35.299  -57.280  -60.879 0.4000000060
40261  -38.190  -54.899  -62.163 0.4000000060
125123  -32.360  -56.945  -66.329 0.5000000000
124806  -32.428  -56.785  -65.482 0.5000000000
128445  -32.531  -56.206  -65.096 0.5000000000
43196  -42.840  -52.910  -68.536 0.4000000060
116514  -32.823  -57.031  -63.758 0.5000000000
39346  -32.779  -56.276  -64.217 0.4000000060
43177  -42.324  -52.497  -66.806 0.4000000060
43176  -41.517  -52.742  -66.607 0.4000000060
39347  -33.075  -56.330  -63.338 0.4000000060
39319  -33.766  -56.577  -61.701 0.4000000060
43164  -41.347  -52.530  -65.700 0.4000000060
39320  -34.246  -56.707  -61.169 0.4000000060
40242  -35.388  -55.791  -60.555 0.4000000060
40243  -36.167  -55.645  -60.648 0.4000000060
39322  -36.954  -56.278  -61.452 0.4000000060
40244  -36.954  -55.502  -61.043 0.4000000060
41191  -38.316  -54.282  -61.789 0.4000000060
42162  -38.933  -53.948  -63.210 0.4000000060
42147  -38.789  -53.751  -62.298 0.4000000060
39366  -32.554  -56.262  -67.211 0.5000000000
39360  -32.486  -56.179  -66.070 0.4000000060
43188  -43.470  -52.518  -67.962 0.4000000060
40292  -32.707  -55.519  -64.696 0.5000000000
40283  -33.030  -55.540  -63.815 0.4000000060
40258  -33.705  -55.677  -61.978 0.4000000060
43165  -42.094  -52.288  -65.964 0.4000000060
124823  -34.068  -56.074  -61.338 0.4000000060
40241  -34.627  -56.070  -60.794 0.4000000060
42163  -39.392  -53.448  -63.700 0.3000000119
118908  -37.707  -54.921  -61.485 0.4000000060
41237  -32.766  -54.552  -66.238 0.4000000060
41227  -32.682  -54.881  -65.200 0.5000000000
40284  -32.916  -54.797  -64.387 0.4000000060
43178  -43.135  -52.255  -66.987 0.4000000060
119591  -33.304  -54.704  -63.412 0.4000000060
40272  -33.333  -55.611  -62.914 0.4000000060
41190  -33.549  -54.984  -62.548 0.4000000060
131555  -33.870  -54.731  -61.860 0.4000000060
40259  -34.210  -55.353  -61.251 0.4000000060
128676  -35.112  -54.377  -60.592 0.4000000060
41176  -36.473  -54.894  -60.574 0.4000000060
41177  -37.212  -54.549  -60.773 0.4000000060
42148  -39.291  -53.270  -62.817 0.4000000060
42133  -38.506  -53.487  -61.445 0.4000000060
41221  -32.854  -54.181  -65.171 0.4000000060
41215  -33.175  -54.009  -64.243 0.4000000060
120205  -33.460  -53.749  -63.429 0.4000000060
41201  -33.644  -54.211  -62.628 0.4000000060
137282  -34.395  -53.799  -61.261 0.4000000060
42117  -35.426  -53.647  -60.526 0.4000000060
43145  -39.777  -52.786  -63.306 0.4000000060
42118  -36.280  -53.582  -60.372 0.4000000060
121767  -36.669  -54.203  -60.471 0.4000000060
42120  -38.103  -53.144  -60.720 0.4000000060
42161  -33.384  -53.213  -64.180 0.4000000060
120300  -33.594  -53.006  -63.471 0.4000000060
42145  -33.770  -53.325  -62.734 0.4000000060
42146  -34.148  -52.847  -62.065 0.4000000060
42130  -34.064  -53.793  -61.841 0.4000000060
44019  -35.199  -52.246  -60.802 0.4000000060
43099  -34.951  -53.027  -60.806 0.4000000060
43100  -35.700  -52.891  -60.464 0.4000000060
43101  -36.581  -52.790  -60.300 0.4000000060
43130  -39.605  -52.557  -62.465 0.3000000119
42134  -39.097  -53.027  -61.939 0.4000000060
116406  -33.460  -52.675  -64.967 0.4000000060
43144  -33.553  -52.351  -64.064 0.4000000060
44070  -33.747  -51.698  -63.629 0.4000000060
43128  -33.828  -52.350  -62.992 0.4000000060
43129  -34.280  -51.914  -62.123 0.4000000060
129205  -35.948  -52.100  -60.404 0.4000000060
44021  -36.813  -51.931  -60.231 0.4000000060
43131  -40.182  -52.122  -62.889 0.4000000060
43102  -37.479  -52.607  -60.365 0.4000000060
43116  -38.737  -52.662  -61.176 0.5000000000
43117  -39.358  -52.266  -61.669 0.4000000060
43103  -38.256  -52.232  -60.581 0.5000000000
44953  -33.834  -50.965  -63.776 0.4000000060
44942  -34.049  -50.443  -62.915 0.4000000060
44052  -34.081  -51.370  -62.943 0.4000000060
45801  -34.425  -50.100  -62.026 0.4000000060
44053  -34.431  -50.989  -62.111 0.4000000060
44022  -37.611  -51.810  -60.302 0.4000000060
44036  -38.999  -51.734  -60.979 0.5000000000
133277  -33.647  -50.058  -63.977 0.4000000060
138371  -34.056  -49.874  -62.542 0.4000000060
122541  -38.246  -51.207  -60.440 0.4000000060
44023  -38.998  -50.958  -60.713 0.5000000000
114817  -33.508  -49.233  -63.880 0.4000000060
45812  -33.696  -49.476  -63.021 0.4000000060
45782  -33.994  -49.343  -62.198 0.4000000060
44918  -39.282  -50.362  -60.944 0.5000000000
48510  -33.422  -46.287  -63.049 0.4000000060
46660  -33.459  -48.605  -63.421 0.4000000060
120032  -33.408  -47.853  -62.942 0.4000000060
47572  -33.864  -47.136  -61.818 0.4000000060
123628  -34.853  -47.068  -61.440 0.5000000000
121114  -33.305  -47.797  -63.988 0.4000000060
38349  -37.308  -56.717  -62.103 0.5000000000
40274  -38.183  -55.249  -62.941 0.4000000060
134049  -38.134  -63.845  -66.027 0.5000000000
120846  -36.124  -64.978  -63.029 0.8000000119
30162  -35.339  -65.032  -62.531 0.8000000119
31213  -34.131  -64.710  -62.478 0.6999999881
32279  -38.681  -63.184  -67.454 0.5000000000
31229  -33.543  -64.414  -62.952 0.6999999881
32285  -39.061  -62.869  -68.306 0.5000000000
115956  -32.774  -63.912  -64.436 0.6999999881
34396  -37.939  -61.229  -69.119 0.4000000060
34397  -38.027  -61.887  -68.307 0.4000000060
32255  -32.576  -63.319  -64.899 0.6999999881
126178  -32.528  -62.203  -66.484 0.6999999881
125841  -38.010  -60.535  -69.979 0.4000000060
124870  -37.921  -59.615  -70.829 0.4000000060
138263  -32.361  -63.089  -68.484 0.6000000238
125216  -32.413  -60.000  -69.224 0.5000000000
36350  -32.410  -59.363  -68.893 0.5000000000
121955  -32.226  -58.076  -67.724 0.5000000000
124208  -32.418  -57.131  -67.513 0.4000000060
40303  -32.650  -55.421  -66.825 0.4000000060
41250  -33.195  -54.689  -67.716 0.4000000060
41228  -33.125  -53.638  -66.063 0.4000000060
42178  -33.425  -52.861  -65.916 0.4000000060
120732  -33.559  -51.990  -64.928 0.4000000060
44961  -33.665  -50.705  -64.731 0.4000000060
116477  -33.576  -49.996  -64.954 0.4000000060
45819  -33.521  -49.335  -64.714 0.4000000060
47597  -33.326  -47.039  -63.526 0.4000000060
32244  -36.661  -63.224  -63.297 0.8000000119
31214  -34.755  -64.443  -62.290 0.6999999881
34344  -35.622  -61.686  -61.994 0.6999999881
35366  -37.501  -60.534  -66.794 0.6000000238
121617  -37.472  -59.860  -65.587 0.6999999881
35336  -37.176  -60.978  -63.575 0.6999999881
36342  -37.650  -58.835  -66.818 0.6000000238
127389  -37.437  -59.675  -64.660 0.6000000238
35347  -37.392  -60.451  -64.174 0.6000000238
125811  -32.557  -61.780  -64.873 0.6999999881
124984  -37.541  -58.631  -66.128 0.5000000000
36361  -38.080  -58.961  -69.901 0.5000000000
37352  -38.119  -58.621  -68.654 0.5000000000
38401  -38.355  -56.810  -68.891 0.3000000119
38363  -37.396  -57.444  -62.770 0.5000000000
37329  -32.582  -58.681  -64.201 0.6000000238
134500  -35.152  -58.157  -61.117 0.5000000000
40260  -37.444  -55.805  -61.754 0.4000000060
38334  -35.971  -56.881  -60.846 0.4000000060
41216  -38.576  -54.629  -63.581 0.4000000060
42132  -37.869  -54.001  -61.072 0.4000000060
123914  -35.935  -54.298  -60.408 0.4000000060
42170  -33.235  -53.427  -65.065 0.4000000060
46651  -33.656  -48.638  -62.501 0.4000000060
22876  -27.604  -71.635  -73.724 0.4000000060
23875  -28.941  -70.717  -73.800 0.4000000060
23877  -30.744  -70.648  -73.427 0.4000000060
24904  -31.757  -70.735  -73.361 0.4000000060
23867  -30.208  -71.078  -72.800 0.4000000060
23868  -31.165  -71.153  -72.658 0.4000000060
23869  -32.207  -71.171  -72.513 0.4000000060
137115  -34.099  -69.904  -71.622 0.5000000000
23860  -30.636  -71.640  -72.054 0.4000000060
23861  -31.595  -71.635  -71.808 0.4000000060
23862  -32.559  -71.441  -71.648 0.5000000000
23863  -33.278  -71.104  -71.458 0.5000000000
24892  -33.747  -70.279  -70.147 0.6000000238
22863  -30.148  -72.243  -71.633 0.4000000060
22864  -30.958  -72.225  -71.115 0.4000000060
23853  -32.741  -71.664  -70.149 0.4000000060
24901  -33.780  -70.443  -71.108 0.5000000000
115865  -38.249  -61.738  -69.255 0.3000000119
34409  -38.149  -61.283  -70.302 0.4000000060
135529  -37.923  -58.809  -70.977 0.3000000119
24893  -34.297  -69.534  -70.871 0.5000000000
30221  -39.397  -65.290  -67.042 0.5000000000
22817  -31.521  -72.398  -68.441 0.4000000060
133846  -33.297  -71.055  -69.928 0.5000000000
22836  -31.680  -72.493  -69.195 0.4000000060
22852  -32.122  -72.241  -69.926 0.4000000060
25929  -34.392  -68.920  -69.342 0.6000000238
26943  -34.932  -68.390  -68.967 0.6000000238
26929  -36.365  -68.322  -67.574 0.6999999881
31259  -39.055  -64.606  -66.823 0.5000000000
123473  -35.716  -68.249  -68.503 0.6999999881
26930  -37.322  -68.114  -67.831 0.6999999881
30212  -38.953  -65.440  -66.543 0.6999999881
28059  -37.862  -67.785  -67.252 0.6999999881
23845  -32.873  -71.345  -69.349 0.5000000000
24886  -33.316  -70.598  -69.293 0.6000000238
25915  -33.971  -69.406  -68.531 0.6000000238
25904  -34.930  -69.020  -67.276 0.6000000238
22818  -32.142  -72.190  -68.564 0.4000000060
120896  -32.535  -71.692  -68.763 0.5000000000
24875  -33.331  -70.239  -68.399 0.6000000238
25916  -34.496  -68.848  -68.571 0.6000000238
118607  -35.513  -68.787  -66.774 0.6000000238
138489  -35.921  -68.542  -67.121 0.6000000238
37366  -37.912  -58.033  -70.997 0.3000000119
25917  -34.939  -68.616  -68.127 0.6000000238
26916  -37.062  -68.092  -66.960 0.6999999881
32274  -38.567  -63.810  -66.665 0.5000000000
23810  -31.784  -71.197  -67.032 0.6000000238
24855  -32.243  -70.738  -66.457 0.6000000238
24844  -32.938  -70.402  -65.854 0.6999999881
24856  -33.566  -70.236  -66.592 0.6000000238
25891  -34.304  -69.644  -66.949 0.6000000238
26914  -35.578  -68.781  -65.885 0.6000000238
23822  -31.977  -71.610  -67.522 0.5000000000
24885  -32.839  -71.013  -68.646 0.6000000238
26915  -36.237  -68.420  -66.568 0.6000000238
133288  -37.296  -67.304  -65.800 0.6999999881
122940  -37.819  -66.070  -65.366 0.6999999881
28044  -37.569  -67.541  -66.465 0.6999999881
31249  -38.495  -64.707  -66.145 0.6000000238
29085  -38.268  -66.041  -65.852 0.6999999881
25875  -32.607  -70.001  -65.201 0.6000000238
25859  -33.152  -69.346  -64.603 0.6999999881
25860  -34.041  -69.472  -64.595 0.6999999881
134985  -33.711  -70.148  -65.737 0.6999999881
26899  -35.604  -68.711  -65.022 0.6000000238
31248  -37.852  -64.443  -65.430 0.5000000000
28028  -36.745  -67.539  -65.171 0.6999999881
28029  -37.356  -66.770  -65.256 0.6999999881
30199  -38.128  -65.355  -65.622 0.6000000238
27994  -34.612  -67.534  -63.176 0.6999999881
29060  -35.517  -66.689  -62.966 0.6999999881
26884  -33.857  -68.887  -64.080 0.6999999881
26871  -35.026  -68.194  -63.599 0.6000000238
27996  -35.946  -67.150  -63.544 0.5000000000
26885  -34.639  -68.862  -64.193 0.6999999881
26886  -35.377  -68.521  -64.274 0.6000000238
28013  -36.848  -66.811  -64.573 0.6999999881
30198  -37.613  -65.301  -64.980 0.5000000000
26887  -36.051  -68.115  -64.664 0.6000000238
29075  -37.328  -66.114  -64.702 0.6999999881
29046  -35.040  -66.104  -62.504 0.6999999881
30176  -35.780  -65.853  -62.872 0.6999999881
30161  -34.705  -65.243  -62.428 0.6999999881
30189  -37.064  -65.404  -64.255 0.6000000238
30188  -36.479  -65.614  -63.514 0.6999999881
32280  -39.456  -63.630  -67.834 0.5000000000
29074  -36.761  -66.202  -64.052 0.6000000238
23866  -29.330  -70.975  -72.909 0.4000000060
23870  -33.063  -71.003  -72.318 0.4000000060
123705  -30.173  -72.663  -71.006 0.4000000060
22837  -32.421  -72.045  -69.305 0.4000000060
28045  -38.320  -67.198  -66.760 0.6999999881
29098  -38.651  -66.330  -66.444 0.6999999881
25892  -34.873  -69.341  -66.217 0.6000000238
24860  -32.411  -71.024  -67.272 0.6999999881
24861  -33.090  -70.465  -67.410 0.6000000238
25877  -34.317  -69.750  -65.325 0.6000000238
26870  -34.330  -68.303  -63.668 0.6999999881
28012  -36.319  -67.405  -64.279 0.6000000238
27980  -35.011  -66.950  -62.756 0.6000000238
23809  -31.076  -71.243  -66.970 0.4000000060
24854  -31.549  -70.808  -66.389 0.5000000000
26883  -32.532  -68.635  -64.581 0.6000000238
23820  -30.501  -71.838  -67.379 0.4000000060
23808  -30.262  -71.212  -66.926 0.5000000000
127067  -30.795  -70.795  -66.408 0.5000000000
25874  -31.656  -69.824  -65.368 0.5000000000
26882  -31.904  -68.389  -64.947 0.5000000000
28026  -31.614  -67.410  -65.287 0.5000000000
25858  -32.250  -69.253  -64.950 0.5000000000
26869  -33.677  -68.203  -63.822 0.6000000238
28010  -33.257  -67.492  -63.936 0.5000000000
28009  -32.444  -67.699  -64.596 0.5000000000
117794  -33.235  -66.541  -63.785 0.6999999881
29073  -32.708  -66.790  -64.417 0.6000000238
30187  -33.194  -65.578  -63.832 0.6000000238
23807  -29.466  -71.028  -66.996 0.5000000000
25890  -29.827  -69.785  -66.363 0.5000000000
25873  -30.327  -69.403  -65.875 0.5000000000
28025  -30.925  -67.644  -65.768 0.5000000000
26898  -31.221  -68.316  -65.418 0.5000000000
29044  -33.759  -66.178  -63.104 0.6000000238
28027  -32.179  -66.842  -64.953 0.6000000238
29084  -32.437  -66.124  -64.933 0.5000000000
31239  -32.884  -64.681  -64.423 0.6000000238
24853  -29.378  -70.211  -66.769 0.5000000000
26913  -29.740  -68.851  -66.435 0.5000000000
26912  -29.184  -68.406  -67.214 0.5000000000
28041  -30.466  -67.376  -66.351 0.5000000000
28042  -31.078  -66.860  -65.986 0.5000000000
30175  -33.695  -65.277  -62.988 0.6000000238
29083  -31.804  -66.279  -65.589 0.5000000000
30197  -32.352  -65.449  -65.511 0.6000000238
23806  -28.780  -70.641  -67.122 0.5000000000
25888  -28.856  -69.875  -67.064 0.5000000000
25901  -28.670  -69.192  -67.368 0.5000000000
28056  -28.830  -67.726  -67.997 0.5000000000
28073  -29.207  -66.995  -68.409 0.6000000238
28057  -29.452  -67.430  -67.528 0.4000000060
29122  -29.107  -66.598  -69.547 0.4000000060
29110  -29.778  -66.677  -67.925 0.5000000000
28058  -30.051  -67.011  -67.089 0.5000000000
29123  -29.773  -65.905  -69.662 0.4000000060
30228  -30.379  -65.291  -69.024 0.5000000000
29111  -30.394  -66.293  -67.519 0.5000000000
123797  -30.224  -65.171  -70.308 0.4000000060
30220  -30.897  -65.927  -67.094 0.6000000238
30209  -31.915  -65.419  -66.241 0.6000000238
115873  -32.670  -64.080  -65.197 0.6000000238
32263  -32.592  -63.485  -65.831 0.6000000238
29124  -30.119  -66.017  -68.442 0.5000000000
31272  -30.731  -64.584  -69.575 0.5000000000
30229  -30.941  -64.777  -68.585 0.5000000000
127832  -30.793  -65.442  -67.885 0.5000000000
31282  -30.589  -64.412  -70.765 0.4000000060
32283  -31.681  -63.540  -69.438 0.5000000000
31265  -32.386  -64.075  -67.374 0.6000000238
31257  -32.056  -64.698  -66.836 0.6000000238
31258  -32.485  -64.260  -66.621 0.6000000238
32284  -32.091  -63.695  -68.421 0.5000000000
33361  -31.702  -62.354  -70.865 0.3000000119
32302  -31.219  -63.246  -71.406 0.4000000060
130521  -31.005  -63.760  -71.211 0.4000000060
32292  -32.078  -63.063  -69.306 0.5000000000
32278  -32.479  -63.369  -67.694 0.5000000000
33337  -32.568  -62.971  -66.364 0.6000000238
39376  -32.933  -56.431  -68.529 0.3000000119
38393  -32.719  -57.315  -68.877 0.3000000119
130900  -32.513  -58.374  -69.067 0.4000000060
135770  -32.401  -59.467  -69.456 0.4000000060
41251  -33.539  -53.930  -68.505 0.3000000119
42191  -33.541  -53.072  -66.936 0.3000000119
128329  -33.541  -53.285  -67.837 0.3000000119
115104  -33.696  -51.467  -66.591 0.3000000119
43162  -33.562  -52.089  -65.772 0.3000000119
44092  -33.608  -51.279  -65.516 0.3000000119
44973  -33.593  -50.306  -65.806 0.3000000119
45831  -33.511  -49.439  -65.677 0.3000000119
46672  -33.419  -48.550  -64.445 0.3000000119
33362  -32.173  -62.456  -69.988 0.5000000000
40314  -33.071  -55.581  -68.155 0.3000000119
29045  -34.464  -66.642  -62.792 0.5000000000
24841  -30.505  -70.200  -66.033 0.5000000000
29096  -31.306  -66.065  -66.439 0.5000000000
30210  -32.406  -64.782  -66.110 0.6000000238
31267  -39.642  -64.590  -67.477 0.3000000119
28060  -38.617  -67.497  -67.541 0.6000000238
29112  -39.012  -66.894  -67.168 0.6000000238
33389  -39.163  -61.856  -72.494 0.3000000119
134911  -38.878  -62.088  -71.727 0.3000000119
33374  -39.223  -62.388  -70.659 0.3000000119
33363  -38.558  -62.069  -69.893 0.3000000119
32293  -40.005  -63.085  -69.865 0.3000000119
33364  -39.208  -62.618  -69.329 0.3000000119
33353  -38.553  -62.271  -68.823 0.3000000119
28061  -39.343  -67.276  -67.882 0.6000000238
30222  -39.868  -65.699  -67.560 0.5000000000
34439  -39.440  -60.859  -72.759 0.3000000119
33388  -38.519  -61.598  -72.058 0.3000000119
33373  -38.542  -61.759  -71.047 0.3000000119
35397  -37.914  -60.502  -71.246 0.3000000119
32287  -40.479  -63.813  -69.049 0.3000000119
31274  -40.111  -64.132  -68.215 0.3000000119
31268  -40.189  -64.984  -67.979 0.4000000060
23821  -31.382  -71.759  -67.470 0.4000000060
35418  -39.766  -60.689  -72.683 0.3000000119
34438  -38.702  -60.831  -72.566 0.3000000119
35412  -38.215  -60.448  -72.356 0.3000000119
35407  -37.808  -60.505  -72.051 0.3000000119
24918  -33.009  -69.856  -74.697 0.5000000000
25958  -33.923  -69.332  -74.362 0.5000000000
24910  -30.431  -70.414  -74.184 0.4000000060
24911  -31.348  -70.382  -74.135 0.4000000060
24917  -32.027  -70.176  -74.788 0.4000000060
24923  -33.066  -70.178  -75.221 0.5000000000
28114  -35.102  -67.682  -72.673 0.5000000000
25956  -34.643  -68.633  -73.893 0.5000000000
24913  -33.200  -69.909  -73.889 0.5000000000
24912  -32.309  -70.267  -74.089 0.4000000060
26962  -37.137  -68.180  -70.285 0.6000000238
26975  -35.718  -67.709  -70.984 0.6000000238
137441  -34.886  -67.969  -71.485 0.5000000000
26988  -34.759  -68.103  -72.141 0.5000000000
24905  -32.724  -70.645  -73.191 0.3000000119
24906  -33.467  -70.262  -72.880 0.4000000060
25955  -33.969  -69.424  -73.399 0.5000000000
26946  -38.517  -68.009  -69.030 0.6000000238
26961  -36.372  -68.009  -69.350 0.6000000238
26960  -35.505  -68.042  -69.502 0.6000000238
25949  -34.399  -69.117  -71.830 0.4000000060
125956  -34.659  -68.484  -71.214 0.5000000000
28074  -38.899  -67.709  -68.317 0.6000000238
30230  -40.474  -65.723  -68.232 0.4000000060
26944  -36.756  -68.165  -68.536 0.6000000238
26959  -34.925  -68.255  -69.845 0.4000000060
32294  -40.789  -63.699  -69.964 0.3000000119
32303  -39.995  -62.705  -70.965 0.3000000119
31275  -40.729  -64.778  -68.645 0.3000000119
134916  -40.151  -66.389  -67.979 0.5000000000
26945  -37.651  -68.100  -68.743 0.6000000238
121165  -37.168  -68.123  -69.323 0.6000000238
121378  -38.000  -68.228  -69.852 0.5000000000
135831  -38.657  -68.216  -69.876 0.5000000000
136637  -39.062  -67.834  -68.912 0.5000000000
28085  -40.008  -67.822  -70.054 0.4000000060
26947  -39.218  -68.060  -69.742 0.5000000000
136994  -38.910  -68.512  -70.992 0.5000000000
26976  -37.673  -68.523  -71.333 0.5000000000
26963  -39.657  -68.360  -70.900 0.4000000060
28076  -40.454  -67.212  -69.173 0.4000000060
28062  -40.026  -67.062  -68.234 0.5000000000
28097  -36.120  -67.657  -71.745 0.5000000000
114494  -36.755  -68.095  -71.280 0.5000000000
29114  -40.581  -66.534  -68.539 0.4000000060
19953  -31.801  -75.674  -77.245 0.3000000119
124422  -31.258  -76.261  -77.113 0.3000000119
19955  -33.590  -75.850  -77.437 0.3000000119
20910  -33.665  -75.136  -77.429 0.3000000119
20907  -34.532  -74.999  -77.004 0.4000000060
20909  -32.792  -75.354  -77.459 0.3000000119
20906  -32.776  -74.463  -77.288 0.3000000119
21867  -34.337  -74.370  -76.105 0.4000000060
20908  -34.911  -74.249  -77.082 0.4000000060
21877  -33.739  -74.240  -77.387 0.3000000119
21873  -32.916  -73.606  -77.035 0.3000000119
21858  -34.583  -73.422  -75.378 0.4000000060
22893  -35.405  -72.848  -75.924 0.4000000060
21879  -35.251  -73.425  -77.202 0.4000000060
21872  -31.910  -73.811  -76.637 0.4000000060
21874  -33.909  -73.395  -77.301 0.4000000060
23864  -35.826  -71.352  -71.850 0.3000000119
22879  -35.241  -71.886  -74.072 0.4000000060
22884  -35.708  -72.094  -75.286 0.4000000060
22894  -36.093  -72.230  -76.364 0.4000000060
22904  -35.996  -72.187  -77.222 0.4000000060
22899  -35.094  -72.264  -77.252 0.4000000060
22897  -33.108  -72.781  -76.728 0.4000000060
23865  -36.692  -70.875  -71.836 0.3000000119
23871  -35.779  -71.345  -73.452 0.4000000060
23885  -36.681  -70.853  -75.175 0.4000000060
23878  -36.100  -71.451  -74.633 0.4000000060
22901  -36.429  -71.377  -76.832 0.4000000060
24926  -37.008  -70.061  -76.279 0.4000000060
24929  -36.041  -70.978  -76.966 0.4000000060
137712  -35.381  -71.569  -77.022 0.4000000060
23892  -33.324  -72.062  -76.422 0.4000000060
24902  -37.127  -70.466  -72.409 0.4000000060
24914  -36.914  -70.280  -74.419 0.4000000060
25965  -36.763  -69.542  -75.914 0.4000000060
24924  -35.670  -70.111  -76.305 0.4000000060
23890  -33.933  -70.832  -75.845 0.4000000060
24928  -35.025  -70.878  -76.463 0.4000000060
22892  -32.386  -72.054  -76.064 0.4000000060
24915  -37.082  -69.779  -73.770 0.4000000060
24927  -37.008  -69.690  -75.699 0.4000000060
25961  -36.225  -69.003  -75.197 0.4000000060
25964  -35.154  -69.494  -75.403 0.4000000060
25963  -33.944  -69.479  -75.024 0.4000000060
121623  -36.932  -69.200  -74.193 0.4000000060
27000  -36.335  -68.076  -73.866 0.4000000060
26998  -35.218  -67.928  -74.000 0.4000000060
26977  -38.536  -68.925  -71.736 0.4000000060
27001  -36.793  -68.697  -73.599 0.4000000060
26995  -36.514  -68.095  -73.066 0.4000000060
129397  -40.707  -67.655  -70.409 0.3000000119
25959  -34.766  -69.012  -74.686 0.4000000060
26990  -37.723  -68.919  -72.130 0.4000000060
29137  -41.045  -67.105  -69.701 0.3000000119
28120  -35.963  -67.607  -73.292 0.4000000060
21868  -35.100  -73.630  -76.548 0.4000000060
21869  -35.693  -72.904  -76.838 0.4000000060
21876  -35.717  -72.818  -77.128 0.4000000060
22902  -34.829  -73.073  -77.399 0.4000000060
129704  -35.607  -71.442  -72.566 0.4000000060
23856  -36.994  -70.765  -71.038 0.3000000119
22895  -36.442  -71.656  -76.571 0.4000000060
24894  -37.603  -70.502  -71.927 0.3000000119
23872  -36.349  -70.921  -72.707 0.4000000060
23879  -36.508  -70.876  -73.921 0.4000000060
24919  -37.084  -70.161  -75.599 0.4000000060
24908  -37.265  -69.932  -72.784 0.4000000060
25962  -36.658  -69.208  -75.045 0.4000000060
116889  -34.475  -70.182  -75.600 0.4000000060
27003  -35.737  -68.279  -74.591 0.4000000060
26996  -37.098  -68.857  -72.798 0.4000000060
135454  -34.139  -72.855  -71.813 0.3000000119
20883  -32.991  -74.452  -73.972 0.3000000119
20895  -33.542  -74.841  -75.176 0.3000000119
21857  -33.747  -73.945  -74.691 0.3000000119
21853  -34.064  -73.128  -74.070 0.3000000119
22872  -34.538  -72.408  -72.383 0.3000000119
22878  -34.538  -72.454  -73.463 0.3000000119
22873  -35.028  -71.805  -72.978 0.3000000119
131930  -37.692  -70.183  -72.221 0.3000000119
25950  -38.830  -69.666  -71.958 0.3000000119
126377  -37.746  -69.596  -72.349 0.3000000119
26991  -39.228  -69.224  -71.934 0.3000000119
127690  -35.233  -71.833  -71.164 0.3000000119
25957  -37.101  -69.348  -73.204 0.3000000119
19004  -30.779  -76.783  -76.790 0.3000000119
20902  -34.864  -74.373  -76.931 0.4000000060
20905  -31.760  -74.704  -76.979 0.3000000119
20911  -34.379  -74.801  -77.232 0.3000000119
21875  -35.334  -73.625  -77.051 0.4000000060
21878  -34.581  -73.920  -77.294 0.4000000060
22792  -31.778  -72.087  -67.951 0.5000000000
22850  -30.500  -72.773  -70.361 0.4000000060
22851  -31.388  -72.478  -70.148 0.4000000060
22865  -32.087  -72.021  -70.859 0.4000000060
22867  -35.113  -71.857  -72.043 0.3000000119
22883  -34.857  -72.602  -74.700 0.4000000060
22898  -34.114  -72.580  -77.043 0.4000000060
22900  -36.207  -72.136  -77.032 0.4000000060
22903  -35.551  -72.605  -77.240 0.4000000060
23819  -29.487  -71.847  -67.310 0.5000000000
23837  -32.361  -71.575  -68.056 0.5000000000
23854  -33.360  -71.082  -70.626 0.5000000000
23874  -28.246  -71.200  -73.744 0.4000000060
23876  -29.822  -70.598  -73.510 0.4000000060
23884  -36.466  -71.588  -75.806 0.4000000060
23889  -32.913  -71.235  -75.739 0.4000000060
23891  -36.799  -70.884  -76.290 0.4000000060
23893  -34.266  -71.652  -76.574 0.4000000060
23894  -35.863  -71.880  -77.271 0.4000000060
23895  -36.249  -71.549  -77.098 0.4000000060
23896  -36.592  -70.700  -76.706 0.4000000060
24842  -31.242  -70.412  -65.844 0.5000000000
24843  -32.052  -70.467  -65.762 0.6000000238
24845  -34.173  -69.919  -66.116 0.6000000238
24874  -32.753  -70.826  -67.971 0.6000000238
24903  -38.251  -70.103  -72.024 0.3000000119
24907  -36.866  -70.367  -73.270 0.4000000060
24909  -29.653  -70.486  -74.245 0.4000000060
24920  -37.012  -69.677  -74.853 0.4000000060
24925  -36.243  -69.445  -76.001 0.4000000060
25861  -34.658  -69.344  -64.749 0.6999999881
25862  -35.113  -69.027  -64.641 0.6000000238
25876  -33.490  -69.972  -65.153 0.6999999881
25878  -35.072  -69.248  -65.254 0.6000000238
25889  -29.238  -69.363  -66.808 0.5000000000
25902  -33.741  -69.835  -67.631 0.6000000238
25903  -34.377  -69.194  -67.862 0.6000000238
25928  -33.762  -69.742  -69.277 0.6000000238
25940  -34.200  -69.436  -69.977 0.6000000238
25941  -34.570  -68.703  -70.309 0.4000000060
25948  -34.038  -69.710  -72.405 0.4000000060
25954  -34.492  -68.856  -72.818 0.5000000000
25960  -35.627  -68.874  -75.049 0.4000000060
25966  -36.757  -69.971  -76.364 0.4000000060
26897  -30.416  -68.354  -65.925 0.5000000000
26900  -36.220  -68.286  -65.561 0.6000000238
26927  -28.566  -68.473  -67.787 0.5000000000
26928  -35.534  -68.567  -67.565 0.6000000238
26931  -38.159  -67.936  -68.082 0.6000000238
26974  -34.995  -67.993  -70.819 0.6000000238
26989  -36.688  -68.220  -72.256 0.4000000060
26994  -34.860  -67.943  -73.189 0.5000000000
26999  -35.811  -67.802  -74.030 0.4000000060
27002  -35.214  -68.425  -74.487 0.4000000060
27004  -36.206  -68.441  -74.556 0.4000000060
27005  -36.579  -68.705  -74.295 0.4000000060
27993  -33.936  -67.770  -63.492 0.6000000238
27995  -35.288  -67.435  -63.235 0.6000000238
28011  -35.687  -67.856  -63.872 0.5000000000
28040  -29.828  -67.881  -66.713 0.5000000000
28043  -36.866  -67.889  -66.097 0.6999999881
28072  -28.551  -67.251  -68.929 0.6000000238
28075  -39.599  -67.548  -68.804 0.5000000000
28109  -36.052  -67.585  -72.487 0.4000000060
28115  -35.543  -67.538  -72.734 0.5000000000
28119  -35.374  -67.637  -73.355 0.4000000060
29059  -33.844  -67.068  -63.286 0.5000000000
29061  -36.186  -66.415  -63.410 0.6999999881
29095  -30.671  -66.573  -66.723 0.5000000000
29097  -37.894  -66.749  -65.995 0.6999999881
29099  -39.304  -66.109  -67.001 0.6000000238
29113  -39.647  -66.646  -67.593 0.5000000000
29125  -40.953  -66.650  -69.154 0.4000000060
30160  -34.304  -65.732  -62.602 0.6999999881
30186  -32.711  -65.421  -64.741 0.5000000000
30211  -38.549  -65.576  -66.079 0.6999999881
30241  -29.702  -65.609  -70.993 0.4000000060
30242  -30.090  -64.927  -71.371 0.4000000060
31215  -35.312  -63.944  -62.361 0.6999999881
31216  -36.407  -64.143  -63.198 0.8000000119
31228  -33.090  -64.128  -63.722 0.6999999881
31240  -33.312  -64.828  -63.588 0.6999999881
31247  -32.602  -64.178  -66.022 0.6000000238
31264  -31.587  -64.566  -67.821 0.6000000238
31266  -39.140  -63.924  -67.198 0.5000000000
31273  -31.385  -64.144  -68.946 0.5000000000
31283  -31.131  -63.871  -70.089 0.5000000000
32211  -34.634  -63.327  -62.037 0.6999999881
32212  -35.116  -63.127  -61.972 0.6999999881
32229  -33.792  -63.786  -62.505 0.6999999881
32231  -36.026  -63.629  -62.706 0.8000000119
32242  -32.751  -63.266  -63.887 0.6999999881
32245  -37.131  -63.197  -63.945 0.8000000119
32272  -32.611  -63.651  -66.760 0.6000000238
32273  -37.811  -63.106  -66.101 0.5000000000
32286  -39.737  -63.351  -68.720 0.3000000119
32291  -31.621  -63.155  -70.454 0.4000000060
33279  -35.024  -62.206  -61.740 0.6999999881
33296  -33.124  -62.137  -62.862 0.6999999881
33297  -33.523  -62.948  -62.624 0.6999999881
33299  -36.156  -62.824  -62.635 0.6999999881
33375  -39.524  -62.359  -71.891 0.3000000119
34330  -34.558  -61.602  -61.652 0.6999999881
34342  -32.944  -61.365  -62.878 0.6999999881
34365  -32.587  -61.919  -64.138 0.6999999881
34408  -32.436  -61.138  -70.053 0.5000000000
34422  -38.049  -61.143  -71.613 0.3000000119
34431  -38.215  -61.036  -72.288 0.3000000119
34432  -38.929  -61.300  -72.617 0.3000000119
35334  -32.562  -61.233  -64.206 0.6999999881
35346  -32.433  -59.929  -65.221 0.6000000238
35365  -32.402  -60.237  -66.989 0.5000000000
35396  -32.423  -60.446  -69.786 0.5000000000
35416  -38.804  -60.428  -72.546 0.3000000119
36296  -33.319  -59.322  -62.075 0.6000000238
36297  -36.992  -59.045  -62.498 0.5000000000
36324  -32.346  -58.980  -65.012 0.6000000238
36383  -38.374  -59.764  -72.380 0.3000000119
37315  -32.820  -58.462  -63.290 0.5000000000
37317  -36.708  -58.475  -61.966 0.5000000000
37347  -37.682  -58.096  -66.554 0.5000000000
38346  -33.917  -57.983  -61.493 0.6000000238
38373  -32.647  -57.805  -64.121 0.5000000000
38379  -32.541  -57.035  -64.675 0.5000000000
38386  -37.765  -57.435  -66.362 0.5000000000
39304  -34.770  -56.824  -60.847 0.4000000060
39305  -35.323  -56.531  -60.673 0.4000000060
39306  -35.883  -56.247  -60.668 0.4000000060
39321  -36.428  -56.278  -61.000 0.4000000060
39334  -33.405  -56.441  -62.460 0.4000000060
40298  -32.582  -55.454  -65.656 0.4000000060
41174  -34.836  -55.172  -60.683 0.4000000060
41175  -35.638  -55.031  -60.503 0.4000000060
41230  -39.192  -54.434  -65.795 0.3000000119
41238  -33.302  -53.840  -67.212 0.4000000060
42116  -34.734  -53.743  -60.865 0.4000000060
42119  -37.238  -53.589  -60.491 0.4000000060
42131  -34.457  -53.272  -61.337 0.4000000060
43115  -34.596  -52.463  -61.373 0.4000000060
43174  -33.703  -52.249  -66.811 0.3000000119
43187  -42.608  -52.708  -67.694 0.4000000060
44081  -33.645  -51.500  -64.428 0.4000000060
46633  -34.029  -48.620  -61.803 0.4000000060
47586  -33.497  -47.093  -62.510 0.4000000060
114636  -32.614  -64.748  -65.356 0.6000000238
115996  -32.479  -61.834  -68.441 0.6000000238
116063  -32.595  -62.843  -67.133 0.6999999881
116289  -33.443  -48.594  -65.526 0.3000000119
116587  -37.457  -62.164  -64.948 0.6000000238
117209  -37.572  -63.049  -65.215 0.6000000238
117469  -32.270  -61.811  -70.315 0.3000000119
117549  -36.102  -67.778  -70.223 0.6000000238
117573  -38.048  -68.453  -70.883 0.5000000000
117995  -40.437  -63.213  -70.729 0.3000000119
118580  -32.243  -59.214  -65.860 0.5000000000
118898  -31.425  -65.335  -67.032 0.6000000238
119074  -33.692  -47.869  -62.063 0.4000000060
120060  -32.499  -60.920  -69.012 0.5000000000
120065  -33.127  -68.392  -64.227 0.6000000238
124516  -32.840  -71.529  -70.975 0.5000000000
127377  -30.054  -70.562  -66.555 0.5000000000
128640  -37.877  -59.953  -72.201 0.3000000119
129146  -30.967  -69.154  -65.468 0.5000000000
129268  -32.500  -60.914  -65.054 0.6000000238
129335  -32.826  -60.165  -62.845 0.6000000238
129514  -35.400  -67.907  -70.256 0.6000000238
130778  -37.498  -58.324  -64.926 0.5000000000
131629  -36.413  -70.230  -76.517 0.4000000060
132027  -37.310  -62.129  -64.244 0.8000000119
132341  -34.420  -60.726  -61.525 0.5000000000
133119  -33.619  -70.448  -71.963 0.4000000060
133128  -29.558  -66.403  -68.751 0.5000000000
133390  -30.918  -69.858  -65.639 0.5000000000
133491  -31.588  -69.006  -65.190 0.5000000000
133691  -35.362  -67.685  -71.866 0.5000000000
133958  -37.885  -55.392  -62.152 0.4000000060
134077  -37.365  -59.849  -63.877 0.6000000238
134247  -34.299  -47.135  -61.575 0.5000000000
134347  -36.443  -66.810  -63.953 0.6000000238
134426  -28.139  -70.942  -67.465 0.5000000000
134495  -38.467  -62.509  -68.039 0.4000000060
134759  -32.841  -66.082  -64.338 0.6000000238
135045  -33.930  -57.218  -61.450 0.4000000060
135307  -34.408  -54.416  -61.125 0.4000000060
136711  -38.146  -63.449  -66.393 0.5000000000
138278  -32.838  -70.603  -66.683 0.6000000238
