#!ascii label  , from subject sub-v1s1x0050644_ses-1 vox2ras=TkReg
1802
134030  -13.747  -83.799  -76.500 0.5000000000
8376  -13.821  -87.452  -75.562 0.5000000000
8367  -13.664  -87.509  -74.257 0.5000000000
8358  -13.439  -87.391  -73.136 0.5000000000
14743  -13.612  -80.898  -76.293 0.5000000000
12705  -13.987  -82.243  -76.403 0.5000000000
127029  -14.272  -81.784  -76.092 0.5000000000
11791  -14.345  -83.350  -76.096 0.5000000000
12690  -14.364  -82.596  -75.794 0.6000000238
10825  -14.448  -84.726  -76.517 0.5000000000
8344  -12.689  -87.698  -72.776 0.5000000000
9170  -14.411  -86.980  -76.227 0.5000000000
9132  -12.484  -87.560  -71.896 0.5000000000
120671  -14.869  -87.166  -75.610 0.6000000238
130952  -13.167  -87.234  -72.251 0.6000000238
9159  -15.708  -87.036  -75.210 0.6000000238
9144  -14.270  -87.188  -73.599 0.6000000238
9113  -12.980  -87.170  -71.560 0.6999999881
117763  -16.151  -86.931  -73.584 0.6999999881
9114  -13.628  -86.900  -71.747 0.6999999881
124889  -15.628  -86.784  -72.693 0.6999999881
9115  -14.635  -86.684  -72.031 0.6999999881
128314  -14.048  -86.713  -71.129 0.6999999881
14745  -14.347  -80.435  -76.086 0.5000000000
13693  -14.506  -81.689  -75.585 0.6000000238
14740  -14.718  -79.997  -75.861 0.6000000238
14727  -14.749  -80.737  -75.268 0.6000000238
9958  -15.417  -85.675  -76.322 0.5000000000
8325  -12.510  -87.399  -70.979 0.5000000000
8316  -12.063  -88.050  -69.827 0.5000000000
8309  -13.044  -88.106  -68.087 0.6999999881
117276  -12.530  -87.614  -70.097 0.6999999881
8317  -12.681  -87.827  -69.137 0.6999999881
9171  -15.467  -86.765  -75.974 0.6000000238
9160  -16.357  -86.331  -75.491 0.6999999881
120136  -13.357  -87.321  -69.227 0.6999999881
9146  -16.679  -86.729  -74.651 0.6999999881
130818  -17.053  -86.587  -73.895 0.6999999881
9080  -13.966  -87.066  -68.960 0.6999999881
121424  -16.803  -86.612  -73.008 0.6999999881
123852  -15.040  -86.563  -71.144 0.6999999881
9104  -14.369  -86.685  -70.369 0.6999999881
9081  -14.782  -86.969  -68.654 0.6999999881
123379  -16.217  -86.371  -71.232 0.6999999881
9106  -16.705  -86.304  -70.501 0.6999999881
9092  -15.464  -86.684  -69.227 0.6999999881
9093  -16.335  -86.625  -68.963 0.6999999881
15771  -14.586  -79.287  -76.079 0.5000000000
15772  -15.054  -79.187  -75.729 0.6000000238
16881  -15.728  -78.725  -74.549 0.6000000238
14728  -15.126  -79.800  -75.215 0.6000000238
15744  -15.048  -80.086  -73.499 0.6000000238
12675  -14.517  -82.594  -75.291 0.6000000238
14715  -14.592  -80.889  -73.681 0.6000000238
11775  -14.772  -83.598  -75.615 0.6000000238
131971  -13.440  -88.387  -67.219 0.6999999881
10801  -15.865  -85.228  -75.353 0.6999999881
7499  -13.744  -87.803  -67.679 0.6999999881
7486  -14.535  -89.072  -66.082 0.6999999881
6752  -15.214  -89.474  -66.458 0.6999999881
11761  -15.358  -84.423  -74.948 0.6999999881
8282  -14.010  -88.060  -66.914 0.6999999881
6760  -16.448  -89.304  -67.420 0.6999999881
9939  -16.755  -85.847  -75.259 0.6999999881
10783  -15.867  -84.599  -73.913 0.6999999881
8311  -14.210  -87.335  -68.133 0.6999999881
8297  -14.460  -87.619  -67.226 0.6999999881
6744  -15.910  -89.066  -65.993 0.6999999881
6753  -16.127  -89.275  -66.662 0.6999999881
9940  -17.227  -85.856  -74.498 0.6999999881
10784  -17.147  -85.239  -73.695 0.6999999881
9062  -15.014  -87.174  -67.746 0.6999999881
118971  -16.629  -88.862  -66.300 0.6999999881
9117  -16.992  -86.282  -72.167 0.6999999881
9063  -15.926  -87.082  -67.433 0.6999999881
8298  -15.311  -87.463  -66.814 0.6999999881
123480  -17.362  -86.069  -71.444 0.6999999881
9083  -16.522  -86.776  -68.067 0.6999999881
9049  -17.180  -87.509  -66.457 0.6999999881
132335  -17.168  -86.347  -69.716 0.6999999881
9064  -16.853  -86.996  -67.193 0.6999999881
132661  -17.866  -86.312  -69.289 0.6999999881
17905  -14.085  -77.762  -75.773 0.5000000000
17918  -14.932  -77.623  -75.744 0.6000000238
17907  -15.654  -77.655  -75.014 0.6000000238
18987  -15.656  -76.608  -74.850 0.5000000000
133272  -16.153  -77.864  -73.517 0.6000000238
18985  -13.575  -76.743  -74.773 0.5000000000
128895  -14.421  -77.070  -75.524 0.5000000000
131632  -15.550  -79.140  -73.373 0.6000000238
17883  -16.306  -77.425  -73.091 0.6000000238
15733  -14.870  -79.771  -72.550 0.6000000238
16855  -15.842  -78.295  -72.971 0.6000000238
12663  -14.380  -82.575  -74.397 0.6000000238
11760  -14.588  -83.396  -74.762 0.6999999881
136067  -14.022  -81.993  -73.189 0.6999999881
11746  -14.791  -83.871  -74.014 0.6999999881
12662  -14.035  -82.597  -73.393 0.6999999881
114946  -16.615  -89.143  -68.730 0.6999999881
10772  -15.085  -84.111  -73.123 0.6999999881
11745  -14.229  -83.444  -73.273 0.6999999881
6772  -17.515  -89.124  -68.449 0.6999999881
6793  -17.069  -88.933  -70.464 0.6999999881
11737  -15.537  -84.136  -72.281 0.6999999881
6761  -17.346  -89.048  -67.425 0.6999999881
116325  -17.779  -89.060  -70.025 0.6999999881
130237  -16.388  -88.834  -70.872 0.6999999881
10761  -17.850  -84.848  -72.228 0.6000000238
6754  -18.123  -88.592  -67.035 0.6999999881
6782  -18.083  -89.141  -69.232 0.6999999881
130758  -17.997  -88.898  -70.871 0.6999999881
123595  -17.726  -88.907  -71.864 0.6999999881
121964  -16.793  -88.948  -72.143 0.6999999881
9906  -18.015  -85.336  -72.391 0.6999999881
116715  -17.875  -88.182  -66.549 0.6999999881
6763  -19.033  -88.573  -67.430 0.6000000238
133535  -18.928  -89.143  -68.986 0.6999999881
117092  -18.755  -89.158  -69.952 0.6999999881
9108  -18.117  -85.864  -70.002 0.6000000238
136439  -17.291  -86.739  -67.877 0.6999999881
9065  -17.911  -87.064  -67.349 0.6999999881
9050  -18.170  -87.697  -66.693 0.6999999881
7500  -19.491  -88.076  -67.162 0.6000000238
6774  -19.484  -88.876  -68.282 0.6000000238
9094  -18.723  -86.033  -69.303 0.6000000238
9084  -18.012  -86.576  -68.418 0.6000000238
8300  -19.643  -87.695  -67.331 0.6000000238
7510  -20.696  -88.164  -68.157 0.5000000000
6775  -20.316  -88.680  -68.540 0.5000000000
6785  -21.100  -88.722  -69.661 0.5000000000
9095  -19.559  -86.065  -68.859 0.6000000238
9066  -20.319  -87.328  -67.963 0.5000000000
8312  -20.848  -87.650  -68.184 0.5000000000
18975  -16.415  -76.441  -74.002 0.6000000238
18974  -15.616  -75.749  -74.504 0.6000000238
18926  -16.486  -76.258  -72.091 0.5000000000
19888  -16.969  -75.439  -72.491 0.6999999881
18973  -14.180  -75.964  -74.557 0.5000000000
19904  -14.408  -74.946  -73.453 0.6000000238
20871  -15.269  -74.702  -73.558 0.6000000238
19902  -12.516  -75.424  -72.510 0.6000000238
19923  -13.763  -75.567  -73.690 0.6000000238
17861  -15.256  -77.274  -71.164 0.4000000060
19903  -13.353  -75.158  -72.906 0.6000000238
16843  -15.495  -77.963  -71.944 0.5000000000
15726  -14.617  -79.441  -71.786 0.6000000238
14697  -14.086  -80.259  -71.813 0.6000000238
12656  -13.682  -82.131  -72.595 0.6999999881
14707  -13.713  -81.236  -72.238 0.6000000238
11714  -13.803  -83.521  -72.002 0.6999999881
11716  -16.171  -84.118  -71.608 0.6000000238
11715  -14.786  -83.997  -71.564 0.6000000238
121285  -18.182  -84.915  -71.826 0.6000000238
6794  -19.812  -89.126  -70.329 0.6000000238
120955  -18.925  -88.999  -70.838 0.6000000238
6806  -18.629  -88.959  -71.597 0.6999999881
6816  -17.460  -88.963  -72.792 0.6999999881
9899  -18.334  -85.342  -70.708 0.6000000238
6795  -20.791  -89.044  -70.304 0.6000000238
6815  -16.444  -89.089  -73.022 0.6999999881
9890  -19.219  -85.463  -69.544 0.6000000238
7515  -21.010  -88.481  -68.893 0.4000000060
6796  -21.460  -88.712  -70.287 0.4000000060
120928  -20.424  -89.162  -71.123 0.5000000000
119213  -20.101  -89.163  -71.966 0.6000000238
6830  -19.045  -89.083  -73.016 0.6000000238
6829  -18.190  -89.083  -73.387 0.6000000238
9086  -20.366  -86.310  -68.642 0.5000000000
122983  -21.019  -85.981  -68.767 0.5000000000
8313  -21.306  -87.256  -68.708 0.5000000000
7511  -21.260  -87.941  -68.641 0.5000000000
6820  -21.563  -89.083  -72.426 0.4000000060
6819  -20.687  -89.152  -72.591 0.6000000238
122919  -16.973  -74.717  -73.134 0.6000000238
19905  -16.806  -75.288  -73.246 0.6000000238
123045  -17.022  -75.208  -71.650 0.6000000238
20851  -14.748  -74.281  -73.129 0.6000000238
21841  -15.230  -73.752  -72.972 0.5000000000
21827  -15.140  -73.077  -72.258 0.6000000238
21812  -14.447  -72.244  -71.067 0.6000000238
117418  -15.778  -76.572  -71.215 0.6000000238
19887  -12.901  -74.632  -72.194 0.6999999881
21811  -13.502  -72.738  -71.046 0.6000000238
21795  -13.633  -71.989  -70.207 0.6000000238
17860  -14.953  -77.966  -71.048 0.5000000000
17842  -15.134  -76.788  -70.463 0.6000000238
20816  -11.979  -74.498  -70.499 0.6000000238
21810  -12.924  -72.559  -70.352 0.6999999881
16842  -14.721  -78.707  -71.306 0.5000000000
20800  -11.909  -73.720  -69.810 0.6999999881
15725  -14.096  -79.486  -71.104 0.6000000238
120159  -11.349  -74.017  -69.367 0.6000000238
13654  -13.256  -81.886  -71.732 0.6000000238
14696  -13.327  -81.014  -71.381 0.6000000238
13640  -12.998  -81.749  -70.753 0.6000000238
11703  -13.702  -83.417  -71.202 0.6000000238
11705  -15.724  -83.995  -70.765 0.6000000238
11692  -16.670  -84.002  -70.289 0.6000000238
11680  -18.494  -84.321  -69.170 0.6000000238
10755  -18.607  -84.902  -70.451 0.6000000238
10722  -19.692  -84.406  -68.285 0.6000000238
9884  -19.849  -85.430  -69.062 0.6000000238
118336  -19.833  -89.091  -72.755 0.6000000238
129934  -19.622  -89.074  -73.437 0.6000000238
6845  -18.966  -89.170  -73.880 0.6000000238
9885  -20.607  -85.356  -68.819 0.5000000000
9096  -21.814  -86.184  -69.258 0.5000000000
8319  -21.727  -86.929  -69.257 0.5000000000
6855  -18.192  -88.908  -75.581 0.6000000238
6833  -22.126  -88.867  -73.045 0.4000000060
7553  -20.886  -88.905  -74.008 0.6000000238
6846  -19.889  -88.969  -74.200 0.6000000238
20853  -17.593  -73.003  -73.044 0.6000000238
21830  -18.070  -72.710  -72.592 0.5000000000
20837  -17.738  -73.620  -72.403 0.6000000238
20821  -18.912  -73.348  -70.988 0.5000000000
21842  -16.253  -73.602  -73.115 0.6000000238
22859  -17.138  -72.225  -72.184 0.6000000238
20836  -17.235  -74.531  -72.600 0.5000000000
19870  -17.522  -74.709  -70.675 0.5000000000
137950  -16.640  -75.496  -69.870 0.5000000000
22858  -16.104  -72.184  -71.515 0.5000000000
21829  -17.187  -72.983  -73.124 0.6000000238
22845  -15.344  -71.814  -70.736 0.5000000000
18890  -16.041  -75.810  -70.033 0.6000000238
133303  -12.436  -72.759  -69.646 0.6999999881
22828  -13.014  -71.932  -69.517 0.6000000238
21776  -12.406  -72.280  -68.855 0.6000000238
15716  -13.750  -79.615  -70.252 0.5000000000
21774  -10.518  -72.990  -68.063 0.5000000000
117698  -11.207  -72.860  -68.369 0.6999999881
127455  -13.196  -80.855  -70.613 0.5000000000
12632  -13.296  -82.745  -70.462 0.5000000000
11689  -13.870  -83.554  -70.288 0.6000000238
11678  -16.723  -83.928  -68.737 0.6000000238
121299  -16.205  -83.885  -69.415 0.5000000000
123165  -18.192  -84.186  -68.194 0.6000000238
11679  -17.676  -84.060  -69.000 0.6000000238
9886  -21.253  -85.315  -68.814 0.5000000000
7555  -22.432  -88.277  -73.656 0.5000000000
7570  -22.020  -88.291  -74.513 0.5000000000
7580  -20.313  -88.510  -75.461 0.6000000238
7579  -19.443  -88.607  -75.663 0.6000000238
22861  -18.451  -71.799  -71.538 0.6000000238
21814  -18.516  -72.977  -71.870 0.6000000238
22832  -17.557  -71.336  -70.703 0.6000000238
19853  -17.319  -75.121  -69.784 0.5000000000
22846  -16.502  -71.514  -70.936 0.6000000238
22830  -15.468  -71.699  -70.027 0.6999999881
126796  -15.859  -76.273  -69.283 0.6000000238
130314  -13.141  -71.894  -68.929 0.6000000238
114766  -13.762  -71.853  -69.412 0.6000000238
18889  -15.385  -76.474  -69.843 0.6000000238
117632  -11.828  -72.460  -68.170 0.6000000238
132057  -12.750  -72.443  -68.305 0.6000000238
16814  -14.304  -78.267  -69.879 0.5000000000
13628  -13.161  -81.162  -69.928 0.5000000000
21751  -9.444  -72.947  -67.099 0.5000000000
21752  -10.324  -72.766  -67.470 0.6000000238
11675  -14.128  -83.547  -69.576 0.5000000000
11677  -15.654  -83.736  -68.373 0.6000000238
11676  -14.957  -83.717  -69.157 0.5000000000
11661  -18.963  -84.166  -67.338 0.5000000000
7581  -21.516  -88.196  -75.213 0.6000000238
7590  -20.884  -88.064  -75.873 0.6000000238
22833  -18.488  -71.456  -70.166 0.6000000238
22848  -19.282  -71.778  -71.087 0.5000000000
21796  -19.780  -72.787  -70.515 0.5000000000
126514  -17.460  -71.681  -69.797 0.6999999881
20802  -19.014  -73.802  -69.921 0.5000000000
22806  -15.723  -72.137  -69.342 0.6999999881
22831  -16.534  -71.710  -70.000 0.6000000238
19854  -18.264  -74.742  -69.353 0.5000000000
22805  -14.670  -71.973  -69.364 0.6000000238
19841  -17.556  -75.428  -68.816 0.5000000000
18877  -16.109  -76.445  -68.543 0.6000000238
21753  -12.795  -73.150  -67.483 0.6999999881
17817  -14.971  -77.733  -68.386 0.6000000238
22782  -12.038  -72.646  -67.594 0.6000000238
16796  -14.398  -78.502  -68.839 0.6000000238
120518  -10.390  -72.730  -66.199 0.6999999881
22766  -10.767  -72.667  -66.982 0.6999999881
15687  -13.651  -79.910  -69.281 0.5000000000
15703  -13.954  -79.034  -69.592 0.5000000000
22779  -9.987  -72.696  -66.804 0.6000000238
14651  -13.579  -80.697  -68.673 0.5000000000
22752  -8.442  -72.638  -65.756 0.5000000000
12613  -13.868  -82.554  -68.043 0.6000000238
129821  -13.419  -82.347  -68.877 0.5000000000
21725  -7.558  -72.949  -65.373 0.6000000238
11657  -14.577  -83.359  -67.965 0.5000000000
120945  -16.285  -83.773  -67.730 0.6000000238
11638  -19.374  -83.753  -66.388 0.5000000000
22809  -19.529  -71.555  -69.481 0.6999999881
23832  -20.067  -71.589  -69.933 0.5000000000
21797  -20.418  -72.426  -69.921 0.5000000000
128870  -17.329  -73.455  -67.816 0.8000000119
22808  -18.073  -71.870  -69.094 0.6999999881
20803  -20.045  -73.335  -69.607 0.5000000000
20770  -19.361  -74.631  -68.301 0.5000000000
20767  -14.952  -74.399  -67.483 0.6999999881
21779  -16.115  -72.988  -68.683 0.6999999881
22807  -16.825  -72.217  -69.237 0.8000000119
21778  -15.032  -72.774  -68.746 0.6999999881
19833  -18.851  -75.255  -67.662 0.5000000000
20751  -13.485  -74.642  -66.839 0.6999999881
20766  -14.066  -74.131  -67.380 0.6999999881
18878  -16.923  -75.994  -68.249 0.6000000238
19832  -17.825  -75.640  -67.987 0.5000000000
20741  -11.717  -74.153  -65.722 0.6000000238
20749  -11.938  -73.632  -66.377 0.6000000238
16797  -14.783  -78.477  -67.853 0.6000000238
22755  -10.733  -72.864  -65.241 0.6999999881
137318  -10.956  -72.783  -66.573 0.6999999881
15688  -13.931  -79.890  -68.338 0.6000000238
16777  -14.346  -79.168  -68.107 0.6000000238
119060  -9.535  -72.778  -64.768 0.6000000238
14652  -13.963  -80.699  -67.828 0.6000000238
11658  -14.764  -83.104  -67.133 0.6000000238
20730  -7.869  -73.759  -63.765 0.6000000238
131092  -16.021  -83.547  -66.927 0.6000000238
11659  -16.834  -83.794  -67.022 0.5000000000
117089  -17.991  -73.382  -67.318 0.6000000238
22783  -18.965  -72.046  -68.597 0.5000000000
22784  -19.988  -71.916  -68.506 0.5000000000
20771  -19.976  -74.460  -67.757 0.5000000000
20768  -15.944  -74.407  -67.400 0.8000000119
19834  -19.676  -75.093  -66.985 0.5000000000
20752  -14.360  -75.001  -66.923 0.6999999881
18865  -16.407  -76.620  -67.715 0.6000000238
17707  -12.854  -77.275  -61.273 0.6000000238
126782  -12.263  -74.441  -66.140 0.8000000119
18767  -13.349  -76.274  -61.133 0.6000000238
21726  -11.427  -73.471  -65.150 0.6999999881
20731  -11.915  -74.387  -64.992 0.8000000119
17807  -15.329  -77.850  -67.525 0.6000000238
18765  -11.140  -76.329  -61.780 0.6000000238
22739  -10.268  -72.720  -64.431 0.6000000238
14639  -14.343  -79.866  -67.573 0.6000000238
13594  -14.464  -80.686  -67.072 0.6000000238
20709  -9.249  -74.377  -62.449 0.6000000238
136074  -8.499  -73.512  -63.505 0.6000000238
22725  -9.533  -72.825  -63.976 0.6000000238
12582  -14.667  -82.452  -66.808 0.6000000238
119012  -15.062  -82.210  -66.223 0.6000000238
21715  -8.503  -73.156  -64.111 0.5000000000
11635  -16.377  -83.426  -66.160 0.5000000000
11637  -18.380  -83.900  -66.286 0.5000000000
11619  -17.061  -83.397  -65.639 0.5000000000
133759  -18.898  -73.051  -66.453 0.5000000000
22768  -19.925  -72.249  -67.397 0.5000000000
20769  -17.052  -74.182  -67.195 0.6000000238
20755  -17.717  -74.013  -66.448 0.5000000000
20753  -15.313  -75.024  -66.796 0.8000000119
20754  -16.356  -74.786  -66.459 0.6999999881
19820  -14.704  -75.473  -66.160 0.8000000119
19819  -13.729  -75.322  -66.254 0.8000000119
18866  -17.231  -76.201  -67.471 0.6000000238
19823  -18.568  -75.685  -66.765 0.5000000000
18731  -13.564  -76.786  -59.404 0.6000000238
19785  -12.652  -75.038  -64.790 0.8000000119
125788  -17.515  -76.644  -65.938 0.5000000000
19718  -14.085  -75.547  -60.148 0.6999999881
127174  -13.971  -76.928  -60.282 0.6000000238
21716  -11.763  -73.331  -64.324 0.8000000119
16778  -15.129  -78.540  -67.088 0.6000000238
17792  -15.631  -77.998  -66.771 0.6000000238
18851  -16.707  -76.799  -66.946 0.6000000238
19736  -12.791  -75.356  -61.281 0.6000000238
14627  -14.711  -79.802  -66.808 0.6000000238
15668  -14.690  -79.140  -67.340 0.6000000238
16758  -15.915  -78.191  -66.008 0.6000000238
19734  -10.726  -75.462  -61.923 0.6000000238
21701  -10.074  -72.779  -63.180 0.6000000238
21702  -11.416  -72.815  -63.614 0.5000000000
14628  -14.968  -80.604  -66.332 0.6000000238
21689  -9.590  -73.454  -62.724 0.6000000238
12569  -16.421  -82.923  -65.333 0.6000000238
13581  -16.117  -82.194  -64.916 0.6000000238
12562  -16.866  -82.322  -64.704 0.5000000000
12571  -18.658  -82.608  -65.005 0.5000000000
11621  -18.768  -83.374  -65.593 0.5000000000
12572  -19.329  -82.617  -65.468 0.5000000000
20743  -18.092  -74.117  -65.510 0.6000000238
19821  -15.647  -75.376  -65.900 0.6999999881
18742  -12.294  -76.402  -59.197 0.6000000238
18743  -13.104  -76.370  -59.355 0.6000000238
19803  -14.109  -75.573  -65.405 0.8000000119
18853  -18.187  -76.153  -65.989 0.5000000000
19706  -12.873  -75.668  -59.403 0.6000000238
19773  -14.077  -75.161  -63.911 0.8000000119
18838  -17.789  -76.658  -65.344 0.5000000000
19708  -14.058  -75.653  -59.920 0.6999999881
20719  -12.330  -73.182  -63.415 0.8000000119
17775  -16.559  -77.669  -65.694 0.6000000238
17776  -17.173  -77.150  -65.469 0.6000000238
20690  -13.898  -74.631  -60.155 0.8000000119
116076  -11.904  -72.944  -62.809 0.6999999881
15669  -15.001  -79.132  -66.715 0.6000000238
128772  -16.271  -78.422  -65.200 0.6000000238
19737  -13.273  -74.440  -60.891 0.6999999881
21682  -11.922  -73.321  -61.735 0.6999999881
22715  -10.950  -72.808  -63.000 0.6000000238
15650  -15.273  -79.659  -66.105 0.6000000238
15619  -16.551  -79.648  -63.992 0.6000000238
119349  -10.079  -73.916  -62.284 0.6000000238
15618  -16.121  -79.999  -64.593 0.5000000000
13569  -16.428  -81.453  -64.466 0.5000000000
130846  -17.516  -74.619  -64.923 0.6000000238
20735  -18.101  -74.170  -64.580 0.5000000000
19695  -10.424  -76.379  -58.973 0.6000000238
20733  -16.461  -75.005  -63.943 0.6999999881
19696  -11.301  -76.374  -59.124 0.6000000238
19788  -15.393  -75.452  -64.388 0.6999999881
20723  -16.018  -74.765  -63.657 0.6000000238
19705  -11.827  -75.785  -59.409 0.6000000238
19704  -10.732  -75.880  -59.432 0.6000000238
19774  -14.912  -75.219  -63.800 0.6000000238
125155  -14.847  -74.582  -63.695 0.6999999881
119353  -12.679  -74.039  -59.208 0.8000000119
20720  -13.135  -74.040  -63.623 0.6999999881
22741  -14.709  -73.060  -64.274 0.6000000238
20679  -13.800  -74.545  -59.873 0.8000000119
22726  -12.944  -72.814  -62.602 0.8000000119
22717  -14.096  -72.328  -62.954 0.6999999881
20703  -13.526  -73.759  -60.454 0.6999999881
21683  -12.680  -72.844  -61.598 0.6999999881
22707  -13.604  -72.323  -61.250 0.6000000238
22716  -13.684  -72.341  -62.176 0.8000000119
19694  -9.702  -76.168  -58.542 0.6000000238
19703  -9.753  -75.891  -59.280 0.6000000238
21662  -11.078  -73.918  -59.206 0.6999999881
23788  -14.988  -72.402  -64.858 0.6000000238
21663  -11.950  -73.442  -58.883 0.6999999881
21651  -12.167  -72.683  -58.772 0.6999999881
135001  -14.310  -72.630  -63.869 0.6999999881
23783  -14.439  -72.367  -64.340 0.6000000238
21664  -12.807  -73.053  -59.032 0.8000000119
23738  -13.146  -71.776  -59.504 0.6000000238
121277  -13.417  -71.951  -60.039 0.5000000000
23776  -14.266  -71.599  -62.906 0.6999999881
24810  -14.230  -71.129  -63.536 0.6999999881
24822  -14.276  -71.965  -64.912 0.6000000238
22686  -13.277  -72.662  -59.529 0.8000000119
23769  -14.207  -71.069  -61.084 0.6000000238
22708  -14.126  -71.672  -61.747 0.6000000238
20658  -9.215  -75.605  -57.807 0.6000000238
20665  -8.431  -75.021  -59.083 0.6000000238
21660  -9.227  -74.351  -59.796 0.6999999881
124237  -9.113  -75.208  -59.475 0.6000000238
20676  -10.145  -74.984  -59.445 0.6999999881
22682  -10.361  -72.696  -59.539 0.6999999881
22684  -11.234  -72.853  -58.806 0.6999999881
23735  -10.950  -71.354  -59.751 0.6000000238
117785  -14.550  -71.806  -65.530 0.6000000238
23737  -12.529  -71.573  -59.263 0.6000000238
24785  -13.151  -70.443  -60.223 0.6000000238
24837  -15.145  -71.196  -66.559 0.5000000000
25842  -14.006  -70.810  -64.083 0.6000000238
24849  -14.266  -70.752  -66.840 0.5000000000
26905  -14.795  -69.421  -67.566 0.5000000000
25853  -13.510  -70.635  -64.713 0.6000000238
25882  -13.935  -69.947  -67.009 0.5000000000
21645  -7.166  -73.901  -57.915 0.6000000238
20656  -7.804  -74.527  -58.437 0.6000000238
20675  -8.457  -74.564  -59.777 0.6999999881
20664  -7.823  -74.454  -59.332 0.6999999881
21674  -8.430  -73.790  -60.300 0.6999999881
21675  -9.434  -73.369  -60.031 0.6999999881
22698  -9.535  -72.423  -60.376 0.6000000238
22699  -10.339  -71.792  -59.986 0.5000000000
23754  -10.421  -70.987  -60.397 0.6999999881
24797  -10.254  -70.597  -62.011 0.6000000238
129820  -11.560  -70.283  -60.463 0.6000000238
25808  -12.555  -69.790  -61.493 0.6000000238
24809  -11.985  -70.060  -62.813 0.6000000238
25829  -13.870  -69.885  -62.800 0.6000000238
25852  -12.778  -70.154  -65.051 0.5000000000
26891  -13.207  -68.928  -65.750 0.5000000000
131312  -13.797  -68.500  -66.042 0.5000000000
22668  -4.952  -71.892  -56.910 0.6999999881
23725  -5.112  -71.003  -57.416 0.6999999881
24762  -4.951  -70.140  -57.145 0.6999999881
118199  -6.708  -73.516  -58.385 0.6000000238
22672  -5.213  -71.715  -57.823 0.6999999881
138677  -4.900  -69.469  -57.559 0.6999999881
26796  -5.667  -68.956  -57.233 0.6999999881
26797  -6.459  -68.603  -56.934 0.6000000238
21650  -7.190  -74.086  -58.838 0.6999999881
22675  -5.676  -72.083  -58.597 0.6999999881
23729  -5.533  -71.301  -58.701 0.6999999881
25791  -5.155  -69.531  -58.114 0.6999999881
21658  -7.199  -73.513  -60.139 0.6999999881
22681  -6.105  -72.564  -59.351 0.6999999881
25795  -5.721  -69.952  -59.051 0.6999999881
23752  -8.499  -72.179  -61.240 0.6999999881
23768  -8.749  -71.333  -61.873 0.6000000238
24782  -9.788  -70.847  -61.277 0.6000000238
24819  -10.094  -70.161  -63.873 0.6000000238
26862  -10.155  -69.193  -63.801 0.6000000238
24798  -11.425  -70.119  -61.487 0.6000000238
24808  -10.713  -70.390  -63.005 0.6000000238
25838  -10.488  -69.891  -64.100 0.6000000238
25839  -11.421  -69.915  -64.284 0.5000000000
26876  -11.935  -68.850  -64.702 0.6000000238
28002  -13.226  -67.505  -64.538 0.6000000238
25840  -12.373  -70.071  -64.427 0.5000000000
26877  -12.560  -69.241  -65.174 0.5000000000
28017  -13.688  -67.794  -65.358 0.5000000000
23723  -5.056  -71.152  -56.529 0.6999999881
25772  -5.327  -69.487  -56.499 0.6999999881
26790  -6.701  -68.843  -56.285 0.6000000238
26798  -7.247  -68.219  -56.595 0.6000000238
27903  -7.855  -67.713  -56.938 0.6000000238
128513  -8.366  -67.352  -57.298 0.4000000060
26812  -6.691  -69.000  -58.311 0.6000000238
26807  -6.467  -68.743  -57.487 0.5000000000
26808  -7.225  -68.185  -57.236 0.5000000000
28964  -9.044  -66.776  -58.190 0.4000000060
28965  -9.687  -66.667  -57.964 0.5000000000
21673  -7.668  -73.485  -60.451 0.6999999881
22695  -6.456  -72.135  -60.679 0.8000000119
24768  -5.770  -70.436  -59.611 0.6999999881
131867  -7.260  -69.064  -59.114 0.5000000000
118494  -8.176  -67.733  -58.571 0.4000000060
134384  -9.079  -66.555  -58.808 0.4000000060
28979  -9.444  -66.245  -58.670 0.4000000060
30096  -10.174  -64.962  -58.805 0.4000000060
22696  -7.090  -72.838  -60.878 0.8000000119
23765  -6.907  -71.116  -61.494 0.8000000119
24780  -6.471  -70.715  -60.922 0.8000000119
25806  -6.888  -70.020  -60.219 0.8000000119
26815  -7.320  -69.362  -59.945 0.6000000238
27932  -8.316  -67.909  -59.318 0.5000000000
29006  -8.921  -66.691  -59.868 0.4000000060
30094  -9.213  -66.074  -59.280 0.4000000060
22697  -7.906  -73.025  -60.912 0.6999999881
23767  -7.848  -71.392  -61.919 0.8000000119
24794  -7.671  -70.681  -62.261 0.6999999881
25827  -8.889  -69.869  -63.408 0.5000000000
117308  -8.861  -67.097  -60.567 0.5000000000
29007  -9.141  -66.072  -60.346 0.4000000060
30114  -9.783  -64.871  -59.743 0.4000000060
24795  -8.300  -70.958  -62.806 0.6000000238
24818  -9.400  -70.080  -63.708 0.5000000000
26861  -9.528  -69.284  -63.489 0.5000000000
27967  -11.226  -67.915  -63.583 0.6000000238
26864  -11.458  -68.628  -64.328 0.6000000238
27984  -12.759  -67.327  -63.807 0.6000000238
24759  -5.121  -70.167  -56.420 0.6000000238
24751  -5.433  -70.342  -55.581 0.5000000000
26791  -7.631  -68.790  -55.970 0.5000000000
26792  -8.604  -69.040  -55.881 0.4000000060
125799  -9.050  -68.407  -56.321 0.5000000000
27905  -9.502  -67.892  -56.801 0.5000000000
27914  -9.048  -67.160  -57.400 0.5000000000
128699  -10.507  -66.771  -57.792 0.5000000000
28966  -11.250  -66.415  -57.735 0.5000000000
30082  -11.673  -65.543  -57.798 0.5000000000
28981  -10.826  -65.500  -58.170 0.5000000000
30098  -11.978  -64.659  -57.898 0.5000000000
24781  -7.118  -70.475  -61.486 0.6999999881
25807  -7.406  -69.798  -60.992 0.6000000238
27954  -8.881  -67.880  -61.326 0.5000000000
26824  -8.443  -68.161  -60.894 0.5000000000
30097  -11.011  -64.716  -58.337 0.5000000000
31157  -11.275  -63.911  -58.565 0.5000000000
23766  -7.248  -71.435  -61.704 0.8000000119
25817  -7.642  -69.903  -62.062 0.6999999881
25826  -8.108  -69.939  -62.784 0.6000000238
27942  -9.217  -66.856  -60.957 0.5000000000
29008  -9.719  -65.932  -60.847 0.4000000060
30128  -10.054  -65.095  -60.480 0.5000000000
31156  -10.478  -64.184  -59.236 0.4000000060
32155  -10.845  -63.512  -59.266 0.5000000000
26850  -9.103  -69.029  -63.063 0.5000000000
27955  -10.466  -67.455  -61.942 0.5000000000
115402  -9.559  -67.690  -61.753 0.6000000238
27943  -9.976  -67.049  -61.166 0.5000000000
29009  -10.662  -65.761  -60.964 0.5000000000
134439  -11.453  -64.656  -61.081 0.5000000000
27966  -10.653  -67.818  -62.948 0.5000000000
27956  -11.324  -67.289  -62.273 0.5000000000
138180  -11.040  -67.124  -61.599 0.5000000000
29025  -11.492  -66.675  -61.376 0.5000000000
27968  -12.155  -67.084  -62.968 0.6000000238
27957  -12.888  -66.716  -61.940 0.6000000238
131293  -6.809  -69.956  -54.978 0.5000000000
25755  -7.616  -70.103  -54.769 0.5000000000
25775  -8.131  -69.630  -55.366 0.5000000000
25776  -9.098  -69.830  -55.236 0.4000000060
25782  -9.566  -69.320  -55.884 0.4000000060
122789  -7.934  -70.691  -54.062 0.5000000000
24753  -9.511  -70.408  -54.524 0.4000000060
123143  -9.957  -68.715  -56.418 0.5000000000
133617  -10.293  -68.215  -56.808 0.6000000238
27906  -11.010  -68.168  -57.024 0.5000000000
127895  -12.034  -67.266  -57.385 0.5000000000
28967  -12.325  -66.485  -57.554 0.4000000060
30083  -12.691  -65.668  -57.689 0.4000000060
134589  -14.157  -65.502  -58.050 0.4000000060
126884  -10.167  -70.575  -54.184 0.4000000060
25777  -10.145  -70.136  -55.168 0.4000000060
25783  -10.505  -69.503  -56.000 0.4000000060
26800  -10.804  -68.916  -56.617 0.5000000000
27907  -11.875  -68.053  -57.078 0.5000000000
25784  -11.417  -69.501  -56.149 0.4000000060
134264  -12.643  -69.618  -55.811 0.4000000060
128633  -12.709  -68.712  -56.730 0.5000000000
26809  -13.357  -68.132  -57.102 0.4000000060
27918  -13.761  -67.511  -57.457 0.4000000060
28982  -13.682  -65.962  -57.789 0.4000000060
28983  -14.558  -66.316  -58.020 0.4000000060
116601  -10.014  -70.613  -53.309 0.4000000060
24732  -10.765  -70.479  -53.849 0.4000000060
24754  -10.922  -70.442  -54.676 0.4000000060
124160  -11.076  -68.885  -53.166 0.4000000060
25743  -12.065  -69.216  -53.803 0.4000000060
24755  -11.688  -70.287  -54.980 0.4000000060
25757  -13.195  -69.343  -54.962 0.4000000060
25785  -13.180  -69.320  -56.231 0.5000000000
26802  -13.744  -68.846  -56.664 0.5000000000
26810  -14.311  -68.192  -57.129 0.4000000060
134396  -14.467  -67.526  -57.527 0.4000000060
25758  -13.800  -69.233  -55.406 0.4000000060
26794  -15.151  -67.949  -56.201 0.4000000060
27908  -15.618  -67.531  -56.631 0.4000000060
27919  -15.022  -67.669  -57.394 0.4000000060
27926  -14.945  -67.132  -57.855 0.4000000060
124667  -10.384  -68.538  -53.071 0.4000000060
27869  -11.080  -67.922  -53.530 0.3000000119
26766  -12.390  -68.673  -54.031 0.3000000119
26776  -13.073  -68.752  -54.443 0.4000000060
28941  -10.933  -66.446  -54.461 0.4000000060
27886  -11.462  -67.169  -54.187 0.3000000119
27870  -11.952  -67.917  -54.004 0.3000000119
127494  -12.803  -67.985  -54.155 0.4000000060
30045  -13.948  -66.180  -55.094 0.5000000000
28956  -14.977  -67.115  -55.323 0.4000000060
129782  -15.545  -67.323  -55.943 0.4000000060
27900  -16.163  -66.994  -56.546 0.4000000060
28986  -17.148  -66.389  -58.246 0.3000000119
30065  -13.926  -65.348  -55.277 0.5000000000
126355  -14.741  -65.281  -55.505 0.5000000000
28957  -15.395  -66.579  -55.618 0.4000000060
28958  -15.936  -66.463  -56.060 0.4000000060
28961  -17.138  -66.266  -56.934 0.3000000119
27885  -10.691  -67.195  -54.094 0.4000000060
30041  -10.256  -65.875  -55.041 0.4000000060
30042  -11.306  -65.619  -55.036 0.4000000060
30043  -12.351  -65.743  -54.984 0.5000000000
30044  -13.232  -65.944  -55.096 0.5000000000
30064  -12.949  -65.079  -55.222 0.5000000000
31123  -13.517  -64.428  -55.485 0.5000000000
31124  -14.377  -64.590  -55.632 0.4000000060
31125  -15.178  -64.789  -55.826 0.4000000060
31133  -16.537  -64.981  -56.301 0.3000000119
32122  -13.171  -63.680  -55.775 0.3000000119
32123  -14.012  -63.850  -55.921 0.3000000119
28940  -9.930  -66.763  -54.521 0.4000000060
30062  -11.113  -64.721  -55.493 0.3000000119
32120  -11.475  -63.380  -55.952 0.4000000060
32138  -15.346  -63.372  -56.377 0.3000000119
121572  -10.181  -64.550  -55.797 0.3000000119
33206  -10.310  -62.309  -56.429 0.3000000119
19925  -16.169  -75.401  -74.150 0.6000000238
123593  -16.513  -74.517  -73.443 0.5000000000
25830  -14.171  -70.239  -63.026 0.6000000238
135109  -13.965  -69.944  -61.426 0.6000000238
8366  -12.963  -87.944  -74.988 0.5000000000
10814  -14.869  -84.294  -76.148 0.5000000000
123587  -14.934  -86.988  -73.047 0.6999999881
8326  -13.111  -87.188  -70.358 0.6999999881
9090  -13.698  -86.988  -69.799 0.6999999881
116239  -17.535  -86.182  -73.579 0.6999999881
9091  -14.582  -86.782  -69.525 0.6999999881
9105  -15.465  -86.514  -70.223 0.6999999881
14708  -14.360  -80.622  -72.794 0.5000000000
7487  -15.387  -88.550  -65.911 0.6999999881
10760  -17.296  -84.751  -72.694 0.6999999881
9921  -17.761  -85.309  -73.010 0.6999999881
8273  -16.807  -88.043  -65.893 0.6999999881
9107  -17.698  -85.893  -70.683 0.6999999881
18953  -16.600  -76.550  -72.933 0.6000000238
6773  -18.567  -89.053  -68.303 0.6999999881
11706  -16.984  -84.105  -71.101 0.6000000238
9889  -18.708  -85.353  -70.054 0.6000000238
124128  -19.696  -86.893  -67.903 0.5000000000
20834  -13.375  -73.722  -71.813 0.6999999881
11693  -17.706  -84.232  -70.599 0.6000000238
6818  -19.244  -89.073  -72.188 0.6000000238
129873  -18.912  -85.049  -69.937 0.5000000000
9891  -21.780  -85.430  -69.129 0.5000000000
6832  -21.278  -89.050  -73.230 0.5000000000
20835  -14.347  -73.677  -72.505 0.6000000238
20818  -12.874  -73.315  -71.050 0.6999999881
17827  -14.662  -77.629  -69.344 0.6000000238
11691  -15.723  -83.895  -69.969 0.5000000000
11694  -18.066  -84.225  -69.877 0.5000000000
10738  -19.251  -84.597  -69.135 0.6000000238
10747  -18.723  -84.676  -69.885 0.5000000000
10739  -20.080  -84.786  -68.874 0.5000000000
6856  -18.864  -88.915  -74.950 0.6000000238
7568  -20.565  -88.754  -74.751 0.6000000238
8378  -22.044  -87.575  -75.119 0.5000000000
21777  -13.866  -72.314  -68.692 0.6000000238
19822  -17.969  -75.780  -67.289 0.5000000000
17706  -11.659  -77.210  -61.581 0.6000000238
19754  -8.487  -74.885  -62.664 0.6000000238
11634  -15.378  -83.053  -66.438 0.6000000238
19735  -11.688  -75.408  -61.699 0.6000000238
128877  -12.438  -74.230  -64.229 0.8000000119
122601  -11.162  -74.659  -61.875 0.6000000238
16739  -15.713  -78.997  -65.615 0.6000000238
21690  -10.505  -73.146  -62.535 0.6000000238
14597  -15.914  -80.685  -64.819 0.6000000238
22727  -13.733  -72.903  -63.039 0.8000000119
17754  -16.913  -77.806  -64.776 0.6000000238
21692  -12.720  -72.644  -62.027 0.6000000238
21691  -11.599  -73.020  -62.224 0.6999999881
115574  -13.803  -71.746  -60.750 0.6000000238
24770  -12.248  -70.706  -59.821 0.6000000238
23770  -14.328  -71.033  -61.828 0.6999999881
25809  -13.366  -69.830  -60.977 0.6000000238
25866  -13.384  -69.878  -66.244 0.5000000000
24796  -9.201  -70.860  -62.565 0.5000000000
25828  -13.009  -69.877  -63.344 0.6000000238
22673  -5.265  -72.344  -57.182 0.6999999881
21643  -5.777  -72.731  -57.557 0.6000000238
23728  -5.265  -70.892  -58.133 0.6999999881
23734  -5.962  -71.561  -60.257 0.8000000119
25796  -6.546  -69.643  -59.287 0.6000000238
25773  -6.147  -69.601  -55.804 0.6000000238
27912  -8.055  -67.647  -57.764 0.5000000000
27911  -7.386  -68.298  -57.962 0.5000000000
31178  -10.840  -63.982  -60.490 0.5000000000
25774  -7.172  -69.435  -55.513 0.5000000000
26838  -8.984  -68.482  -62.356 0.6000000238
29026  -12.483  -66.396  -61.401 0.5000000000
24730  -8.608  -70.424  -54.462 0.5000000000
132920  -12.583  -67.900  -57.125 0.5000000000
26801  -11.693  -68.821  -56.656 0.6000000238
25729  -10.202  -69.856  -52.726 0.4000000060
24714  -11.364  -70.104  -53.667 0.4000000060
24733  -11.375  -70.365  -54.299 0.4000000060
26765  -11.747  -68.660  -53.570 0.3000000119
25756  -12.498  -69.440  -54.355 0.4000000060
25786  -14.035  -69.223  -56.089 0.5000000000
26803  -14.378  -68.651  -56.538 0.4000000060
129615  -13.609  -68.120  -54.443 0.4000000060
27899  -14.799  -67.988  -55.584 0.4000000060
27927  -15.732  -67.107  -57.733 0.4000000060
116790  -16.313  -66.534  -58.308 0.4000000060
28942  -11.862  -66.405  -54.523 0.3000000119
28943  -12.773  -66.507  -54.590 0.5000000000
27889  -13.955  -67.426  -54.639 0.4000000060
30066  -14.706  -66.141  -55.322 0.5000000000
137677  -14.498  -67.530  -55.043 0.4000000060
28985  -16.615  -66.819  -57.703 0.4000000060
30067  -15.458  -65.702  -55.732 0.4000000060
31126  -15.835  -65.068  -56.053 0.4000000060
30063  -12.028  -64.905  -55.290 0.5000000000
31121  -11.749  -64.080  -55.569 0.5000000000
31122  -12.634  -64.244  -55.454 0.4000000060
32124  -14.852  -64.002  -56.079 0.4000000060
32121  -12.306  -63.513  -55.811 0.4000000060
136185  -10.905  -63.287  -56.112 0.3000000119
33184  -11.016  -62.793  -56.202 0.3000000119
33185  -11.880  -62.698  -56.170 0.3000000119
4729  -14.417  -91.978  -75.386 0.5000000000
4735  -15.582  -91.942  -76.224 0.5000000000
125132  -16.830  -92.078  -76.591 0.5000000000
5431  -16.447  -91.610  -76.774 0.5000000000
5433  -18.025  -92.191  -76.717 0.5000000000
5441  -17.158  -91.113  -77.341 0.5000000000
5442  -18.201  -91.494  -77.319 0.6000000238
6122  -14.586  -91.011  -75.697 0.5000000000
6127  -15.476  -90.789  -76.322 0.5000000000
5430  -15.804  -91.183  -76.571 0.5000000000
5440  -16.480  -90.801  -77.117 0.5000000000
5443  -19.372  -91.472  -77.279 0.6000000238
6136  -17.764  -90.505  -77.831 0.6000000238
131176  -13.949  -91.553  -74.701 0.4000000060
6779  -13.833  -89.991  -69.728 0.4000000060
6790  -13.837  -89.756  -70.443 0.4000000060
118271  -13.509  -90.049  -71.068 0.5000000000
6802  -13.722  -89.807  -71.949 0.5000000000
6098  -12.995  -90.874  -72.502 0.5000000000
6814  -14.033  -89.773  -72.854 0.5000000000
136199  -14.768  -89.340  -72.419 0.5000000000
6112  -13.340  -91.156  -73.931 0.5000000000
6108  -14.086  -90.073  -73.748 0.5000000000
116174  -20.963  -90.962  -77.665 0.6000000238
6139  -21.636  -90.426  -77.949 0.6000000238
114481  -14.184  -90.622  -74.716 0.5000000000
6123  -15.445  -90.267  -76.107 0.5000000000
6853  -16.071  -89.672  -75.512 0.5000000000
6138  -19.935  -90.876  -77.869 0.6000000238
6861  -15.973  -90.144  -76.690 0.5000000000
6144  -17.388  -89.554  -78.062 0.6000000238
6145  -18.255  -89.743  -78.327 0.6000000238
6147  -20.582  -90.048  -78.258 0.6000000238
6873  -18.703  -89.037  -78.857 0.6000000238
7605  -21.744  -88.660  -78.746 0.6999999881
6874  -19.724  -89.337  -78.776 0.6000000238
7604  -20.573  -88.888  -78.898 0.6999999881
6073  -14.579  -89.978  -67.207 0.6000000238
6080  -14.704  -89.907  -67.995 0.6000000238
6770  -15.870  -89.398  -68.233 0.6000000238
6087  -14.760  -89.597  -68.964 0.5000000000
6791  -14.792  -89.210  -70.031 0.5000000000
120917  -15.465  -88.887  -70.877 0.6000000238
118521  -14.316  -89.310  -70.999 0.5000000000
6803  -15.040  -89.092  -71.704 0.5000000000
116398  -15.202  -89.394  -73.215 0.5000000000
123380  -15.778  -89.067  -72.347 0.5000000000
6826  -15.121  -89.789  -74.235 0.5000000000
6141  -23.177  -90.391  -77.315 0.6999999881
6140  -22.409  -90.519  -77.665 0.6000000238
125246  -22.819  -89.820  -77.779 0.8000000119
115626  -16.183  -89.732  -76.363 0.5000000000
132136  -16.405  -89.634  -76.935 0.5000000000
6867  -16.859  -89.192  -77.443 0.6000000238
6876  -22.354  -89.289  -78.266 0.6999999881
6877  -23.123  -88.966  -77.918 0.6999999881
7611  -22.092  -87.623  -78.984 0.6999999881
123478  -18.217  -88.055  -79.240 0.6000000238
6878  -19.292  -88.503  -79.176 0.6000000238
8402  -20.243  -87.126  -79.471 0.6999999881
8404  -22.664  -86.959  -78.965 0.6000000238
6065  -13.505  -90.316  -66.657 0.5000000000
6759  -15.553  -89.577  -67.289 0.6000000238
6780  -15.853  -89.124  -69.272 0.6000000238
6804  -16.124  -88.877  -71.544 0.6000000238
6827  -16.062  -89.383  -73.774 0.5000000000
6828  -17.120  -89.290  -73.818 0.6000000238
6842  -16.118  -89.537  -74.571 0.5000000000
6843  -17.060  -89.448  -74.839 0.5000000000
132271  -24.391  -88.918  -77.274 0.5000000000
6870  -25.048  -88.701  -76.959 0.6000000238
6854  -16.861  -89.376  -75.814 0.6000000238
7586  -17.223  -88.643  -77.339 0.5000000000
7597  -23.917  -88.621  -77.676 0.6000000238
7601  -17.560  -88.100  -78.463 0.5000000000
7606  -22.657  -88.406  -78.504 0.6999999881
7607  -23.456  -88.171  -78.232 0.6000000238
7602  -17.715  -87.595  -79.013 0.5000000000
130874  -23.017  -87.571  -78.677 0.6000000238
9971  -24.206  -86.029  -78.472 0.6000000238
8397  -18.485  -86.640  -79.051 0.5000000000
9197  -19.633  -86.457  -79.257 0.6000000238
9200  -22.656  -86.225  -79.267 0.5000000000
9974  -21.806  -85.092  -79.170 0.5000000000
10835  -23.783  -84.974  -77.838 0.5000000000
6749  -13.404  -89.781  -66.599 0.6000000238
6751  -14.560  -89.551  -66.304 0.6000000238
6769  -12.209  -89.381  -67.892 0.4000000060
6844  -18.041  -89.210  -74.328 0.5000000000
6863  -17.531  -88.919  -76.293 0.5000000000
7598  -24.645  -88.280  -77.466 0.5000000000
7596  -17.521  -87.964  -78.048 0.5000000000
8393  -24.805  -87.463  -77.730 0.5000000000
9194  -25.460  -86.900  -77.551 0.5000000000
8395  -26.092  -87.312  -77.102 0.5000000000
8386  -17.947  -87.348  -78.134 0.5000000000
8400  -24.555  -86.689  -78.170 0.5000000000
9968  -24.418  -85.750  -78.093 0.5000000000
123972  -18.843  -86.435  -78.673 0.6000000238
9195  -19.609  -85.983  -78.830 0.6000000238
9975  -23.440  -85.858  -78.921 0.5000000000
9972  -20.261  -85.207  -79.101 0.6000000238
10840  -21.604  -84.419  -78.875 0.5000000000
7514  -11.904  -88.513  -69.265 0.4000000060
7578  -18.526  -88.709  -76.000 0.5000000000
9175  -26.182  -86.414  -76.389 0.5000000000
7588  -18.851  -87.615  -77.213 0.5000000000
9962  -25.360  -86.022  -76.660 0.5000000000
9953  -26.608  -86.091  -75.676 0.5000000000
10807  -27.133  -85.149  -74.213 0.5000000000
9929  -28.068  -85.099  -74.044 0.5000000000
11750  -29.695  -83.298  -73.723 0.5000000000
8392  -19.460  -86.374  -77.957 0.6000000238
9191  -19.586  -85.771  -78.446 0.6000000238
9961  -24.477  -85.428  -77.082 0.5000000000
10836  -20.468  -84.636  -78.759 0.6000000238
11780  -24.072  -83.063  -75.717 0.5000000000
11807  -20.811  -83.393  -78.487 0.5000000000
12722  -21.454  -82.568  -78.302 0.5000000000
8377  -21.633  -86.996  -75.945 0.5000000000
9952  -25.662  -85.606  -75.634 0.5000000000
9942  -26.360  -85.407  -74.833 0.5000000000
10787  -27.576  -84.334  -73.791 0.5000000000
10788  -28.382  -84.254  -73.693 0.5000000000
8388  -20.977  -87.364  -76.539 0.5000000000
9960  -20.999  -85.615  -76.912 0.6000000238
10819  -24.943  -84.864  -75.365 0.5000000000
10806  -26.324  -84.512  -74.234 0.5000000000
11748  -27.900  -83.481  -73.728 0.5000000000
12668  -29.852  -82.634  -74.241 0.5000000000
12669  -30.512  -82.930  -73.928 0.5000000000
10832  -20.249  -84.554  -78.282 0.5000000000
11781  -24.955  -83.692  -74.996 0.5000000000
12679  -25.854  -82.794  -74.659 0.5000000000
9174  -22.227  -86.561  -75.321 0.5000000000
12681  -27.652  -82.338  -74.613 0.5000000000
12666  -28.203  -82.730  -73.972 0.5000000000
12683  -29.419  -82.350  -74.881 0.5000000000
12699  -30.751  -82.856  -76.468 0.4000000060
116231  -28.823  -82.205  -75.567 0.4000000060
121628  -13.567  -77.391  -75.285 0.4000000060
17700  -13.759  -77.681  -59.988 0.5000000000
18729  -11.907  -76.882  -58.534 0.5000000000
17681  -12.873  -77.853  -58.408 0.5000000000
19686  -10.434  -76.538  -57.785 0.5000000000
18728  -11.119  -76.781  -58.330 0.5000000000
17682  -13.309  -77.499  -58.917 0.5000000000
115780  -5.633  -73.175  -56.066 0.5000000000
22669  -5.161  -72.617  -56.290 0.5000000000
23717  -5.338  -71.398  -55.285 0.5000000000
7589  -19.861  -88.011  -76.274 0.5000000000
133238  -18.911  -88.254  -76.413 0.5000000000
6137  -18.819  -90.755  -77.927 0.6000000238
6866  -16.449  -89.854  -77.160 0.6000000238
6146  -19.364  -89.993  -78.337 0.6000000238
6872  -17.723  -88.613  -78.663 0.6000000238
7610  -20.995  -87.898  -79.223 0.6999999881
6862  -16.732  -89.205  -76.763 0.5000000000
7609  -18.163  -87.273  -79.256 0.6000000238
8403  -21.315  -87.023  -79.435 0.6000000238
9198  -20.632  -86.326  -79.498 0.6000000238
6869  -24.543  -89.436  -76.850 0.6999999881
8390  -17.724  -87.365  -78.741 0.5000000000
9973  -21.011  -85.518  -79.449 0.6000000238
125940  -22.666  -85.464  -79.162 0.5000000000
10818  -24.285  -84.423  -76.022 0.5000000000
9969  -25.103  -86.266  -77.523 0.5000000000
9186  -25.838  -86.734  -77.075 0.5000000000
132462  -20.919  -84.098  -78.804 0.5000000000
8387  -19.957  -87.309  -77.191 0.5000000000
9192  -20.235  -85.888  -77.664 0.5000000000
9184  -20.435  -86.752  -77.266 0.5000000000
131821  -27.237  -83.655  -73.805 0.5000000000
11764  -25.802  -83.799  -74.421 0.5000000000
10786  -26.572  -83.434  -74.107 0.5000000000
12684  -30.484  -82.477  -74.973 0.5000000000
12680  -26.758  -82.470  -74.556 0.4000000060
7583  -28.606  -88.261  -75.501 0.5000000000
7594  -28.036  -87.939  -75.891 0.6000000238
8380  -28.558  -87.701  -75.841 0.6000000238
7593  -27.271  -88.085  -76.109 0.6000000238
6865  -27.037  -88.904  -75.646 0.4000000060
9178  -28.391  -87.173  -75.965 0.4000000060
9177  -27.688  -86.973  -76.269 0.4000000060
8389  -26.820  -87.587  -76.566 0.5000000000
9187  -26.634  -87.019  -76.858 0.4000000060
133875  -26.500  -88.511  -76.122 0.5000000000
7600  -26.057  -87.794  -76.859 0.5000000000
6864  -25.403  -89.223  -76.319 0.6000000238
6142  -23.958  -90.221  -76.802 0.6000000238
6130  -23.438  -90.906  -76.735 0.6000000238
5436  -22.015  -91.410  -76.627 0.6000000238
6128  -21.844  -91.046  -77.405 0.6000000238
121876  -21.007  -91.734  -76.347 0.6000000238
5444  -21.165  -91.472  -77.007 0.5000000000
5434  -19.835  -91.941  -76.624 0.5000000000
120876  -18.881  -92.148  -76.715 0.4000000060
4738  -18.242  -92.654  -76.051 0.5000000000
12685  -31.534  -82.908  -75.415 0.3000000119
4730  -15.571  -92.743  -75.672 0.4000000060
17755  -17.592  -77.542  -64.205 0.4000000060
17738  -17.796  -77.987  -63.404 0.4000000060
16701  -17.042  -79.029  -63.571 0.5000000000
125444  -14.103  -67.084  -64.483 0.5000000000
27985  -13.646  -66.953  -63.663 0.5000000000
29065  -15.014  -66.758  -64.487 0.5000000000
29053  -14.541  -66.714  -63.615 0.4000000060
29028  -14.166  -66.254  -61.498 0.4000000060
30181  -17.639  -65.609  -64.386 0.4000000060
29011  -12.853  -66.002  -61.048 0.4000000060
29029  -15.023  -66.141  -61.560 0.4000000060
29039  -15.552  -66.393  -61.936 0.4000000060
29010  -11.769  -65.759  -61.060 0.4000000060
30131  -13.091  -65.548  -61.241 0.4000000060
30155  -17.524  -65.159  -62.542 0.4000000060
31180  -12.217  -64.614  -61.411 0.4000000060
31194  -14.318  -64.643  -61.695 0.4000000060
32224  -16.871  -63.476  -62.311 0.4000000060
31179  -11.439  -63.697  -60.970 0.4000000060
31192  -12.355  -63.540  -61.538 0.4000000060
32165  -10.903  -63.074  -59.971 0.4000000060
32184  -11.709  -62.847  -60.663 0.4000000060
30099  -13.195  -64.855  -57.971 0.3000000119
31159  -13.264  -63.831  -58.147 0.4000000060
30101  -15.879  -65.960  -58.639 0.3000000119
124611  -15.311  -65.151  -58.551 0.3000000119
32158  -13.974  -63.327  -58.473 0.3000000119
124309  -14.297  -64.673  -58.304 0.3000000119
30180  -16.923  -65.978  -63.941 0.4000000060
29055  -16.987  -65.781  -62.875 0.4000000060
136358  -15.820  -66.441  -62.608 0.4000000060
29054  -15.466  -66.527  -63.539 0.4000000060
29040  -16.331  -66.053  -62.131 0.4000000060
31196  -16.171  -65.262  -61.800 0.4000000060
31208  -18.528  -64.364  -63.267 0.4000000060
31206  -16.975  -64.641  -62.118 0.4000000060
32204  -16.146  -64.131  -61.914 0.4000000060
30145  -15.205  -65.453  -61.560 0.4000000060
11727  -33.403  -83.942  -71.544 0.3000000119
123487  -34.183  -84.355  -71.550 0.3000000119
124746  -32.818  -84.338  -71.540 0.4000000060
10768  -33.636  -85.004  -71.504 0.3000000119
121962  -33.379  -86.074  -71.370 0.4000000060
9914  -31.522  -86.196  -71.397 0.3000000119
9915  -32.341  -86.068  -71.370 0.3000000119
125427  -33.060  -86.987  -71.441 0.4000000060
9126  -30.259  -86.899  -71.530 0.3000000119
9128  -32.105  -87.006  -71.395 0.3000000119
8339  -32.764  -87.860  -71.625 0.3000000119
8337  -30.871  -87.895  -71.613 0.3000000119
8338  -31.829  -87.895  -71.558 0.3000000119
7533  -31.569  -88.573  -71.938 0.3000000119
8336  -29.832  -87.720  -71.857 0.3000000119
7532  -30.654  -88.570  -72.121 0.3000000119
120125  -31.302  -88.807  -72.635 0.3000000119
8351  -29.781  -88.526  -72.476 0.3000000119
7545  -29.653  -88.992  -73.095 0.3000000119
6823  -30.168  -89.028  -73.390 0.3000000119
136310  -27.042  -88.568  -73.327 0.3000000119
7543  -27.832  -88.689  -73.350 0.3000000119
7544  -28.861  -88.586  -72.893 0.3000000119
7559  -28.839  -89.182  -73.623 0.3000000119
137824  -29.098  -89.278  -74.248 0.3000000119
7557  -27.140  -89.238  -73.737 0.4000000060
125044  -34.019  -86.972  -71.592 0.3000000119
121973  -31.476  -85.171  -71.444 0.4000000060
8340  -33.611  -87.749  -71.765 0.4000000060
9913  -30.615  -85.900  -71.440 0.3000000119
7535  -33.210  -88.351  -71.981 0.4000000060
7547  -32.178  -88.661  -72.443 0.4000000060
7560  -30.838  -88.831  -73.473 0.4000000060
9139  -28.141  -87.055  -72.184 0.3000000119
6849  -30.159  -89.001  -73.928 0.4000000060
7542  -26.336  -88.415  -73.161 0.3000000119
8348  -26.342  -87.614  -72.706 0.4000000060
7571  -29.567  -88.928  -74.613 0.4000000060
6848  -28.745  -89.155  -74.767 0.3000000119
8347  -25.671  -87.746  -72.611 0.3000000119
122178  -34.757  -85.250  -71.663 0.3000000119
9917  -35.348  -86.262  -71.850 0.3000000119
122261  -35.808  -85.518  -72.021 0.3000000119
9129  -34.853  -86.888  -71.885 0.3000000119
9140  -34.923  -87.139  -72.543 0.3000000119
138194  -30.258  -84.146  -71.587 0.4000000060
8352  -33.781  -88.031  -72.288 0.3000000119
115906  -34.153  -87.596  -73.058 0.3000000119
129055  -29.789  -86.084  -71.510 0.3000000119
121999  -30.435  -84.804  -71.494 0.4000000060
127604  -33.271  -88.274  -72.972 0.4000000060
9153  -33.478  -87.721  -73.232 0.3000000119
7561  -31.895  -88.556  -73.230 0.4000000060
8361  -31.985  -88.058  -73.867 0.4000000060
9125  -29.383  -86.663  -71.648 0.3000000119
9911  -27.981  -85.505  -71.696 0.3000000119
7573  -31.205  -88.383  -74.080 0.4000000060
8360  -31.190  -87.734  -74.378 0.4000000060
9122  -26.365  -86.116  -71.988 0.3000000119
8370  -30.623  -88.105  -74.839 0.4000000060
9166  -30.446  -87.369  -74.837 0.5000000000
9123  -27.491  -86.220  -71.985 0.3000000119
7584  -29.281  -88.443  -75.212 0.4000000060
8381  -29.286  -87.933  -75.532 0.4000000060
9179  -29.179  -87.364  -75.659 0.5000000000
7541  -24.724  -88.483  -72.043 0.3000000119
9130  -35.540  -86.732  -72.411 0.3000000119
10776  -36.702  -85.599  -72.538 0.3000000119
124731  -29.637  -84.316  -71.562 0.4000000060
9152  -32.615  -87.363  -73.566 0.4000000060
9932  -31.239  -85.835  -73.742 0.4000000060
134518  -29.108  -84.871  -71.525 0.4000000060
134213  -30.186  -86.568  -74.567 0.5000000000
9946  -29.461  -85.994  -74.381 0.4000000060
9165  -29.736  -86.932  -75.156 0.4000000060
121872  -25.664  -85.783  -71.527 0.3000000119
9163  -27.906  -86.494  -75.564 0.4000000060
9944  -27.948  -85.823  -74.763 0.4000000060
9137  -25.948  -86.968  -72.380 0.3000000119
8346  -25.076  -87.913  -72.325 0.3000000119
127060  -24.644  -89.086  -71.390 0.3000000119
9154  -34.832  -87.126  -73.067 0.3000000119
125181  -34.123  -86.985  -73.311 0.3000000119
9933  -32.210  -86.081  -73.595 0.3000000119
125064  -28.395  -84.844  -71.557 0.4000000060
124691  -29.725  -85.028  -73.727 0.4000000060
10766  -27.490  -84.671  -71.483 0.4000000060
9945  -28.622  -85.732  -74.438 0.4000000060
9110  -24.790  -86.588  -70.374 0.3000000119
9909  -26.187  -85.325  -71.451 0.3000000119
9120  -24.821  -86.923  -71.227 0.3000000119
8328  -24.641  -87.738  -70.685 0.3000000119
6786  -25.446  -89.955  -69.884 0.3000000119
6797  -24.693  -88.673  -70.564 0.3000000119
127885  -33.714  -85.665  -73.501 0.3000000119
127189  -32.690  -85.217  -73.493 0.4000000060
10790  -30.672  -84.744  -73.582 0.4000000060
122930  -24.731  -87.342  -69.804 0.3000000119
7517  -24.973  -88.085  -69.076 0.3000000119
136060  -24.691  -87.123  -70.508 0.3000000119
137428  -25.174  -88.750  -69.228 0.3000000119
7518  -25.090  -89.111  -69.813 0.3000000119
115216  -24.907  -88.040  -68.239 0.3000000119
131670  -25.534  -89.515  -68.106 0.3000000119
7512  -25.233  -88.799  -68.579 0.3000000119
126156  -25.554  -89.502  -69.016 0.3000000119
11753  -32.842  -83.738  -73.965 0.3000000119
122883  -31.331  -84.005  -73.493 0.4000000060
6765  -25.245  -89.592  -67.267 0.3000000119
6068  -25.331  -90.387  -66.830 0.3000000119
11755  -34.320  -84.373  -74.324 0.3000000119
11754  -33.633  -84.240  -73.918 0.3000000119
11752  -31.807  -83.523  -73.803 0.3000000119
11769  -34.702  -84.231  -75.492 0.3000000119
11768  -33.764  -83.924  -74.863 0.3000000119
11767  -32.962  -83.573  -74.949 0.3000000119
27969  -13.217  -66.775  -62.838 0.5000000000
32157  -12.614  -62.811  -58.619 0.5000000000
32166  -11.741  -62.414  -59.459 0.4000000060
27970  -14.204  -66.740  -62.665 0.4000000060
6131  -24.790  -90.171  -76.270 0.6000000238
7592  -26.534  -88.046  -76.453 0.5000000000
9162  -27.286  -86.452  -75.811 0.4000000060
10789  -29.216  -84.188  -73.628 0.4000000060
123161  -29.954  -84.177  -73.605 0.4000000060
122260  -31.096  -83.381  -73.707 0.4000000060
11766  -32.172  -83.239  -74.571 0.3000000119
29066  -15.518  -66.848  -65.360 0.5000000000
29067  -16.047  -66.424  -64.479 0.4000000060
30170  -17.648  -65.505  -63.369 0.4000000060
121928  -32.592  -85.123  -71.438 0.3000000119
8350  -28.928  -87.824  -72.336 0.3000000119
125991  -27.021  -87.996  -72.986 0.3000000119
124730  -30.951  -84.011  -71.665 0.4000000060
7572  -30.423  -88.613  -74.355 0.4000000060
9912  -28.987  -85.660  -71.577 0.3000000119
9124  -28.493  -86.364  -71.798 0.3000000119
9151  -31.731  -87.007  -73.912 0.4000000060
9121  -25.443  -86.429  -71.834 0.3000000119
9931  -30.328  -85.823  -73.963 0.4000000060
8333  -24.736  -87.716  -71.677 0.3000000119
10791  -31.707  -84.926  -73.531 0.4000000060
9902  -25.450  -85.285  -70.908 0.3000000119
10793  -33.209  -84.548  -73.650 0.3000000119
6074  -25.809  -90.255  -67.607 0.3000000119
5435  -20.230  -92.096  -76.166 0.5000000000
5424  -20.534  -92.026  -75.719 0.5000000000
5425  -21.569  -91.670  -75.772 0.5000000000
5438  -23.659  -91.273  -76.158 0.5000000000
9173  -21.713  -86.048  -76.134 0.4000000060
7582  -27.822  -88.470  -75.589 0.5000000000
6858  -27.634  -89.096  -75.278 0.3000000119
6120  -26.939  -89.930  -74.846 0.3000000119
6860  -28.914  -88.786  -75.090 0.4000000060
7558  -28.036  -89.331  -73.924 0.3000000119
6837  -28.434  -89.320  -74.384 0.3000000119
10765  -26.634  -84.722  -71.326 0.3000000119
11721  -27.459  -83.498  -71.236 0.3000000119
125964  -27.991  -84.141  -71.416 0.3000000119
124747  -31.992  -84.227  -71.601 0.3000000119
11710  -26.602  -83.351  -70.754 0.3000000119
11722  -28.307  -83.447  -71.426 0.3000000119
11723  -29.139  -83.435  -71.576 0.3000000119
11724  -30.071  -83.426  -71.635 0.3000000119
124509  -30.827  -83.081  -71.658 0.3000000119
12647  -31.208  -82.267  -71.543 0.3000000119
12643  -27.885  -82.736  -71.198 0.3000000119
135621  -28.948  -82.005  -71.339 0.3000000119
12645  -29.444  -82.573  -71.540 0.3000000119
118592  -30.483  -81.710  -71.428 0.3000000119
11725  -31.641  -83.272  -71.611 0.3000000119
11726  -32.559  -83.548  -71.556 0.3000000119
12636  -28.309  -82.056  -71.063 0.3000000119
12648  -32.341  -82.523  -71.482 0.3000000119
13660  -31.862  -81.583  -71.392 0.3000000119
4737  -17.265  -92.511  -76.237 0.3000000119
6132  -25.589  -90.108  -75.757 0.5000000000
116924  -24.233  -90.898  -76.265 0.4000000060
5426  -22.863  -91.469  -75.926 0.5000000000
6847  -27.881  -89.464  -74.948 0.3000000119
32226  -18.344  -63.438  -63.001 0.3000000119
31207  -17.829  -64.223  -62.540 0.3000000119
32201  -13.013  -62.885  -61.655 0.3000000119
4739  -19.267  -92.476  -75.935 0.4000000060
4727  -19.939  -92.505  -74.806 0.4000000060
4023  -24.190  -93.484  -71.602 0.4000000060
132032  -22.165  -91.914  -72.704 0.4000000060
5412  -22.787  -91.617  -73.487 0.4000000060
118733  -23.329  -91.576  -75.104 0.4000000060
5427  -23.969  -91.479  -75.517 0.4000000060
5418  -21.544  -91.623  -74.692 0.4000000060
119103  -22.364  -91.543  -75.267 0.4000000060
4010  -25.561  -94.130  -70.885 0.3000000119
5403  -23.889  -92.209  -73.560 0.4000000060
5417  -20.794  -91.952  -75.048 0.4000000060
5394  -22.999  -92.301  -72.237 0.4000000060
115885  -21.721  -91.646  -73.677 0.4000000060
4009  -24.640  -93.983  -71.104 0.3000000119
4708  -23.923  -92.590  -72.761 0.4000000060
132382  -23.137  -91.910  -72.802 0.4000000060
5419  -22.527  -91.519  -74.427 0.4000000060
5413  -23.636  -91.775  -74.291 0.4000000060
114898  -24.368  -91.810  -74.817 0.4000000060
127563  -25.122  -93.602  -71.979 0.3000000119
4709  -24.829  -92.851  -73.481 0.3000000119
4692  -24.948  -93.343  -72.734 0.3000000119
5420  -25.198  -92.135  -74.474 0.3000000119
5429  -25.443  -91.579  -74.967 0.3000000119
6125  -25.814  -90.860  -75.259 0.3000000119
135754  -26.648  -89.441  -75.445 0.3000000119
131451  -26.293  -90.008  -75.378 0.3000000119
5428  -24.813  -91.616  -75.218 0.3000000119
6124  -25.060  -91.054  -75.687 0.3000000119
5439  -24.381  -91.304  -75.780 0.3000000119
127856  -20.428  -91.166  -61.596 0.3000000119
126961  -20.575  -90.406  -61.449 0.3000000119
9088  -24.628  -86.542  -68.436 0.3000000119
7453  -21.901  -88.190  -61.874 0.3000000119
125133  -22.313  -88.098  -62.623 0.3000000119
124836  -23.502  -87.970  -63.992 0.3000000119
134610  -24.017  -87.014  -64.562 0.3000000119
9033  -24.234  -86.845  -65.475 0.3000000119
119945  -24.285  -86.322  -66.244 0.3000000119
118711  -24.389  -85.904  -66.996 0.3000000119
123539  -24.555  -85.852  -67.876 0.3000000119
8256  -23.066  -86.865  -62.767 0.3000000119
8262  -23.578  -87.160  -63.748 0.3000000119
9021  -23.784  -86.240  -63.980 0.3000000119
9022  -23.951  -86.083  -64.839 0.3000000119
132139  -24.116  -85.967  -65.588 0.3000000119
4721  -24.648  -92.351  -74.137 0.3000000119
6731  -21.223  -89.855  -62.553 0.3000000119
7471  -23.191  -88.540  -63.889 0.3000000119
7468  -21.891  -88.697  -62.653 0.3000000119
7467  -21.353  -89.006  -61.942 0.3000000119
7470  -22.548  -88.594  -63.280 0.3000000119
8261  -22.949  -87.782  -63.235 0.3000000119
9015  -23.497  -86.267  -63.168 0.3000000119
4691  -23.689  -92.983  -72.013 0.4000000060
4707  -22.304  -92.662  -72.319 0.4000000060
4736  -16.333  -92.336  -76.212 0.4000000060
5423  -14.998  -91.542  -76.089 0.5000000000
5432  -17.309  -91.883  -76.938 0.5000000000
5437  -22.943  -91.279  -76.546 0.6000000238
6064  -13.074  -90.341  -66.709 0.5000000000
6066  -13.957  -90.143  -66.631 0.5000000000
6067  -14.408  -89.887  -66.707 0.6000000238
6086  -13.819  -90.480  -68.835 0.4000000060
6106  -12.905  -91.231  -73.198 0.5000000000
6107  -13.355  -90.499  -73.148 0.5000000000
6119  -15.108  -90.095  -75.252 0.5000000000
6129  -22.664  -91.007  -77.119 0.6999999881
6133  -16.136  -90.476  -76.843 0.5000000000
6134  -16.588  -90.179  -77.272 0.6000000238
6135  -16.994  -90.280  -77.591 0.5000000000
6143  -16.874  -89.620  -77.628 0.6000000238
6730  -20.883  -89.771  -61.695 0.3000000119
6732  -21.603  -89.339  -62.799 0.3000000119
6738  -22.102  -89.245  -63.349 0.3000000119
6739  -22.762  -89.203  -63.882 0.3000000119
6743  -15.242  -89.109  -65.923 0.6999999881
6745  -16.366  -88.503  -65.948 0.6999999881
6750  -13.982  -89.711  -66.374 0.6000000238
6762  -18.153  -88.925  -67.696 0.6999999881
6771  -16.785  -89.234  -68.074 0.6999999881
6781  -17.005  -89.046  -69.500 0.6999999881
6783  -19.680  -89.096  -69.233 0.6000000238
6784  -20.509  -88.932  -69.459 0.5000000000
6792  -16.104  -88.919  -70.169 0.6000000238
6798  -24.868  -89.575  -70.626 0.3000000119
6805  -17.040  -88.892  -71.296 0.6999999881
6807  -19.508  -89.078  -71.343 0.6000000238
6808  -20.987  -89.188  -71.790 0.4000000060
6817  -18.386  -88.977  -72.474 0.6999999881
6831  -20.368  -89.042  -73.370 0.6000000238
6838  -29.620  -89.194  -73.795 0.3000000119
6859  -28.294  -88.916  -75.196 0.4000000060
6868  -22.168  -89.983  -78.040 0.6000000238
6871  -17.226  -88.891  -78.066 0.6000000238
6875  -21.562  -89.609  -78.402 0.6999999881
7478  -15.806  -88.715  -65.863 0.6999999881
7484  -13.327  -89.115  -66.797 0.6999999881
7485  -13.956  -88.673  -66.525 0.6999999881
7488  -17.089  -88.307  -66.155 0.6999999881
7489  -18.732  -88.143  -66.808 0.6999999881
7490  -18.986  -87.900  -66.783 0.6000000238
7498  -12.799  -88.843  -67.544 0.4000000060
7501  -20.205  -87.929  -67.664 0.5000000000
7508  -12.341  -88.573  -68.419 0.6999999881
7509  -19.949  -88.324  -67.771 0.5000000000
7516  -21.537  -88.211  -69.486 0.4000000060
7529  -21.926  -88.714  -70.971 0.4000000060
7531  -24.602  -88.315  -71.285 0.3000000119
7534  -32.451  -88.480  -71.902 0.3000000119
7546  -30.439  -88.937  -72.798 0.3000000119
7548  -32.818  -88.547  -72.280 0.4000000060
7549  -33.279  -88.340  -72.525 0.4000000060
7554  -21.754  -88.761  -73.865 0.5000000000
7562  -32.754  -88.487  -72.775 0.4000000060
7567  -19.863  -88.838  -75.021 0.6000000238
7569  -21.329  -88.610  -74.607 0.5000000000
7585  -29.911  -88.309  -75.071 0.4000000060
7587  -17.902  -88.127  -77.099 0.5000000000
7591  -25.856  -88.401  -76.585 0.5000000000
7595  -17.284  -88.568  -77.932 0.5000000000
7599  -25.367  -88.025  -77.178 0.6000000238
7603  -18.838  -87.756  -79.415 0.6000000238
7608  -24.138  -87.857  -77.980 0.6000000238
8267  -23.889  -87.801  -64.479 0.3000000119
8272  -16.114  -88.207  -65.834 0.6999999881
8283  -14.731  -88.157  -66.380 0.6999999881
8284  -15.716  -87.852  -66.091 0.6999999881
8285  -16.549  -87.798  -66.018 0.6999999881
8286  -17.501  -87.922  -66.240 0.6999999881
8287  -18.307  -87.980  -66.570 0.6999999881
8299  -18.953  -87.332  -67.215 0.6000000238
8310  -13.468  -87.529  -68.537 0.6999999881
8318  -13.068  -87.377  -69.723 0.6999999881
8324  -11.849  -87.939  -70.561 0.5000000000
8334  -25.184  -87.202  -72.139 0.3000000119
8335  -28.966  -87.128  -71.906 0.3000000119
8341  -34.337  -87.519  -72.070 0.3000000119
8349  -27.939  -87.873  -72.686 0.3000000119
8353  -34.295  -87.623  -72.696 0.3000000119
8357  -12.922  -87.890  -73.759 0.5000000000
8362  -32.715  -88.194  -73.265 0.4000000060
8363  -33.752  -88.029  -72.829 0.3000000119
8369  -29.942  -87.705  -75.344 0.5000000000
8379  -27.764  -87.566  -76.238 0.5000000000
8391  -17.994  -86.781  -78.805 0.6000000238
8394  -25.504  -87.435  -77.365 0.5000000000
8396  -17.838  -87.025  -79.047 0.5000000000
8398  -23.393  -86.747  -78.749 0.6000000238
8399  -24.153  -87.088  -78.329 0.5000000000
8401  -19.139  -87.168  -79.368 0.6000000238
9048  -16.258  -87.378  -66.560 0.6999999881
9051  -24.428  -86.683  -66.883 0.3000000119
9082  -15.644  -86.874  -68.348 0.6999999881
9085  -18.887  -86.597  -68.081 0.6000000238
9087  -21.375  -86.485  -68.865 0.5000000000
9097  -22.216  -86.641  -69.894 0.5000000000
9102  -13.277  -86.985  -71.037 0.6999999881
9103  -13.670  -86.877  -70.527 0.6999999881
9111  -25.090  -86.073  -71.071 0.3000000119
9116  -15.841  -86.528  -72.021 0.6999999881
9118  -17.782  -85.831  -72.340 0.6999999881
9127  -31.180  -86.977  -71.437 0.3000000119
9133  -13.941  -86.965  -72.596 0.6999999881
9134  -17.788  -85.744  -73.072 0.6999999881
9145  -15.419  -87.127  -74.157 0.6999999881
9147  -17.337  -86.173  -74.309 0.6999999881
9148  -17.660  -85.769  -73.778 0.6999999881
9150  -30.875  -86.720  -74.246 0.5000000000
9158  -14.632  -87.292  -74.758 0.6000000238
9161  -17.085  -86.185  -74.967 0.6999999881
9164  -28.791  -86.511  -75.223 0.4000000060
9172  -15.794  -86.202  -76.164 0.6000000238
9176  -26.990  -86.735  -76.362 0.4000000060
9185  -21.130  -86.521  -76.828 0.6000000238
9188  -27.236  -87.254  -76.557 0.5000000000
9193  -24.834  -86.430  -77.988 0.5000000000
9196  -23.983  -86.411  -78.545 0.6000000238
9199  -21.656  -86.262  -79.474 0.6000000238
9825  -23.784  -85.659  -63.460 0.3000000119
9898  -18.078  -85.434  -71.569 0.6999999881
9910  -27.016  -85.390  -71.698 0.3000000119
9916  -34.415  -86.167  -71.474 0.3000000119
9918  -36.139  -86.252  -72.442 0.3000000119
9930  -28.889  -85.093  -73.868 0.4000000060
9943  -27.182  -85.917  -75.098 0.4000000060
9948  -16.095  -85.782  -75.876 0.6999999881
9949  -21.430  -85.029  -76.118 0.4000000060
9951  -24.876  -85.354  -76.095 0.5000000000
9959  -20.389  -85.072  -77.629 0.5000000000
9966  -19.984  -85.227  -78.255 0.6000000238
9967  -23.566  -85.353  -78.560 0.5000000000
9970  -20.009  -85.180  -78.641 0.6000000238
10746  -18.308  -84.515  -70.433 0.6000000238
10748  -19.329  -84.973  -69.488 0.6000000238
10754  -18.294  -84.743  -71.078 0.6000000238
10764  -25.983  -84.768  -71.055 0.3000000119
10767  -28.764  -84.189  -71.536 0.4000000060
10773  -16.275  -84.509  -72.983 0.6999999881
10792  -32.227  -84.231  -73.590 0.3000000119
10802  -16.469  -85.343  -74.636 0.6999999881
10805  -25.580  -84.730  -74.769 0.5000000000
10815  -15.463  -85.099  -75.983 0.5000000000
10826  -15.024  -85.041  -76.352 0.5000000000
10830  -23.791  -84.563  -76.944 0.5000000000
10839  -20.945  -84.754  -79.142 0.5000000000
11620  -17.857  -83.519  -65.575 0.5000000000
11636  -17.380  -83.734  -66.266 0.5000000000
11660  -17.831  -84.052  -67.130 0.5000000000
11690  -14.809  -83.824  -70.096 0.5000000000
11704  -14.555  -83.881  -70.785 0.6000000238
11717  -17.210  -84.374  -71.887 0.6000000238
11718  -17.784  -84.507  -71.450 0.6000000238
11720  -26.944  -84.058  -71.257 0.3000000119
11735  -13.776  -83.035  -72.635 0.6999999881
11736  -14.381  -83.809  -72.479 0.6999999881
11738  -16.540  -84.323  -72.256 0.6999999881
11749  -28.734  -83.346  -73.703 0.5000000000
11751  -30.549  -83.706  -73.598 0.4000000060
11765  -27.374  -82.924  -73.994 0.5000000000
11776  -15.308  -84.494  -75.669 0.6999999881
11784  -33.400  -83.789  -76.323 0.3000000119
11790  -13.750  -83.099  -76.428 0.5000000000
11808  -21.399  -83.502  -78.544 0.5000000000
12568  -15.633  -82.398  -65.628 0.6000000238
12570  -17.357  -83.022  -65.081 0.5000000000
12599  -14.329  -82.699  -67.410 0.6000000238
12612  -13.931  -83.215  -68.809 0.5000000000
12624  -13.486  -82.993  -69.593 0.5000000000
12641  -13.458  -82.731  -71.934 0.6999999881
12644  -28.653  -82.680  -71.412 0.3000000119
12646  -30.277  -82.433  -71.596 0.3000000119
12667  -29.081  -82.636  -74.054 0.5000000000
12670  -31.302  -82.929  -74.276 0.5000000000
12682  -28.536  -82.341  -74.685 0.4000000060
12704  -13.289  -82.268  -76.410 0.5000000000
12706  -14.152  -82.585  -76.170 0.5000000000
13570  -17.306  -81.625  -64.303 0.5000000000
13580  -15.730  -81.515  -65.149 0.6000000238
13595  -15.256  -81.468  -65.921 0.6000000238
13596  -19.697  -81.768  -65.557 0.5000000000
13605  -14.191  -81.744  -67.393 0.6000000238
13615  -13.322  -81.435  -69.107 0.5000000000
13616  -13.621  -81.586  -68.278 0.5000000000
13644  -28.906  -81.479  -70.719 0.3000000119
13665  -14.085  -81.458  -73.044 0.6999999881
13672  -14.380  -81.756  -73.877 0.6000000238
13682  -14.690  -81.708  -74.926 0.6000000238
13708  -13.857  -81.598  -76.408 0.5000000000
14598  -16.428  -80.523  -64.177 0.5000000000
14616  -15.479  -80.619  -65.641 0.6000000238
14664  -13.414  -80.694  -69.392 0.5000000000
14680  -13.446  -80.382  -70.058 0.5000000000
14716  -15.020  -80.354  -74.445 0.6000000238
14744  -14.185  -81.002  -76.237 0.5000000000
15636  -15.753  -79.867  -65.286 0.6000000238
15637  -16.140  -79.267  -64.825 0.6000000238
15717  -14.115  -78.845  -70.487 0.5000000000
15745  -15.428  -79.567  -74.361 0.6000000238
15756  -15.396  -79.134  -75.104 0.6000000238
15786  -14.146  -79.828  -76.148 0.5000000000
16641  -13.328  -78.261  -58.921 0.5000000000
16652  -13.353  -78.474  -60.272 0.5000000000
16702  -17.542  -78.637  -63.327 0.4000000060
16703  -18.085  -78.561  -62.886 0.4000000060
16720  -16.641  -78.724  -64.338 0.5000000000
16721  -17.221  -78.283  -63.899 0.4000000060
16757  -15.402  -78.735  -66.384 0.6000000238
16831  -14.519  -78.254  -70.619 0.5000000000
16854  -15.281  -78.944  -72.254 0.6000000238
16866  -16.019  -78.235  -73.923 0.6000000238
16895  -14.566  -78.478  -75.974 0.5000000000
16896  -15.287  -78.422  -75.456 0.6000000238
17690  -13.570  -77.607  -59.446 0.5000000000
17691  -13.967  -76.903  -59.827 0.6000000238
17793  -16.266  -77.482  -66.471 0.6000000238
17794  -16.918  -76.971  -66.188 0.6000000238
17808  -15.968  -77.293  -67.215 0.6000000238
17841  -14.719  -77.544  -70.321 0.5000000000
17895  -16.227  -77.393  -74.143 0.6000000238
17906  -15.147  -76.937  -75.525 0.5000000000
18730  -12.837  -77.061  -58.750 0.5000000000
18755  -14.141  -76.240  -60.056 0.6000000238
18766  -12.272  -76.329  -61.517 0.6000000238
18768  -13.951  -76.227  -60.537 0.6000000238
18784  -9.895  -76.271  -61.850 0.6000000238
18819  -18.039  -76.826  -64.600 0.5000000000
18852  -17.569  -76.308  -66.658 0.5000000000
18864  -15.615  -77.088  -68.006 0.6000000238
18876  -15.283  -76.908  -68.993 0.6000000238
18903  -15.664  -76.276  -70.510 0.6000000238
18904  -16.325  -75.808  -71.181 0.6000000238
18927  -16.827  -75.926  -72.871 0.6000000238
18954  -16.601  -75.808  -73.504 0.6000000238
18986  -14.692  -76.353  -75.280 0.5000000000
19707  -13.657  -75.782  -59.637 0.6999999881
19756  -9.999  -75.352  -62.031 0.6000000238
19775  -15.697  -75.180  -63.811 0.6000000238
19786  -13.568  -75.363  -64.625 0.8000000119
19787  -14.522  -75.483  -64.487 0.8000000119
19789  -16.072  -75.311  -64.304 0.6999999881
19801  -12.391  -74.812  -65.561 0.8000000119
19802  -13.133  -75.345  -65.492 0.8000000119
19804  -15.073  -75.621  -65.233 0.6999999881
19805  -15.923  -75.449  -65.011 0.6999999881
19818  -12.851  -74.938  -66.235 0.8000000119
19840  -16.586  -75.771  -69.187 0.6000000238
19842  -18.505  -75.067  -68.506 0.5000000000
19869  -16.834  -75.274  -70.624 0.5000000000
19922  -12.885  -75.778  -73.217 0.6000000238
19924  -15.466  -75.108  -74.114 0.6000000238
20657  -8.456  -75.121  -58.131 0.6000000238
20666  -9.015  -75.680  -58.863 0.6000000238
20677  -11.576  -74.722  -59.222 0.6000000238
20678  -13.398  -74.785  -59.545 0.8000000119
20680  -14.022  -75.119  -59.952 0.8000000119
20700  -10.450  -74.610  -62.061 0.6000000238
20701  -11.013  -73.663  -61.958 0.6999999881
20702  -12.817  -73.454  -61.230 0.6999999881
20717  -8.019  -74.405  -63.189 0.6000000238
20718  -8.586  -73.861  -62.946 0.6000000238
20721  -14.508  -74.864  -63.667 0.6999999881
20722  -15.260  -74.937  -63.592 0.6000000238
20732  -13.234  -74.885  -64.081 0.8000000119
20742  -16.731  -75.083  -64.754 0.6000000238
20750  -12.665  -74.053  -66.783 0.6999999881
20765  -13.329  -73.874  -67.249 0.6999999881
20784  -10.797  -73.717  -68.730 0.6000000238
20785  -19.225  -74.282  -69.032 0.5000000000
20786  -20.246  -73.734  -68.624 0.5000000000
20801  -18.168  -74.337  -70.321 0.5000000000
20817  -12.443  -73.547  -70.448 0.6999999881
20819  -17.444  -74.631  -71.530 0.5000000000
20820  -18.064  -73.955  -71.327 0.5000000000
20832  -11.849  -74.884  -71.210 0.6000000238
20833  -12.532  -74.295  -71.250 0.6999999881
20850  -13.782  -74.374  -72.700 0.6000000238
20852  -15.683  -74.282  -73.361 0.5000000000
20872  -15.989  -74.776  -73.909 0.5000000000
20873  -16.433  -75.135  -73.689 0.5000000000
21644  -6.412  -73.265  -57.599 0.6000000238
21646  -7.988  -74.156  -57.317 0.6000000238
21649  -6.715  -73.396  -59.295 0.6999999881
21659  -7.768  -74.128  -60.049 0.6999999881
21661  -10.266  -73.724  -59.500 0.6999999881
21665  -13.345  -73.717  -59.566 0.8000000119
21676  -13.675  -73.544  -59.942 0.8000000119
21684  -13.380  -72.940  -60.674 0.6999999881
21700  -9.134  -73.225  -63.330 0.6000000238
21703  -13.219  -73.286  -63.152 0.8000000119
21713  -6.963  -73.426  -65.065 0.6000000238
21714  -7.536  -73.286  -64.641 0.6000000238
21718  -17.676  -74.031  -63.666 0.5000000000
21738  -12.265  -73.040  -66.987 0.6000000238
21754  -13.571  -73.190  -67.863 0.6000000238
21755  -14.523  -73.493  -68.063 0.6999999881
21756  -15.507  -73.745  -68.104 0.6999999881
21757  -16.513  -73.712  -67.971 0.8000000119
21758  -18.939  -72.495  -67.713 0.5000000000
21775  -11.709  -72.625  -68.416 0.6999999881
21780  -17.155  -72.919  -68.505 0.8000000119
21794  -11.710  -73.034  -69.029 0.6000000238
21813  -15.431  -72.458  -71.554 0.5000000000
21815  -19.257  -72.426  -71.209 0.6000000238
21816  -20.042  -72.059  -70.667 0.5000000000
21826  -14.174  -73.180  -71.664 0.6000000238
21828  -16.245  -72.757  -72.489 0.6000000238
21831  -18.546  -72.284  -71.773 0.6000000238
21843  -17.734  -72.663  -72.858 0.5000000000
22676  -6.001  -72.938  -58.411 0.6999999881
22680  -5.807  -71.786  -59.441 0.8000000119
22683  -11.094  -72.009  -59.267 0.6000000238
22685  -12.770  -72.263  -58.944 0.8000000119
22700  -13.456  -72.460  -60.283 0.5000000000
22706  -7.462  -72.157  -61.359 0.6999999881
22728  -14.237  -73.224  -63.760 0.6000000238
22737  -8.220  -72.760  -64.980 0.5000000000
22738  -8.946  -72.843  -64.654 0.5000000000
22740  -11.078  -72.826  -64.399 0.6999999881
22753  -9.021  -72.689  -65.325 0.6000000238
22754  -9.874  -72.750  -65.374 0.6000000238
22765  -9.363  -72.570  -66.067 0.6999999881
22767  -11.486  -72.790  -66.904 0.6000000238
22780  -10.717  -72.700  -67.380 0.6999999881
22781  -11.271  -72.601  -67.570 0.6000000238
22804  -11.085  -72.509  -67.936 0.6000000238
22829  -14.506  -71.789  -70.044 0.6000000238
22834  -20.341  -71.896  -69.913 0.5000000000
22847  -17.784  -71.572  -71.482 0.6000000238
22849  -19.907  -71.712  -70.407 0.5000000000
22860  -18.047  -72.179  -72.240 0.5000000000
23733  -5.727  -71.024  -59.544 0.6999999881
23736  -11.683  -71.398  -59.412 0.6000000238
23749  -5.947  -70.830  -60.355 0.8000000119
23750  -6.380  -71.356  -60.921 0.8000000119
23751  -6.858  -71.875  -61.272 0.8000000119
23753  -9.587  -71.486  -60.837 0.6000000238
23755  -11.230  -70.768  -60.028 0.6000000238
23756  -12.999  -71.103  -59.683 0.6000000238
23757  -13.589  -71.203  -60.240 0.6000000238
23843  -18.582  -71.350  -71.049 0.6000000238
23844  -19.423  -71.515  -70.433 0.5000000000
24713  -10.508  -70.224  -53.177 0.4000000060
24715  -11.949  -69.745  -53.872 0.4000000060
24729  -7.138  -70.695  -54.289 0.5000000000
24731  -9.371  -70.677  -53.705 0.4000000060
24734  -11.979  -70.125  -54.350 0.4000000060
24750  -5.140  -70.946  -55.899 0.5000000000
24752  -6.227  -70.380  -54.873 0.5000000000
24764  -4.940  -70.102  -57.936 0.6999999881
24765  -5.421  -70.380  -58.734 0.6999999881
24769  -6.105  -70.219  -60.166 0.6999999881
24783  -10.712  -70.435  -60.807 0.6999999881
24784  -12.378  -69.990  -60.614 0.6000000238
24786  -13.906  -70.402  -60.845 0.6000000238
24799  -14.235  -70.440  -61.556 0.6999999881
24800  -14.294  -70.611  -62.395 0.6999999881
24805  -8.342  -70.315  -62.981 0.5000000000
24806  -8.900  -70.394  -63.246 0.5000000000
24807  -9.720  -70.451  -63.164 0.6000000238
24820  -11.001  -70.235  -63.867 0.6000000238
24821  -11.850  -70.129  -63.926 0.6000000238
24828  -13.411  -70.596  -65.750 0.6000000238
24829  -13.919  -71.332  -65.281 0.6000000238
24836  -14.270  -71.301  -66.156 0.5000000000
25741  -10.892  -69.673  -53.145 0.4000000060
25742  -11.568  -69.430  -53.472 0.4000000060
25778  -11.151  -70.085  -55.468 0.4000000060
25779  -13.244  -69.486  -55.651 0.5000000000
25780  -4.927  -69.338  -56.993 0.6999999881
25781  -5.862  -69.111  -56.743 0.6000000238
25788  -5.004  -69.047  -57.424 0.6999999881
25792  -5.884  -69.477  -58.425 0.6000000238
25818  -8.056  -69.422  -62.305 0.6000000238
25819  -13.451  -69.762  -62.065 0.6000000238
25820  -14.135  -70.006  -62.140 0.6000000238
25837  -9.691  -69.910  -63.958 0.6000000238
25841  -13.542  -70.205  -63.816 0.6000000238
25850  -11.539  -69.429  -64.508 0.6000000238
25851  -12.060  -69.763  -64.770 0.5000000000
25867  -13.806  -70.526  -66.453 0.5000000000
25881  -13.687  -69.241  -66.353 0.5000000000
26777  -13.843  -68.853  -54.848 0.4000000060
26778  -14.315  -68.816  -55.501 0.4000000060
26793  -14.648  -68.561  -56.121 0.5000000000
26799  -8.111  -68.147  -56.332 0.5000000000
26804  -15.012  -68.118  -56.759 0.4000000060
26806  -5.640  -69.115  -57.758 0.6999999881
26813  -7.647  -68.436  -58.746 0.5000000000
26816  -7.881  -68.664  -59.570 0.6000000238
26823  -8.031  -68.960  -60.498 0.6000000238
26836  -7.990  -69.169  -61.558 0.6000000238
26837  -8.373  -68.726  -61.921 0.6000000238
26839  -9.833  -68.346  -62.970 0.5000000000
26849  -8.502  -69.286  -62.732 0.6000000238
26851  -10.536  -68.425  -63.562 0.6000000238
26863  -10.915  -69.131  -64.198 0.6000000238
26904  -14.154  -68.887  -66.751 0.5000000000
27887  -12.331  -67.188  -54.268 0.3000000119
27888  -13.209  -67.292  -54.361 0.4000000060
27904  -8.602  -67.677  -56.798 0.5000000000
27913  -8.579  -67.139  -57.821 0.4000000060
27915  -10.171  -67.460  -57.343 0.6000000238
27916  -11.164  -67.379  -57.455 0.5000000000
27917  -12.899  -67.332  -57.373 0.4000000060
27920  -15.528  -67.578  -57.173 0.4000000060
27921  -16.137  -67.228  -57.166 0.4000000060
27925  -8.650  -67.060  -58.529 0.4000000060
27933  -8.607  -67.152  -59.261 0.4000000060
27940  -8.370  -68.227  -60.044 0.5000000000
27941  -8.688  -67.480  -59.984 0.5000000000
27983  -11.942  -67.878  -64.101 0.6000000238
28001  -12.465  -68.106  -64.683 0.6000000238
28018  -14.382  -67.982  -66.046 0.5000000000
28944  -13.602  -66.677  -54.699 0.4000000060
28945  -14.309  -66.845  -54.963 0.4000000060
28960  -16.587  -66.353  -56.523 0.4000000060
28968  -13.258  -66.643  -57.586 0.4000000060
28969  -14.123  -66.876  -57.730 0.4000000060
28970  -16.735  -66.749  -57.035 0.4000000060
28971  -17.229  -66.360  -57.513 0.4000000060
28980  -10.203  -65.982  -58.358 0.5000000000
28984  -15.442  -66.553  -58.210 0.4000000060
28994  -8.970  -66.610  -59.291 0.4000000060
28995  -9.020  -66.070  -59.796 0.4000000060
29012  -13.583  -66.024  -61.181 0.4000000060
29024  -10.621  -66.758  -61.219 0.5000000000
29027  -13.376  -66.309  -61.417 0.4000000060
29030  -15.775  -65.994  -61.633 0.4000000060
29037  -13.833  -66.637  -61.909 0.4000000060
29038  -14.730  -66.577  -61.903 0.4000000060
30068  -16.238  -65.715  -56.198 0.4000000060
30072  -17.010  -65.727  -56.584 0.3000000119
30095  -9.596  -65.524  -59.146 0.4000000060
30100  -14.958  -65.711  -58.296 0.3000000119
30113  -9.267  -65.547  -59.842 0.4000000060
30127  -9.525  -65.429  -60.279 0.4000000060
30129  -10.773  -64.840  -60.743 0.5000000000
30130  -12.280  -65.437  -61.194 0.4000000060
30144  -14.151  -65.647  -61.357 0.4000000060
30154  -16.855  -65.402  -62.232 0.4000000060
30156  -18.125  -65.000  -62.951 0.4000000060
30171  -18.328  -65.171  -63.775 0.4000000060
30182  -18.439  -65.248  -64.774 0.4000000060
31120  -10.801  -63.854  -55.905 0.3000000119
31158  -12.235  -63.771  -58.198 0.5000000000
31166  -10.618  -63.757  -59.836 0.4000000060
31177  -10.320  -64.340  -60.139 0.5000000000
31193  -13.242  -64.699  -61.583 0.4000000060
32156  -11.413  -63.050  -58.848 0.5000000000
32202  -13.808  -62.926  -62.030 0.3000000119
115314  -9.795  -74.771  -62.202 0.6000000238
115575  -4.967  -72.039  -56.206 0.6999999881
116366  -12.556  -74.944  -59.297 0.6000000238
116721  -18.054  -72.759  -68.174 0.6000000238
116789  -13.211  -76.181  -73.947 0.5000000000
116855  -13.421  -63.681  -61.949 0.4000000060
117646  -17.087  -73.791  -73.115 0.6000000238
117751  -16.196  -86.491  -69.713 0.6999999881
118289  -14.410  -80.903  -75.853 0.5000000000
118371  -11.975  -69.896  -55.659 0.4000000060
118790  -14.044  -79.285  -68.815 0.5000000000
118977  -14.726  -81.060  -74.485 0.6000000238
119069  -21.274  -89.130  -71.005 0.5000000000
119119  -5.590  -72.297  -57.882 0.6000000238
119139  -12.059  -74.256  -61.557 0.6999999881
119250  -17.189  -86.571  -68.724 0.6999999881
119348  -14.705  -75.460  -74.220 0.6000000238
120309  -14.201  -83.929  -76.447 0.5000000000
120410  -23.716  -89.507  -77.399 0.5000000000
120600  -17.155  -74.664  -65.721 0.6000000238
120776  -17.472  -77.180  -64.873 0.4000000060
120934  -26.189  -89.235  -75.779 0.4000000060
121627  -24.858  -88.267  -69.803 0.3000000119
121678  -10.670  -72.672  -63.696 0.5000000000
121746  -19.836  -87.906  -79.387 0.6000000238
121855  -22.116  -86.809  -79.254 0.5000000000
122099  -20.529  -83.970  -78.436 0.5000000000
122188  -17.233  -84.041  -67.972 0.6000000238
122283  -22.020  -85.689  -79.385 0.5000000000
122416  -15.104  -66.664  -62.603 0.4000000060
122750  -6.583  -72.835  -60.153 0.8000000119
122766  -20.932  -86.861  -68.471 0.5000000000
122777  -13.228  -82.501  -71.240 0.6000000238
122979  -20.347  -91.426  -77.159 0.5000000000
123076  -29.755  -85.275  -71.487 0.3000000119
123138  -12.299  -69.385  -56.219 0.4000000060
123227  -15.375  -83.465  -67.381 0.6000000238
123435  -11.941  -72.105  -58.834 0.6999999881
123779  -12.488  -69.878  -55.162 0.4000000060
124001  -6.745  -70.320  -60.803 0.8000000119
124310  -7.329  -74.013  -59.590 0.6999999881
124569  -13.974  -79.016  -76.138 0.5000000000
124855  -18.701  -86.872  -78.084 0.5000000000
125050  -13.475  -77.626  -60.624 0.6000000238
125136  -17.236  -84.028  -69.714 0.5000000000
125193  -16.046  -77.047  -72.053 0.5000000000
125819  -16.389  -75.154  -65.566 0.6999999881
125911  -13.888  -75.167  -59.812 0.6999999881
125914  -33.192  -86.513  -73.460 0.3000000119
126063  -17.783  -89.153  -75.237 0.5000000000
126076  -17.338  -88.697  -66.656 0.6999999881
126389  -13.852  -89.306  -66.392 0.6999999881
126887  -13.624  -80.231  -70.889 0.5000000000
126908  -11.332  -73.006  -65.972 0.6000000238
128090  -5.110  -69.004  -57.003 0.6999999881
128140  -20.145  -85.811  -79.324 0.6000000238
128180  -13.959  -73.973  -63.633 0.6999999881
128399  -21.441  -85.861  -68.933 0.5000000000
128837  -13.128  -82.097  -69.747 0.5000000000
128911  -18.616  -62.827  -63.532 0.3000000119
128957  -21.445  -87.680  -75.734 0.6000000238
129000  -35.469  -86.898  -72.897 0.3000000119
129359  -19.577  -83.223  -65.945 0.5000000000
129699  -18.108  -83.102  -65.083 0.5000000000
129775  -14.963  -75.849  -74.896 0.6000000238
129874  -12.111  -66.934  -61.856 0.5000000000
129906  -14.259  -68.189  -54.939 0.4000000060
129954  -8.754  -73.002  -60.597 0.6999999881
129956  -26.908  -84.255  -73.874 0.5000000000
130573  -17.514  -86.151  -72.901 0.6999999881
131711  -13.712  -75.424  -60.679 0.6999999881
131957  -25.073  -86.974  -77.775 0.5000000000
132104  -13.623  -76.879  -60.832 0.6000000238
132175  -22.402  -87.791  -74.345 0.5000000000
132709  -18.936  -84.361  -68.457 0.5000000000
132780  -10.515  -69.252  -52.887 0.4000000060
132915  -13.980  -76.249  -59.812 0.6000000238
133668  -14.859  -76.974  -69.787 0.6000000238
133727  -6.102  -72.201  -60.045 0.8000000119
133740  -14.719  -81.555  -66.585 0.6000000238
133819  -13.781  -74.672  -63.756 0.6999999881
133831  -12.854  -69.835  -65.725 0.5000000000
134091  -23.659  -87.484  -78.415 0.6000000238
134198  -16.326  -66.267  -63.208 0.4000000060
134216  -14.274  -83.197  -73.966 0.6999999881
134511  -12.929  -68.238  -65.172 0.5000000000
134741  -14.023  -80.464  -76.236 0.5000000000
134840  -21.592  -87.591  -69.146 0.5000000000
135436  -13.469  -90.197  -72.594 0.5000000000
135499  -17.073  -74.458  -66.475 0.6999999881
135571  -10.170  -72.660  -63.758 0.6000000238
135906  -20.506  -87.714  -76.463 0.5000000000
136627  -17.022  -87.820  -66.045 0.6999999881
136728  -20.555  -91.760  -76.618 0.5000000000
136899  -27.468  -84.096  -71.351 0.3000000119
137449  -15.882  -83.040  -65.828 0.6000000238
137528  -20.978  -88.479  -75.208 0.6000000238
137666  -25.982  -88.794  -76.191 0.5000000000
138184  -9.827  -73.148  -67.682 0.5000000000
138519  -16.816  -89.117  -66.850 0.6999999881
