#!ascii label  , from subject sub-v1s1x0050644_ses-1 vox2ras=TkReg
635
16730  -46.729  -79.498  -64.628 0.0000000000
25924  -50.145  -69.938  -68.254 0.0000000000
20728  -42.323  -74.919  -63.613 0.0000000000
19848  -45.706  -75.902  -69.170 0.0000000000
26890  -44.915  -69.178  -64.891 0.0000000000
17713  -51.797  -76.460  -61.389 0.0000000000
19697  -41.541  -75.363  -57.924 0.0000000000
24746  -41.641  -69.671  -54.796 0.0000000000
23781  -40.217  -71.906  -62.376 0.0000000000
22751  -43.084  -72.228  -64.788 0.0000000000
26874  -42.287  -68.487  -63.559 0.0000000000
18747  -46.552  -76.657  -59.644 0.0000000000
18707  -45.888  -76.161  -56.702 0.0000000000
120397  -40.048  -66.736  -53.409 0.0000000000
120654  -37.476  -70.048  -54.269 0.0000000000
15659  -44.475  -80.254  -66.762 0.0000000000
21793  -48.530  -73.704  -68.356 0.0000000000
18948  -46.247  -76.284  -72.223 0.0000000000
22869  -46.795  -72.362  -71.923 0.0000000000
18832  -46.198  -76.790  -64.474 0.0000000000
16793  -46.518  -80.352  -68.081 0.0000000000
22775  -45.524  -72.447  -66.362 0.0000000000
25894  -48.032  -69.983  -66.605 0.0000000000
19766  -47.161  -75.650  -62.160 0.0000000000
122419  -42.844  -74.374  -60.828 0.0000000000
23748  -38.713  -71.991  -59.904 0.0000000000
21633  -44.924  -72.630  -55.552 0.0000000000
21629  -40.289  -73.745  -55.381 0.0000000000
23727  -37.815  -71.908  -57.759 0.0000000000
27937  -37.328  -67.698  -59.404 0.0000000000
15723  -45.168  -79.898  -71.177 0.0000000000
31295  -50.565  -62.520  -69.338 0.0000000000
29141  -51.187  -66.785  -69.658 0.0000000000
26967  -46.353  -69.011  -69.506 0.0000000000
24815  -39.658  -70.230  -62.177 0.0000000000
24817  -40.994  -70.318  -63.101 0.0000000000
129895  -45.359  -79.836  -65.304 0.0000000000
23831  -49.575  -71.516  -67.785 0.0000000000
21825  -48.558  -73.328  -69.838 0.0000000000
23851  -48.544  -71.854  -70.137 0.0000000000
22855  -46.909  -71.696  -71.507 0.0000000000
24891  -48.252  -70.427  -70.472 0.0000000000
18811  -44.583  -76.258  -63.935 0.0000000000
19797  -42.749  -75.228  -65.176 0.0000000000
24834  -44.056  -70.367  -64.378 0.0000000000
22763  -44.415  -72.327  -65.662 0.0000000000
23802  -45.804  -71.002  -65.396 0.0000000000
23804  -47.344  -71.176  -66.151 0.0000000000
26903  -46.387  -69.290  -65.925 0.0000000000
113881  -49.541  -76.613  -63.649 0.0000000000
18774  -49.365  -75.573  -61.811 0.0000000000
18734  -44.484  -76.600  -58.514 0.0000000000
19712  -44.541  -75.416  -59.960 0.0000000000
133656  -42.302  -74.583  -59.627 0.0000000000
136792  -40.519  -73.540  -60.535 0.0000000000
114942  -39.925  -73.659  -58.925 0.0000000000
22664  -43.147  -71.352  -55.568 0.0000000000
21631  -42.527  -73.280  -55.653 0.0000000000
22655  -40.666  -71.831  -54.985 0.0000000000
26805  -36.626  -68.575  -56.030 0.0000000000
23724  -37.202  -71.452  -56.063 0.0000000000
24760  -36.629  -69.926  -56.890 0.0000000000
24766  -37.217  -70.308  -58.416 0.0000000000
17825  -44.756  -77.645  -68.396 0.0000000000
117062  -45.839  -80.485  -69.369 0.0000000000
134066  -45.997  -78.224  -70.513 0.0000000000
18970  -44.802  -76.908  -73.601 0.0000000000
33371  -50.422  -60.558  -70.009 0.0000000000
31290  -51.933  -63.991  -68.918 0.0000000000
29148  -47.969  -66.298  -70.981 0.0000000000
20714  -41.400  -73.967  -62.637 0.0000000000
21724  -42.090  -73.691  -64.786 0.0000000000
22735  -41.389  -72.068  -63.590 0.0000000000
24827  -42.634  -70.139  -63.767 0.0000000000
26888  -43.517  -68.636  -64.209 0.0000000000
18760  -50.582  -75.444  -60.611 0.0000000000
17683  -46.471  -77.165  -58.112 0.0000000000
18720  -43.482  -76.280  -57.220 0.0000000000
25769  -40.613  -68.729  -54.359 0.0000000000
24744  -39.457  -70.457  -54.493 0.0000000000
26772  -38.169  -68.654  -53.786 0.0000000000
27898  -37.127  -67.685  -54.665 0.0000000000
30069  -37.526  -65.624  -55.455 0.0000000000
20795  -47.005  -74.749  -68.893 0.0000000000
18900  -46.787  -76.643  -70.139 0.0000000000
19882  -47.671  -75.016  -70.329 0.0000000000
20848  -46.883  -74.326  -72.177 0.0000000000
21845  -45.214  -73.720  -73.678 0.0000000000
21837  -45.280  -73.325  -72.639 0.0000000000
21807  -44.760  -72.750  -70.666 0.0000000000
117879  -44.406  -72.330  -69.777 0.0000000000
17786  -48.316  -78.475  -65.892 0.0000000000
15662  -47.618  -80.138  -66.423 0.0000000000
17815  -44.653  -77.611  -67.446 0.0000000000
19838  -44.473  -75.680  -68.005 0.0000000000
21732  -42.769  -73.774  -65.461 0.0000000000
20762  -44.192  -74.187  -66.919 0.0000000000
20780  -45.514  -74.237  -67.891 0.0000000000
22776  -47.442  -72.271  -66.760 0.0000000000
23814  -49.113  -71.471  -66.862 0.0000000000
26934  -49.624  -69.500  -67.722 0.0000000000
17769  -49.094  -77.947  -65.080 0.0000000000
18814  -47.285  -76.251  -63.595 0.0000000000
127963  -44.604  -75.481  -62.365 0.0000000000
18772  -47.381  -75.954  -61.272 0.0000000000
19745  -44.890  -75.134  -61.263 0.0000000000
20716  -43.026  -74.695  -61.981 0.0000000000
21688  -41.152  -73.755  -61.859 0.0000000000
22713  -39.526  -72.328  -61.270 0.0000000000
24804  -39.011  -70.144  -61.539 0.0000000000
20652  -45.379  -74.325  -56.245 0.0000000000
19661  -43.058  -75.167  -55.909 0.0000000000
19687  -40.954  -75.355  -56.422 0.0000000000
22653  -39.068  -72.371  -54.932 0.0000000000
21627  -38.835  -73.427  -56.080 0.0000000000
117866  -38.901  -73.576  -57.761 0.0000000000
22692  -38.609  -72.288  -59.051 0.0000000000
25805  -37.857  -69.844  -60.167 0.0000000000
14633  -46.190  -81.211  -67.669 0.0000000000
14657  -44.280  -81.067  -69.379 0.0000000000
17893  -45.409  -78.327  -72.086 0.0000000000
16850  -44.243  -79.269  -72.110 0.0000000000
28048  -46.349  -68.042  -66.981 0.0000000000
28065  -47.920  -67.745  -67.765 0.0000000000
26952  -50.114  -68.453  -68.274 0.0000000000
29130  -51.171  -66.499  -68.552 0.0000000000
26970  -50.970  -68.305  -69.118 0.0000000000
25946  -49.029  -68.966  -70.615 0.0000000000
25935  -47.026  -69.555  -70.132 0.0000000000
25825  -39.320  -69.340  -62.032 0.0000000000
25835  -40.035  -69.524  -62.593 0.0000000000
125625  -45.561  -79.291  -64.520 0.0000000000
15630  -46.631  -80.239  -65.429 0.0000000000
24869  -49.648  -70.691  -67.705 0.0000000000
23852  -48.979  -71.998  -69.249 0.0000000000
129560  -48.941  -71.332  -69.521 0.0000000000
24900  -48.318  -71.039  -70.426 0.0000000000
25938  -49.785  -69.964  -69.294 0.0000000000
19781  -43.746  -75.910  -63.830 0.0000000000
19798  -43.401  -75.915  -64.817 0.0000000000
19780  -42.867  -75.447  -64.234 0.0000000000
25864  -44.608  -69.677  -64.565 0.0000000000
24835  -44.935  -70.332  -64.733 0.0000000000
25865  -45.322  -69.710  -64.939 0.0000000000
25879  -46.070  -69.795  -65.372 0.0000000000
26902  -45.514  -69.009  -65.408 0.0000000000
16659  -50.808  -77.910  -61.125 0.0000000000
128175  -51.480  -76.598  -61.968 0.0000000000
19769  -50.848  -75.979  -62.446 0.0000000000
19750  -51.278  -75.642  -61.809 0.0000000000
19698  -42.430  -75.698  -58.204 0.0000000000
19699  -43.218  -75.848  -58.831 0.0000000000
20671  -41.972  -74.896  -58.843 0.0000000000
20685  -40.736  -73.961  -59.097 0.0000000000
20670  -41.121  -74.652  -58.547 0.0000000000
25771  -42.543  -68.920  -54.202 0.0000000000
25754  -43.133  -69.237  -54.171 0.0000000000
24747  -42.661  -69.586  -54.723 0.0000000000
23720  -43.055  -70.711  -55.358 0.0000000000
23719  -42.386  -71.086  -55.421 0.0000000000
115257  -42.400  -72.183  -55.534 0.0000000000
23713  -41.128  -70.811  -55.005 0.0000000000
27909  -36.772  -67.863  -56.389 0.0000000000
25787  -36.596  -69.233  -56.329 0.0000000000
25793  -36.816  -68.702  -57.945 0.0000000000
27922  -37.104  -67.527  -57.205 0.0000000000
17838  -45.222  -77.518  -69.309 0.0000000000
17839  -45.718  -78.409  -69.836 0.0000000000
18899  -46.078  -77.378  -70.002 0.0000000000
31296  -51.551  -63.474  -69.660 0.0000000000
128018  -49.198  -66.324  -70.961 0.0000000000
30255  -48.548  -65.580  -71.293 0.0000000000
22724  -40.763  -72.156  -63.009 0.0000000000
135167  -41.078  -72.729  -63.333 0.0000000000
25847  -41.655  -69.038  -63.347 0.0000000000
24825  -41.703  -69.959  -63.408 0.0000000000
25848  -42.408  -69.295  -63.609 0.0000000000
25849  -43.158  -69.394  -63.887 0.0000000000
26875  -42.883  -68.756  -63.794 0.0000000000
116680  -45.007  -76.797  -57.889 0.0000000000
118313  -45.355  -76.578  -57.242 0.0000000000
25752  -41.390  -67.923  -53.946 0.0000000000
25751  -40.025  -68.275  -54.127 0.0000000000
25750  -38.682  -69.023  -53.929 0.0000000000
26773  -39.271  -67.854  -53.798 0.0000000000
28959  -37.266  -66.351  -55.079 0.0000000000
15678  -43.182  -79.418  -67.327 0.0000000000
135255  -48.109  -74.109  -68.544 0.0000000000
20813  -47.354  -75.171  -69.403 0.0000000000
20796  -48.315  -74.311  -68.862 0.0000000000
21840  -47.309  -72.940  -71.644 0.0000000000
20849  -47.479  -74.003  -71.300 0.0000000000
21839  -46.683  -73.183  -72.348 0.0000000000
21846  -45.986  -73.182  -73.188 0.0000000000
23858  -46.993  -71.152  -70.963 0.0000000000
23857  -46.391  -71.634  -70.918 0.0000000000
22842  -45.483  -72.153  -70.587 0.0000000000
130845  -45.770  -71.520  -70.213 0.0000000000
17767  -47.304  -77.544  -65.314 0.0000000000
119699  -47.380  -78.353  -66.039 0.0000000000
18873  -44.323  -76.611  -67.811 0.0000000000
19837  -43.943  -75.730  -67.277 0.0000000000
22750  -42.097  -72.734  -64.459 0.0000000000
20739  -42.296  -74.476  -65.024 0.0000000000
22761  -42.631  -73.044  -65.032 0.0000000000
21734  -44.043  -73.060  -66.048 0.0000000000
115432  -45.144  -73.015  -66.643 0.0000000000
21768  -45.121  -73.638  -67.172 0.0000000000
21747  -45.851  -72.946  -66.939 0.0000000000
21769  -46.179  -73.553  -67.570 0.0000000000
24857  -47.692  -70.641  -66.287 0.0000000000
23813  -48.208  -71.301  -66.529 0.0000000000
25895  -48.695  -70.737  -66.742 0.0000000000
25909  -49.158  -70.185  -67.211 0.0000000000
25908  -48.632  -69.547  -67.247 0.0000000000
114182  -48.836  -76.028  -63.220 0.0000000000
113934  -48.140  -76.148  -63.463 0.0000000000
18795  -47.178  -75.819  -62.731 0.0000000000
18793  -45.397  -75.951  -62.870 0.0000000000
18794  -46.309  -75.913  -62.746 0.0000000000
18748  -48.362  -76.294  -60.147 0.0000000000
18758  -48.073  -76.053  -60.883 0.0000000000
18757  -47.215  -76.332  -60.439 0.0000000000
19724  -44.325  -74.897  -60.551 0.0000000000
19725  -44.964  -75.293  -60.695 0.0000000000
19744  -44.258  -74.739  -61.177 0.0000000000
119415  -44.604  -75.112  -61.680 0.0000000000
20708  -43.425  -74.568  -61.342 0.0000000000
20706  -41.806  -74.214  -61.928 0.0000000000
20697  -41.910  -74.101  -61.112 0.0000000000
22694  -39.743  -73.128  -60.150 0.0000000000
21681  -39.789  -73.019  -61.009 0.0000000000
22705  -39.233  -72.398  -60.542 0.0000000000
125061  -39.147  -71.705  -61.187 0.0000000000
23764  -38.780  -71.681  -60.585 0.0000000000
21641  -45.202  -73.385  -55.892 0.0000000000
21630  -41.391  -73.324  -55.351 0.0000000000
20639  -42.764  -74.344  -55.762 0.0000000000
20638  -41.767  -74.398  -55.600 0.0000000000
137251  -42.147  -75.548  -56.182 0.0000000000
20649  -40.440  -74.987  -56.225 0.0000000000
23694  -38.570  -70.624  -54.350 0.0000000000
23712  -38.995  -71.434  -54.600 0.0000000000
23711  -38.034  -71.309  -54.567 0.0000000000
23726  -37.339  -71.539  -57.032 0.0000000000
22671  -38.096  -72.829  -56.121 0.0000000000
22674  -37.872  -72.426  -57.002 0.0000000000
21648  -39.046  -73.935  -56.912 0.0000000000
21656  -38.393  -72.609  -58.000 0.0000000000
23732  -38.026  -71.755  -58.552 0.0000000000
137770  -37.276  -68.547  -59.268 0.0000000000
24778  -37.533  -70.051  -59.274 0.0000000000
25804  -37.473  -69.187  -59.604 0.0000000000
137618  -37.740  -69.027  -60.219 0.0000000000
16770  -46.978  -80.046  -67.313 0.0000000000
15661  -46.927  -80.805  -66.952 0.0000000000
15681  -46.700  -80.877  -67.841 0.0000000000
15713  -45.624  -79.901  -70.352 0.0000000000
14679  -45.304  -80.986  -69.796 0.0000000000
14693  -44.760  -80.722  -70.382 0.0000000000
15712  -43.908  -80.649  -69.974 0.0000000000
15729  -44.200  -79.929  -71.383 0.0000000000
18921  -46.697  -76.594  -70.993 0.0000000000
18920  -46.343  -77.417  -70.669 0.0000000000
18947  -46.133  -77.368  -71.643 0.0000000000
127151  -43.985  -77.254  -73.878 0.0000000000
17891  -44.104  -78.273  -72.932 0.0000000000
28047  -45.534  -67.705  -66.644 0.0000000000
29102  -45.199  -66.941  -67.065 0.0000000000
28079  -48.589  -67.024  -68.275 0.0000000000
28066  -49.057  -67.897  -68.105 0.0000000000
28080  -50.132  -67.347  -68.426 0.0000000000
30246  -51.838  -65.147  -68.843 0.0000000000
30245  -51.763  -64.594  -68.708 0.0000000000
30237  -51.766  -66.180  -68.920 0.0000000000
26954  -51.255  -67.498  -68.911 0.0000000000
28092  -51.166  -67.618  -69.311 0.0000000000
25947  -50.198  -68.767  -69.888 0.0000000000
26984  -49.651  -68.296  -70.531 0.0000000000
28091  -47.374  -68.048  -70.273 0.0000000000
26969  -48.121  -68.612  -70.708 0.0000000000
25934  -46.251  -69.733  -69.539 0.0000000000
23780  -39.924  -71.057  -62.364 0.0000000000
23782  -40.666  -71.104  -62.950 0.0000000000
24816  -40.336  -70.304  -62.744 0.0000000000
25836  -40.886  -69.531  -63.030 0.0000000000
25846  -41.044  -68.721  -63.114 0.0000000000
27876  -39.081  -66.383  -53.479 0.0000000000
30037  -38.914  -65.027  -53.369 0.0000000000
129893  -44.969  -80.136  -66.040 0.0000000000
22802  -49.287  -72.595  -67.531 0.0000000000
21809  -48.729  -73.688  -68.945 0.0000000000
22844  -49.211  -72.405  -68.636 0.0000000000
22857  -48.247  -72.486  -70.511 0.0000000000
22856  -47.484  -72.281  -71.365 0.0000000000
23859  -47.651  -71.527  -70.928 0.0000000000
24899  -47.636  -70.789  -70.724 0.0000000000
18831  -45.150  -76.656  -64.494 0.0000000000
18830  -44.212  -76.382  -64.573 0.0000000000
18846  -43.898  -76.442  -65.368 0.0000000000
19815  -43.349  -75.822  -65.709 0.0000000000
23793  -43.593  -71.297  -64.564 0.0000000000
23800  -44.036  -71.857  -65.082 0.0000000000
23794  -44.517  -71.040  -64.796 0.0000000000
23801  -45.005  -71.525  -65.390 0.0000000000
23811  -45.906  -71.706  -65.934 0.0000000000
23812  -46.892  -71.684  -66.274 0.0000000000
23803  -46.590  -71.124  -65.733 0.0000000000
25880  -46.948  -70.061  -65.929 0.0000000000
25893  -47.111  -69.501  -66.437 0.0000000000
114734  -49.641  -76.003  -62.927 0.0000000000
19749  -48.718  -75.634  -62.336 0.0000000000
18746  -45.655  -76.380  -59.709 0.0000000000
18745  -44.806  -76.258  -59.445 0.0000000000
19711  -43.660  -75.129  -59.812 0.0000000000
20688  -42.957  -74.560  -60.070 0.0000000000
21672  -41.407  -73.930  -60.400 0.0000000000
20686  -41.561  -74.256  -59.519 0.0000000000
21671  -40.288  -73.526  -59.657 0.0000000000
114415  -39.656  -73.238  -59.435 0.0000000000
22665  -43.885  -71.601  -55.427 0.0000000000
128176  -44.124  -72.412  -55.689 0.0000000000
20641  -44.354  -73.264  -55.971 0.0000000000
21619  -40.556  -72.847  -55.133 0.0000000000
24743  -36.870  -70.186  -54.920 0.0000000000
123822  -37.373  -70.852  -54.714 0.0000000000
24756  -36.656  -70.073  -55.874 0.0000000000
24761  -36.847  -70.797  -56.490 0.0000000000
24763  -36.951  -70.610  -57.496 0.0000000000
23731  -37.474  -71.206  -58.062 0.0000000000
25790  -36.774  -69.651  -57.815 0.0000000000
25794  -37.112  -69.233  -58.729 0.0000000000
26822  -37.101  -68.233  -58.646 0.0000000000
16792  -45.523  -78.989  -67.990 0.0000000000
16812  -46.073  -79.785  -68.786 0.0000000000
16811  -45.381  -78.649  -68.970 0.0000000000
16829  -45.838  -79.430  -69.626 0.0000000000
16840  -45.604  -79.031  -71.163 0.0000000000
18971  -45.531  -77.203  -72.693 0.0000000000
33383  -50.424  -61.089  -70.316 0.0000000000
32306  -50.929  -62.035  -69.718 0.0000000000
32297  -51.385  -62.778  -69.078 0.0000000000
32298  -51.683  -63.239  -69.039 0.0000000000
30257  -51.387  -64.828  -69.812 0.0000000000
29149  -50.651  -66.198  -70.443 0.0000000000
135955  -50.416  -66.905  -70.335 0.0000000000
122971  -48.625  -67.094  -70.873 0.0000000000
28103  -47.363  -67.025  -70.389 0.0000000000
20727  -41.631  -74.191  -63.474 0.0000000000
20738  -41.895  -74.357  -64.303 0.0000000000
21723  -41.574  -73.581  -64.111 0.0000000000
22749  -41.465  -72.788  -63.851 0.0000000000
22736  -41.895  -72.112  -64.002 0.0000000000
23786  -41.320  -71.336  -63.421 0.0000000000
23787  -41.953  -71.436  -63.804 0.0000000000
23792  -42.604  -71.618  -64.259 0.0000000000
24833  -43.136  -70.702  -64.170 0.0000000000
25863  -43.875  -69.517  -64.232 0.0000000000
26889  -44.305  -68.955  -64.596 0.0000000000
19728  -51.312  -75.390  -61.079 0.0000000000
17694  -47.562  -76.797  -59.340 0.0000000000
122310  -47.269  -77.153  -58.303 0.0000000000
17693  -46.731  -77.091  -58.919 0.0000000000
18735  -45.234  -76.790  -58.765 0.0000000000
18733  -43.717  -76.410  -58.186 0.0000000000
18719  -42.702  -76.060  -57.238 0.0000000000
25770  -41.625  -68.672  -54.300 0.0000000000
24745  -40.471  -69.598  -54.601 0.0000000000
117146  -40.241  -70.748  -54.762 0.0000000000
24723  -39.352  -69.572  -54.250 0.0000000000
24722  -38.234  -69.963  -54.059 0.0000000000
25749  -37.966  -69.454  -53.918 0.0000000000
120910  -38.539  -67.549  -53.708 0.0000000000
26789  -37.569  -68.286  -54.010 0.0000000000
26788  -37.151  -68.956  -54.484 0.0000000000
27897  -37.012  -68.449  -54.711 0.0000000000
27902  -36.961  -67.162  -55.546 0.0000000000
28962  -37.338  -66.371  -56.042 0.0000000000
19849  -46.705  -75.528  -69.335 0.0000000000
19863  -46.508  -76.382  -69.732 0.0000000000
19864  -47.147  -75.901  -69.753 0.0000000000
19881  -47.257  -75.854  -70.376 0.0000000000
19899  -46.835  -75.514  -71.648 0.0000000000
20869  -45.718  -73.924  -73.671 0.0000000000
22868  -46.286  -72.199  -71.504 0.0000000000
21823  -45.496  -72.734  -71.521 0.0000000000
21822  -43.722  -73.590  -71.138 0.0000000000
21806  -43.861  -73.113  -70.322 0.0000000000
22841  -43.517  -72.642  -69.491 0.0000000000
15632  -48.119  -79.761  -65.613 0.0000000000
15631  -47.576  -80.131  -65.556 0.0000000000
16749  -48.089  -79.395  -66.232 0.0000000000
16748  -47.417  -79.272  -66.561 0.0000000000
17803  -45.991  -78.454  -66.598 0.0000000000
16769  -45.485  -78.477  -67.151 0.0000000000
19847  -45.085  -75.545  -68.574 0.0000000000
124958  -42.771  -74.580  -65.596 0.0000000000
22762  -43.469  -72.810  -65.439 0.0000000000
21745  -43.811  -73.786  -66.367 0.0000000000
20778  -44.230  -74.950  -67.452 0.0000000000
20779  -44.883  -74.893  -68.099 0.0000000000
20794  -45.844  -74.938  -68.695 0.0000000000
124530  -46.556  -74.186  -68.242 0.0000000000
21770  -47.276  -73.581  -67.821 0.0000000000
22801  -48.073  -72.932  -67.349 0.0000000000
22777  -48.536  -72.103  -66.811 0.0000000000
129183  -48.928  -72.607  -67.266 0.0000000000
23830  -49.483  -71.489  -67.285 0.0000000000
25910  -49.894  -70.102  -67.698 0.0000000000
16715  -48.582  -78.873  -64.746 0.0000000000
16751  -48.832  -78.469  -65.618 0.0000000000
17768  -48.454  -77.725  -65.291 0.0000000000
114214  -49.418  -77.281  -64.160 0.0000000000
18834  -48.597  -76.935  -64.485 0.0000000000
18833  -47.353  -76.879  -64.490 0.0000000000
18812  -45.338  -76.316  -63.723 0.0000000000
19782  -44.549  -75.972  -63.199 0.0000000000
132642  -43.776  -75.514  -62.871 0.0000000000
18775  -50.363  -75.467  -61.442 0.0000000000
18773  -48.357  -75.686  -61.491 0.0000000000
19748  -47.668  -75.584  -61.892 0.0000000000
19726  -45.679  -75.858  -60.570 0.0000000000
19746  -45.729  -75.665  -61.360 0.0000000000
19765  -46.408  -75.683  -62.076 0.0000000000
19764  -45.410  -75.524  -62.001 0.0000000000
19763  -43.861  -74.926  -61.976 0.0000000000
19762  -42.974  -75.088  -62.697 0.0000000000
20715  -42.181  -74.544  -62.553 0.0000000000
137727  -40.700  -73.327  -62.086 0.0000000000
21698  -40.446  -72.791  -62.254 0.0000000000
137922  -41.085  -73.776  -61.091 0.0000000000
21687  -40.463  -73.339  -61.532 0.0000000000
23775  -39.668  -71.766  -61.800 0.0000000000
23774  -39.323  -70.980  -61.707 0.0000000000
20640  -43.671  -74.227  -56.037 0.0000000000
20650  -43.789  -75.076  -56.143 0.0000000000
18706  -44.896  -76.146  -56.734 0.0000000000
18704  -43.069  -75.955  -56.646 0.0000000000
19673  -42.205  -75.726  -56.629 0.0000000000
19688  -41.278  -75.564  -56.990 0.0000000000
137508  -40.446  -71.315  -54.872 0.0000000000
22654  -39.816  -72.594  -55.023 0.0000000000
121618  -39.846  -73.250  -55.260 0.0000000000
22660  -38.016  -72.327  -55.501 0.0000000000
22661  -38.582  -72.706  -55.443 0.0000000000
21628  -39.539  -73.713  -55.674 0.0000000000
136829  -39.382  -74.054  -56.283 0.0000000000
136949  -40.049  -74.810  -57.406 0.0000000000
20661  -40.697  -75.104  -57.651 0.0000000000
21657  -39.477  -73.836  -58.279 0.0000000000
21670  -39.141  -73.144  -58.754 0.0000000000
24767  -37.684  -70.961  -58.936 0.0000000000
23747  -38.211  -71.513  -59.401 0.0000000000
23763  -38.384  -71.257  -60.184 0.0000000000
24792  -38.220  -70.566  -60.415 0.0000000000
25816  -38.149  -69.218  -60.758 0.0000000000
15644  -46.458  -80.717  -66.205 0.0000000000
15660  -45.973  -81.093  -66.825 0.0000000000
15680  -45.135  -80.920  -67.284 0.0000000000
15700  -46.334  -80.778  -68.416 0.0000000000
14644  -45.591  -81.299  -68.368 0.0000000000
15679  -44.020  -80.333  -67.658 0.0000000000
15699  -43.701  -80.385  -68.856 0.0000000000
17879  -45.964  -78.096  -71.224 0.0000000000
16851  -44.932  -79.333  -71.890 0.0000000000
16863  -44.629  -78.717  -72.452 0.0000000000
27997  -40.785  -67.197  -62.976 0.0000000000
28000  -42.873  -68.014  -63.881 0.0000000000
28015  -43.364  -67.673  -64.422 0.0000000000
28016  -44.012  -68.175  -64.814 0.0000000000
26901  -44.697  -68.551  -65.164 0.0000000000
26917  -45.916  -68.497  -66.236 0.0000000000
26918  -46.748  -68.817  -66.663 0.0000000000
28063  -46.014  -67.260  -67.297 0.0000000000
26932  -47.295  -68.349  -67.303 0.0000000000
26919  -47.664  -69.180  -67.048 0.0000000000
26933  -48.610  -68.694  -67.627 0.0000000000
26935  -50.260  -69.295  -68.287 0.0000000000
30244  -51.010  -64.355  -68.595 0.0000000000
30235  -51.174  -65.455  -68.534 0.0000000000
29129  -49.961  -66.407  -68.543 0.0000000000
28081  -51.012  -67.443  -68.622 0.0000000000
26953  -50.754  -68.320  -68.742 0.0000000000
119357  -50.516  -69.139  -68.894 0.0000000000
137904  -49.766  -69.379  -69.886 0.0000000000
25937  -48.800  -69.845  -70.392 0.0000000000
24890  -47.680  -70.135  -70.554 0.0000000000
25936  -47.990  -69.341  -70.617 0.0000000000
24889  -46.667  -70.200  -70.050 0.0000000000
23849  -45.532  -71.130  -69.631 0.0000000000
14643  -44.565  -81.142  -68.560 0.0000000000
14645  -46.284  -81.176  -68.206 0.0000000000
14658  -45.003  -81.326  -69.206 0.0000000000
14659  -45.848  -81.152  -68.868 0.0000000000
14678  -44.511  -81.015  -69.931 0.0000000000
14694  -45.228  -80.466  -70.476 0.0000000000
15645  -47.389  -80.530  -66.176 0.0000000000
15646  -47.993  -80.026  -66.055 0.0000000000
15721  -44.260  -80.464  -70.602 0.0000000000
15722  -44.667  -80.258  -70.973 0.0000000000
15730  -44.603  -79.801  -71.553 0.0000000000
16716  -48.802  -78.703  -65.321 0.0000000000
16731  -47.870  -79.442  -64.869 0.0000000000
16732  -48.468  -79.343  -65.351 0.0000000000
16750  -48.435  -79.243  -65.798 0.0000000000
17671  -45.691  -77.005  -57.959 0.0000000000
17684  -48.212  -76.967  -58.403 0.0000000000
17692  -46.010  -77.028  -58.919 0.0000000000
17892  -44.707  -77.912  -73.024 0.0000000000
18705  -43.931  -76.136  -56.676 0.0000000000
18721  -44.395  -76.508  -57.383 0.0000000000
18732  -43.068  -76.197  -57.903 0.0000000000
18744  -43.987  -76.107  -59.249 0.0000000000
18756  -46.282  -76.250  -60.337 0.0000000000
18759  -49.198  -75.742  -60.893 0.0000000000
18762  -52.127  -75.799  -61.072 0.0000000000
18776  -51.241  -76.238  -62.211 0.0000000000
18777  -51.860  -75.936  -61.667 0.0000000000
18813  -46.279  -76.306  -63.612 0.0000000000
18886  -44.848  -76.479  -68.754 0.0000000000
18887  -45.574  -76.715  -69.460 0.0000000000
19659  -41.210  -75.160  -55.879 0.0000000000
19660  -42.153  -75.242  -55.840 0.0000000000
19672  -41.628  -75.498  -56.279 0.0000000000
19674  -43.443  -75.629  -56.318 0.0000000000
19675  -44.461  -75.433  -56.384 0.0000000000
19689  -42.018  -75.729  -57.364 0.0000000000
19710  -42.737  -75.131  -59.282 0.0000000000
19713  -45.161  -75.707  -60.075 0.0000000000
19727  -46.453  -76.036  -61.009 0.0000000000
19729  -51.917  -75.554  -61.051 0.0000000000
19747  -46.753  -75.790  -61.657 0.0000000000
19767  -47.911  -75.691  -62.617 0.0000000000
19768  -50.255  -75.689  -62.303 0.0000000000
19865  -47.503  -75.441  -69.774 0.0000000000
20636  -39.919  -74.402  -55.937 0.0000000000
20637  -40.757  -74.464  -55.643 0.0000000000
20648  -39.776  -74.598  -56.739 0.0000000000
20651  -44.507  -74.264  -56.176 0.0000000000
20659  -39.495  -74.258  -57.571 0.0000000000
20660  -40.454  -75.192  -56.885 0.0000000000
20669  -40.174  -74.378  -58.240 0.0000000000
20687  -42.198  -74.282  -60.283 0.0000000000
20698  -43.639  -74.590  -60.625 0.0000000000
20707  -42.569  -74.426  -61.577 0.0000000000
20814  -47.879  -74.814  -69.475 0.0000000000
21632  -43.489  -73.229  -55.898 0.0000000000
21647  -38.435  -73.212  -56.969 0.0000000000
21699  -40.867  -73.219  -62.678 0.0000000000
21712  -41.257  -73.434  -63.373 0.0000000000
21733  -43.445  -73.534  -65.895 0.0000000000
21746  -44.499  -73.386  -66.563 0.0000000000
21771  -48.134  -73.642  -68.062 0.0000000000
21772  -48.797  -73.173  -67.745 0.0000000000
21792  -47.558  -74.163  -68.442 0.0000000000
21824  -48.001  -73.355  -70.720 0.0000000000
22652  -38.330  -72.050  -54.934 0.0000000000
22656  -41.567  -71.184  -55.177 0.0000000000
22662  -39.264  -73.060  -55.370 0.0000000000
22663  -41.492  -72.069  -55.259 0.0000000000
22670  -37.632  -72.094  -56.132 0.0000000000
22693  -39.184  -72.704  -59.641 0.0000000000
22714  -39.966  -72.581  -61.733 0.0000000000
22778  -49.333  -72.115  -67.085 0.0000000000
22803  -49.533  -72.046  -67.416 0.0000000000
22826  -49.098  -73.058  -68.254 0.0000000000
22827  -49.486  -72.294  -67.945 0.0000000000
22843  -48.884  -72.725  -69.365 0.0000000000
23714  -42.056  -70.365  -55.143 0.0000000000
23718  -37.583  -71.653  -55.234 0.0000000000
23721  -43.659  -70.838  -55.124 0.0000000000
23795  -45.199  -70.838  -65.051 0.0000000000
23842  -49.321  -71.730  -68.597 0.0000000000
23848  -45.087  -71.674  -69.684 0.0000000000
23850  -46.329  -70.940  -70.255 0.0000000000
24757  -36.942  -70.917  -55.457 0.0000000000
24758  -43.255  -70.318  -54.994 0.0000000000
24779  -37.943  -70.721  -59.746 0.0000000000
24793  -38.649  -70.942  -61.004 0.0000000000
24803  -38.405  -70.015  -60.900 0.0000000000
24826  -41.922  -70.728  -63.619 0.0000000000
24832  -42.478  -70.914  -63.906 0.0000000000
24846  -45.637  -70.346  -65.118 0.0000000000
24847  -46.362  -70.496  -65.495 0.0000000000
24848  -46.992  -70.704  -65.838 0.0000000000
24868  -49.422  -70.797  -67.234 0.0000000000
24881  -49.532  -70.789  -68.635 0.0000000000
25768  -37.539  -69.210  -54.094 0.0000000000
26795  -36.757  -69.160  -55.264 0.0000000000
26834  -37.463  -68.431  -59.926 0.0000000000
26847  -38.386  -68.592  -61.225 0.0000000000
26859  -39.314  -68.451  -62.137 0.0000000000
26872  -40.738  -67.987  -62.991 0.0000000000
26968  -47.246  -68.839  -70.188 0.0000000000
26985  -50.512  -68.148  -69.863 0.0000000000
27901  -36.766  -68.127  -55.434 0.0000000000
28064  -46.878  -67.544  -67.524 0.0000000000
28105  -49.212  -67.772  -70.855 0.0000000000
28106  -50.281  -67.557  -70.284 0.0000000000
29131  -51.536  -66.664  -68.866 0.0000000000
29142  -51.569  -66.957  -69.002 0.0000000000
29150  -51.565  -65.840  -69.448 0.0000000000
30236  -51.691  -65.690  -68.752 0.0000000000
31289  -51.682  -63.608  -68.797 0.0000000000
113200  -49.022  -76.567  -63.947 0.0000000000
115657  -47.692  -71.698  -66.490 0.0000000000
115854  -47.791  -74.601  -68.912 0.0000000000
117207  -37.250  -66.948  -54.696 0.0000000000
117244  -43.287  -72.278  -55.712 0.0000000000
118543  -40.943  -73.813  -59.840 0.0000000000
119843  -43.470  -77.476  -73.464 0.0000000000
119982  -51.128  -77.387  -61.726 0.0000000000
120757  -50.323  -76.160  -62.774 0.0000000000
121169  -42.648  -75.562  -56.204 0.0000000000
122986  -44.547  -73.242  -71.358 0.0000000000
123924  -43.431  -70.026  -63.992 0.0000000000
124837  -48.979  -70.552  -69.895 0.0000000000
126364  -45.038  -74.092  -74.232 0.0000000000
127467  -42.318  -74.931  -64.508 0.0000000000
128201  -39.773  -68.863  -62.468 0.0000000000
128422  -39.812  -71.782  -54.839 0.0000000000
130416  -46.671  -68.366  -69.849 0.0000000000
130881  -45.534  -80.532  -70.000 0.0000000000
131202  -42.781  -70.256  -55.115 0.0000000000
131281  -41.324  -70.677  -63.327 0.0000000000
131429  -37.072  -69.566  -54.564 0.0000000000
134709  -36.650  -68.575  -56.652 0.0000000000
135241  -44.736  -74.372  -67.507 0.0000000000
135832  -43.093  -75.432  -63.427 0.0000000000
136362  -45.819  -79.012  -70.316 0.0000000000
136753  -44.631  -74.889  -60.918 0.0000000000
137679  -45.131  -81.237  -67.869 0.0000000000
137752  -49.484  -75.670  -62.366 0.0000000000
138127  -37.864  -70.625  -54.325 0.0000000000
138323  -43.691  -74.305  -66.526 0.0000000000
