#!ascii label  , from subject sub-v1s1x0050644_ses-1 vox2ras=TkReg
865
120369  -23.264  -27.604  -57.683 0.4285714328
67372  -23.750  -26.069  -58.055 0.2857142985
66533  -23.296  -26.769  -57.996 0.4285714328
67373  -24.496  -26.259  -57.690 0.4285714328
67395  -25.208  -25.169  -57.760 0.4285714328
68284  -23.855  -24.710  -58.603 0.2857142985
68286  -25.474  -24.384  -57.954 0.4285714328
69234  -24.044  -23.555  -59.274 0.4285714328
69213  -24.887  -23.684  -58.596 0.4285714328
70149  -24.460  -22.414  -59.836 0.4285714328
71059  -24.745  -21.865  -60.071 0.4285714328
71089  -23.704  -21.362  -60.985 0.5714285970
71076  -24.401  -21.548  -60.617 0.5714285970
71077  -25.106  -21.299  -60.436 0.4285714328
71981  -25.784  -20.863  -60.001 0.2857142985
72014  -24.763  -20.249  -61.499 0.7142857313
71996  -25.390  -20.623  -60.808 0.7142857313
72897  -26.169  -19.146  -61.493 0.7142857313
72880  -26.982  -19.113  -60.332 0.4285714328
72878  -25.788  -19.908  -61.215 0.7142857313
72879  -26.467  -19.509  -60.834 0.5714285970
73767  -27.042  -18.005  -61.373 0.5714285970
73765  -25.745  -18.612  -61.869 0.5714285970
74653  -26.698  -17.474  -61.877 0.5714285970
74654  -27.326  -17.241  -61.725 0.5714285970
74652  -25.969  -17.749  -61.957 0.5714285970
75497  -27.866  -16.925  -61.240 0.4285714328
75512  -27.558  -16.496  -62.061 0.5714285970
132130  -28.307  -15.316  -61.873 0.5714285970
75526  -26.375  -16.165  -62.680 0.7142857313
76406  -27.770  -15.734  -62.296 0.7142857313
131077  -27.959  -14.951  -62.473 0.7142857313
77276  -28.782  -14.803  -61.238 0.5714285970
75511  -27.003  -16.795  -62.377 0.5714285970
125114  -24.740  -16.740  -62.516 0.5714285970
76418  -26.527  -15.383  -62.949 0.8571428657
77288  -28.468  -14.469  -62.060 0.7142857313
77289  -28.972  -13.964  -61.484 0.5714285970
133623  -25.601  -15.505  -63.227 0.5714285970
78232  -28.322  -13.284  -62.465 0.7142857313
78216  -29.201  -13.143  -61.794 0.5714285970
77305  -27.401  -14.580  -62.589 0.7142857313
130965  -27.983  -14.039  -62.536 0.7142857313
79158  -29.021  -12.212  -62.435 0.5714285970
122833  -27.150  -14.009  -62.676 0.7142857313
79142  -29.343  -12.393  -62.018 0.5714285970
129196  -26.636  -14.072  -62.836 0.5714285970
78230  -26.664  -13.475  -62.613 0.7142857313
132988  -28.397  -12.629  -62.519 0.7142857313
80025  -29.065  -11.481  -62.493 0.7142857313
125866  -29.410  -11.849  -62.172 0.7142857313
117493  -27.016  -12.690  -62.566 0.7142857313
79156  -27.702  -12.160  -62.654 0.7142857313
80024  -28.217  -11.380  -62.852 0.7142857313
80902  -28.915  -10.122  -62.472 0.7142857313
80915  -29.319  -10.769  -62.214 0.5714285970
80023  -27.351  -11.359  -63.070 0.7142857313
78229  -25.883  -13.409  -62.690 0.5714285970
81823  -28.976  -9.482  -61.983 0.5714285970
82726  -29.076  -8.864  -61.505 0.5714285970
79155  -26.834  -12.004  -62.760 0.8571428657
82725  -28.599  -8.855  -62.230 0.7142857313
81834  -28.521  -9.456  -62.803 0.7142857313
130760  -27.827  -10.517  -63.287 0.8571428657
131082  -28.407  -10.069  -63.074 0.7142857313
83539  -27.898  -7.419  -62.209 0.8571428657
83540  -28.580  -7.749  -61.606 0.5714285970
82735  -28.145  -8.705  -63.066 0.8571428657
81844  -26.868  -9.027  -63.700 0.8571428657
80927  -27.053  -9.889  -63.574 0.8571428657
81833  -27.811  -9.452  -63.414 0.8571428657
84396  -27.182  -7.086  -63.046 0.8571428657
85151  -27.102  -5.579  -61.632 0.8571428657
85150  -26.534  -5.112  -62.662 0.8571428657
83547  -27.659  -7.935  -63.044 0.8571428657
130690  -26.592  -6.118  -62.955 0.8571428657
84395  -26.215  -5.849  -64.115 1.0000000000
85157  -26.353  -5.418  -63.748 1.0000000000
83559  -26.874  -7.620  -63.652 0.8571428657
84405  -25.953  -6.281  -64.200 1.0000000000
86003  -26.304  -4.242  -64.066 1.0000000000
86786  -25.608  -3.266  -65.251 0.7142857313
136113  -26.339  -4.842  -63.696 1.0000000000
85167  -26.137  -4.973  -64.498 1.0000000000
86787  -26.161  -3.376  -64.377 1.0000000000
88892  -25.617  -0.228  -65.069 1.0000000000
88216  -25.383  -0.540  -65.868 0.8571428657
89629  -24.467  1.053  -65.775 0.8571428657
89619  -25.255  0.647  -65.422 1.0000000000
91958  -22.866  3.819  -65.288 0.8571428657
91203  -23.043  2.385  -66.104 0.8571428657
91191  -23.482  2.906  -65.779 1.0000000000
92669  -21.348  5.022  -64.731 0.8571428657
134423  -21.367  4.620  -65.203 0.8571428657
92659  -20.937  5.055  -64.515 0.7142857313
91948  -21.307  3.766  -64.337 0.5714285970
92658  -21.232  4.776  -63.418 0.7142857313
93398  -20.985  5.379  -64.235 0.5714285970
117559  -22.181  4.277  -61.607 0.5714285970
91936  -21.756  4.027  -62.939 0.5714285970
93388  -21.743  5.428  -61.543 0.4285714328
93387  -21.068  5.726  -62.432 0.4285714328
116512  -22.424  4.992  -58.688 0.2857142985
93382  -22.325  5.099  -59.689 0.2857142985
133532  -22.391  5.421  -58.219 0.2857142985
67393  -23.440  -25.400  -58.509 0.2857142985
78215  -28.643  -13.627  -62.179 0.5714285970
134359  -28.731  -8.368  -61.775 0.5714285970
83548  -28.320  -8.155  -62.386 0.8571428657
84388  -27.392  -6.563  -61.967 0.8571428657
87528  -26.029  -2.503  -64.875 0.8571428657
93356  -23.695  5.122  -56.619 0.1428571492
67392  -22.635  -25.478  -58.970 0.2857142985
68283  -23.169  -24.824  -59.103 0.2857142985
70129  -25.571  -22.831  -58.696 0.4285714328
69233  -23.134  -23.558  -59.899 0.2857142985
68301  -24.186  -24.119  -58.780 0.4285714328
70150  -25.132  -22.257  -59.413 0.4285714328
70164  -23.851  -22.083  -60.470 0.5714285970
71995  -24.567  -21.030  -61.044 0.5714285970
71997  -26.118  -20.190  -60.404 0.4285714328
115649  -23.789  -20.129  -61.705 0.2857142985
73747  -26.775  -18.801  -61.137 0.4285714328
73775  -25.338  -18.100  -62.115 0.5714285970
75498  -28.297  -16.439  -60.533 0.4285714328
74662  -25.280  -17.288  -62.240 0.7142857313
75510  -26.195  -16.944  -62.264 0.7142857313
75513  -28.091  -16.122  -61.581 0.5714285970
120738  -28.519  -15.606  -60.916 0.4285714328
76419  -27.249  -15.234  -62.608 0.7142857313
75524  -24.561  -16.060  -63.082 0.5714285970
79999  -29.758  -11.855  -61.651 0.5714285970
124860  -25.353  -14.769  -63.481 0.5714285970
79132  -29.685  -12.584  -61.269 0.5714285970
78231  -27.623  -13.199  -62.579 0.7142857313
80009  -29.643  -11.328  -61.959 0.5714285970
121934  -26.186  -14.126  -63.081 0.8571428657
82734  -27.326  -8.489  -63.498 1.0000000000
135053  -26.460  -4.416  -63.140 1.0000000000
86002  -25.970  -4.170  -64.954 0.8571428657
86794  -25.445  -2.429  -65.914 0.7142857313
124303  -26.081  -1.773  -65.452 1.0000000000
115467  -26.252  -1.686  -64.356 1.0000000000
87533  -25.560  -1.377  -66.115 0.7142857313
134282  -26.076  -0.929  -64.431 1.0000000000
87527  -24.327  -2.767  -66.023 0.7142857313
88898  -25.124  0.216  -65.685 0.8571428657
91190  -22.165  3.158  -65.804 0.8571428657
90432  -24.109  2.040  -66.007 1.0000000000
89618  -24.978  1.390  -65.246 1.0000000000
92668  -21.351  4.976  -64.499 0.7142857313
134717  -22.120  5.130  -60.671 0.7142857313
93392  -21.752  5.596  -63.683 0.7142857313
91927  -22.458  3.430  -61.208 0.4285714328
93371  -22.314  5.767  -59.043 0.2857142985
128832  -22.151  5.671  -60.232 0.4285714328
94150  -21.721  6.088  -60.974 0.4285714328
94142  -22.180  6.404  -59.848 0.4285714328
72903  -24.071  -18.830  -62.246 0.4285714328
73774  -24.644  -18.079  -62.316 0.4285714328
120226  -21.828  4.895  -61.833 0.7142857313
66534  -24.015  -26.652  -57.741 0.4285714328
137118  -22.486  -26.033  -58.742 0.2857142985
66553  -22.415  -26.607  -58.481 0.2857142985
67374  -25.013  -25.866  -57.613 0.4285714328
67394  -24.313  -25.391  -58.015 0.4285714328
68285  -24.641  -24.554  -58.288 0.4285714328
70148  -23.839  -22.856  -59.863 0.2857142985
70128  -24.653  -22.929  -59.273 0.4285714328
70163  -22.978  -22.630  -60.531 0.4285714328
72013  -23.755  -20.740  -61.409 0.2857142985
72896  -25.347  -19.399  -61.729 0.5714285970
73764  -24.944  -18.771  -62.099 0.5714285970
75527  -27.150  -16.028  -62.576 0.7142857313
75525  -25.506  -16.427  -62.662 0.7142857313
77303  -25.988  -14.743  -63.419 0.5714285970
79157  -28.528  -11.974  -62.604 0.7142857313
80914  -28.683  -10.737  -62.797 0.7142857313
117254  -26.318  -12.667  -62.507 0.8571428657
84406  -26.469  -6.724  -63.848 1.0000000000
130393  -24.983  -3.220  -65.690 0.8571428657
91957  -21.485  4.103  -65.508 0.8571428657
115495  -22.527  3.869  -60.187 0.4285714328
92655  -22.300  4.604  -60.480 0.4285714328
93364  -22.537  4.841  -57.930 0.2857142985
93365  -22.654  5.520  -57.655 0.2857142985
93355  -23.211  5.713  -57.003 0.1428571492
68300  -23.564  -24.186  -59.224 0.2857142985
72895  -24.382  -19.528  -61.958 0.2857142985
96197  -20.498  9.375  -60.607 0.2857142985
96187  -20.994  9.872  -59.745 0.1428571492
94870  -20.929  7.380  -61.224 0.2857142985
95530  -20.176  8.868  -61.672 0.2857142985
95523  -21.247  8.748  -59.906 0.1428571492
96173  -21.346  10.301  -58.946 0.1428571492
94864  -22.173  7.287  -59.592 0.1428571492
94871  -21.625  6.904  -60.519 0.2857142985
94881  -19.164  7.293  -63.865 0.2857142985
95538  -20.078  7.828  -61.996 0.2857142985
94890  -22.851  7.417  -63.816 0.2857142985
94166  -20.246  6.467  -64.252 0.2857142985
96188  -21.722  9.184  -59.094 0.1428571492
94149  -21.052  6.493  -61.715 0.2857142985
94162  -22.076  6.136  -63.743 0.2857142985
94153  -19.557  6.640  -63.665 0.2857142985
94155  -24.437  6.333  -62.619 0.1428571492
94882  -21.820  6.680  -63.925 0.2857142985
95524  -22.080  8.219  -59.383 0.1428571492
94160  -20.049  6.118  -64.047 0.2857142985
94878  -20.231  6.920  -62.423 0.2857142985
93401  -26.621  6.076  -62.811 0.1428571492
94156  -25.374  6.132  -62.129 0.1428571492
126241  -23.558  6.558  -63.090 0.4285714328
91937  -24.625  3.467  -62.341 0.2857142985
92670  -22.873  5.062  -63.825 0.4285714328
93399  -21.706  5.475  -64.123 0.2857142985
91154  -25.760  2.613  -60.758 0.1428571492
92661  -25.432  4.908  -61.776 0.2857142985
124797  -21.775  5.322  -64.383 0.4285714328
119216  -23.986  4.506  -63.224 0.5714285970
90378  -25.404  1.785  -60.852 0.1428571492
91167  -24.969  2.546  -61.527 0.1428571492
90359  -25.762  1.063  -60.248 0.2857142985
89582  -25.376  0.678  -61.273 0.7142857313
90404  -24.708  2.114  -63.089 0.8571428657
91179  -24.266  3.202  -64.388 0.5714285970
88853  -26.288  -0.417  -59.499 0.2857142985
89572  -25.711  -0.054  -60.425 0.2857142985
91202  -22.159  2.460  -65.821 0.5714285970
89593  -25.314  0.344  -62.671 0.7142857313
122722  -26.335  -1.156  -59.444 0.1428571492
83555  -23.612  -7.320  -63.776 0.5714285970
130624  -25.300  -5.282  -64.556 0.8571428657
127074  -25.690  -4.780  -64.918 0.8571428657
85165  -24.764  -5.570  -64.314 0.4285714328
125977  -24.876  -4.840  -64.751 0.5714285970
88209  -26.094  -1.051  -65.354 0.8571428657
87520  -26.278  -1.991  -62.923 0.8571428657
88881  -25.597  -0.396  -63.677 0.8571428657
88162  -26.169  -1.882  -59.910 0.2857142985
88871  -25.504  -0.680  -62.343 0.8571428657
90416  -24.617  2.322  -64.847 0.8571428657
131301  -26.658  -2.480  -59.308 0.4285714328
88174  -25.719  -1.682  -60.881 0.7142857313
122020  -25.465  -0.141  -61.527 0.7142857313
82740  -22.423  -8.064  -63.245 0.2857142985
84403  -24.859  -6.343  -64.026 0.5714285970
121933  -24.298  -7.004  -63.950 0.5714285970
85166  -25.825  -5.487  -64.498 0.8571428657
87521  -26.292  -2.611  -63.676 0.8571428657
117149  -25.927  -1.229  -63.308 0.8571428657
87469  -26.390  -2.736  -60.231 0.4285714328
87486  -26.190  -2.895  -61.185 0.8571428657
88187  -25.668  -1.505  -62.009 0.8571428657
86737  -26.844  -3.281  -59.744 0.4285714328
80020  -24.231  -11.781  -62.768 0.7142857313
80033  -22.743  -11.071  -63.458 0.4285714328
80021  -25.141  -11.775  -62.590 0.7142857313
80925  -25.679  -10.144  -63.489 0.8571428657
80923  -23.964  -10.057  -63.104 0.5714285970
82741  -22.879  -8.751  -63.381 0.5714285970
82733  -22.056  -8.950  -63.155 0.4285714328
81842  -25.869  -9.408  -63.849 0.8571428657
125418  -24.622  -8.492  -63.566 0.5714285970
127227  -23.262  -7.930  -63.530 0.5714285970
82746  -26.493  -8.132  -63.853 0.8571428657
82745  -25.686  -7.722  -63.975 0.7142857313
82743  -24.066  -7.805  -63.707 0.5714285970
85987  -26.806  -4.805  -61.659 0.7142857313
86770  -26.411  -3.586  -61.718 0.7142857313
87505  -26.294  -2.835  -62.350 0.8571428657
85941  -27.634  -4.331  -59.360 0.2857142985
127517  -27.154  -4.095  -60.171 0.4285714328
77302  -24.843  -14.452  -63.339 0.4285714328
78227  -24.398  -13.650  -62.955 0.4285714328
79151  -22.739  -12.493  -62.653 0.4285714328
80913  -26.902  -10.703  -63.404 0.7142857313
80037  -26.203  -10.858  -63.323 0.7142857313
80926  -26.364  -10.094  -63.577 0.7142857313
128539  -26.127  -8.739  -64.007 0.8571428657
84379  -27.630  -6.152  -61.096 0.7142857313
85125  -28.046  -5.467  -59.976 0.2857142985
85143  -27.636  -5.493  -60.640 0.5714285970
76417  -24.718  -15.127  -63.321 0.4285714328
117327  -23.300  -13.983  -62.750 0.5714285970
130711  -25.192  -13.364  -62.892 0.5714285970
79153  -24.741  -12.638  -62.654 0.5714285970
131069  -26.656  -11.342  -63.138 0.7142857313
83532  -28.938  -7.530  -60.779 0.4285714328
84364  -28.701  -6.776  -60.181 0.4285714328
85126  -28.629  -5.869  -59.543 0.4285714328
85144  -28.164  -6.086  -60.418 0.4285714328
74661  -24.314  -17.338  -62.404 0.5714285970
78202  -29.486  -13.431  -60.890 0.4285714328
82718  -30.679  -9.000  -60.581 0.4285714328
80903  -29.415  -10.076  -61.742 0.4285714328
82702  -30.309  -8.596  -60.417 0.4285714328
83533  -29.656  -8.080  -60.558 0.4285714328
71045  -26.706  -21.619  -58.635 0.1428571492
80000  -30.095  -11.204  -61.265 0.4285714328
80895  -30.380  -10.340  -60.666 0.4285714328
81818  -30.626  -9.454  -60.486 0.4285714328
71982  -26.522  -20.479  -59.628 0.1428571492
71983  -27.273  -20.082  -59.261 0.1428571492
74640  -28.024  -17.350  -60.042 0.2857142985
77266  -30.104  -14.056  -59.187 0.2857142985
79968  -30.902  -11.794  -59.004 0.2857142985
78194  -30.374  -13.312  -59.281 0.2857142985
76392  -29.034  -15.108  -60.279 0.4285714328
79988  -31.221  -10.863  -59.270 0.2857142985
79124  -30.480  -12.347  -59.657 0.2857142985
78193  -29.802  -13.760  -59.938 0.2857142985
122567  -30.938  -10.483  -60.033 0.2857142985
132787  -30.471  -11.062  -60.553 0.4285714328
71965  -26.995  -20.872  -58.958 0.1428571492
71061  -26.250  -21.220  -59.310 0.1428571492
72849  -27.703  -19.426  -59.182 0.2857142985
73733  -27.482  -18.762  -59.740 0.2857142985
75468  -29.349  -16.772  -58.401 0.2857142985
76364  -29.633  -15.302  -58.690 0.2857142985
76380  -29.199  -15.475  -59.433 0.2857142985
76379  -28.695  -15.843  -59.934 0.2857142985
77265  -29.581  -14.640  -59.511 0.2857142985
71966  -27.652  -20.588  -58.609 0.1428571492
73721  -29.055  -18.098  -58.351 0.2857142985
115294  -27.861  -19.970  -58.777 0.2857142985
74613  -28.508  -17.686  -59.029 0.2857142985
119023  -28.462  -18.523  -58.728 0.2857142985
72863  -27.229  -19.420  -59.684 0.2857142985
74614  -28.997  -17.356  -58.580 0.2857142985
117627  -26.284  -23.092  -58.204 0.1428571492
69214  -25.836  -23.637  -58.132 0.2857142985
70131  -27.245  -22.136  -57.957 0.1428571492
64740  -24.013  -28.046  -57.491 0.2857142985
64739  -23.194  -28.521  -57.481 0.2857142985
122584  -24.569  -27.629  -57.523 0.1428571492
63873  -22.815  -29.376  -57.406 0.1428571492
72851  -28.965  -18.916  -58.067 0.2857142985
77250  -30.074  -14.578  -58.613 0.2857142985
138325  -28.880  -15.970  -59.339 0.2857142985
77277  -29.278  -14.284  -60.553 0.4285714328
78203  -30.043  -12.900  -60.306 0.4285714328
79987  -30.660  -11.407  -59.872 0.2857142985
80881  -31.818  -9.800  -59.514 0.2857142985
80034  -23.722  -10.956  -63.284 0.7142857313
80880  -31.190  -9.555  -60.127 0.4285714328
81824  -29.542  -9.398  -61.296 0.4285714328
84380  -28.227  -6.890  -61.182 0.4285714328
85960  -28.194  -4.996  -59.389 0.2857142985
85959  -27.618  -4.885  -60.033 0.5714285970
90431  -23.624  1.774  -66.161 0.7142857313
86756  -26.545  -3.495  -60.661 0.7142857313
89605  -25.373  0.539  -64.395 0.8571428657
136186  -21.641  4.439  -65.124 0.4285714328
91189  -21.515  3.364  -65.380 0.5714285970
86738  -27.302  -3.703  -59.383 0.2857142985
93391  -20.700  5.768  -63.786 0.2857142985
91928  -25.347  3.301  -61.385 0.4285714328
124505  -24.923  4.159  -61.971 0.4285714328
95512  -22.541  8.670  -58.643 0.1428571492
93393  -24.686  5.685  -62.251 0.1428571492
118732  -24.621  -26.999  -57.585 0.1428571492
66532  -22.691  -27.240  -58.039 0.2857142985
66555  -25.755  -25.929  -57.541 0.1428571492
71954  -27.993  -21.020  -57.987 0.1428571492
71967  -28.248  -20.271  -58.225 0.1428571492
73748  -27.230  -18.424  -60.645 0.2857142985
73734  -27.970  -18.181  -59.412 0.2857142985
75483  -28.679  -16.661  -59.290 0.2857142985
76365  -30.153  -15.156  -57.943 0.2857142985
78179  -30.440  -13.919  -58.525 0.2857142985
77301  -24.046  -14.565  -63.080 0.5714285970
81789  -32.874  -9.056  -59.442 0.2857142985
80912  -22.339  -10.448  -63.202 0.4285714328
127981  -24.298  -10.537  -63.091 0.5714285970
81805  -32.178  -9.000  -59.972 0.4285714328
81804  -31.430  -9.032  -60.289 0.2857142985
80010  -29.820  -10.657  -61.504 0.4285714328
81840  -24.328  -9.264  -63.191 0.7142857313
83554  -22.837  -7.209  -63.529 0.2857142985
82686  -31.189  -8.407  -59.568 0.1428571492
134526  -29.684  -7.333  -59.435 0.4285714328
83518  -29.348  -7.430  -60.024 0.4285714328
84343  -29.680  -6.812  -58.861 0.1428571492
86779  -26.469  -3.604  -63.107 0.8571428657
85127  -29.245  -6.014  -58.837 0.1428571492
85977  -27.229  -4.814  -60.876 0.5714285970
89604  -25.083  1.359  -63.688 0.8571428657
133888  -27.152  -1.311  -58.529 0.2857142985
88837  -26.781  -0.831  -58.888 0.1428571492
88852  -25.839  -1.037  -60.160 0.4285714328
87451  -26.645  -1.640  -59.008 0.4285714328
132843  -24.854  1.858  -61.869 0.5714285970
89573  -26.343  0.501  -59.524 0.1428571492
137708  -25.434  1.191  -60.870 0.1428571492
91166  -24.602  2.806  -62.698 0.5714285970
90379  -26.238  1.987  -60.075 0.1428571492
117205  -23.203  6.067  -63.268 0.2857142985
122229  -26.110  5.238  -61.693 0.1428571492
93395  -26.247  5.801  -62.013 0.1428571492
94883  -23.187  6.936  -63.323 0.2857142985
94891  -23.888  7.470  -63.448 0.2857142985
94892  -24.758  7.324  -63.362 0.1428571492
94167  -25.245  6.770  -62.708 0.1428571492
66556  -26.553  -25.989  -57.489 0.1428571492
133803  -30.650  -13.312  -58.420 0.2857142985
85942  -28.145  -4.412  -58.637 0.2857142985
94168  -26.148  6.616  -63.121 0.1428571492
95551  -23.503  7.901  -64.041 0.2857142985
65657  -22.513  -27.918  -57.859 0.2857142985
65658  -23.962  -27.264  -57.618 0.2857142985
66535  -25.347  -26.683  -57.562 0.1428571492
67396  -26.151  -25.146  -57.621 0.1428571492
68287  -26.316  -24.335  -57.702 0.1428571492
71060  -25.478  -21.564  -59.677 0.1428571492
72862  -26.713  -19.754  -59.969 0.2857142985
74639  -27.513  -17.657  -60.884 0.2857142985
79154  -25.560  -12.615  -62.556 0.5714285970
78228  -25.423  -14.139  -63.288 0.4285714328
82717  -29.790  -8.784  -60.865 0.4285714328
80022  -26.041  -11.755  -62.834 0.7142857313
85986  -26.539  -4.309  -62.177 0.7142857313
84404  -25.370  -5.889  -64.238 0.8571428657
83558  -26.184  -7.186  -64.036 0.8571428657
91949  -22.241  4.641  -64.900 0.7142857313
94154  -20.448  6.167  -63.109 0.2857142985
71044  -25.888  -21.941  -58.958 0.1428571492
83556  -25.048  -7.071  -63.916 0.5714285970
95531  -20.754  8.318  -60.875 0.2857142985
94863  -21.555  7.813  -60.229 0.2857142985
95537  -19.465  8.214  -62.955 0.2857142985
94877  -19.520  7.332  -63.063 0.2857142985
94159  -19.433  6.708  -64.219 0.2857142985
94161  -20.760  5.954  -63.998 0.2857142985
137860  -24.000  5.953  -62.745 0.2857142985
94884  -24.246  6.994  -62.913 0.1428571492
94163  -25.955  6.366  -62.421 0.1428571492
93394  -25.572  5.567  -61.858 0.1428571492
91938  -25.873  4.037  -61.368 0.1428571492
92660  -24.255  5.005  -62.546 0.4285714328
93400  -23.219  5.602  -63.326 0.5714285970
91929  -26.261  3.389  -60.849 0.1428571492
127018  -23.917  3.983  -63.885 0.5714285970
90392  -25.195  1.310  -61.349 0.4285714328
89592  -24.983  1.238  -62.210 0.7142857313
88863  -25.587  -0.869  -61.177 0.5714285970
85164  -24.017  -5.253  -64.376 0.4285714328
123439  -23.582  -6.667  -63.876 0.4285714328
87485  -25.916  -2.237  -61.628 0.8571428657
131131  -25.971  -2.321  -60.732 0.4285714328
79152  -23.818  -12.566  -62.668 0.5714285970
80019  -23.243  -11.726  -63.159 0.4285714328
80036  -25.463  -10.940  -63.018 0.7142857313
80924  -24.820  -10.165  -63.224 0.7142857313
80922  -23.122  -10.303  -63.345 0.4285714328
81839  -23.441  -9.392  -63.185 0.5714285970
82742  -23.785  -8.534  -63.301 0.5714285970
81832  -22.610  -9.622  -63.170 0.4285714328
123992  -21.210  -9.950  -62.548 0.2857142985
125317  -25.411  -8.571  -63.879 0.7142857313
85976  -26.682  -4.212  -61.147 0.7142857313
85943  -28.753  -5.196  -58.588 0.2857142985
79133  -30.199  -11.907  -60.707 0.4285714328
80894  -29.905  -9.889  -60.988 0.4285714328
82703  -31.068  -8.784  -60.188 0.4285714328
71046  -27.424  -21.314  -58.360 0.1428571492
72850  -28.320  -19.410  -58.553 0.2857142985
75484  -29.193  -16.009  -58.818 0.2857142985
64741  -24.928  -28.311  -57.402 0.1428571492
63874  -24.119  -28.948  -57.290 0.1428571492
114503  -25.868  -28.108  -57.439 0.1428571492
84365  -29.204  -6.680  -59.469 0.2857142985
94853  -22.639  7.628  -58.694 0.1428571492
115480  -25.966  -27.384  -57.558 0.1428571492
89616  -22.918  1.301  -65.657 0.5714285970
88891  -23.731  -0.409  -65.844 0.4285714328
88890  -22.851  -0.485  -64.882 0.4285714328
89617  -23.674  0.961  -65.969 0.5714285970
88214  -23.681  -1.268  -66.263 0.4285714328
89628  -22.874  1.906  -66.129 0.4285714328
87532  -24.529  -1.806  -66.346 0.4285714328
87531  -23.373  -2.079  -65.681 0.4285714328
88215  -24.605  -0.888  -66.221 0.5714285970
88897  -24.540  0.034  -65.811 0.5714285970
125896  -25.166  -4.024  -65.271 0.5714285970
79959  -31.702  -11.700  -57.791 0.1428571492
79969  -31.469  -11.308  -58.457 0.1428571492
123879  -31.805  -10.480  -58.746 0.1428571492
71088  -23.005  -21.034  -61.229 0.2857142985
79105  -30.743  -12.658  -58.734 0.1428571492
128688  -32.936  -12.350  -56.760 0.1428571492
79090  -31.612  -12.448  -57.514 0.1428571492
79077  -33.375  -12.166  -56.429 0.1428571492
79091  -32.354  -11.785  -57.231 0.1428571492
79948  -33.427  -11.422  -56.278 0.1428571492
134219  -22.795  -21.693  -60.987 0.2857142985
77235  -30.519  -14.426  -57.829 0.1428571492
135302  -31.471  -13.311  -57.318 0.1428571492
78169  -30.797  -13.680  -57.766 0.1428571492
79076  -32.247  -12.781  -56.985 0.1428571492
79051  -33.741  -12.806  -56.344 0.1428571492
78154  -33.021  -13.040  -56.758 0.1428571492
79025  -34.779  -13.119  -53.868 0.1428571492
79037  -33.990  -12.708  -55.548 0.1428571492
117765  -34.403  -12.222  -53.874 0.1428571492
70162  -22.130  -22.254  -60.965 0.2857142985
75449  -29.902  -16.922  -57.713 0.1428571492
133104  -30.309  -16.397  -57.424 0.1428571492
76349  -30.484  -15.685  -57.366 0.1428571492
121206  -29.789  -16.020  -58.010 0.1428571492
134914  -30.667  -14.953  -57.317 0.1428571492
123982  -32.764  -14.434  -56.835 0.1428571492
128280  -31.936  -14.635  -56.747 0.1428571492
77216  -33.365  -13.652  -56.891 0.1428571492
78156  -34.085  -13.387  -56.805 0.1428571492
78114  -34.386  -13.445  -54.977 0.1428571492
77160  -34.881  -13.888  -54.144 0.1428571492
69242  -22.250  -23.191  -60.555 0.2857142985
69231  -21.572  -23.663  -60.325 0.2857142985
73715  -29.666  -18.450  -57.641 0.1428571492
74578  -30.832  -17.689  -56.849 0.1428571492
75450  -30.541  -17.006  -57.143 0.1428571492
75451  -30.891  -16.253  -56.877 0.1428571492
76350  -31.268  -15.315  -56.775 0.1428571492
77217  -34.311  -13.843  -57.198 0.1428571492
77192  -34.513  -13.913  -56.019 0.1428571492
77218  -34.516  -13.777  -57.005 0.1428571492
78104  -36.040  -13.828  -53.552 0.1428571492
78103  -35.424  -13.818  -53.721 0.1428571492
73695  -30.471  -18.453  -57.019 0.1428571492
72841  -30.049  -19.186  -57.128 0.1428571492
130502  -31.451  -17.583  -56.393 0.1428571492
73696  -31.199  -18.294  -56.417 0.1428571492
75435  -33.493  -15.804  -57.250 0.1428571492
75432  -31.236  -16.942  -56.558 0.1428571492
76333  -33.984  -14.941  -57.800 0.1428571492
75434  -32.620  -16.260  -56.572 0.1428571492
77193  -34.888  -14.762  -55.614 0.1428571492
77239  -34.985  -13.964  -57.981 0.1428571492
77161  -35.326  -14.475  -54.027 0.1428571492
76291  -35.218  -15.117  -54.532 0.1428571492
72819  -30.129  -19.820  -56.736 0.1428571492
72839  -28.916  -19.823  -57.750 0.1428571492
73674  -32.502  -18.564  -55.845 0.1428571492
128392  -31.742  -18.813  -55.892 0.1428571492
74579  -32.635  -17.237  -56.272 0.1428571492
74566  -32.066  -17.914  -56.058 0.1428571492
75452  -34.258  -15.458  -58.177 0.1428571492
74599  -33.890  -16.327  -57.594 0.1428571492
76351  -34.740  -14.659  -58.617 0.1428571492
77251  -35.159  -14.453  -58.618 0.1428571492
77237  -34.696  -14.232  -58.048 0.1428571492
72797  -33.207  -19.709  -55.671 0.1428571492
72795  -31.695  -19.655  -55.732 0.1428571492
72820  -30.815  -19.308  -56.329 0.1428571492
128659  -33.810  -17.801  -56.714 0.1428571492
73675  -33.223  -18.889  -55.857 0.1428571492
74600  -34.463  -16.266  -58.558 0.1428571492
74581  -34.055  -17.177  -57.461 0.1428571492
76353  -35.313  -14.424  -57.889 0.1428571492
76352  -35.113  -14.727  -59.010 0.1428571492
74567  -33.098  -17.985  -56.166 0.1428571492
76331  -32.237  -15.342  -56.639 0.1428571492
77162  -35.824  -14.381  -53.728 0.1428571492
79027  -36.304  -13.093  -53.551 0.1428571492
77172  -34.772  -14.333  -54.784 0.1428571492
78155  -33.753  -13.207  -56.763 0.1428571492
79106  -31.210  -12.156  -58.201 0.1428571492
80851  -32.193  -10.794  -57.951 0.1428571492
76334  -35.231  -15.076  -56.562 0.1428571492
76316  -35.268  -15.684  -55.191 0.1428571492
77163  -36.416  -14.629  -53.801 0.1428571492
79028  -37.111  -13.035  -53.963 0.1428571492
130969  -24.291  -3.506  -65.369 0.4285714328
118939  -35.761  -12.379  -53.494 0.1428571492
119369  -35.538  -13.114  -53.539 0.1428571492
127469  -33.933  -11.972  -54.867 0.1428571492
79900  -34.704  -11.600  -53.505 0.1428571492
80865  -33.023  -9.878  -57.936 0.1428571492
80864  -32.497  -9.766  -58.685 0.1428571492
90415  -22.323  2.049  -65.925 0.4285714328
128094  -21.989  2.515  -65.595 0.4285714328
94897  -24.345  7.941  -64.253 0.1428571492
95550  -22.586  8.167  -64.357 0.1428571492
135240  -29.448  -19.238  -57.563 0.1428571492
129721  -29.550  -17.573  -58.034 0.1428571492
82704  -32.048  -8.860  -60.046 0.1428571492
79089  -30.999  -12.918  -57.923 0.1428571492
79947  -33.070  -11.570  -56.787 0.1428571492
79050  -33.674  -12.076  -55.884 0.1428571492
123090  -32.895  -10.794  -57.308 0.1428571492
80833  -33.479  -10.587  -56.105 0.1428571492
77236  -31.222  -14.284  -57.128 0.1428571492
77215  -32.262  -13.726  -56.851 0.1428571492
78131  -34.171  -13.288  -56.232 0.1428571492
133123  -34.258  -12.711  -54.567 0.1428571492
74598  -30.179  -17.710  -57.434 0.1428571492
119952  -33.791  -14.219  -57.297 0.1428571492
75433  -31.708  -16.182  -56.485 0.1428571492
117335  -31.961  -16.994  -56.196 0.1428571492
76332  -33.129  -15.128  -56.969 0.1428571492
77219  -34.971  -14.132  -56.973 0.1428571492
72840  -29.611  -19.827  -57.222 0.1428571492
74580  -33.376  -16.946  -56.725 0.1428571492
75453  -34.833  -15.247  -59.085 0.1428571492
77238  -35.039  -14.313  -58.586 0.1428571492
137467  -35.504  -14.837  -58.525 0.1428571492
73697  -33.865  -18.535  -56.422 0.1428571492
63872  -21.439  -29.676  -57.793 0.1428571492
129892  -22.291  -28.702  -57.735 0.1428571492
63884  -20.757  -29.335  -58.227 0.1428571492
64738  -21.474  -28.931  -57.979 0.1428571492
64754  -21.721  -28.173  -58.226 0.1428571492
66552  -21.535  -26.808  -58.777 0.1428571492
67391  -21.919  -26.028  -59.101 0.1428571492
66572  -20.953  -26.320  -59.301 0.1428571492
67412  -21.333  -25.459  -59.462 0.1428571492
116100  -22.001  -25.287  -59.411 0.1428571492
68299  -22.457  -24.772  -59.502 0.1428571492
130484  -20.909  -24.880  -59.638 0.1428571492
68298  -21.634  -24.604  -59.768 0.1428571492
69232  -22.323  -24.060  -60.043 0.1428571492
69229  -20.014  -23.588  -59.731 0.1428571492
69230  -20.798  -23.078  -60.250 0.1428571492
70161  -21.421  -21.638  -60.837 0.1428571492
69241  -21.502  -22.650  -60.671 0.1428571492
71075  -22.020  -21.503  -61.052 0.1428571492
71087  -22.261  -20.974  -61.167 0.1428571492
72012  -22.869  -20.437  -61.531 0.1428571492
71074  -21.666  -21.051  -60.908 0.2857142985
72894  -23.304  -19.590  -61.997 0.2857142985
123218  -23.633  -16.077  -62.776 0.4285714328
76416  -23.824  -15.396  -62.993 0.4285714328
86000  -23.418  -4.565  -64.249 0.2857142985
86001  -24.255  -4.262  -64.769 0.2857142985
88200  -22.193  -1.665  -63.431 0.2857142985
122196  -23.258  0.329  -65.386 0.2857142985
89603  -22.798  0.438  -64.271 0.4285714328
126945  -21.083  -21.036  -60.727 0.1428571492
130613  -21.755  -20.722  -61.093 0.2857142985
66551  -20.840  -27.034  -58.995 0.1428571492
67411  -20.507  -25.518  -59.465 0.1428571492
69240  -20.755  -22.057  -60.534 0.1428571492
71073  -20.695  -21.230  -60.569 0.1428571492
72877  -20.841  -20.134  -60.816 0.2857142985
72011  -22.146  -20.408  -61.420 0.2857142985
72010  -21.504  -20.298  -61.160 0.2857142985
72893  -21.898  -19.811  -61.567 0.2857142985
116839  -22.472  -19.948  -61.707 0.2857142985
135041  -23.305  -18.788  -62.261 0.2857142985
73773  -23.775  -18.108  -62.426 0.4285714328
74660  -23.367  -17.374  -62.450 0.4285714328
76405  -22.258  -16.023  -62.230 0.2857142985
124575  -23.578  -5.960  -63.939 0.2857142985
85163  -22.984  -5.482  -63.873 0.2857142985
123729  -22.467  -4.780  -63.932 0.2857142985
86008  -23.524  -3.684  -64.679 0.2857142985
86785  -23.461  -2.994  -65.351 0.2857142985
87519  -22.264  -2.372  -63.806 0.2857142985
88207  -22.534  -1.227  -64.482 0.2857142985
73763  -22.489  -19.142  -62.033 0.2857142985
121439  -22.216  -6.062  -63.659 0.2857142985
132952  -22.035  -4.268  -63.866 0.2857142985
87525  -22.826  -2.963  -63.853 0.2857142985
86007  -23.072  -3.476  -64.161 0.2857142985
86793  -23.076  -3.094  -64.691 0.2857142985
87518  -21.833  -2.962  -63.326 0.2857142985
85998  -21.430  -4.717  -63.633 0.2857142985
85993  -20.415  -4.425  -62.957 0.2857142985
86784  -22.245  -3.584  -63.750 0.2857142985
75523  -23.927  -16.665  -62.555 0.4285714328
65675  -21.189  -27.582  -58.662 0.1428571492
88208  -22.857  -1.246  -65.662 0.2857142985
87526  -22.744  -2.552  -64.849 0.2857142985
68296  -20.137  -24.632  -59.529 0.1428571492
68297  -20.857  -24.111  -59.959 0.1428571492
71994  -21.268  -20.666  -60.865 0.2857142985
75522  -22.911  -16.566  -62.486 0.4285714328
114349  -22.449  -1.862  -64.877 0.2857142985
73772  -22.888  -18.202  -62.344 0.4285714328
85994  -21.255  -4.014  -63.460 0.2857142985
77299  -22.310  -14.283  -62.459 0.2857142985
77300  -23.078  -14.853  -62.715 0.2857142985
122830  -23.402  -13.205  -62.606 0.2857142985
96987  -21.222  10.522  -64.615 0.1428571492
96223  -21.375  10.221  -65.052 0.1428571492
95555  -20.945  9.367  -64.526 0.1428571492
95548  -20.764  8.392  -64.264 0.1428571492
97780  -21.617  11.147  -64.661 0.1428571492
96952  -19.575  11.445  -60.810 0.1428571492
78226  -22.501  -13.429  -62.533 0.2857142985
95557  -22.341  9.131  -64.981 0.1428571492
96224  -21.581  9.977  -65.231 0.1428571492
95556  -21.514  9.352  -64.816 0.1428571492
95549  -21.717  8.510  -64.487 0.1428571492
95544  -19.316  8.031  -63.739 0.1428571492
94889  -21.367  7.532  -64.192 0.1428571492
123431  -20.381  10.007  -62.836 0.1428571492
96959  -19.665  11.641  -61.516 0.1428571492
96214  -19.739  9.040  -62.986 0.1428571492
96196  -19.891  10.015  -61.164 0.1428571492
96204  -20.026  9.491  -62.179 0.1428571492
94888  -19.795  7.246  -64.341 0.1428571492
94887  -19.253  7.334  -64.114 0.1428571492
96222  -20.685  9.564  -64.315 0.1428571492
96979  -21.104  10.887  -63.715 0.1428571492
95547  -19.882  8.304  -64.120 0.1428571492
96219  -19.965  9.029  -63.690 0.1428571492
97772  -21.364  11.256  -63.364 0.1428571492
85156  -20.144  -5.855  -62.935 0.1428571492
85162  -21.842  -5.455  -63.726 0.1428571492
85161  -20.781  -5.319  -63.321 0.1428571492
86777  -20.579  -3.616  -62.678 0.1428571492
117201  -17.838  -3.531  -61.309 0.1428571492
86767  -19.221  -3.186  -61.840 0.1428571492
84401  -22.060  -6.701  -63.396 0.1428571492
86768  -20.045  -3.134  -62.026 0.1428571492
87482  -19.417  -2.137  -61.097 0.1428571492
87483  -20.369  -2.066  -61.302 0.1428571492
116499  -21.208  -1.698  -61.485 0.2857142985
121613  -22.036  -11.050  -63.294 0.2857142985
80911  -21.609  -10.532  -62.778 0.1428571492
82731  -20.558  -8.298  -62.646 0.1428571492
83546  -21.851  -7.421  -63.130 0.1428571492
130349  -20.319  -6.738  -62.917 0.1428571492
87452  -27.167  -3.071  -58.932 0.1428571492
85155  -19.346  -5.314  -62.578 0.1428571492
134254  -21.709  -2.358  -62.797 0.1428571492
88186  -22.129  -1.126  -62.583 0.1428571492
88869  -21.628  -0.948  -61.759 0.2857142985
117360  -22.555  0.096  -62.642 0.2857142985
91153  -22.626  2.486  -60.717 0.2857142985
125070  -22.421  1.661  -60.341 0.2857142985
123285  -22.761  2.988  -59.841 0.2857142985
94133  -22.439  6.668  -58.914 0.1428571492
92641  -23.147  4.091  -57.872 0.1428571492
88870  -22.236  -0.558  -62.337 0.2857142985
121056  -22.599  1.175  -63.308 0.2857142985
91178  -21.762  3.026  -64.048 0.2857142985
124844  -22.446  1.913  -62.598 0.2857142985
90377  -22.404  1.253  -61.150 0.2857142985
91165  -22.222  2.948  -62.444 0.2857142985
129344  -22.568  1.996  -61.366 0.2857142985
92653  -22.573  4.418  -59.382 0.1428571492
125611  -22.483  2.137  -59.515 0.2857142985
93372  -22.462  6.071  -58.203 0.1428571492
94127  -22.975  6.436  -57.570 0.1428571492
124906  -22.047  1.349  -59.405 0.1428571492
89570  -21.434  0.538  -59.366 0.1428571492
88173  -20.821  -1.314  -61.108 0.2857142985
91920  -22.910  3.586  -59.119 0.1428571492
92645  -22.836  4.247  -58.516 0.1428571492
87481  -18.771  -2.163  -60.820 0.2857142985
91132  -22.717  2.639  -58.632 0.1428571492
91911  -23.444  3.823  -57.332 0.1428571492
91128  -22.855  2.725  -57.833 0.1428571492
86710  -17.282  -2.251  -57.521 0.1428571492
120941  -27.194  -2.154  -58.489 0.1428571492
82732  -21.480  -8.219  -62.979 0.1428571492
127526  -19.553  -6.875  -62.498 0.1428571492
88152  -27.782  -2.156  -57.838 0.1428571492
84387  -18.823  -6.588  -62.062 0.1428571492
127893  -17.451  -5.544  -61.463 0.1428571492
85148  -17.953  -4.910  -61.737 0.1428571492
85992  -19.459  -4.486  -62.504 0.1428571492
86765  -17.089  -3.620  -61.001 0.1428571492
86769  -20.972  -2.922  -62.441 0.1428571492
87480  -18.142  -2.494  -60.632 0.1428571492
87503  -21.223  -2.350  -61.768 0.1428571492
88171  -19.184  -1.754  -60.405 0.2857142985
88862  -22.091  -0.110  -61.493 0.1428571492
120152  -22.492  0.740  -61.889 0.2857142985
89571  -22.033  0.926  -60.256 0.1428571492
90345  -22.157  1.993  -57.715 0.1428571492
90351  -22.054  1.729  -58.525 0.2857142985
91910  -23.120  3.399  -58.200 0.1428571492
134842  -23.284  3.565  -57.734 0.1428571492
86716  -27.606  -3.734  -58.695 0.1428571492
87453  -27.651  -2.927  -58.165 0.1428571492
90403  -22.589  1.703  -64.840 0.2857142985
81830  -21.161  -9.152  -62.627 0.1428571492
123291  -22.142  2.392  -64.400 0.2857142985
88880  -22.534  -0.690  -63.427 0.1428571492
84394  -19.447  -6.181  -62.541 0.1428571492
114384  -19.959  -5.091  -62.920 0.1428571492
85985  -18.917  -3.840  -62.067 0.1428571492
114907  -18.092  -5.957  -61.715 0.1428571492
87501  -18.828  -2.695  -61.292 0.1428571492
137781  -20.443  -2.646  -61.728 0.1428571492
132552  -21.256  -6.921  -63.154 0.1428571492
87504  -21.888  -1.815  -62.082 0.1428571492
83544  -20.021  -7.516  -62.626 0.1428571492
88861  -21.391  -0.629  -60.811 0.1428571492
89581  -22.150  0.573  -60.993 0.2857142985
71992  -19.770  -20.291  -60.171 0.1428571492
72892  -21.258  -19.412  -61.066 0.1428571492
72874  -18.981  -19.158  -60.008 0.1428571492
73745  -19.183  -18.477  -60.399 0.1428571492
74638  -19.550  -17.534  -60.565 0.1428571492
73760  -20.765  -18.467  -60.885 0.1428571492
75496  -19.866  -16.528  -60.777 0.1428571492
73762  -22.070  -18.306  -62.073 0.1428571492
75508  -21.313  -16.824  -61.742 0.1428571492
74659  -22.441  -17.439  -62.313 0.1428571492
76404  -21.458  -15.964  -61.764 0.1428571492
75509  -21.946  -16.705  -62.144 0.1428571492
76391  -20.119  -15.641  -60.945 0.1428571492
133824  -22.096  -15.196  -62.212 0.1428571492
130986  -21.517  -14.509  -62.089 0.1428571492
127346  -21.870  -12.912  -62.496 0.1428571492
117449  -21.741  -12.186  -62.574 0.1428571492
73761  -21.429  -18.388  -61.426 0.1428571492
72875  -19.403  -19.745  -60.025 0.1428571492
73746  -19.961  -18.471  -60.596 0.1428571492
80018  -22.304  -11.671  -63.014 0.1428571492
76415  -22.945  -15.695  -62.621 0.1428571492
131926  -20.090  -19.939  -60.443 0.1428571492
114427  -21.816  -19.049  -61.619 0.1428571492
72876  -20.427  -19.333  -60.634 0.1428571492
115334  -19.642  -19.241  -60.333 0.1428571492
73744  -18.572  -18.425  -59.897 0.1428571492
74649  -20.284  -17.512  -60.922 0.1428571492
75507  -20.635  -16.505  -61.330 0.1428571492
74650  -20.991  -17.536  -61.375 0.1428571492
76390  -19.430  -15.643  -60.521 0.1428571492
74651  -21.657  -17.514  -61.897 0.1428571492
131511  -20.731  -15.609  -61.371 0.1428571492
125520  -19.166  -16.565  -60.366 0.1428571492
137181  -19.500  -20.503  -59.907 0.1428571492
65659  -25.236  -27.523  -57.527 0.1428571492
65676  -22.016  -27.388  -58.346 0.2857142985
66554  -23.000  -26.048  -58.451 0.2857142985
70130  -26.434  -22.414  -58.400 0.1428571492
73720  -27.982  -18.861  -59.100 0.2857142985
73766  -26.435  -18.301  -61.626 0.4285714328
74626  -27.574  -18.041  -60.102 0.2857142985
77304  -26.695  -14.601  -62.868 0.7142857313
78233  -28.873  -12.881  -62.327 0.7142857313
79026  -34.989  -12.371  -53.466 0.1428571492
79141  -21.004  -12.771  -62.272 0.1428571492
80035  -24.632  -11.011  -62.925 0.7142857313
81817  -30.116  -9.281  -60.787 0.4285714328
81831  -21.865  -9.782  -62.806 0.2857142985
81841  -25.149  -9.354  -63.681 0.7142857313
81843  -26.450  -9.443  -63.768 0.7142857313
82744  -24.866  -7.739  -63.786 0.5714285970
83541  -29.164  -8.195  -61.195 0.5714285970
83545  -20.870  -7.516  -62.991 0.1428571492
83557  -25.541  -6.723  -64.106 1.0000000000
84393  -18.701  -5.595  -62.147 0.1428571492
84402  -24.179  -6.105  -64.081 0.4285714328
85147  -17.056  -4.816  -61.295 0.1428571492
85149  -18.715  -4.646  -62.159 0.1428571492
85999  -22.848  -4.079  -64.113 0.2857142985
86766  -18.538  -3.374  -61.574 0.1428571492
86776  -19.706  -3.726  -62.340 0.1428571492
86778  -21.291  -3.416  -63.211 0.1428571492
87502  -19.658  -2.629  -61.548 0.1428571492
88172  -20.001  -1.643  -60.703 0.2857142985
97771  -20.815  11.407  -62.908 0.1428571492
118969  -33.401  -12.709  -56.564 0.1428571492
126625  -20.148  -29.113  -58.821 0.1428571492
129532  -22.899  -6.355  -63.726 0.2857142985
131905  -21.222  -6.185  -63.314 0.2857142985
135094  -22.946  -24.302  -59.590 0.2857142985
