#!ascii label  , from subject sub-v1s1x0050644_ses-1 vox2ras=TkReg
1109
42352  27.222  -53.193  -7.662 0.0000000000
61715  42.985  -32.609  -13.095 0.0000000000
50936  34.973  -43.938  -12.416 0.0000000000
35210  11.683  -60.950  5.102 0.0000000000
131176  22.536  -55.085  -1.427 0.0000000000
56387  35.700  -38.732  -11.443 0.0000000000
34338  17.154  -60.814  0.668 0.0000000000
35252  15.050  -60.978  2.865 0.0000000000
33416  19.802  -62.023  -2.661 0.0000000000
60849  48.149  -33.596  -14.405 0.0000000000
46988  29.399  -48.868  -6.003 0.0000000000
48860  29.995  -45.621  -7.633 0.0000000000
44276  32.463  -51.761  -7.009 0.0000000000
64575  46.216  -29.689  -12.713 0.0000000000
65541  48.001  -28.738  -16.069 0.0000000000
61694  39.713  -31.821  -10.181 0.0000000000
58256  42.786  -36.307  -11.836 0.0000000000
57291  38.224  -36.913  -12.097 0.0000000000
119423  39.408  -42.839  -12.066 0.0000000000
38404  27.475  -58.059  -3.982 0.0000000000
31117  9.314  -65.090  6.966 0.0000000000
31094  7.304  -64.715  10.920 0.0000000000
29992  5.692  -65.034  15.008 0.0000000000
41387  24.579  -54.351  -4.815 0.0000000000
36407  24.098  -59.366  -2.533 0.0000000000
138233  30.661  -41.555  -8.682 0.0000000000
116861  34.726  -45.144  -7.325 0.0000000000
69132  50.505  -24.603  -17.404 0.0000000000
60852  45.229  -33.898  -13.959 0.0000000000
59178  44.852  -36.063  -13.626 0.0000000000
45190  27.605  -50.679  -7.115 0.0000000000
46114  29.084  -49.926  -9.317 0.0000000000
43311  29.350  -52.521  -7.965 0.0000000000
62666  43.589  -31.702  -11.386 0.0000000000
130094  46.319  -30.833  -10.802 0.0000000000
62677  45.308  -31.724  -12.626 0.0000000000
62698  46.431  -31.557  -14.239 0.0000000000
25837  5.005  -69.562  13.645 0.0000000000
59976  38.516  -34.744  -11.220 0.0000000000
59968  36.942  -34.929  -9.966 0.0000000000
53882  35.222  -41.200  -12.709 0.0000000000
54792  37.230  -40.516  -13.454 0.0000000000
51926  37.224  -43.273  -12.559 0.0000000000
49881  37.379  -45.962  -10.855 0.0000000000
137520  12.995  -60.723  3.054 0.0000000000
33312  14.560  -62.178  3.750 0.0000000000
33315  11.813  -63.428  4.377 0.0000000000
30140  11.517  -65.089  5.621 0.0000000000
33281  10.466  -62.830  6.240 0.0000000000
33220  8.303  -62.570  10.669 0.0000000000
30014  6.695  -64.874  13.157 0.0000000000
40369  23.785  -54.689  -3.152 0.0000000000
38425  23.872  -56.981  -4.221 0.0000000000
38409  22.385  -57.232  -3.520 0.0000000000
31234  19.921  -64.790  0.464 0.0000000000
33370  22.472  -63.984  -0.679 0.0000000000
47960  33.336  -47.477  -6.465 0.0000000000
50821  32.089  -44.818  -6.634 0.0000000000
58205  36.433  -36.579  -8.376 0.0000000000
54760  35.367  -40.432  -10.358 0.0000000000
53856  34.096  -41.682  -11.297 0.0000000000
33362  17.981  -63.104  1.195 0.0000000000
33326  16.882  -62.876  3.552 0.0000000000
35292  16.025  -60.291  1.790 0.0000000000
36331  14.351  -59.002  1.861 0.0000000000
37303  12.684  -58.630  4.755 0.0000000000
37422  20.643  -58.589  -3.274 0.0000000000
36397  19.236  -58.859  -1.870 0.0000000000
33380  18.699  -62.714  -0.886 0.0000000000
48818  29.638  -47.088  -3.850 0.0000000000
50810  28.699  -44.351  -5.529 0.0000000000
47977  29.410  -46.982  -7.735 0.0000000000
47020  31.596  -48.635  -9.015 0.0000000000
67313  47.636  -26.813  -15.161 0.0000000000
64592  46.461  -29.417  -14.526 0.0000000000
63697  47.694  -30.853  -14.799 0.0000000000
61703  41.027  -32.070  -12.009 0.0000000000
59181  42.410  -35.098  -13.241 0.0000000000
59985  40.063  -33.948  -11.872 0.0000000000
57289  40.257  -36.708  -11.912 0.0000000000
55603  41.190  -39.306  -12.486 0.0000000000
57304  36.671  -37.775  -12.124 0.0000000000
54790  38.780  -39.939  -13.430 0.0000000000
40406  26.963  -55.702  -6.038 0.0000000000
41386  29.851  -55.050  -5.170 0.0000000000
63648  42.682  -30.748  -9.338 0.0000000000
35195  10.497  -60.769  7.707 0.0000000000
33245  9.205  -62.707  8.360 0.0000000000
30057  8.019  -65.050  8.971 0.0000000000
28049  7.170  -67.813  8.986 0.0000000000
28027  5.990  -67.608  11.130 0.0000000000
28007  5.642  -67.123  12.995 0.0000000000
27986  4.832  -67.037  15.403 0.0000000000
27973  4.131  -66.784  17.672 0.0000000000
124198  24.834  -54.178  -6.882 0.0000000000
39406  25.108  -56.735  -5.135 0.0000000000
37403  25.458  -59.028  -3.201 0.0000000000
34354  21.997  -61.075  -2.495 0.0000000000
52902  32.384  -42.995  -11.062 0.0000000000
50840  29.449  -44.046  -7.693 0.0000000000
50878  31.645  -44.514  -9.239 0.0000000000
49900  33.987  -45.473  -11.268 0.0000000000
42305  32.660  -53.647  -4.711 0.0000000000
68261  52.425  -25.388  -18.882 0.0000000000
66427  48.901  -26.900  -17.117 0.0000000000
66443  50.882  -27.362  -18.334 0.0000000000
60839  44.456  -33.577  -13.685 0.0000000000
60001  45.125  -34.720  -14.224 0.0000000000
60840  43.616  -33.988  -13.783 0.0000000000
44292  27.061  -52.112  -7.485 0.0000000000
43326  28.408  -52.175  -8.383 0.0000000000
42351  27.993  -53.241  -7.917 0.0000000000
62679  43.611  -32.256  -12.559 0.0000000000
62665  44.505  -31.760  -11.596 0.0000000000
61714  43.992  -32.532  -12.955 0.0000000000
133628  45.033  -32.589  -13.192 0.0000000000
25813  4.966  -69.847  15.405 0.0000000000
60794  37.715  -33.706  -8.339 0.0000000000
124520  37.266  -34.415  -8.021 0.0000000000
52929  34.571  -42.426  -12.521 0.0000000000
52938  36.223  -41.949  -13.161 0.0000000000
129303  35.635  -43.418  -12.653 0.0000000000
50918  37.353  -44.616  -11.770 0.0000000000
50920  35.475  -44.820  -12.036 0.0000000000
35228  12.136  -61.124  4.234 0.0000000000
34272  12.383  -61.990  3.909 0.0000000000
34273  11.738  -61.833  4.619 0.0000000000
33301  11.347  -62.676  4.970 0.0000000000
33280  11.007  -62.310  5.904 0.0000000000
120836  22.573  -55.125  -2.304 0.0000000000
39390  22.546  -56.461  -3.493 0.0000000000
39375  21.582  -56.097  -2.670 0.0000000000
31207  19.560  -65.006  2.171 0.0000000000
51806  29.835  -43.453  -4.488 0.0000000000
47935  34.289  -47.309  -5.236 0.0000000000
53855  34.842  -41.188  -11.032 0.0000000000
116197  34.948  -40.810  -9.601 0.0000000000
33363  17.479  -62.233  1.088 0.0000000000
34310  17.016  -61.759  1.819 0.0000000000
34323  16.729  -60.872  1.441 0.0000000000
37325  15.083  -58.333  1.689 0.0000000000
37312  14.109  -57.994  2.808 0.0000000000
37313  13.511  -58.580  3.074 0.0000000000
37396  19.704  -58.035  -1.635 0.0000000000
123752  17.597  -60.623  -0.051 0.0000000000
35317  18.208  -60.876  -0.937 0.0000000000
34336  18.118  -62.218  -0.353 0.0000000000
124372  18.449  -63.033  -0.107 0.0000000000
121257  29.048  -46.859  -5.531 0.0000000000
47003  28.933  -48.349  -7.068 0.0000000000
44302  31.231  -50.997  -8.558 0.0000000000
46112  30.666  -49.241  -9.584 0.0000000000
45207  32.406  -50.048  -8.599 0.0000000000
46093  33.517  -49.489  -7.763 0.0000000000
121756  34.045  -51.265  -7.182 0.0000000000
63664  46.247  -30.796  -11.501 0.0000000000
65519  46.504  -28.216  -13.745 0.0000000000
64583  46.266  -29.295  -13.741 0.0000000000
61736  46.402  -32.525  -14.250 0.0000000000
126463  46.856  -30.852  -14.485 0.0000000000
128872  48.229  -32.181  -14.522 0.0000000000
62657  40.401  -31.640  -10.691 0.0000000000
133412  40.860  -32.681  -12.452 0.0000000000
61705  39.612  -32.684  -11.510 0.0000000000
58259  38.767  -36.169  -11.679 0.0000000000
59164  39.245  -35.369  -11.481 0.0000000000
57290  39.281  -36.722  -12.081 0.0000000000
57300  40.782  -37.512  -12.210 0.0000000000
56394  40.062  -38.325  -12.629 0.0000000000
118317  35.783  -37.852  -10.236 0.0000000000
57275  35.891  -37.076  -10.780 0.0000000000
56386  36.071  -38.127  -11.896 0.0000000000
52936  38.001  -41.855  -13.204 0.0000000000
54791  38.173  -40.647  -13.595 0.0000000000
53889  39.121  -40.857  -13.412 0.0000000000
53880  40.592  -41.276  -12.502 0.0000000000
39404  27.050  -56.814  -4.978 0.0000000000
40387  28.245  -56.232  -4.895 0.0000000000
62626  40.461  -31.479  -8.685 0.0000000000
62642  41.251  -31.009  -9.320 0.0000000000
62655  42.371  -31.203  -10.586 0.0000000000
34290  16.029  -61.444  3.331 0.0000000000
34270  15.187  -62.163  4.163 0.0000000000
30119  10.487  -65.665  6.193 0.0000000000
30095  11.331  -65.825  6.856 0.0000000000
29098  9.903  -66.551  7.002 0.0000000000
29099  9.362  -66.735  7.293 0.0000000000
126448  9.813  -60.752  8.886 0.0000000000
34215  9.949  -61.266  8.314 0.0000000000
34206  9.106  -61.566  9.425 0.0000000000
31086  7.705  -63.974  10.936 0.0000000000
32200  8.211  -63.586  9.498 0.0000000000
30046  7.521  -65.133  9.864 0.0000000000
30058  7.642  -66.155  8.850 0.0000000000
29036  6.882  -66.526  10.200 0.0000000000
28039  6.207  -67.909  10.231 0.0000000000
29021  6.682  -66.200  11.063 0.0000000000
31072  6.422  -64.955  13.852 0.0000000000
28987  5.875  -66.156  13.429 0.0000000000
131861  5.645  -66.216  14.235 0.0000000000
28972  5.504  -66.931  13.928 0.0000000000
28958  5.527  -65.855  14.862 0.0000000000
42295  26.039  -53.477  -3.679 0.0000000000
42319  25.537  -53.191  -5.828 0.0000000000
42310  24.609  -54.446  -5.645 0.0000000000
40408  25.130  -55.424  -6.278 0.0000000000
41408  24.409  -54.846  -5.584 0.0000000000
37418  23.912  -58.203  -3.419 0.0000000000
38407  24.314  -57.773  -3.940 0.0000000000
36406  24.849  -59.229  -2.853 0.0000000000
127914  20.358  -60.134  -3.406 0.0000000000
35349  20.969  -59.935  -3.472 0.0000000000
34355  21.070  -61.419  -2.947 0.0000000000
33369  23.376  -63.590  -0.370 0.0000000000
59171  42.188  -35.549  -12.399 0.0000000000
58271  43.548  -36.103  -12.276 0.0000000000
58255  43.452  -36.187  -11.533 0.0000000000
54733  31.799  -40.780  -8.511 0.0000000000
53836  31.915  -41.747  -9.904 0.0000000000
129905  31.082  -42.177  -9.792 0.0000000000
49834  28.927  -45.255  -6.815 0.0000000000
50841  29.105  -44.539  -7.151 0.0000000000
49832  29.917  -44.828  -7.621 0.0000000000
50836  33.371  -44.790  -6.811 0.0000000000
118386  32.044  -44.405  -7.849 0.0000000000
49854  32.572  -45.038  -8.689 0.0000000000
49867  32.479  -45.042  -9.883 0.0000000000
49865  33.961  -46.121  -8.881 0.0000000000
48890  35.689  -46.766  -9.485 0.0000000000
41403  31.086  -54.175  -5.272 0.0000000000
68251  50.931  -25.036  -18.221 0.0000000000
66413  47.365  -27.561  -15.560 0.0000000000
67312  48.257  -26.330  -15.665 0.0000000000
65552  48.514  -28.270  -16.586 0.0000000000
65561  50.449  -28.460  -17.689 0.0000000000
65560  51.143  -28.862  -17.870 0.0000000000
36376  17.401  -59.786  0.316 0.0000000000
36377  16.905  -59.517  0.575 0.0000000000
60851  46.589  -34.029  -14.446 0.0000000000
128749  48.450  -35.074  -14.062 0.0000000000
60000  46.411  -34.892  -14.451 0.0000000000
46086  28.427  -49.506  -7.034 0.0000000000
46094  28.763  -48.942  -7.632 0.0000000000
45210  28.236  -50.456  -8.433 0.0000000000
44304  29.376  -51.405  -8.860 0.0000000000
43309  31.070  -52.195  -7.376 0.0000000000
63658  45.810  -30.951  -10.272 0.0000000000
62652  45.123  -31.413  -10.903 0.0000000000
62664  45.299  -31.577  -11.743 0.0000000000
62676  45.780  -31.204  -12.951 0.0000000000
63685  45.925  -30.370  -13.482 0.0000000000
62690  45.571  -31.666  -13.329 0.0000000000
134340  45.731  -32.695  -13.809 0.0000000000
25852  5.100  -69.791  12.538 0.0000000000
61684  38.997  -32.018  -8.886 0.0000000000
135744  38.668  -32.842  -10.713 0.0000000000
60807  38.085  -33.192  -9.741 0.0000000000
59967  37.445  -34.599  -10.360 0.0000000000
58260  37.211  -36.119  -11.133 0.0000000000
55609  35.654  -39.764  -12.431 0.0000000000
55608  36.191  -39.230  -12.745 0.0000000000
53893  35.907  -41.238  -13.121 0.0000000000
52937  37.132  -41.904  -13.207 0.0000000000
51925  38.083  -43.119  -12.363 0.0000000000
50917  38.218  -44.368  -11.583 0.0000000000
49880  38.694  -45.368  -10.737 0.0000000000
36403  27.571  -59.563  -2.906 0.0000000000
128828  14.182  -60.832  2.649 0.0000000000
34291  14.854  -61.554  3.476 0.0000000000
33328  13.471  -62.147  3.339 0.0000000000
32290  13.197  -63.158  3.684 0.0000000000
31150  12.782  -64.383  4.684 0.0000000000
31153  10.749  -64.514  5.509 0.0000000000
32247  10.057  -64.248  6.304 0.0000000000
33219  8.741  -62.069  10.038 0.0000000000
32171  7.879  -63.227  11.381 0.0000000000
31087  7.412  -64.047  11.608 0.0000000000
124677  7.083  -64.696  11.729 0.0000000000
31078  7.041  -64.254  12.450 0.0000000000
134583  6.893  -63.671  13.731 0.0000000000
31064  6.568  -64.013  14.616 0.0000000000
41373  23.870  -54.572  -4.100 0.0000000000
40388  23.912  -55.389  -5.043 0.0000000000
40389  23.319  -55.603  -4.100 0.0000000000
38408  23.137  -56.913  -3.759 0.0000000000
37406  22.658  -58.493  -3.284 0.0000000000
32376  19.987  -63.457  -1.522 0.0000000000
33378  20.823  -63.523  -1.399 0.0000000000
32335  20.720  -64.861  -0.157 0.0000000000
57287  42.477  -36.981  -11.585 0.0000000000
53787  30.429  -41.645  -6.952 0.0000000000
48858  31.903  -46.211  -7.012 0.0000000000
49831  30.924  -44.933  -7.153 0.0000000000
48843  32.649  -45.978  -6.309 0.0000000000
50808  33.329  -45.087  -5.917 0.0000000000
69125  50.116  -24.293  -15.681 0.0000000000
25800  4.099  -69.699  17.272 0.0000000000
56340  36.960  -38.408  -7.720 0.0000000000
56360  36.095  -38.718  -9.464 0.0000000000
55586  35.531  -39.618  -10.706 0.0000000000
54761  35.083  -40.803  -11.209 0.0000000000
53871  34.681  -41.259  -11.986 0.0000000000
51930  33.948  -42.645  -12.227 0.0000000000
31208  18.592  -64.713  2.535 0.0000000000
32311  17.881  -64.199  3.056 0.0000000000
32312  17.416  -63.256  2.845 0.0000000000
123332  16.692  -62.273  2.762 0.0000000000
35274  15.744  -60.860  2.777 0.0000000000
126923  16.024  -59.620  1.164 0.0000000000
35293  15.426  -59.653  1.540 0.0000000000
35276  14.184  -59.881  2.214 0.0000000000
35253  13.433  -60.283  2.724 0.0000000000
36279  12.459  -59.668  4.209 0.0000000000
36267  12.199  -59.366  5.119 0.0000000000
38396  20.872  -56.642  -2.371 0.0000000000
38382  20.260  -57.297  -2.082 0.0000000000
37397  19.685  -58.661  -2.498 0.0000000000
34371  19.534  -61.362  -2.817 0.0000000000
36388  18.737  -59.135  -1.082 0.0000000000
34372  18.993  -61.261  -2.213 0.0000000000
34356  19.291  -61.978  -2.292 0.0000000000
32354  19.017  -63.502  -0.575 0.0000000000
32324  19.115  -64.475  0.684 0.0000000000
49778  29.942  -45.636  -3.068 0.0000000000
50799  29.090  -44.544  -4.251 0.0000000000
49805  28.934  -46.083  -4.947 0.0000000000
48846  28.831  -45.943  -6.654 0.0000000000
48877  29.883  -46.675  -8.029 0.0000000000
47021  29.340  -48.410  -8.954 0.0000000000
47999  30.560  -47.932  -9.127 0.0000000000
137868  31.373  -47.401  -8.507 0.0000000000
137004  32.411  -48.118  -7.991 0.0000000000
46084  34.900  -49.489  -6.484 0.0000000000
67301  47.848  -26.645  -13.693 0.0000000000
66406  46.703  -27.782  -14.419 0.0000000000
64607  46.824  -28.829  -15.098 0.0000000000
63698  46.156  -30.654  -14.105 0.0000000000
138721  47.152  -30.334  -14.811 0.0000000000
119479  42.286  -32.376  -12.704 0.0000000000
60841  42.713  -33.569  -13.432 0.0000000000
60842  41.900  -33.598  -13.168 0.0000000000
59994  41.461  -34.091  -12.871 0.0000000000
59172  41.857  -35.244  -12.050 0.0000000000
59975  39.315  -34.373  -11.468 0.0000000000
59163  40.221  -35.409  -11.670 0.0000000000
58257  42.053  -36.418  -11.896 0.0000000000
57288  41.696  -37.193  -11.884 0.0000000000
131542  42.318  -38.788  -12.074 0.0000000000
59126  36.497  -35.604  -8.674 0.0000000000
136206  36.700  -35.989  -10.625 0.0000000000
57303  37.514  -37.630  -12.307 0.0000000000
135358  36.737  -38.900  -12.866 0.0000000000
56396  37.930  -38.261  -12.787 0.0000000000
56395  38.985  -38.155  -12.772 0.0000000000
128302  40.089  -39.832  -13.024 0.0000000000
41428  26.876  -54.445  -7.124 0.0000000000
41427  27.894  -54.398  -6.917 0.0000000000
40405  28.078  -55.629  -5.604 0.0000000000
40368  29.996  -56.058  -4.277 0.0000000000
62654  43.290  -31.325  -10.640 0.0000000000
62667  42.675  -31.612  -11.354 0.0000000000
36260  11.507  -59.653  6.546 0.0000000000
36250  11.284  -59.206  7.558 0.0000000000
34235  10.781  -61.151  6.892 0.0000000000
34236  10.623  -61.987  6.639 0.0000000000
33260  9.615  -63.061  7.527 0.0000000000
32215  9.072  -63.596  7.985 0.0000000000
33233  8.922  -62.394  9.202 0.0000000000
31107  8.683  -64.052  8.366 0.0000000000
30097  8.822  -65.455  7.527 0.0000000000
29081  8.198  -66.854  7.968 0.0000000000
28060  7.738  -68.101  8.482 0.0000000000
26911  5.613  -68.221  11.601 0.0000000000
29001  6.516  -65.925  11.923 0.0000000000
28017  5.809  -67.361  12.050 0.0000000000
28018  5.352  -68.018  12.533 0.0000000000
28008  5.226  -67.825  13.520 0.0000000000
26878  4.952  -68.431  15.081 0.0000000000
26867  4.783  -68.358  15.954 0.0000000000
29980  5.025  -65.635  16.330 0.0000000000
27972  4.636  -67.537  16.140 0.0000000000
26862  4.499  -68.269  16.783 0.0000000000
43299  26.333  -52.456  -7.007 0.0000000000
43284  26.072  -52.503  -6.091 0.0000000000
41446  25.679  -53.976  -7.327 0.0000000000
40423  25.498  -54.979  -6.877 0.0000000000
39422  26.473  -56.353  -5.685 0.0000000000
38422  26.800  -57.545  -4.633 0.0000000000
39407  24.165  -56.358  -4.879 0.0000000000
38423  25.746  -57.671  -4.588 0.0000000000
37415  26.795  -58.738  -3.711 0.0000000000
37421  21.391  -58.248  -3.414 0.0000000000
36422  21.940  -58.772  -3.432 0.0000000000
36395  23.397  -59.860  -2.344 0.0000000000
34348  22.205  -62.503  -1.559 0.0000000000
34347  23.122  -62.167  -1.262 0.0000000000
35314  24.258  -61.257  -1.389 0.0000000000
59180  43.237  -35.315  -13.497 0.0000000000
134680  33.996  -41.124  -9.784 0.0000000000
52901  33.257  -42.291  -11.228 0.0000000000
51909  33.496  -43.320  -12.032 0.0000000000
51816  29.164  -43.523  -5.257 0.0000000000
52837  29.651  -42.947  -6.923 0.0000000000
52861  30.370  -42.991  -8.457 0.0000000000
50839  30.505  -44.490  -7.905 0.0000000000
50862  30.492  -44.016  -8.444 0.0000000000
52883  30.661  -42.749  -9.318 0.0000000000
50902  31.361  -44.010  -10.273 0.0000000000
50923  32.658  -44.436  -11.413 0.0000000000
50921  34.472  -44.806  -11.954 0.0000000000
49883  35.620  -46.045  -11.008 0.0000000000
42331  29.359  -53.631  -6.976 0.0000000000
42329  31.112  -53.042  -6.314 0.0000000000
43281  32.668  -52.656  -5.848 0.0000000000
42303  34.303  -53.332  -4.591 0.0000000000
43279  34.510  -52.368  -5.895 0.0000000000
69141  52.663  -24.586  -18.816 0.0000000000
68245  49.214  -25.311  -15.697 0.0000000000
68253  49.624  -25.727  -17.192 0.0000000000
65563  49.053  -27.775  -17.067 0.0000000000
66426  49.602  -27.282  -17.422 0.0000000000
68252  50.251  -25.385  -17.645 0.0000000000
67332  51.329  -26.699  -18.623 0.0000000000
66456  51.985  -27.208  -19.132 0.0000000000
61727  43.693  -33.176  -13.408 0.0000000000
60853  44.421  -34.369  -13.978 0.0000000000
43314  26.861  -52.752  -7.477 0.0000000000
42369  27.940  -52.623  -8.096 0.0000000000
61726  44.615  -32.842  -13.241 0.0000000000
118859  4.937  -69.094  15.685 0.0000000000
51928  35.092  -42.960  -12.726 0.0000000000
50935  35.943  -44.094  -12.406 0.0000000000
34254  11.281  -61.666  5.457 0.0000000000
40356  22.145  -55.623  -2.693 0.0000000000
39360  21.888  -55.376  -1.964 0.0000000000
31192  19.333  -65.223  3.057 0.0000000000
31191  20.293  -65.483  2.673 0.0000000000
115429  30.365  -43.775  -3.624 0.0000000000
34337  17.570  -61.657  0.290 0.0000000000
34322  17.189  -61.457  1.043 0.0000000000
34350  17.976  -61.467  -0.464 0.0000000000
47950  29.135  -47.752  -6.142 0.0000000000
44289  31.750  -51.533  -7.708 0.0000000000
45197  32.164  -50.717  -8.297 0.0000000000
44288  32.767  -51.185  -7.679 0.0000000000
44287  33.618  -50.905  -7.584 0.0000000000
44275  33.348  -51.531  -7.103 0.0000000000
63674  46.064  -30.633  -12.409 0.0000000000
64564  46.467  -30.111  -11.752 0.0000000000
117934  46.508  -28.718  -12.923 0.0000000000
61735  47.453  -32.727  -14.493 0.0000000000
61734  48.566  -32.856  -14.278 0.0000000000
25865  5.414  -69.830  11.497 0.0000000000
61704  40.311  -32.113  -11.477 0.0000000000
61693  39.808  -32.111  -10.950 0.0000000000
57301  39.724  -37.445  -12.336 0.0000000000
130021  38.903  -37.334  -12.416 0.0000000000
56372  35.739  -38.712  -10.474 0.0000000000
57276  35.851  -37.901  -11.139 0.0000000000
52925  38.468  -42.417  -12.689 0.0000000000
53881  38.840  -41.695  -13.033 0.0000000000
52924  39.369  -42.312  -12.449 0.0000000000
38421  27.688  -57.292  -4.507 0.0000000000
137280  28.212  -58.364  -3.551 0.0000000000
62644  39.678  -31.753  -9.267 0.0000000000
62643  40.441  -31.354  -9.754 0.0000000000
35227  15.401  -61.457  3.455 0.0000000000
34269  15.640  -62.115  3.885 0.0000000000
30120  9.829  -65.510  6.424 0.0000000000
29110  10.010  -66.107  6.524 0.0000000000
30096  9.435  -66.045  6.977 0.0000000000
128506  9.548  -61.235  8.974 0.0000000000
31093  7.689  -64.309  10.356 0.0000000000
128047  7.171  -66.029  9.716 0.0000000000
30047  7.067  -65.644  10.543 0.0000000000
31065  6.265  -64.660  14.473 0.0000000000
30004  5.951  -65.460  14.183 0.0000000000
41372  25.047  -54.125  -3.729 0.0000000000
135515  25.806  -53.876  -3.427 0.0000000000
42296  25.421  -53.882  -4.332 0.0000000000
42309  25.045  -53.847  -5.413 0.0000000000
37405  23.479  -58.730  -3.020 0.0000000000
37404  24.238  -58.828  -3.042 0.0000000000
36394  24.938  -59.910  -2.257 0.0000000000
132268  24.199  -60.013  -2.087 0.0000000000
34370  20.194  -61.480  -3.080 0.0000000000
34369  20.651  -60.721  -3.327 0.0000000000
33415  20.528  -62.288  -2.522 0.0000000000
59161  42.317  -35.828  -12.160 0.0000000000
59160  42.855  -36.096  -12.180 0.0000000000
53786  30.904  -40.982  -7.400 0.0000000000
53798  30.960  -40.994  -8.288 0.0000000000
53837  31.216  -41.364  -9.160 0.0000000000
132876  30.678  -41.926  -9.200 0.0000000000
49833  29.358  -45.213  -7.304 0.0000000000
49830  33.894  -45.035  -7.447 0.0000000000
50860  32.981  -44.779  -7.521 0.0000000000
49853  33.496  -45.313  -8.278 0.0000000000
135031  34.618  -46.203  -8.475 0.0000000000
48874  35.332  -46.498  -8.506 0.0000000000
70009  50.838  -23.876  -17.018 0.0000000000
69131  51.267  -24.257  -17.888 0.0000000000
65542  47.314  -28.364  -15.653 0.0000000000
65553  47.775  -27.841  -16.220 0.0000000000
36355  17.372  -59.019  0.708 0.0000000000
35303  17.888  -59.553  0.226 0.0000000000
61737  45.998  -33.405  -14.094 0.0000000000
115475  45.869  -34.323  -14.252 0.0000000000
59187  45.144  -35.553  -14.135 0.0000000000
59186  46.163  -35.806  -14.333 0.0000000000
45198  28.009  -50.188  -7.568 0.0000000000
43325  28.978  -52.076  -8.533 0.0000000000
44305  28.685  -51.528  -8.677 0.0000000000
43324  29.804  -51.869  -8.317 0.0000000000
44290  30.735  -51.704  -8.067 0.0000000000
43310  30.252  -52.372  -7.689 0.0000000000
62653  44.209  -31.410  -10.730 0.0000000000
62638  44.835  -31.154  -10.021 0.0000000000
62678  44.907  -31.905  -12.204 0.0000000000
62663  45.792  -31.236  -12.057 0.0000000000
60838  45.280  -33.059  -13.505 0.0000000000
61671  38.665  -32.632  -8.589 0.0000000000
61685  38.544  -32.562  -9.314 0.0000000000
60793  38.126  -33.154  -8.930 0.0000000000
59962  37.175  -34.328  -9.619 0.0000000000
58242  37.194  -35.381  -10.650 0.0000000000
54775  35.220  -40.551  -12.232 0.0000000000
54785  35.694  -40.492  -12.932 0.0000000000
52927  36.712  -42.632  -12.938 0.0000000000
52926  37.598  -42.544  -12.837 0.0000000000
51907  38.567  -43.623  -11.868 0.0000000000
51908  37.716  -43.832  -12.058 0.0000000000
49897  36.935  -45.426  -11.456 0.0000000000
49896  37.916  -45.203  -11.198 0.0000000000
128715  38.111  -45.855  -10.686 0.0000000000
48898  37.831  -46.470  -10.311 0.0000000000
62611  40.095  -31.976  -7.820 0.0000000000
34292  13.316  -61.201  3.052 0.0000000000
33314  12.454  -62.938  4.011 0.0000000000
33329  12.858  -62.433  3.582 0.0000000000
32271  13.505  -63.848  4.191 0.0000000000
32272  12.475  -63.867  4.170 0.0000000000
31174  12.107  -64.460  4.632 0.0000000000
32273  11.814  -64.173  4.530 0.0000000000
33302  10.926  -63.092  5.594 0.0000000000
32259  11.196  -63.796  5.048 0.0000000000
32246  10.477  -63.776  5.811 0.0000000000
133563  10.358  -64.404  5.856 0.0000000000
32231  10.044  -63.408  6.687 0.0000000000
115137  7.856  -62.819  12.151 0.0000000000
32156  7.528  -63.468  12.241 0.0000000000
120342  7.212  -63.577  13.015 0.0000000000
136229  6.718  -63.817  14.186 0.0000000000
40354  24.084  -54.392  -2.159 0.0000000000
41358  24.779  -54.314  -2.853 0.0000000000
40370  23.317  -55.114  -3.684 0.0000000000
37419  23.030  -57.867  -3.518 0.0000000000
32336  19.584  -64.239  -0.203 0.0000000000
32352  20.322  -64.037  -0.871 0.0000000000
53774  30.504  -41.765  -6.078 0.0000000000
52836  30.000  -42.355  -6.507 0.0000000000
47961  32.573  -46.933  -6.712 0.0000000000
47949  33.082  -46.744  -6.166 0.0000000000
126192  34.644  -47.076  -4.663 0.0000000000
48817  34.131  -46.580  -5.347 0.0000000000
137734  34.189  -45.834  -5.453 0.0000000000
120876  3.642  -69.053  17.570 0.0000000000
133058  36.277  -38.025  -8.751 0.0000000000
118132  35.317  -40.123  -11.492 0.0000000000
53872  34.091  -41.979  -12.078 0.0000000000
135971  33.724  -42.101  -11.630 0.0000000000
33347  18.005  -63.892  2.000 0.0000000000
34311  16.374  -61.109  2.472 0.0000000000
36378  16.392  -59.197  0.826 0.0000000000
36356  15.744  -59.063  1.056 0.0000000000
36357  15.094  -59.048  1.432 0.0000000000
36330  14.785  -59.551  1.831 0.0000000000
35277  13.732  -59.343  2.452 0.0000000000
37302  13.296  -57.981  4.242 0.0000000000
36278  12.937  -59.099  3.720 0.0000000000
38381  20.605  -56.489  -1.226 0.0000000000
36411  19.470  -59.371  -2.663 0.0000000000
35339  19.273  -60.387  -2.686 0.0000000000
34349  18.488  -61.831  -1.115 0.0000000000
35329  18.638  -61.273  -1.570 0.0000000000
34357  18.865  -61.790  -1.818 0.0000000000
33399  19.035  -62.398  -1.644 0.0000000000
33379  19.339  -63.133  -1.321 0.0000000000
136417  18.300  -63.304  0.547 0.0000000000
32325  18.459  -63.918  1.026 0.0000000000
31219  18.817  -64.568  1.582 0.0000000000
48803  29.383  -46.105  -3.923 0.0000000000
47962  29.063  -47.331  -7.184 0.0000000000
48845  28.943  -46.684  -6.476 0.0000000000
47963  29.041  -46.418  -7.113 0.0000000000
46104  28.618  -49.805  -8.988 0.0000000000
46103  28.818  -48.990  -8.675 0.0000000000
47022  29.097  -49.160  -9.229 0.0000000000
46111  31.347  -49.297  -9.397 0.0000000000
47028  30.279  -48.551  -9.398 0.0000000000
135220  30.821  -47.341  -8.663 0.0000000000
47989  31.130  -47.917  -8.995 0.0000000000
47019  32.321  -48.732  -8.454 0.0000000000
45186  34.891  -50.343  -6.860 0.0000000000
45187  34.299  -49.643  -7.197 0.0000000000
63657  46.680  -30.699  -10.178 0.0000000000
67296  48.001  -26.880  -12.914 0.0000000000
66395  47.358  -27.207  -13.355 0.0000000000
65529  46.533  -28.543  -14.442 0.0000000000
65543  46.757  -28.014  -15.117 0.0000000000
122637  45.900  -31.234  -13.696 0.0000000000
128856  47.411  -31.656  -14.551 0.0000000000
62680  41.995  -31.903  -12.145 0.0000000000
61728  42.064  -32.935  -13.111 0.0000000000
61716  41.539  -32.484  -12.618 0.0000000000
60831  40.446  -33.194  -12.380 0.0000000000
116227  40.797  -33.976  -12.413 0.0000000000
59984  41.272  -34.713  -12.267 0.0000000000
59974  40.597  -34.713  -11.927 0.0000000000
60822  38.685  -33.845  -11.240 0.0000000000
61706  38.856  -33.031  -11.196 0.0000000000
58258  39.767  -36.087  -11.678 0.0000000000
129857  40.668  -36.010  -11.663 0.0000000000
131960  41.218  -35.924  -11.748 0.0000000000
123014  41.209  -36.535  -11.808 0.0000000000
56393  40.948  -38.467  -12.483 0.0000000000
56392  41.694  -38.633  -12.256 0.0000000000
55602  41.931  -39.418  -12.212 0.0000000000
58221  36.263  -36.369  -9.345 0.0000000000
57293  36.269  -37.326  -11.530 0.0000000000
58261  36.436  -36.543  -11.112 0.0000000000
57292  37.089  -36.900  -11.739 0.0000000000
54784  36.055  -39.870  -13.081 0.0000000000
55616  36.786  -39.641  -13.210 0.0000000000
55615  37.791  -39.768  -13.401 0.0000000000
55606  38.399  -39.016  -13.176 0.0000000000
55605  39.486  -39.214  -13.064 0.0000000000
54783  39.555  -40.113  -13.275 0.0000000000
40422  26.400  -55.092  -6.748 0.0000000000
41407  27.436  -55.029  -6.432 0.0000000000
39389  28.969  -56.904  -3.980 0.0000000000
39402  29.077  -56.317  -4.457 0.0000000000
62639  43.863  -31.047  -9.963 0.0000000000
62640  42.970  -30.945  -9.961 0.0000000000
119130  41.708  -31.525  -11.331 0.0000000000
32289  17.395  -63.613  3.685 0.0000000000
32288  17.880  -64.309  3.936 0.0000000000
30117  11.697  -65.434  6.358 0.0000000000
36259  11.916  -59.033  5.953 0.0000000000
35187  10.719  -59.918  7.976 0.0000000000
138908  10.921  -59.235  8.314 0.0000000000
35194  11.014  -60.253  7.143 0.0000000000
34225  10.263  -61.620  7.420 0.0000000000
33244  9.813  -62.183  7.941 0.0000000000
32183  8.519  -62.904  9.789 0.0000000000
31100  8.261  -64.143  8.916 0.0000000000
115451  8.401  -64.802  8.212 0.0000000000
30076  8.246  -65.797  8.104 0.0000000000
29059  7.133  -66.880  9.271 0.0000000000
29082  7.626  -67.363  8.449 0.0000000000
29037  6.378  -67.046  10.630 0.0000000000
126786  5.942  -68.442  10.777 0.0000000000
30025  6.818  -65.153  12.256 0.0000000000
30026  6.330  -65.643  12.775 0.0000000000
29002  6.030  -66.469  12.448 0.0000000000
26900  5.063  -68.752  13.039 0.0000000000
27997  5.073  -67.590  14.589 0.0000000000
122937  4.837  -67.785  15.426 0.0000000000
29977  4.450  -66.236  17.061 0.0000000000
131805  4.368  -67.203  16.952 0.0000000000
121746  4.082  -67.607  17.436 0.0000000000
44279  26.836  -51.668  -6.864 0.0000000000
43266  26.059  -52.543  -5.050 0.0000000000
42334  25.640  -53.226  -6.748 0.0000000000
128294  25.225  -53.814  -7.119 0.0000000000
41429  25.931  -54.443  -7.219 0.0000000000
41430  25.197  -54.296  -7.151 0.0000000000
39423  25.524  -56.265  -5.829 0.0000000000
39405  26.102  -56.923  -5.157 0.0000000000
39408  23.490  -56.207  -4.335 0.0000000000
37417  24.798  -58.563  -3.503 0.0000000000
38406  25.095  -57.953  -4.065 0.0000000000
37416  25.816  -58.493  -3.793 0.0000000000
37402  26.206  -59.125  -3.176 0.0000000000
37401  26.950  -59.171  -3.135 0.0000000000
38397  20.833  -57.573  -3.064 0.0000000000
122050  21.365  -56.884  -3.019 0.0000000000
35338  21.451  -60.500  -3.149 0.0000000000
36409  21.745  -59.609  -3.255 0.0000000000
36408  22.727  -59.236  -2.945 0.0000000000
35337  22.377  -60.162  -2.767 0.0000000000
33377  21.835  -63.371  -1.250 0.0000000000
34335  23.684  -62.711  -0.732 0.0000000000
34346  23.927  -61.948  -1.049 0.0000000000
35315  23.453  -61.380  -1.555 0.0000000000
59993  42.141  -34.280  -13.298 0.0000000000
59992  42.941  -34.507  -13.593 0.0000000000
53813  34.278  -40.783  -8.956 0.0000000000
53814  33.337  -40.947  -9.163 0.0000000000
53857  32.604  -42.103  -10.556 0.0000000000
52915  33.052  -42.963  -11.585 0.0000000000
51910  32.733  -43.673  -11.603 0.0000000000
50800  28.772  -44.484  -4.857 0.0000000000
51807  29.076  -43.968  -4.605 0.0000000000
50822  29.082  -43.707  -6.943 0.0000000000
51838  29.849  -43.225  -7.668 0.0000000000
50838  31.574  -44.569  -7.410 0.0000000000
50861  31.127  -44.268  -8.342 0.0000000000
50879  30.945  -44.007  -9.242 0.0000000000
50880  30.618  -43.547  -8.924 0.0000000000
51875  30.873  -43.523  -9.653 0.0000000000
52882  31.075  -43.090  -10.124 0.0000000000
49885  33.204  -45.399  -10.541 0.0000000000
49886  32.513  -44.891  -10.803 0.0000000000
49901  33.072  -45.105  -11.281 0.0000000000
50922  33.503  -44.705  -11.749 0.0000000000
49899  35.060  -45.522  -11.560 0.0000000000
121256  34.794  -45.929  -10.909 0.0000000000
48889  36.623  -46.977  -9.641 0.0000000000
41405  29.424  -54.725  -5.869 0.0000000000
41426  28.896  -54.251  -6.568 0.0000000000
42318  29.831  -54.054  -6.256 0.0000000000
42306  31.828  -53.847  -4.914 0.0000000000
42317  30.683  -53.770  -5.934 0.0000000000
42316  31.467  -53.480  -5.603 0.0000000000
43282  31.863  -52.818  -5.918 0.0000000000
42315  32.263  -53.248  -5.354 0.0000000000
43264  33.940  -52.852  -5.165 0.0000000000
69142  51.827  -24.790  -18.510 0.0000000000
67309  47.841  -26.499  -14.405 0.0000000000
67317  48.493  -26.567  -16.439 0.0000000000
68250  48.769  -25.838  -16.083 0.0000000000
68249  49.368  -25.459  -16.463 0.0000000000
67316  49.080  -26.136  -16.805 0.0000000000
66425  50.326  -27.557  -17.818 0.0000000000
135017  50.046  -26.863  -17.658 0.0000000000
67320  50.088  -26.175  -17.730 0.0000000000
67333  50.542  -26.765  -18.102 0.0000000000
68263  50.737  -25.924  -18.247 0.0000000000
60002  44.485  -35.046  -14.107 0.0000000000
44278  27.292  -51.392  -7.425 0.0000000000
45199  27.774  -50.986  -7.922 0.0000000000
44291  27.584  -51.757  -8.053 0.0000000000
43312  28.535  -52.614  -8.125 0.0000000000
42350  28.886  -53.153  -7.654 0.0000000000
133348  43.814  -32.024  -11.995 0.0000000000
130012  44.308  -32.139  -12.352 0.0000000000
61713  44.826  -32.268  -12.822 0.0000000000
117134  4.990  -69.251  14.731 0.0000000000
138126  38.378  -33.213  -8.301 0.0000000000
59947  37.084  -34.234  -8.833 0.0000000000
59963  36.748  -34.869  -9.248 0.0000000000
52928  35.326  -42.038  -12.939 0.0000000000
120898  35.844  -42.705  -12.920 0.0000000000
51927  36.364  -43.371  -12.665 0.0000000000
50934  36.841  -44.005  -12.258 0.0000000000
50919  36.424  -44.764  -11.932 0.0000000000
35254  12.621  -61.090  3.411 0.0000000000
126274  11.915  -62.588  4.337 0.0000000000
32155  7.621  -62.936  12.842 0.0000000000
40355  23.230  -54.885  -2.699 0.0000000000
40371  22.751  -55.635  -3.239 0.0000000000
39374  22.139  -56.062  -3.123 0.0000000000
39391  21.917  -56.676  -3.266 0.0000000000
31218  19.762  -64.895  1.264 0.0000000000
31217  20.655  -65.178  0.802 0.0000000000
31206  20.678  -65.302  1.783 0.0000000000
52818  30.405  -42.753  -4.875 0.0000000000
135451  34.118  -47.916  -6.004 0.0000000000
47948  33.619  -47.046  -5.745 0.0000000000
132198  34.562  -47.884  -5.277 0.0000000000
53833  35.245  -40.740  -10.194 0.0000000000
53834  34.540  -41.201  -10.438 0.0000000000
33348  17.464  -62.761  1.958 0.0000000000
37345  15.581  -58.493  1.224 0.0000000000
38316  15.317  -57.502  2.110 0.0000000000
37326  14.530  -58.088  2.236 0.0000000000
37327  13.984  -58.636  2.383 0.0000000000
36396  19.278  -58.417  -0.959 0.0000000000
35316  17.993  -59.865  -0.363 0.0000000000
33371  17.950  -62.585  0.428 0.0000000000
48819  29.298  -46.972  -4.569 0.0000000000
47937  29.328  -47.608  -5.099 0.0000000000
45209  30.710  -50.510  -9.219 0.0000000000
46113  29.774  -49.354  -9.455 0.0000000000
45220  30.987  -49.872  -9.548 0.0000000000
45208  31.620  -50.138  -9.057 0.0000000000
46102  32.026  -49.402  -8.814 0.0000000000
46101  32.758  -49.477  -8.285 0.0000000000
45196  33.063  -50.307  -8.047 0.0000000000
44286  34.289  -50.617  -7.317 0.0000000000
44274  34.695  -51.143  -6.909 0.0000000000
64563  47.180  -29.715  -11.214 0.0000000000
66392  46.792  -27.820  -13.098 0.0000000000
137115  46.888  -32.102  -14.443 0.0000000000
62697  48.431  -31.455  -14.674 0.0000000000
136371  40.914  -31.631  -11.248 0.0000000000
61717  40.288  -32.614  -12.085 0.0000000000
59986  39.866  -33.100  -12.031 0.0000000000
55604  40.419  -39.187  -12.753 0.0000000000
136770  36.247  -37.106  -8.858 0.0000000000
57260  35.985  -37.180  -9.727 0.0000000000
53891  37.616  -41.263  -13.490 0.0000000000
53890  38.358  -41.273  -13.469 0.0000000000
124975  39.747  -41.479  -12.860 0.0000000000
39421  27.440  -56.252  -5.325 0.0000000000
118682  27.768  -56.684  -4.822 0.0000000000
39403  28.378  -56.840  -4.435 0.0000000000
62609  41.422  -31.243  -7.559 0.0000000000
62625  41.325  -31.109  -8.399 0.0000000000
62641  42.105  -30.909  -9.776 0.0000000000
62656  41.302  -31.203  -10.412 0.0000000000
33327  16.231  -62.303  3.550 0.0000000000
130068  16.993  -63.199  4.157 0.0000000000
30141  10.953  -65.205  5.649 0.0000000000
30118  11.194  -65.598  6.117 0.0000000000
29109  10.549  -66.121  6.771 0.0000000000
28057  9.714  -67.115  7.575 0.0000000000
28068  8.901  -67.235  7.570 0.0000000000
36239  10.478  -59.643  8.713 0.0000000000
35188  10.214  -60.399  8.450 0.0000000000
34216  9.416  -61.875  8.701 0.0000000000
119235  8.001  -63.521  10.322 0.0000000000
116797  7.946  -64.279  9.675 0.0000000000
28038  6.703  -67.408  9.771 0.0000000000
30015  6.252  -65.411  13.478 0.0000000000
28973  5.281  -66.628  14.734 0.0000000000
28959  5.125  -66.205  15.506 0.0000000000
132176  3.922  -67.123  17.920 0.0000000000
42320  24.912  -53.858  -6.442 0.0000000000
40424  24.870  -54.682  -6.688 0.0000000000
41409  24.708  -54.502  -6.284 0.0000000000
40409  24.556  -55.048  -5.958 0.0000000000
39424  24.639  -55.836  -5.581 0.0000000000
125007  23.618  -57.550  -3.805 0.0000000000
36405  25.616  -59.552  -2.750 0.0000000000
36424  20.492  -59.449  -3.349 0.0000000000
32333  22.902  -64.389  0.132 0.0000000000
33361  23.717  -63.984  0.389 0.0000000000
59983  41.809  -34.835  -12.686 0.0000000000
59170  42.813  -35.818  -12.953 0.0000000000
54714  31.615  -40.596  -7.744 0.0000000000
53815  32.296  -41.101  -9.237 0.0000000000
52881  31.722  -42.571  -10.393 0.0000000000
50823  28.765  -44.575  -6.330 0.0000000000
131675  29.533  -44.576  -7.507 0.0000000000
50837  32.525  -44.579  -6.967 0.0000000000
49866  33.281  -45.535  -9.429 0.0000000000
49884  34.112  -46.025  -10.094 0.0000000000
48901  35.189  -46.350  -10.246 0.0000000000
48875  34.784  -46.435  -9.286 0.0000000000
40385  30.336  -55.472  -4.657 0.0000000000
41404  30.308  -54.512  -5.623 0.0000000000
41385  30.700  -54.860  -4.952 0.0000000000
41384  31.450  -54.582  -4.636 0.0000000000
41383  32.212  -54.312  -4.297 0.0000000000
66420  47.838  -27.005  -16.062 0.0000000000
66419  48.363  -27.364  -16.639 0.0000000000
65579  50.954  -28.104  -18.183 0.0000000000
65578  51.638  -28.508  -18.452 0.0000000000
127539  17.166  -60.188  0.504 0.0000000000
60850  47.350  -33.784  -14.540 0.0000000000
59998  47.920  -34.489  -14.441 0.0000000000
59999  47.159  -34.682  -14.506 0.0000000000
126850  45.738  -35.080  -14.369 0.0000000000
46085  28.949  -49.136  -6.517 0.0000000000
46095  28.408  -49.619  -8.113 0.0000000000
45211  28.200  -51.297  -8.451 0.0000000000
125691  28.718  -50.663  -9.002 0.0000000000
45223  29.196  -50.473  -9.274 0.0000000000
44303  30.276  -51.245  -8.806 0.0000000000
62651  45.814  -31.202  -11.199 0.0000000000
62689  45.798  -31.977  -13.891 0.0000000000
61725  45.318  -32.263  -13.316 0.0000000000
138798  46.749  -33.277  -14.412 0.0000000000
61695  39.115  -32.423  -10.686 0.0000000000
117694  39.029  -32.123  -9.726 0.0000000000
129835  38.557  -32.670  -10.151 0.0000000000
60814  38.311  -33.356  -10.628 0.0000000000
60808  37.521  -33.680  -9.269 0.0000000000
60815  37.648  -33.831  -10.110 0.0000000000
59966  38.008  -34.202  -10.839 0.0000000000
59977  37.812  -34.916  -10.955 0.0000000000
59165  38.109  -35.603  -11.260 0.0000000000
123891  37.894  -36.350  -11.533 0.0000000000
55599  35.557  -39.406  -11.735 0.0000000000
56398  35.856  -38.900  -12.204 0.0000000000
54793  36.357  -40.478  -13.254 0.0000000000
53892  36.725  -41.228  -13.328 0.0000000000
51924  38.899  -42.959  -12.190 0.0000000000
50916  39.023  -44.104  -11.341 0.0000000000
50900  38.648  -44.742  -11.109 0.0000000000
49879  39.286  -45.482  -10.341 0.0000000000
37414  27.606  -58.829  -3.385 0.0000000000
37400  28.454  -58.977  -2.938 0.0000000000
62627  39.690  -31.911  -8.557 0.0000000000
130104  14.016  -61.602  3.029 0.0000000000
34293  12.875  -61.776  3.393 0.0000000000
33313  14.173  -63.147  3.787 0.0000000000
31152  11.504  -64.645  5.132 0.0000000000
31131  10.270  -64.961  5.977 0.0000000000
31132  9.727  -64.808  6.468 0.0000000000
30036  6.953  -65.402  11.428 0.0000000000
31071  6.873  -64.128  13.243 0.0000000000
129431  6.642  -64.324  13.905 0.0000000000
41388  24.005  -54.778  -5.025 0.0000000000
41374  23.623  -55.075  -4.444 0.0000000000
39409  23.035  -56.188  -3.760 0.0000000000
136050  23.466  -59.278  -2.680 0.0000000000
33397  20.397  -62.962  -1.872 0.0000000000
32351  21.369  -64.211  -0.860 0.0000000000
32334  21.872  -64.643  -0.049 0.0000000000
31216  21.344  -65.348  1.135 0.0000000000
32323  21.364  -65.176  0.493 0.0000000000
32322  22.210  -65.048  0.851 0.0000000000
57286  43.204  -36.677  -11.244 0.0000000000
130670  30.436  -41.644  -7.915 0.0000000000
48859  30.966  -45.680  -7.318 0.0000000000
48844  31.863  -45.329  -6.602 0.0000000000
49816  32.611  -45.170  -6.206 0.0000000000
48831  33.354  -46.268  -5.928 0.0000000000
49804  33.062  -45.469  -6.005 0.0000000000
50820  32.928  -44.887  -6.300 0.0000000000
50819  33.702  -44.920  -6.245 0.0000000000
50835  34.211  -44.934  -6.799 0.0000000000
69128  50.246  -24.372  -16.534 0.0000000000
64605  48.301  -29.538  -15.799 0.0000000000
64617  48.753  -29.123  -16.367 0.0000000000
117208  4.528  -69.237  16.855 0.0000000000
58197  36.758  -36.885  -7.712 0.0000000000
56341  36.543  -37.499  -7.993 0.0000000000
137156  35.951  -37.920  -9.539 0.0000000000
55573  35.866  -39.458  -9.806 0.0000000000
53883  34.726  -41.745  -12.525 0.0000000000
51929  34.327  -43.227  -12.396 0.0000000000
35304  16.588  -60.044  0.884 0.0000000000
35275  15.027  -60.277  2.189 0.0000000000
36302  13.215  -59.525  2.959 0.0000000000
36303  12.802  -60.164  3.320 0.0000000000
134763  12.376  -60.489  3.903 0.0000000000
35209  12.115  -60.279  4.707 0.0000000000
35202  11.821  -60.032  5.619 0.0000000000
39361  21.231  -55.868  -1.606 0.0000000000
37407  20.142  -58.177  -2.759 0.0000000000
38366  20.061  -57.156  -0.752 0.0000000000
36410  20.019  -59.010  -3.073 0.0000000000
36425  19.848  -59.842  -3.221 0.0000000000
34385  19.884  -60.677  -3.296 0.0000000000
120773  18.975  -59.623  -2.073 0.0000000000
35328  18.663  -60.423  -1.704 0.0000000000
33398  19.724  -62.697  -2.085 0.0000000000
32353  19.620  -63.729  -0.950 0.0000000000
32337  18.773  -63.795  0.216 0.0000000000
50798  29.599  -44.205  -3.909 0.0000000000
49779  29.419  -45.022  -3.686 0.0000000000
49790  28.907  -45.219  -4.441 0.0000000000
49791  28.684  -45.182  -5.432 0.0000000000
48832  28.747  -46.047  -5.902 0.0000000000
49817  28.757  -45.421  -6.238 0.0000000000
48862  29.024  -45.793  -7.067 0.0000000000
48861  29.425  -46.071  -7.434 0.0000000000
48876  30.424  -46.586  -8.059 0.0000000000
47012  29.175  -48.091  -8.091 0.0000000000
47029  29.640  -48.651  -9.273 0.0000000000
48000  29.922  -48.026  -9.116 0.0000000000
47991  29.711  -47.598  -8.543 0.0000000000
47990  30.219  -47.394  -8.671 0.0000000000
47976  31.215  -46.721  -7.969 0.0000000000
47975  32.053  -47.254  -7.830 0.0000000000
47002  32.852  -47.846  -7.309 0.0000000000
47011  32.943  -48.728  -7.807 0.0000000000
47001  33.684  -48.549  -7.048 0.0000000000
47000  34.378  -48.823  -6.508 0.0000000000
66405  47.306  -27.109  -14.270 0.0000000000
66396  46.774  -27.579  -13.791 0.0000000000
127403  47.104  -27.447  -14.921 0.0000000000
64606  47.533  -29.244  -15.513 0.0000000000
63686  46.028  -29.974  -14.163 0.0000000000
64591  46.506  -30.132  -14.484 0.0000000000
130921  47.025  -29.706  -14.991 0.0000000000
60830  41.239  -33.267  -12.808 0.0000000000
60821  39.376  -33.464  -11.582 0.0000000000
122139  39.900  -34.790  -11.677 0.0000000000
59162  41.164  -35.354  -11.830 0.0000000000
124051  41.702  -35.847  -11.924 0.0000000000
56385  42.240  -37.944  -11.894 0.0000000000
57299  41.485  -37.931  -12.205 0.0000000000
59125  36.828  -34.827  -8.522 0.0000000000
59144  36.559  -35.610  -9.858 0.0000000000
117838  36.249  -36.403  -10.313 0.0000000000
56397  36.396  -38.529  -12.414 0.0000000000
128422  37.054  -38.308  -12.640 0.0000000000
55607  37.417  -38.947  -13.077 0.0000000000
57302  38.307  -37.653  -12.491 0.0000000000
54782  40.131  -40.616  -13.001 0.0000000000
124499  40.702  -39.960  -12.717 0.0000000000
129301  41.423  -40.112  -12.362 0.0000000000
41445  26.477  -53.890  -7.396 0.0000000000
42333  27.419  -53.798  -7.462 0.0000000000
41406  28.461  -54.879  -6.099 0.0000000000
40404  29.016  -55.261  -5.384 0.0000000000
127589  28.789  -55.831  -5.015 0.0000000000
40386  29.537  -55.712  -4.869 0.0000000000
125032  42.987  -32.043  -12.209 0.0000000000
37291  12.385  -58.615  5.522 0.0000000000
35203  11.262  -60.745  6.130 0.0000000000
133036  11.019  -61.576  6.240 0.0000000000
33259  10.127  -62.506  7.083 0.0000000000
32232  9.483  -64.077  7.063 0.0000000000
32199  8.707  -63.330  8.891 0.0000000000
121503  8.989  -64.512  7.732 0.0000000000
118654  8.772  -66.424  7.469 0.0000000000
28059  8.372  -67.804  8.113 0.0000000000
26943  6.717  -68.292  9.516 0.0000000000
26921  5.637  -69.061  11.159 0.0000000000
26912  5.285  -68.933  12.037 0.0000000000
29022  6.190  -66.744  11.533 0.0000000000
26889  5.053  -68.556  14.095 0.0000000000
132480  4.790  -68.969  16.403 0.0000000000
29993  5.395  -65.524  15.534 0.0000000000
28946  4.687  -66.632  16.226 0.0000000000
48802  30.007  -46.648  -3.187 0.0000000000
121609  27.214  -51.080  -6.738 0.0000000000
44267  26.519  -51.912  -6.270 0.0000000000
42353  26.166  -53.369  -7.259 0.0000000000
40407  25.953  -55.760  -6.394 0.0000000000
38424  24.688  -57.278  -4.539 0.0000000000
38405  26.537  -58.087  -4.112 0.0000000000
128656  21.672  -57.440  -3.346 0.0000000000
36423  21.169  -59.100  -3.456 0.0000000000
37420  22.141  -58.000  -3.486 0.0000000000
33396  21.203  -62.797  -1.823 0.0000000000
135347  21.604  -62.022  -2.278 0.0000000000
115001  22.578  -61.662  -1.873 0.0000000000
33376  22.861  -63.095  -1.048 0.0000000000
35327  22.941  -60.755  -2.095 0.0000000000
35326  23.842  -60.630  -1.871 0.0000000000
35325  24.628  -60.593  -1.763 0.0000000000
60003  43.781  -34.802  -13.870 0.0000000000
59179  44.171  -35.589  -13.677 0.0000000000
58279  43.512  -35.917  -13.190 0.0000000000
58278  44.224  -36.162  -13.158 0.0000000000
58241  43.837  -36.276  -10.656 0.0000000000
53835  33.588  -41.655  -10.541 0.0000000000
127246  32.972  -41.451  -9.891 0.0000000000
52914  33.568  -42.521  -11.819 0.0000000000
50937  33.960  -44.048  -12.165 0.0000000000
51815  29.752  -43.021  -5.276 0.0000000000
51825  28.830  -43.804  -5.912 0.0000000000
52828  29.429  -43.103  -6.096 0.0000000000
118845  30.072  -42.339  -7.326 0.0000000000
53816  30.420  -42.155  -8.647 0.0000000000
116057  29.902  -44.290  -7.965 0.0000000000
51857  30.071  -43.756  -8.255 0.0000000000
52903  31.681  -43.344  -10.605 0.0000000000
127482  31.951  -44.603  -10.295 0.0000000000
50901  32.077  -44.389  -10.824 0.0000000000
51891  32.042  -43.877  -11.073 0.0000000000
131728  33.184  -44.077  -11.914 0.0000000000
49898  36.000  -45.532  -11.594 0.0000000000
49882  36.507  -46.070  -10.993 0.0000000000
48900  36.115  -46.551  -10.368 0.0000000000
48899  36.989  -46.614  -10.383 0.0000000000
42332  28.385  -53.777  -7.332 0.0000000000
43298  29.784  -52.960  -7.285 0.0000000000
42330  30.290  -53.448  -6.679 0.0000000000
43297  30.629  -52.759  -7.005 0.0000000000
43296  31.235  -52.539  -6.799 0.0000000000
44277  31.720  -52.095  -6.904 0.0000000000
43295  32.233  -52.333  -6.412 0.0000000000
41382  33.144  -54.131  -4.038 0.0000000000
42304  33.493  -53.453  -4.626 0.0000000000
42314  33.083  -53.016  -5.217 0.0000000000
43280  33.551  -52.507  -5.876 0.0000000000
43294  33.046  -52.089  -6.448 0.0000000000
43293  34.044  -51.850  -6.579 0.0000000000
44264  35.083  -51.676  -6.408 0.0000000000
69126  49.601  -24.757  -15.277 0.0000000000
69129  49.681  -24.823  -16.106 0.0000000000
68248  49.860  -25.006  -16.922 0.0000000000
65562  49.776  -28.108  -17.402 0.0000000000
67321  49.528  -26.491  -17.349 0.0000000000
68262  51.612  -25.689  -18.579 0.0000000000
67331  52.161  -26.256  -18.962 0.0000000000
33368  24.114  -63.210  -0.097 0.0000000000
37367  16.866  -58.763  0.687 0.0000000000
43313  27.504  -52.453  -7.867 0.0000000000
44306  28.013  -52.024  -8.378 0.0000000000
44315  29.754  -50.689  -9.263 0.0000000000
44316  29.066  -50.966  -9.139 0.0000000000
45195  33.827  -50.209  -7.666 0.0000000000
45221  30.262  -49.992  -9.538 0.0000000000
45222  29.583  -50.107  -9.445 0.0000000000
46973  34.981  -48.210  -4.924 0.0000000000
47027  30.973  -48.514  -9.469 0.0000000000
47988  31.800  -48.001  -8.491 0.0000000000
49789  34.659  -46.225  -5.137 0.0000000000
49803  33.653  -45.704  -5.767 0.0000000000
49852  34.316  -45.498  -7.963 0.0000000000
50809  32.937  -45.050  -5.986 0.0000000000
50818  34.354  -44.902  -6.247 0.0000000000
53799  30.226  -42.446  -7.997 0.0000000000
58196  37.355  -36.775  -7.181 0.0000000000
61670  39.273  -32.306  -8.195 0.0000000000
62610  40.792  -31.507  -7.882 0.0000000000
128987  31.626  -52.560  -6.446 0.0000000000
130742  28.792  -43.959  -5.211 0.0000000000
133544  46.885  -35.432  -14.394 0.0000000000
134408  34.755  -46.703  -4.758 0.0000000000
