#!ascii label  , from subject sub-v1s1x0050644_ses-1 vox2ras=TkReg
1363
41173  13.021  -54.523  15.253 0.0000000000
35229  7.484  -60.097  4.307 0.0000000000
37173  4.568  -59.106  19.820 0.0000000000
43085  2.983  -53.002  13.449 0.0000000000
47818  7.687  -47.373  8.305 0.0000000000
41133  9.096  -55.320  20.129 0.0000000000
42130  7.226  -53.917  14.973 0.0000000000
39191  16.320  -57.068  15.018 0.0000000000
36116  11.846  -58.539  19.549 0.0000000000
34139  7.203  -60.938  19.372 0.0000000000
47715  5.483  -46.516  17.831 0.0000000000
45925  4.772  -50.307  10.596 0.0000000000
51578  8.285  -43.567  15.198 0.0000000000
33146  2.476  -62.889  17.563 0.0000000000
36181  2.483  -59.582  13.113 0.0000000000
40157  3.405  -56.959  15.766 0.0000000000
45864  5.992  -50.320  14.815 0.0000000000
121082  2.642  -57.452  8.216 0.0000000000
40266  4.387  -55.824  4.106 0.0000000000
120857  4.302  -53.786  0.067 0.0000000000
50691  3.654  -44.580  5.529 0.0000000000
42104  11.345  -54.457  18.319 0.0000000000
42120  10.304  -53.543  16.379 0.0000000000
125115  15.139  -56.328  15.981 0.0000000000
37170  14.726  -57.946  18.261 0.0000000000
40143  12.878  -55.857  18.712 0.0000000000
39152  10.388  -56.695  21.266 0.0000000000
50556  6.362  -44.926  17.611 0.0000000000
35086  2.729  -60.475  18.830 0.0000000000
37184  2.312  -59.020  17.034 0.0000000000
39171  4.005  -57.532  17.707 0.0000000000
44990  9.087  -50.754  12.816 0.0000000000
128383  6.130  -52.013  14.317 0.0000000000
35070  5.988  -59.804  21.020 0.0000000000
133784  5.653  -62.523  18.948 0.0000000000
33132  3.682  -62.148  19.589 0.0000000000
32118  2.731  -63.550  18.470 0.0000000000
125356  1.798  -56.143  13.042 0.0000000000
36221  2.040  -59.094  10.445 0.0000000000
41222  2.643  -55.018  11.109 0.0000000000
45922  6.988  -48.980  9.410 0.0000000000
43143  5.314  -52.693  8.085 0.0000000000
43151  8.151  -51.993  6.172 0.0000000000
40292  5.185  -55.113  1.985 0.0000000000
45072  7.558  -50.592  4.095 0.0000000000
39164  7.172  -57.118  20.164 0.0000000000
40147  6.211  -56.663  18.190 0.0000000000
41149  8.527  -54.878  17.718 0.0000000000
44006  10.049  -52.103  14.814 0.0000000000
36157  17.514  -58.600  14.097 0.0000000000
36175  15.124  -58.436  13.366 0.0000000000
35094  15.355  -58.433  16.329 0.0000000000
119549  12.589  -58.687  16.959 0.0000000000
35072  9.053  -59.612  19.898 0.0000000000
37153  8.291  -58.341  21.684 0.0000000000
45865  3.992  -49.364  14.658 0.0000000000
45010  3.715  -51.290  11.619 0.0000000000
47753  3.873  -47.620  14.153 0.0000000000
48655  5.599  -46.651  12.966 0.0000000000
116805  5.769  -44.053  11.963 0.0000000000
127846  14.478  -54.752  12.059 0.0000000000
34162  19.625  -60.347  11.996 0.0000000000
37216  22.016  -59.115  11.604 0.0000000000
39211  18.683  -57.388  12.210 0.0000000000
114596  16.743  -55.725  12.864 0.0000000000
133719  2.389  -64.152  15.270 0.0000000000
138305  3.624  -62.835  13.867 0.0000000000
125595  2.688  -61.127  15.498 0.0000000000
38203  1.724  -57.844  15.004 0.0000000000
41179  2.823  -54.719  14.182 0.0000000000
41163  5.597  -55.357  15.653 0.0000000000
42133  4.474  -53.284  14.887 0.0000000000
44009  4.028  -51.256  14.705 0.0000000000
46732  5.920  -47.761  16.303 0.0000000000
34183  4.973  -60.800  12.149 0.0000000000
126107  5.138  -59.963  9.041 0.0000000000
137757  3.931  -59.982  6.362 0.0000000000
42182  3.991  -54.326  9.242 0.0000000000
40255  3.572  -56.489  5.704 0.0000000000
36309  3.432  -59.384  3.046 0.0000000000
37351  2.324  -58.133  1.397 0.0000000000
38389  3.071  -57.328  -1.563 0.0000000000
51616  9.764  -43.395  13.313 0.0000000000
121842  5.916  -42.980  10.067 0.0000000000
52629  6.960  -42.384  8.297 0.0000000000
48724  5.075  -46.285  6.715 0.0000000000
45979  4.591  -49.229  4.103 0.0000000000
41159  12.125  -54.436  16.959 0.0000000000
43030  11.884  -53.702  16.422 0.0000000000
42128  12.630  -53.649  15.475 0.0000000000
41172  13.678  -55.298  15.379 0.0000000000
40150  13.973  -56.283  17.684 0.0000000000
40162  13.367  -55.403  16.826 0.0000000000
40144  12.301  -55.307  18.707 0.0000000000
34294  8.061  -61.336  3.424 0.0000000000
36305  7.394  -59.617  3.581 0.0000000000
36118  3.497  -59.829  19.380 0.0000000000
37179  2.591  -59.406  18.175 0.0000000000
38173  4.134  -58.804  19.018 0.0000000000
35159  16.541  -59.249  12.033 0.0000000000
36108  5.343  -59.641  20.581 0.0000000000
34136  4.754  -60.994  20.142 0.0000000000
35078  4.263  -60.369  19.998 0.0000000000
130650  3.133  -61.249  19.404 0.0000000000
122373  2.387  -54.995  12.924 0.0000000000
40211  2.079  -55.654  11.846 0.0000000000
41212  2.536  -54.728  11.925 0.0000000000
45921  7.769  -48.713  8.859 0.0000000000
45056  7.980  -50.754  7.768 0.0000000000
126131  8.674  -49.733  6.798 0.0000000000
117555  8.584  -51.520  4.913 0.0000000000
46857  8.227  -48.559  6.049 0.0000000000
39163  7.754  -56.657  20.250 0.0000000000
40145  7.866  -56.061  18.961 0.0000000000
41145  8.660  -54.872  18.711 0.0000000000
43995  10.535  -52.280  15.214 0.0000000000
44978  10.628  -50.551  12.858 0.0000000000
37185  17.027  -57.936  15.213 0.0000000000
36143  16.735  -58.375  15.077 0.0000000000
37181  16.188  -57.987  16.383 0.0000000000
37172  13.445  -58.107  19.312 0.0000000000
124058  13.217  -58.517  18.083 0.0000000000
115711  12.404  -58.661  18.321 0.0000000000
36109  10.549  -58.903  19.920 0.0000000000
40133  9.950  -55.672  20.697 0.0000000000
38154  9.248  -57.389  21.529 0.0000000000
39157  8.550  -56.626  20.879 0.0000000000
38165  7.644  -57.599  21.133 0.0000000000
46733  4.591  -47.911  15.912 0.0000000000
46758  3.788  -48.367  14.613 0.0000000000
48629  3.904  -46.847  16.094 0.0000000000
136666  7.182  -44.202  16.536 0.0000000000
50581  4.921  -44.756  15.166 0.0000000000
51581  5.660  -43.765  14.966 0.0000000000
50599  5.812  -44.718  12.667 0.0000000000
51606  6.395  -43.151  13.522 0.0000000000
38212  19.553  -57.967  11.950 0.0000000000
32134  2.392  -63.411  16.857 0.0000000000
33152  2.626  -62.857  16.163 0.0000000000
34151  2.608  -61.653  16.336 0.0000000000
38185  2.450  -57.797  16.491 0.0000000000
118928  1.870  -58.455  15.778 0.0000000000
39182  2.222  -57.357  15.434 0.0000000000
123576  2.170  -56.165  14.290 0.0000000000
40177  2.855  -55.269  14.526 0.0000000000
41151  7.056  -55.772  16.895 0.0000000000
40163  6.122  -55.921  16.513 0.0000000000
42124  6.940  -54.733  15.335 0.0000000000
44964  6.473  -50.735  14.260 0.0000000000
43056  5.096  -52.671  14.826 0.0000000000
44007  5.119  -50.993  14.851 0.0000000000
43058  3.762  -52.061  14.595 0.0000000000
129228  4.682  -50.650  14.987 0.0000000000
45850  5.110  -49.435  14.939 0.0000000000
46744  6.527  -48.504  15.283 0.0000000000
114760  14.339  -58.464  13.974 0.0000000000
36204  14.020  -58.148  12.529 0.0000000000
34138  7.789  -60.601  19.126 0.0000000000
117459  6.620  -61.980  17.101 0.0000000000
33143  6.506  -61.910  18.088 0.0000000000
32117  4.595  -63.865  18.703 0.0000000000
32122  5.179  -63.816  18.087 0.0000000000
33142  2.499  -63.111  17.858 0.0000000000
31046  2.286  -64.272  17.010 0.0000000000
34168  3.208  -60.762  14.251 0.0000000000
33169  4.411  -62.049  13.131 0.0000000000
35153  3.555  -60.287  12.597 0.0000000000
37256  2.333  -58.594  9.281 0.0000000000
115977  2.990  -59.840  9.998 0.0000000000
36244  2.756  -59.521  8.279 0.0000000000
36251  4.136  -60.064  7.645 0.0000000000
130870  2.504  -59.133  7.104 0.0000000000
45008  4.493  -50.543  10.955 0.0000000000
43123  4.052  -52.950  10.312 0.0000000000
44106  4.939  -52.098  9.488 0.0000000000
42212  4.992  -54.510  6.349 0.0000000000
41262  4.353  -55.224  6.861 0.0000000000
40254  3.831  -56.170  5.306 0.0000000000
135446  2.489  -57.944  4.863 0.0000000000
126347  2.522  -57.546  3.469 0.0000000000
36337  3.343  -59.239  2.178 0.0000000000
39299  3.007  -56.710  2.405 0.0000000000
41331  5.356  -54.297  1.056 0.0000000000
40311  2.772  -56.303  0.462 0.0000000000
40322  2.869  -55.667  -1.028 0.0000000000
51628  10.946  -43.371  12.006 0.0000000000
52575  7.798  -42.609  11.609 0.0000000000
52592  9.817  -42.698  10.846 0.0000000000
52673  5.911  -42.585  6.219 0.0000000000
52675  4.670  -43.144  6.947 0.0000000000
123863  5.024  -43.258  8.140 0.0000000000
48725  4.628  -45.916  6.173 0.0000000000
46860  5.255  -48.220  5.318 0.0000000000
46862  4.266  -47.741  4.753 0.0000000000
41136  10.338  -54.940  19.691 0.0000000000
42106  9.944  -54.288  18.172 0.0000000000
42109  11.067  -53.871  17.509 0.0000000000
135816  15.786  -56.626  15.531 0.0000000000
39172  15.967  -57.353  16.287 0.0000000000
39174  15.057  -56.929  16.789 0.0000000000
39161  13.639  -56.913  18.625 0.0000000000
38163  12.997  -57.459  19.695 0.0000000000
37155  11.768  -57.851  20.542 0.0000000000
40130  11.912  -56.028  19.903 0.0000000000
41130  11.027  -55.539  20.160 0.0000000000
123369  6.935  -46.480  19.541 0.0000000000
49589  5.843  -45.936  18.264 0.0000000000
49587  7.646  -45.668  19.319 0.0000000000
129971  8.222  -44.703  17.992 0.0000000000
50566  9.753  -44.317  16.849 0.0000000000
34147  2.549  -61.398  18.235 0.0000000000
128129  2.533  -60.969  17.618 0.0000000000
36125  2.509  -59.962  18.122 0.0000000000
37183  2.490  -58.900  17.358 0.0000000000
39177  3.614  -57.133  16.922 0.0000000000
43067  8.010  -52.594  13.887 0.0000000000
42142  6.655  -53.378  14.610 0.0000000000
43083  7.552  -51.883  13.541 0.0000000000
119473  6.906  -50.169  14.015 0.0000000000
45862  7.085  -49.323  14.386 0.0000000000
46729  7.661  -48.033  15.831 0.0000000000
118352  6.698  -60.299  20.887 0.0000000000
33134  6.100  -61.913  19.273 0.0000000000
34135  5.574  -60.891  20.404 0.0000000000
33135  4.603  -62.518  19.421 0.0000000000
32113  3.716  -63.517  19.213 0.0000000000
31036  3.541  -64.157  18.771 0.0000000000
33137  3.374  -62.860  19.321 0.0000000000
116806  2.641  -62.179  18.656 0.0000000000
38224  1.866  -57.717  12.721 0.0000000000
36210  2.073  -59.018  11.997 0.0000000000
38232  2.021  -57.943  11.951 0.0000000000
125657  2.132  -56.927  10.790 0.0000000000
133767  2.798  -56.466  9.400 0.0000000000
117086  5.542  -49.803  9.923 0.0000000000
44104  5.398  -51.702  9.045 0.0000000000
45058  6.233  -51.242  8.531 0.0000000000
43153  6.467  -52.727  6.886 0.0000000000
41266  6.048  -54.306  5.062 0.0000000000
40280  5.236  -55.257  2.826 0.0000000000
41279  7.243  -54.111  3.943 0.0000000000
43181  7.276  -52.974  2.684 0.0000000000
44166  6.378  -51.901  2.485 0.0000000000
51715  3.519  -44.132  4.904 0.0000000000
48748  3.545  -46.430  3.904 0.0000000000
49737  3.402  -45.467  3.403 0.0000000000
38168  5.491  -58.848  20.184 0.0000000000
38176  5.403  -57.699  18.849 0.0000000000
39168  6.824  -56.790  19.276 0.0000000000
40152  7.489  -55.947  17.978 0.0000000000
41160  8.324  -54.871  16.576 0.0000000000
42111  9.771  -54.030  17.239 0.0000000000
43045  9.196  -53.452  15.290 0.0000000000
43054  8.544  -53.032  14.587 0.0000000000
44048  9.217  -51.380  13.069 0.0000000000
133505  17.591  -59.031  13.668 0.0000000000
35150  16.380  -58.838  12.753 0.0000000000
135628  16.688  -58.600  13.993 0.0000000000
36128  15.274  -58.303  17.149 0.0000000000
35089  13.958  -58.528  16.980 0.0000000000
115365  12.005  -58.755  15.173 0.0000000000
35085  8.488  -60.225  18.796 0.0000000000
35080  8.390  -60.205  19.715 0.0000000000
37157  10.240  -58.377  21.028 0.0000000000
131502  8.609  -59.427  21.057 0.0000000000
35074  7.292  -60.045  21.037 0.0000000000
119135  6.947  -59.237  21.373 0.0000000000
38161  6.690  -58.628  20.977 0.0000000000
122721  3.350  -51.425  13.888 0.0000000000
126100  3.407  -51.788  12.631 0.0000000000
45882  3.552  -50.346  13.378 0.0000000000
129215  3.798  -49.324  12.622 0.0000000000
45899  4.200  -48.708  12.386 0.0000000000
49608  4.435  -46.116  15.125 0.0000000000
48656  4.704  -47.321  13.199 0.0000000000
47782  5.151  -48.124  11.933 0.0000000000
47781  6.002  -47.579  11.671 0.0000000000
47794  6.648  -47.246  10.978 0.0000000000
49644  6.590  -45.217  10.397 0.0000000000
41187  13.422  -54.707  14.606 0.0000000000
34163  18.867  -60.266  12.051 0.0000000000
36187  23.519  -60.120  11.412 0.0000000000
37227  24.824  -59.133  10.770 0.0000000000
122276  22.771  -60.369  11.717 0.0000000000
36171  20.984  -59.662  11.972 0.0000000000
36173  19.647  -59.609  12.436 0.0000000000
35113  18.931  -59.536  12.837 0.0000000000
37188  17.919  -57.965  13.891 0.0000000000
39203  17.212  -57.123  13.316 0.0000000000
40192  17.424  -56.610  12.859 0.0000000000
40184  16.808  -56.584  13.420 0.0000000000
132962  15.833  -55.800  14.060 0.0000000000
41185  14.599  -55.124  13.802 0.0000000000
34153  3.431  -61.661  14.486 0.0000000000
35139  2.342  -59.832  14.479 0.0000000000
35109  2.302  -59.876  16.146 0.0000000000
36150  2.101  -59.222  15.586 0.0000000000
37201  1.868  -58.795  14.198 0.0000000000
38214  1.738  -57.599  14.098 0.0000000000
40188  2.288  -55.446  13.829 0.0000000000
115893  2.891  -53.875  13.448 0.0000000000
39170  4.912  -57.359  17.927 0.0000000000
40155  4.827  -56.418  16.679 0.0000000000
40165  4.575  -55.996  15.641 0.0000000000
43055  5.914  -53.131  14.674 0.0000000000
41175  4.981  -54.360  15.230 0.0000000000
41165  3.976  -55.030  15.259 0.0000000000
41177  3.476  -53.891  14.508 0.0000000000
42135  3.372  -53.046  14.124 0.0000000000
44024  3.397  -51.646  14.213 0.0000000000
45852  3.979  -50.129  14.628 0.0000000000
46746  4.851  -48.608  15.331 0.0000000000
47727  5.897  -47.293  17.225 0.0000000000
47725  7.382  -47.581  16.807 0.0000000000
47713  7.300  -47.458  17.900 0.0000000000
114594  7.010  -47.035  19.517 0.0000000000
114852  6.620  -62.821  15.474 0.0000000000
33144  6.034  -62.669  18.042 0.0000000000
35164  3.606  -60.007  11.590 0.0000000000
36218  5.140  -60.225  10.578 0.0000000000
36268  6.523  -59.578  5.248 0.0000000000
122617  3.336  -53.645  11.233 0.0000000000
42183  3.592  -54.653  9.981 0.0000000000
40241  3.201  -56.227  8.110 0.0000000000
43145  4.787  -53.330  8.394 0.0000000000
41263  3.893  -55.536  7.301 0.0000000000
39259  2.915  -57.227  6.785 0.0000000000
129729  2.611  -58.948  5.556 0.0000000000
36284  3.598  -59.564  4.768 0.0000000000
36307  5.713  -59.463  3.710 0.0000000000
36335  5.591  -59.273  2.927 0.0000000000
39307  2.767  -56.715  1.457 0.0000000000
37390  2.733  -57.748  -0.053 0.0000000000
51562  10.080  -43.940  15.932 0.0000000000
51589  11.125  -43.592  14.094 0.0000000000
51603  9.100  -43.399  13.769 0.0000000000
52550  7.083  -42.851  13.090 0.0000000000
52578  5.795  -43.020  10.964 0.0000000000
118332  6.425  -45.045  9.470 0.0000000000
52609  6.802  -42.382  9.165 0.0000000000
50644  5.615  -44.267  8.817 0.0000000000
47828  6.702  -46.822  7.160 0.0000000000
46859  6.354  -48.318  5.467 0.0000000000
45074  5.434  -50.059  3.971 0.0000000000
44168  4.926  -51.185  2.355 0.0000000000
44175  4.779  -51.338  1.478 0.0000000000
42119  12.353  -54.140  16.291 0.0000000000
41158  12.923  -54.882  16.082 0.0000000000
41147  12.762  -54.896  17.118 0.0000000000
34295  7.747  -60.980  4.119 0.0000000000
35255  8.246  -60.771  3.014 0.0000000000
35256  7.862  -60.427  3.573 0.0000000000
37169  4.248  -59.622  19.852 0.0000000000
37174  3.809  -59.384  19.314 0.0000000000
35148  17.548  -59.866  12.041 0.0000000000
114463  17.042  -59.889  11.654 0.0000000000
35149  16.884  -59.400  12.459 0.0000000000
37168  5.008  -59.373  20.281 0.0000000000
36112  4.668  -59.888  20.236 0.0000000000
36113  3.931  -60.136  19.751 0.0000000000
41196  2.671  -54.238  13.136 0.0000000000
118159  2.578  -54.476  12.618 0.0000000000
42157  2.795  -53.513  12.916 0.0000000000
46826  7.835  -47.887  8.791 0.0000000000
45933  8.140  -48.464  8.183 0.0000000000
46838  8.245  -48.196  7.632 0.0000000000
45963  8.699  -49.033  6.517 0.0000000000
46849  8.372  -48.109  6.865 0.0000000000
40139  8.491  -55.627  19.980 0.0000000000
41139  8.316  -55.515  19.276 0.0000000000
41138  8.847  -55.020  19.507 0.0000000000
38191  16.667  -57.507  15.170 0.0000000000
37186  16.683  -58.111  15.667 0.0000000000
38180  16.420  -57.691  15.948 0.0000000000
37165  12.602  -58.274  19.664 0.0000000000
36122  12.860  -58.504  18.689 0.0000000000
36123  12.040  -58.675  18.963 0.0000000000
36124  11.483  -59.074  18.599 0.0000000000
115766  11.256  -58.895  19.371 0.0000000000
133648  10.547  -59.347  19.219 0.0000000000
137543  11.152  -58.608  19.864 0.0000000000
135136  9.365  -55.636  20.550 0.0000000000
40128  9.312  -56.207  20.977 0.0000000000
40134  8.786  -55.889  20.536 0.0000000000
40135  8.240  -56.291  20.368 0.0000000000
120937  5.183  -47.011  17.307 0.0000000000
47728  4.448  -47.100  16.544 0.0000000000
128605  4.787  -46.593  17.175 0.0000000000
51565  7.605  -43.907  16.028 0.0000000000
51567  5.855  -44.060  15.843 0.0000000000
51580  6.479  -43.661  15.211 0.0000000000
51594  5.548  -43.575  13.993 0.0000000000
51593  6.535  -43.413  14.340 0.0000000000
116809  2.473  -62.546  16.952 0.0000000000
39181  2.559  -57.499  15.960 0.0000000000
127710  2.031  -57.965  16.153 0.0000000000
125900  2.796  -56.924  15.256 0.0000000000
40168  2.538  -56.371  14.681 0.0000000000
40167  3.213  -56.138  14.869 0.0000000000
41161  7.488  -55.233  16.213 0.0000000000
41162  6.556  -55.408  15.870 0.0000000000
44965  5.813  -50.897  14.791 0.0000000000
44950  5.260  -50.288  14.908 0.0000000000
123765  5.939  -49.461  14.902 0.0000000000
34143  7.203  -61.188  18.659 0.0000000000
33139  6.675  -61.613  18.964 0.0000000000
31035  3.945  -64.108  18.911 0.0000000000
32123  2.423  -63.639  17.517 0.0000000000
32126  2.380  -63.754  17.199 0.0000000000
119655  2.289  -64.226  16.562 0.0000000000
35138  2.637  -60.066  13.735 0.0000000000
35137  3.275  -60.485  13.462 0.0000000000
35154  2.823  -59.965  12.834 0.0000000000
38255  2.455  -57.994  8.774 0.0000000000
36245  2.454  -59.160  8.783 0.0000000000
37267  2.401  -58.714  8.364 0.0000000000
36253  2.803  -59.516  7.388 0.0000000000
37275  2.419  -58.798  7.635 0.0000000000
45025  4.736  -50.874  10.431 0.0000000000
44090  4.648  -51.565  10.152 0.0000000000
45044  5.022  -51.368  9.894 0.0000000000
41267  5.207  -54.687  5.388 0.0000000000
41268  4.605  -55.080  5.676 0.0000000000
41283  4.230  -55.732  5.020 0.0000000000
39282  2.989  -56.973  3.784 0.0000000000
39281  3.718  -56.427  4.250 0.0000000000
39293  2.646  -57.168  2.919 0.0000000000
40282  3.883  -56.177  3.543 0.0000000000
42258  4.928  -53.717  0.651 0.0000000000
41333  3.895  -54.868  -0.122 0.0000000000
51627  11.476  -43.444  12.198 0.0000000000
115079  10.640  -43.060  11.382 0.0000000000
115201  9.683  -42.931  11.797 0.0000000000
52694  4.655  -43.328  6.039 0.0000000000
52674  5.043  -42.786  6.807 0.0000000000
51695  4.459  -43.678  6.449 0.0000000000
50674  4.622  -44.088  6.773 0.0000000000
49704  4.092  -45.144  5.814 0.0000000000
47841  4.345  -46.552  5.566 0.0000000000
48734  3.895  -46.112  4.990 0.0000000000
41142  10.904  -54.733  19.033 0.0000000000
42105  10.679  -54.236  18.289 0.0000000000
43040  12.178  -53.101  15.634 0.0000000000
136667  15.386  -56.197  15.367 0.0000000000
40160  15.489  -56.673  16.033 0.0000000000
40161  14.851  -56.432  16.476 0.0000000000
40142  13.552  -56.361  18.363 0.0000000000
38162  13.392  -57.190  19.184 0.0000000000
39162  13.200  -56.760  19.124 0.0000000000
39155  12.292  -56.631  20.060 0.0000000000
40129  12.678  -56.300  19.378 0.0000000000
41141  12.002  -54.851  18.249 0.0000000000
41134  11.633  -55.100  19.026 0.0000000000
41135  11.022  -55.227  19.663 0.0000000000
49588  6.782  -45.955  19.176 0.0000000000
50542  8.890  -45.042  18.674 0.0000000000
129972  9.651  -44.871  18.480 0.0000000000
50554  9.265  -44.577  17.798 0.0000000000
50553  10.278  -44.615  17.646 0.0000000000
35087  2.579  -60.667  18.352 0.0000000000
35092  2.479  -60.365  17.835 0.0000000000
38178  3.579  -58.297  18.223 0.0000000000
38179  2.782  -58.678  17.830 0.0000000000
38182  3.220  -57.962  17.365 0.0000000000
44035  8.321  -51.284  13.108 0.0000000000
45879  7.578  -49.920  13.537 0.0000000000
46757  7.627  -48.646  14.565 0.0000000000
46742  7.943  -48.193  15.221 0.0000000000
35075  6.088  -60.281  20.905 0.0000000000
34134  6.343  -60.790  20.376 0.0000000000
129640  4.086  -61.459  19.756 0.0000000000
33131  4.311  -61.935  19.671 0.0000000000
33136  3.938  -62.807  19.482 0.0000000000
35082  2.996  -60.807  19.309 0.0000000000
34144  2.743  -61.261  18.920 0.0000000000
33145  2.519  -62.447  18.113 0.0000000000
39221  1.679  -56.927  12.805 0.0000000000
122374  1.838  -57.201  12.040 0.0000000000
40220  2.295  -55.632  11.147 0.0000000000
39228  2.033  -56.211  11.314 0.0000000000
122243  2.361  -56.201  10.612 0.0000000000
39240  2.477  -56.841  10.025 0.0000000000
136501  2.697  -56.183  10.018 0.0000000000
45923  6.176  -49.472  9.671 0.0000000000
45936  6.003  -50.214  9.447 0.0000000000
45041  6.518  -50.606  8.876 0.0000000000
44116  8.144  -51.142  7.086 0.0000000000
44117  7.422  -51.429  7.562 0.0000000000
43152  7.439  -52.416  6.552 0.0000000000
43161  7.010  -53.083  6.135 0.0000000000
42209  7.417  -53.279  5.277 0.0000000000
42221  6.958  -53.951  4.753 0.0000000000
43167  8.151  -52.703  4.925 0.0000000000
45071  8.272  -50.930  4.261 0.0000000000
43173  8.407  -52.245  3.937 0.0000000000
45082  7.866  -51.287  3.587 0.0000000000
44165  7.223  -52.245  2.690 0.0000000000
44155  7.058  -51.515  2.962 0.0000000000
117567  4.576  -43.213  4.954 0.0000000000
125831  3.569  -43.826  4.269 0.0000000000
50733  3.378  -44.992  3.780 0.0000000000
50732  3.421  -44.631  3.122 0.0000000000
38170  6.681  -57.757  20.326 0.0000000000
39165  6.626  -57.372  19.780 0.0000000000
41146  8.127  -55.462  18.392 0.0000000000
41150  7.882  -55.438  17.317 0.0000000000
42110  10.463  -53.889  17.406 0.0000000000
43044  10.114  -53.075  15.419 0.0000000000
43053  9.572  -52.744  14.899 0.0000000000
44021  9.040  -52.489  14.214 0.0000000000
44020  9.574  -51.863  13.802 0.0000000000
36158  17.592  -58.907  13.901 0.0000000000
117913  17.181  -58.976  13.534 0.0000000000
35101  16.976  -58.697  14.070 0.0000000000
35093  16.092  -58.425  15.687 0.0000000000
35103  15.584  -58.512  15.399 0.0000000000
35104  15.053  -58.554  15.125 0.0000000000
38174  15.309  -57.599  17.288 0.0000000000
37182  15.635  -57.919  17.047 0.0000000000
36120  14.986  -58.179  17.849 0.0000000000
36130  12.844  -58.609  17.641 0.0000000000
131599  13.457  -58.537  17.509 0.0000000000
124820  13.341  -58.587  16.961 0.0000000000
36136  13.290  -58.621  16.119 0.0000000000
36137  12.294  -58.728  16.095 0.0000000000
36138  11.681  -58.910  16.964 0.0000000000
133525  10.394  -59.236  16.317 0.0000000000
36117  9.615  -59.552  19.317 0.0000000000
114546  8.890  -59.771  19.294 0.0000000000
38157  11.172  -57.551  21.010 0.0000000000
37156  11.014  -58.091  20.796 0.0000000000
38158  10.383  -57.801  21.304 0.0000000000
38155  8.539  -57.664  21.611 0.0000000000
37159  8.816  -58.648  21.612 0.0000000000
36104  8.225  -59.079  21.530 0.0000000000
36111  7.987  -59.680  21.070 0.0000000000
36105  7.391  -59.414  21.415 0.0000000000
37160  7.515  -58.733  21.515 0.0000000000
38166  7.114  -57.902  20.800 0.0000000000
38167  6.368  -58.439  20.554 0.0000000000
45866  3.727  -50.239  14.267 0.0000000000
44982  3.533  -50.865  13.405 0.0000000000
45881  3.576  -49.973  13.681 0.0000000000
46771  3.752  -48.476  13.737 0.0000000000
45891  3.673  -49.273  13.348 0.0000000000
46782  3.899  -48.568  12.995 0.0000000000
114693  4.111  -49.474  11.837 0.0000000000
47767  4.047  -47.799  13.380 0.0000000000
49595  5.729  -45.353  17.621 0.0000000000
49598  4.647  -45.703  16.624 0.0000000000
49597  5.271  -45.212  16.842 0.0000000000
49615  5.151  -45.489  13.896 0.0000000000
48637  4.687  -46.198  14.296 0.0000000000
48646  5.073  -46.421  13.607 0.0000000000
47774  4.974  -47.651  12.625 0.0000000000
47795  5.554  -48.291  11.314 0.0000000000
48663  5.764  -47.161  12.332 0.0000000000
118871  6.098  -44.626  11.847 0.0000000000
49633  6.317  -45.431  11.837 0.0000000000
49632  6.603  -45.512  11.205 0.0000000000
48673  6.904  -46.155  10.829 0.0000000000
49645  6.215  -44.688  10.937 0.0000000000
121352  13.835  -54.795  13.818 0.0000000000
41195  13.624  -54.350  13.122 0.0000000000
41203  13.870  -54.411  12.232 0.0000000000
34179  19.564  -60.731  11.517 0.0000000000
137136  18.882  -61.060  11.015 0.0000000000
126573  18.890  -60.777  11.424 0.0000000000
37229  22.568  -58.993  11.030 0.0000000000
37240  24.352  -58.852  10.174 0.0000000000
37228  23.712  -59.241  10.726 0.0000000000
37215  22.985  -59.555  11.212 0.0000000000
36188  22.422  -59.761  11.657 0.0000000000
35126  21.905  -60.140  11.888 0.0000000000
36189  21.506  -59.354  11.898 0.0000000000
36172  20.108  -59.378  12.306 0.0000000000
36156  19.174  -59.125  12.911 0.0000000000
38213  18.821  -57.847  12.401 0.0000000000
39202  18.136  -57.512  12.869 0.0000000000
38202  17.657  -57.575  13.623 0.0000000000
39212  17.857  -57.113  12.635 0.0000000000
40201  18.073  -55.928  12.034 0.0000000000
114771  17.567  -56.040  12.648 0.0000000000
115570  16.645  -56.121  13.387 0.0000000000
40185  16.316  -56.246  14.049 0.0000000000
129014  16.181  -55.711  13.510 0.0000000000
41202  14.983  -54.930  12.655 0.0000000000
41193  15.036  -55.043  13.232 0.0000000000
41194  14.265  -54.804  12.954 0.0000000000
41186  14.125  -55.268  14.525 0.0000000000
132801  2.374  -64.847  14.813 0.0000000000
32144  2.546  -64.123  14.545 0.0000000000
33161  2.926  -62.079  15.296 0.0000000000
34154  2.915  -61.063  14.870 0.0000000000
35119  2.531  -60.396  15.058 0.0000000000
119604  2.447  -60.145  17.031 0.0000000000
36141  2.326  -59.339  16.896 0.0000000000
37191  2.019  -58.866  15.855 0.0000000000
118409  1.801  -58.680  15.113 0.0000000000
36164  2.035  -59.255  14.733 0.0000000000
130935  1.731  -58.268  14.436 0.0000000000
39204  1.868  -56.908  14.334 0.0000000000
40178  2.528  -55.436  14.215 0.0000000000
131082  2.584  -54.929  13.921 0.0000000000
41188  2.568  -54.785  13.481 0.0000000000
42144  2.927  -54.297  13.781 0.0000000000
120815  5.633  -57.137  18.259 0.0000000000
40164  5.241  -55.966  16.117 0.0000000000
41164  4.733  -55.209  15.445 0.0000000000
43069  6.497  -52.687  14.223 0.0000000000
42132  5.400  -53.658  14.985 0.0000000000
41176  4.192  -54.239  15.114 0.0000000000
133611  3.648  -54.274  14.968 0.0000000000
42134  3.835  -53.537  14.790 0.0000000000
43059  3.419  -52.188  14.296 0.0000000000
43071  3.227  -52.276  14.076 0.0000000000
44010  3.628  -51.570  14.460 0.0000000000
44953  3.793  -50.947  14.468 0.0000000000
46745  5.755  -48.438  15.393 0.0000000000
130966  5.241  -48.083  15.909 0.0000000000
46730  7.218  -48.000  15.903 0.0000000000
35133  15.904  -58.573  13.365 0.0000000000
36174  15.754  -58.547  12.944 0.0000000000
33140  6.122  -62.296  18.626 0.0000000000
32115  5.587  -63.059  18.436 0.0000000000
31066  2.320  -64.750  15.602 0.0000000000
34184  4.781  -61.460  12.512 0.0000000000
34190  5.272  -61.067  11.734 0.0000000000
120641  5.591  -60.943  11.077 0.0000000000
135589  1.963  -58.953  11.422 0.0000000000
35165  2.910  -59.730  11.929 0.0000000000
35173  2.841  -59.760  10.912 0.0000000000
36229  4.300  -60.073  9.519 0.0000000000
118770  3.671  -60.065  9.932 0.0000000000
36228  5.003  -60.030  9.901 0.0000000000
35180  5.428  -60.357  9.784 0.0000000000
36240  5.620  -60.027  8.161 0.0000000000
133764  4.442  -59.950  6.894 0.0000000000
117685  5.219  -59.848  7.506 0.0000000000
36262  5.461  -59.663  6.706 0.0000000000
36261  6.267  -59.614  6.311 0.0000000000
116279  5.389  -59.669  5.693 0.0000000000
44058  3.517  -51.943  11.979 0.0000000000
122757  3.094  -53.499  11.807 0.0000000000
43114  3.361  -52.782  11.605 0.0000000000
43131  4.377  -53.445  9.538 0.0000000000
137816  4.056  -53.928  9.979 0.0000000000
40235  3.256  -55.679  8.914 0.0000000000
41244  3.512  -55.043  9.013 0.0000000000
44120  5.244  -52.340  8.728 0.0000000000
44121  5.073  -52.618  8.855 0.0000000000
43144  4.964  -53.032  8.314 0.0000000000
41270  3.910  -55.858  6.272 0.0000000000
42205  4.390  -54.905  7.613 0.0000000000
128238  3.623  -56.152  6.564 0.0000000000
40246  3.439  -56.112  7.269 0.0000000000
39258  3.343  -56.756  6.349 0.0000000000
38285  2.538  -57.913  6.458 0.0000000000
39269  2.863  -57.432  5.853 0.0000000000
129722  2.551  -58.610  4.033 0.0000000000
36285  2.873  -59.122  4.773 0.0000000000
121861  3.931  -59.667  3.923 0.0000000000
36283  4.527  -59.798  4.753 0.0000000000
122268  4.768  -59.799  3.878 0.0000000000
36308  4.213  -59.604  3.294 0.0000000000
126251  2.395  -58.379  1.748 0.0000000000
37373  4.011  -58.513  0.541 0.0000000000
40293  4.381  -55.577  2.382 0.0000000000
40303  4.281  -55.450  1.552 0.0000000000
116256  2.450  -56.585  -0.681 0.0000000000
39321  2.357  -56.770  0.162 0.0000000000
134694  3.173  -57.641  -0.861 0.0000000000
38374  3.653  -57.693  -0.901 0.0000000000
115203  10.401  -43.484  13.744 0.0000000000
138828  9.787  -43.443  13.957 0.0000000000
52548  8.902  -43.318  13.219 0.0000000000
52549  8.046  -43.212  13.171 0.0000000000
119694  8.655  -43.159  12.783 0.0000000000
133854  7.206  -42.459  10.864 0.0000000000
52576  6.872  -42.536  11.387 0.0000000000
52594  6.420  -42.623  10.638 0.0000000000
50618  5.762  -44.107  10.202 0.0000000000
50629  5.664  -44.172  9.458 0.0000000000
52650  7.893  -42.516  7.774 0.0000000000
115331  8.984  -42.586  8.069 0.0000000000
115335  9.064  -42.611  9.124 0.0000000000
115338  7.943  -42.491  9.646 0.0000000000
115334  7.925  -42.488  8.680 0.0000000000
49691  4.990  -44.732  7.410 0.0000000000
50645  5.333  -43.769  8.477 0.0000000000
49690  5.387  -45.149  7.817 0.0000000000
49673  5.973  -45.370  8.150 0.0000000000
48723  5.911  -46.468  6.970 0.0000000000
46851  6.849  -47.785  6.089 0.0000000000
46852  5.769  -47.670  5.924 0.0000000000
45971  4.800  -48.775  4.736 0.0000000000
45970  5.736  -48.937  4.924 0.0000000000
44157  5.143  -50.894  2.916 0.0000000000
45093  4.787  -50.543  2.879 0.0000000000
47861  3.880  -47.321  3.570 0.0000000000
42108  11.652  -54.304  17.389 0.0000000000
137082  12.539  -52.568  15.085 0.0000000000
40176  14.549  -55.909  15.958 0.0000000000
119721  14.099  -55.961  16.879 0.0000000000
40151  13.383  -55.634  17.515 0.0000000000
116155  13.327  -55.875  18.111 0.0000000000
41140  12.742  -55.258  18.068 0.0000000000
41148  12.275  -54.738  17.607 0.0000000000
36304  8.115  -59.965  2.965 0.0000000000
36333  7.615  -59.226  2.708 0.0000000000
36119  2.836  -59.924  18.819 0.0000000000
37175  3.136  -59.546  18.893 0.0000000000
37178  3.252  -59.027  18.629 0.0000000000
35071  5.446  -59.885  20.713 0.0000000000
35076  5.426  -60.264  20.652 0.0000000000
35077  4.835  -60.258  20.348 0.0000000000
120543  4.181  -60.854  19.941 0.0000000000
34137  3.590  -61.418  19.608 0.0000000000
35079  3.599  -60.753  19.634 0.0000000000
36114  3.186  -60.321  19.360 0.0000000000
40204  2.014  -55.578  12.583 0.0000000000
125239  1.830  -56.313  12.129 0.0000000000
133945  2.306  -55.264  11.669 0.0000000000
45040  7.564  -50.154  8.537 0.0000000000
45934  8.122  -49.258  8.317 0.0000000000
45950  8.423  -49.893  7.679 0.0000000000
44131  8.498  -51.245  6.280 0.0000000000
43159  8.474  -51.894  5.433 0.0000000000
45064  8.761  -50.394  6.180 0.0000000000
45068  8.654  -50.175  5.465 0.0000000000
121272  8.094  -49.561  5.110 0.0000000000
40141  7.501  -56.493  19.550 0.0000000000
40140  8.052  -56.102  19.764 0.0000000000
43043  10.742  -52.813  15.727 0.0000000000
44005  10.941  -51.568  15.095 0.0000000000
125245  10.532  -51.408  14.398 0.0000000000
44019  10.099  -51.175  13.313 0.0000000000
44963  10.937  -50.734  13.718 0.0000000000
37190  17.039  -58.272  14.899 0.0000000000
123000  16.823  -58.287  15.273 0.0000000000
36126  16.407  -58.241  15.959 0.0000000000
133005  15.842  -58.297  16.421 0.0000000000
129377  14.142  -57.936  18.877 0.0000000000
37177  14.374  -58.215  18.392 0.0000000000
37171  13.851  -58.271  18.861 0.0000000000
36131  12.020  -58.806  17.764 0.0000000000
114848  9.827  -59.268  19.978 0.0000000000
40127  10.137  -56.133  21.103 0.0000000000
39150  9.981  -57.237  21.474 0.0000000000
39153  9.632  -56.737  21.348 0.0000000000
126891  8.873  -56.967  21.349 0.0000000000
38159  8.195  -57.286  21.301 0.0000000000
37154  7.848  -57.956  21.563 0.0000000000
39159  7.558  -57.240  20.650 0.0000000000
46747  4.168  -48.463  15.246 0.0000000000
45880  3.683  -49.306  14.083 0.0000000000
119881  3.864  -47.818  15.268 0.0000000000
137939  3.840  -47.259  15.550 0.0000000000
48632  3.926  -46.749  15.427 0.0000000000
119224  6.101  -44.461  16.674 0.0000000000
50570  5.508  -44.651  16.312 0.0000000000
50580  5.252  -44.358  15.487 0.0000000000
50587  4.915  -44.480  14.522 0.0000000000
50591  4.999  -44.660  14.005 0.0000000000
49624  5.636  -45.597  13.256 0.0000000000
136826  5.145  -44.193  13.492 0.0000000000
51607  5.438  -43.692  13.208 0.0000000000
124767  5.828  -43.201  13.251 0.0000000000
34178  20.320  -60.700  11.601 0.0000000000
38200  19.294  -58.274  12.379 0.0000000000
39218  19.380  -57.446  11.657 0.0000000000
40203  16.424  -55.165  12.175 0.0000000000
118937  2.377  -63.789  15.984 0.0000000000
120117  2.806  -63.317  15.175 0.0000000000
38184  2.256  -58.601  16.660 0.0000000000
37187  2.025  -59.154  16.370 0.0000000000
118101  2.057  -58.509  16.296 0.0000000000
38192  1.846  -57.862  15.725 0.0000000000
39193  1.990  -57.065  14.992 0.0000000000
40153  6.646  -56.250  17.542 0.0000000000
40154  5.692  -56.351  17.094 0.0000000000
44022  6.261  -51.452  14.295 0.0000000000
43070  5.677  -52.285  14.599 0.0000000000
44023  5.682  -51.526  14.707 0.0000000000
115057  5.053  -51.753  14.824 0.0000000000
135625  4.131  -52.804  14.741 0.0000000000
43057  4.339  -52.094  14.810 0.0000000000
44008  4.483  -51.170  14.845 0.0000000000
122145  4.335  -50.709  14.839 0.0000000000
44952  4.243  -50.520  14.755 0.0000000000
44951  4.600  -50.209  14.879 0.0000000000
35134  15.215  -58.481  13.959 0.0000000000
124495  14.185  -58.337  13.262 0.0000000000
34142  7.743  -60.672  18.336 0.0000000000
34146  7.153  -61.315  17.776 0.0000000000
137775  5.131  -63.499  18.594 0.0000000000
32119  2.478  -63.575  17.898 0.0000000000
31040  2.549  -64.190  18.086 0.0000000000
31056  2.241  -64.858  16.300 0.0000000000
33170  4.033  -62.075  13.885 0.0000000000
34166  4.269  -61.419  13.282 0.0000000000
35152  4.435  -60.813  12.715 0.0000000000
35163  4.545  -60.398  12.039 0.0000000000
37245  2.138  -58.571  10.256 0.0000000000
121587  2.422  -59.409  10.223 0.0000000000
36232  2.236  -59.126  9.694 0.0000000000
36231  2.703  -59.552  9.240 0.0000000000
36242  3.972  -60.079  8.574 0.0000000000
36241  4.925  -59.931  8.203 0.0000000000
36243  3.303  -59.831  7.885 0.0000000000
36252  3.479  -59.835  6.947 0.0000000000
130518  2.812  -59.445  6.422 0.0000000000
45009  4.077  -50.857  11.300 0.0000000000
44092  3.782  -52.203  10.778 0.0000000000
44091  4.153  -51.894  10.440 0.0000000000
44107  4.532  -52.451  9.832 0.0000000000
43130  4.799  -52.970  9.114 0.0000000000
42202  5.337  -53.869  6.933 0.0000000000
42203  4.912  -54.201  7.221 0.0000000000
42213  4.666  -54.857  6.578 0.0000000000
41269  4.232  -55.477  5.931 0.0000000000
39268  3.142  -57.041  5.258 0.0000000000
40267  3.338  -56.756  4.714 0.0000000000
128029  2.863  -57.290  4.338 0.0000000000
127750  2.212  -58.125  3.303 0.0000000000
38306  2.238  -57.771  2.625 0.0000000000
38317  2.213  -57.906  1.809 0.0000000000
41320  5.746  -54.589  1.651 0.0000000000
40309  4.154  -55.275  0.721 0.0000000000
40321  3.076  -55.644  -0.296 0.0000000000
39368  2.501  -56.750  -1.294 0.0000000000
51614  11.408  -43.498  12.814 0.0000000000
131852  10.169  -43.361  12.807 0.0000000000
52560  9.489  -43.218  12.640 0.0000000000
115342  8.870  -42.656  11.248 0.0000000000
115341  7.969  -42.513  10.617 0.0000000000
52651  7.093  -42.455  7.535 0.0000000000
52652  6.214  -42.416  7.830 0.0000000000
137974  5.793  -42.489  8.283 0.0000000000
51677  4.758  -43.245  7.411 0.0000000000
48714  4.987  -45.538  7.072 0.0000000000
47839  5.267  -47.044  6.405 0.0000000000
47840  4.629  -46.866  6.103 0.0000000000
46861  4.525  -48.068  5.107 0.0000000000
45972  4.423  -48.479  4.440 0.0000000000
41137  9.566  -54.868  19.638 0.0000000000
41144  9.357  -54.592  18.888 0.0000000000
41143  10.143  -54.571  18.989 0.0000000000
43032  10.875  -53.415  16.540 0.0000000000
43031  11.360  -53.498  16.522 0.0000000000
43042  11.234  -52.711  15.738 0.0000000000
39179  16.203  -57.243  15.771 0.0000000000
39180  15.738  -57.061  16.235 0.0000000000
39173  15.429  -57.300  16.755 0.0000000000
39166  14.752  -57.200  17.462 0.0000000000
40149  14.501  -56.554  17.081 0.0000000000
39175  14.490  -56.823  17.427 0.0000000000
39160  14.260  -57.258  18.210 0.0000000000
128108  13.907  -57.441  18.795 0.0000000000
37164  12.945  -57.907  19.778 0.0000000000
129334  12.314  -58.031  20.144 0.0000000000
37166  11.627  -58.278  20.171 0.0000000000
38164  12.437  -57.677  20.182 0.0000000000
38156  11.875  -57.188  20.554 0.0000000000
39156  11.562  -56.418  20.524 0.0000000000
40137  12.167  -55.651  19.262 0.0000000000
40138  11.518  -55.545  19.742 0.0000000000
40131  11.273  -55.859  20.358 0.0000000000
41131  10.484  -55.375  20.229 0.0000000000
41132  9.784  -55.248  20.223 0.0000000000
48619  6.392  -46.623  18.986 0.0000000000
48622  5.982  -46.381  18.449 0.0000000000
49577  6.428  -46.332  18.987 0.0000000000
49594  6.300  -45.595  18.346 0.0000000000
50544  6.959  -45.342  18.511 0.0000000000
49586  8.550  -45.535  19.470 0.0000000000
50543  8.189  -45.241  18.830 0.0000000000
50555  7.246  -44.769  17.811 0.0000000000
50568  7.737  -44.334  16.948 0.0000000000
51564  8.493  -43.923  16.131 0.0000000000
132639  2.495  -61.910  17.868 0.0000000000
34149  2.490  -61.770  17.304 0.0000000000
36135  2.422  -59.636  17.462 0.0000000000
37180  2.437  -59.441  17.590 0.0000000000
38183  2.579  -58.387  17.018 0.0000000000
39178  2.926  -57.676  16.582 0.0000000000
43068  7.446  -53.144  14.410 0.0000000000
43084  7.215  -52.514  13.908 0.0000000000
44036  6.731  -52.038  13.918 0.0000000000
44979  8.269  -50.478  12.980 0.0000000000
44980  7.339  -50.893  13.423 0.0000000000
44981  6.825  -51.416  13.809 0.0000000000
45863  6.497  -49.941  14.669 0.0000000000
45849  6.601  -49.156  14.891 0.0000000000
46743  7.171  -48.473  15.122 0.0000000000
34133  7.131  -60.577  20.216 0.0000000000
33133  6.588  -61.217  19.667 0.0000000000
34140  5.863  -61.462  19.889 0.0000000000
126715  5.363  -62.190  19.408 0.0000000000
33130  5.049  -61.649  19.853 0.0000000000
32112  4.250  -63.373  19.193 0.0000000000
32114  3.219  -63.523  18.926 0.0000000000
33138  2.829  -62.863  18.906 0.0000000000
34141  3.052  -62.024  19.273 0.0000000000
33141  2.549  -62.954  18.302 0.0000000000
37209  2.037  -58.811  13.426 0.0000000000
36197  2.234  -59.116  12.885 0.0000000000
37220  2.049  -58.492  12.600 0.0000000000
37234  2.030  -58.544  11.623 0.0000000000
129004  2.107  -58.248  11.032 0.0000000000
118857  1.903  -56.807  11.482 0.0000000000
38241  2.041  -57.566  11.316 0.0000000000
131969  2.237  -57.746  10.593 0.0000000000
125576  2.373  -57.758  9.781 0.0000000000
127281  2.602  -57.183  9.145 0.0000000000
45924  5.041  -50.049  10.218 0.0000000000
45024  5.009  -50.684  10.114 0.0000000000
45937  5.385  -50.489  9.750 0.0000000000
45042  5.734  -51.054  9.085 0.0000000000
44119  5.669  -51.848  8.440 0.0000000000
45057  7.103  -51.060  8.328 0.0000000000
44118  6.486  -51.643  7.933 0.0000000000
43154  5.587  -53.075  7.312 0.0000000000
42201  6.031  -53.413  6.481 0.0000000000
42211  5.635  -54.088  5.989 0.0000000000
41281  5.555  -54.818  4.429 0.0000000000
41297  5.041  -55.281  3.787 0.0000000000
41280  6.443  -54.454  4.135 0.0000000000
41295  6.717  -54.476  3.294 0.0000000000
41294  7.265  -54.079  3.325 0.0000000000
43166  8.479  -52.144  4.585 0.0000000000
42227  7.737  -53.561  3.697 0.0000000000
41306  6.924  -54.232  2.660 0.0000000000
42237  6.937  -53.580  2.285 0.0000000000
42245  6.283  -53.374  1.611 0.0000000000
43193  5.481  -52.733  1.339 0.0000000000
117842  3.580  -44.294  5.408 0.0000000000
48742  3.492  -45.820  4.471 0.0000000000
49724  3.359  -45.287  4.497 0.0000000000
49736  3.544  -45.324  2.801 0.0000000000
34274  7.478  -60.615  4.880 0.0000000000
38172  5.011  -58.455  19.453 0.0000000000
38171  6.063  -58.081  19.768 0.0000000000
39169  6.193  -57.299  19.013 0.0000000000
40146  7.131  -56.396  18.596 0.0000000000
42123  7.888  -54.560  15.585 0.0000000000
42107  9.218  -54.482  18.000 0.0000000000
42112  9.093  -54.445  16.929 0.0000000000
42121  9.610  -53.819  16.169 0.0000000000
42122  8.799  -54.229  15.878 0.0000000000
42129  8.212  -53.734  15.062 0.0000000000
119603  8.569  -51.996  13.456 0.0000000000
122472  17.811  -59.316  13.149 0.0000000000
35131  17.329  -59.349  12.828 0.0000000000
35132  16.611  -58.753  13.359 0.0000000000
129017  15.886  -58.529  13.891 0.0000000000
35102  16.396  -58.483  14.748 0.0000000000
35115  15.989  -58.520  14.396 0.0000000000
36144  14.501  -58.537  14.732 0.0000000000
36159  13.595  -58.562  14.619 0.0000000000
38181  15.837  -57.636  16.631 0.0000000000
36127  15.796  -58.119  16.731 0.0000000000
35088  14.614  -58.458  17.061 0.0000000000
114483  14.529  -58.369  17.829 0.0000000000
35096  13.872  -58.561  16.384 0.0000000000
36146  12.940  -58.644  15.307 0.0000000000
35091  8.378  -60.350  17.904 0.0000000000
123144  7.721  -60.542  19.762 0.0000000000
37167  10.725  -58.511  20.409 0.0000000000
36102  9.892  -58.890  20.689 0.0000000000
38153  9.668  -57.726  21.531 0.0000000000
37158  9.494  -58.578  21.343 0.0000000000
36110  9.179  -59.351  20.603 0.0000000000
35073  8.534  -59.780  20.487 0.0000000000
35081  7.893  -60.218  20.428 0.0000000000
35069  6.650  -59.757  21.268 0.0000000000
36106  6.478  -59.405  21.160 0.0000000000
38160  7.270  -58.279  21.285 0.0000000000
37161  6.864  -58.889  21.281 0.0000000000
36107  5.952  -59.527  20.884 0.0000000000
37162  5.916  -59.113  20.659 0.0000000000
44037  3.231  -52.151  13.608 0.0000000000
44049  3.164  -52.524  12.867 0.0000000000
121816  3.392  -51.587  13.291 0.0000000000
44991  3.568  -51.001  12.820 0.0000000000
44999  3.563  -51.129  12.223 0.0000000000
45892  3.591  -49.899  13.023 0.0000000000
44998  3.706  -50.639  11.892 0.0000000000
45910  4.013  -50.234  11.527 0.0000000000
45909  4.531  -49.980  11.186 0.0000000000
46802  4.638  -49.401  11.360 0.0000000000
48626  4.840  -46.140  17.366 0.0000000000
49599  4.176  -46.174  15.987 0.0000000000
48638  4.078  -46.827  14.612 0.0000000000
49601  4.654  -45.484  15.616 0.0000000000
48647  4.333  -47.029  13.831 0.0000000000
47775  4.353  -48.038  12.791 0.0000000000
46789  4.592  -48.808  11.835 0.0000000000
45908  4.900  -49.738  10.808 0.0000000000
46815  5.317  -49.457  10.463 0.0000000000
46800  5.740  -48.721  10.653 0.0000000000
46799  6.424  -48.092  10.490 0.0000000000
133856  6.079  -46.217  12.360 0.0000000000
48662  6.447  -46.455  11.728 0.0000000000
46813  7.015  -48.251  9.942 0.0000000000
46798  6.962  -47.596  10.286 0.0000000000
47805  7.401  -47.522  9.596 0.0000000000
136202  7.099  -46.190  9.158 0.0000000000
42141  12.941  -53.883  14.733 0.0000000000
117732  13.337  -54.148  13.992 0.0000000000
42156  13.508  -53.775  12.519 0.0000000000
35147  18.077  -59.753  12.385 0.0000000000
36201  24.173  -59.709  11.047 0.0000000000
35127  21.240  -60.205  11.832 0.0000000000
34161  20.218  -60.296  11.934 0.0000000000
35129  19.666  -59.976  12.296 0.0000000000
138411  19.132  -59.963  12.392 0.0000000000
35130  18.520  -59.617  12.708 0.0000000000
35114  18.125  -59.224  13.361 0.0000000000
38201  18.460  -58.034  13.028 0.0000000000
37189  17.537  -58.008  14.364 0.0000000000
38190  17.264  -57.757  14.443 0.0000000000
39190  16.871  -57.312  14.272 0.0000000000
39227  19.367  -56.768  11.378 0.0000000000
39219  18.854  -56.924  11.806 0.0000000000
40200  18.780  -56.254  11.692 0.0000000000
39220  18.176  -56.598  12.284 0.0000000000
40175  16.556  -56.820  14.177 0.0000000000
125452  16.027  -56.600  14.935 0.0000000000
115810  15.797  -56.110  14.591 0.0000000000
41192  15.860  -55.063  12.971 0.0000000000
40194  15.480  -55.385  13.662 0.0000000000
40187  14.597  -55.693  15.146 0.0000000000
33160  3.347  -62.573  14.473 0.0000000000
35099  2.480  -60.726  16.809 0.0000000000
35108  2.474  -60.524  15.876 0.0000000000
35100  2.241  -59.300  16.353 0.0000000000
35120  2.270  -59.774  15.302 0.0000000000
36182  2.204  -59.352  13.791 0.0000000000
126760  1.858  -58.196  13.574 0.0000000000
138059  1.740  -57.461  13.374 0.0000000000
39213  1.724  -56.820  13.595 0.0000000000
124741  1.924  -56.077  13.763 0.0000000000
40195  2.126  -55.480  13.290 0.0000000000
38177  4.447  -57.961  18.583 0.0000000000
40148  5.283  -56.798  17.469 0.0000000000
39176  4.419  -56.853  17.187 0.0000000000
40156  4.165  -56.585  16.263 0.0000000000
40166  3.864  -56.010  15.289 0.0000000000
42131  6.322  -53.895  14.991 0.0000000000
41174  5.961  -54.629  15.285 0.0000000000
41166  3.281  -54.892  14.945 0.0000000000
41178  3.087  -54.521  14.446 0.0000000000
123607  3.655  -52.890  14.435 0.0000000000
42136  3.255  -53.995  14.050 0.0000000000
42143  3.145  -53.223  13.816 0.0000000000
43072  3.211  -52.260  13.924 0.0000000000
44966  3.554  -51.024  14.165 0.0000000000
45851  4.464  -49.549  14.849 0.0000000000
126095  5.160  -47.541  16.545 0.0000000000
118741  5.927  -46.972  18.054 0.0000000000
46731  6.614  -47.901  16.055 0.0000000000
47726  6.683  -47.476  17.027 0.0000000000
47714  6.575  -47.252  18.042 0.0000000000
47703  6.501  -47.029  18.819 0.0000000000
47694  6.544  -46.825  19.161 0.0000000000
48617  7.326  -46.788  19.857 0.0000000000
36202  16.064  -58.664  11.581 0.0000000000
36191  15.023  -58.327  12.732 0.0000000000
118099  5.782  -63.287  16.782 0.0000000000
33209  4.463  -62.506  12.399 0.0000000000
36196  2.474  -59.434  12.336 0.0000000000
36220  3.604  -59.995  10.652 0.0000000000
36208  4.585  -60.146  11.206 0.0000000000
35162  5.205  -60.603  11.408 0.0000000000
35172  5.576  -60.685  10.494 0.0000000000
34207  6.108  -61.349  9.267 0.0000000000
35211  7.208  -59.853  5.102 0.0000000000
42163  2.823  -53.924  12.235 0.0000000000
42168  2.948  -54.271  11.548 0.0000000000
43124  3.591  -52.876  10.951 0.0000000000
42174  3.220  -54.468  10.818 0.0000000000
41232  3.049  -55.054  10.387 0.0000000000
117241  3.003  -55.898  9.577 0.0000000000
125697  3.076  -56.170  8.939 0.0000000000
39246  2.883  -56.715  8.595 0.0000000000
44105  5.188  -51.905  9.275 0.0000000000
43146  4.431  -53.845  8.731 0.0000000000
42204  4.685  -54.512  7.378 0.0000000000
42193  4.530  -54.168  8.031 0.0000000000
42194  4.044  -54.794  8.302 0.0000000000
41255  3.513  -55.543  8.144 0.0000000000
38274  2.615  -57.694  7.321 0.0000000000
37285  2.447  -58.430  7.095 0.0000000000
37284  2.488  -58.702  6.342 0.0000000000
36270  3.432  -59.764  6.181 0.0000000000
123323  3.162  -59.510  5.555 0.0000000000
36269  4.034  -59.863  5.652 0.0000000000
36282  5.620  -59.585  4.639 0.0000000000
36280  7.056  -59.554  4.456 0.0000000000
36306  6.647  -59.355  3.786 0.0000000000
36334  6.619  -59.049  3.030 0.0000000000
40294  3.697  -56.133  2.804 0.0000000000
39308  2.380  -57.412  1.344 0.0000000000
121920  3.413  -55.885  1.084 0.0000000000
39309  2.368  -57.272  0.681 0.0000000000
37375  2.482  -58.065  0.837 0.0000000000
50565  10.642  -44.343  16.571 0.0000000000
51577  9.246  -43.647  15.338 0.0000000000
51576  10.299  -43.629  14.760 0.0000000000
51590  9.315  -43.475  14.411 0.0000000000
51591  8.489  -43.425  14.323 0.0000000000
51605  7.340  -43.208  13.682 0.0000000000
52551  6.202  -42.761  12.910 0.0000000000
52552  5.666  -43.040  12.656 0.0000000000
52561  7.899  -42.889  12.551 0.0000000000
52562  6.826  -42.653  12.255 0.0000000000
51629  5.685  -43.542  11.361 0.0000000000
48700  7.228  -46.574  8.590 0.0000000000
52610  6.263  -42.549  9.677 0.0000000000
52631  5.600  -42.663  8.590 0.0000000000
52611  5.801  -42.823  9.248 0.0000000000
51651  5.614  -43.501  9.592 0.0000000000
49659  5.903  -44.574  9.150 0.0000000000
48712  6.492  -46.175  7.786 0.0000000000
47827  7.268  -46.980  7.695 0.0000000000
46850  7.746  -47.969  6.251 0.0000000000
46858  7.410  -48.388  5.682 0.0000000000
45976  7.314  -49.919  4.609 0.0000000000
45977  6.160  -49.643  4.518 0.0000000000
45073  6.474  -50.300  4.043 0.0000000000
44156  6.057  -51.205  2.924 0.0000000000
44167  5.470  -51.531  2.380 0.0000000000
43194  4.886  -52.286  1.160 0.0000000000
117827  3.783  -46.470  4.487 0.0000000000
46865  4.216  -47.980  4.059 0.0000000000
45094  4.658  -50.232  2.809 0.0000000000
44169  4.813  -50.921  2.299 0.0000000000
42259  3.978  -52.930  -0.116 0.0000000000
33208  4.979  -61.859  11.719 0.0000000000
34160  21.015  -60.556  11.729 0.0000000000
34167  3.830  -61.200  13.918 0.0000000000
34199  5.974  -60.781  9.617 0.0000000000
35095  14.641  -58.520  16.132 0.0000000000
35136  3.925  -60.803  13.320 0.0000000000
36103  9.063  -59.063  21.238 0.0000000000
36115  13.221  -58.377  19.071 0.0000000000
36121  13.754  -58.424  18.423 0.0000000000
36129  13.924  -58.481  17.693 0.0000000000
36142  17.166  -58.466  14.589 0.0000000000
36209  2.257  -59.256  11.257 0.0000000000
36219  4.463  -60.071  10.342 0.0000000000
36230  3.366  -59.977  9.276 0.0000000000
36254  2.514  -59.202  7.893 0.0000000000
36281  6.409  -59.461  4.397 0.0000000000
36310  2.659  -58.856  3.189 0.0000000000
36338  2.757  -58.848  1.900 0.0000000000
36364  3.224  -58.986  1.652 0.0000000000
36365  2.767  -58.562  1.341 0.0000000000
37151  9.782  -58.148  21.436 0.0000000000
37152  9.094  -58.070  21.686 0.0000000000
37163  13.521  -57.690  19.307 0.0000000000
37176  15.221  -57.916  17.695 0.0000000000
37304  2.520  -58.403  4.814 0.0000000000
37328  2.328  -58.403  2.406 0.0000000000
37374  3.066  -58.383  0.605 0.0000000000
38169  14.395  -57.637  18.447 0.0000000000
38175  14.828  -57.589  17.944 0.0000000000
38262  2.464  -58.199  7.872 0.0000000000
38284  2.497  -58.103  5.531 0.0000000000
38296  2.429  -57.879  4.226 0.0000000000
38331  2.346  -57.731  1.149 0.0000000000
38350  2.441  -57.487  0.439 0.0000000000
38373  4.394  -57.656  -0.912 0.0000000000
38375  2.421  -57.261  -0.263 0.0000000000
38390  2.581  -57.264  -0.976 0.0000000000
39151  11.113  -56.861  21.038 0.0000000000
39154  12.889  -56.909  19.580 0.0000000000
39158  7.990  -56.966  20.764 0.0000000000
39167  14.115  -56.818  17.973 0.0000000000
39192  15.982  -56.875  15.640 0.0000000000
39250  2.941  -56.983  7.696 0.0000000000
39292  3.256  -56.632  3.285 0.0000000000
39300  2.482  -57.344  2.088 0.0000000000
39346  2.291  -56.963  0.047 0.0000000000
40126  10.859  -56.236  20.887 0.0000000000
40132  10.641  -55.763  20.631 0.0000000000
40136  13.210  -56.465  18.870 0.0000000000
40186  15.156  -55.647  14.460 0.0000000000
40193  17.071  -56.233  13.033 0.0000000000
40228  2.731  -55.610  10.368 0.0000000000
40247  3.199  -56.636  7.218 0.0000000000
40281  4.421  -55.696  3.235 0.0000000000
40304  3.589  -56.105  1.933 0.0000000000
40310  3.399  -55.619  0.340 0.0000000000
41157  13.701  -55.542  16.242 0.0000000000
41245  3.207  -55.347  9.709 0.0000000000
41282  4.796  -55.230  4.748 0.0000000000
41296  5.911  -54.892  3.430 0.0000000000
41307  6.122  -54.754  2.474 0.0000000000
41319  6.497  -54.226  1.881 0.0000000000
41321  4.969  -54.943  1.217 0.0000000000
41332  4.651  -54.550  0.556 0.0000000000
42210  6.522  -53.709  5.627 0.0000000000
42219  8.214  -52.852  4.152 0.0000000000
42220  7.708  -53.460  4.456 0.0000000000
42236  7.409  -53.590  2.993 0.0000000000
42246  5.549  -53.580  1.119 0.0000000000
42247  5.043  -53.044  0.928 0.0000000000
43103  3.125  -52.833  12.342 0.0000000000
43142  5.995  -52.325  7.641 0.0000000000
43155  5.043  -53.463  7.708 0.0000000000
43156  4.796  -53.742  7.862 0.0000000000
43160  7.866  -52.583  5.758 0.0000000000
43174  7.894  -52.707  3.300 0.0000000000
43182  6.752  -52.729  2.202 0.0000000000
43183  5.897  -52.343  1.928 0.0000000000
43184  5.089  -51.907  1.856 0.0000000000
43207  4.533  -52.831  0.503 0.0000000000
44072  3.906  -51.502  11.000 0.0000000000
44073  3.610  -52.046  11.310 0.0000000000
44132  7.871  -51.767  6.858 0.0000000000
44133  6.989  -52.118  7.313 0.0000000000
44139  8.674  -51.029  5.506 0.0000000000
44144  8.438  -51.581  4.236 0.0000000000
44153  8.242  -51.913  3.542 0.0000000000
44154  7.766  -51.882  3.099 0.0000000000
44967  3.504  -50.640  13.855 0.0000000000
45026  4.362  -51.142  10.716 0.0000000000
45043  5.295  -51.214  9.571 0.0000000000
45055  8.479  -50.505  6.928 0.0000000000
45075  4.781  -49.803  3.869 0.0000000000
45083  6.808  -50.882  3.470 0.0000000000
45084  5.700  -50.624  3.484 0.0000000000
45085  4.927  -50.296  3.413 0.0000000000
45893  3.567  -50.414  12.876 0.0000000000
45900  3.637  -50.054  12.284 0.0000000000
45901  3.578  -50.582  12.408 0.0000000000
45935  6.778  -49.816  9.172 0.0000000000
45949  8.571  -48.923  7.447 0.0000000000
45962  8.791  -49.724  6.154 0.0000000000
45968  8.532  -49.308  5.781 0.0000000000
45969  7.054  -49.065  5.070 0.0000000000
45975  8.214  -50.340  4.719 0.0000000000
45978  5.143  -49.447  4.362 0.0000000000
46801  5.079  -48.938  11.172 0.0000000000
46814  6.332  -48.805  10.045 0.0000000000
47704  6.170  -46.711  18.599 0.0000000000
47729  4.042  -47.540  15.798 0.0000000000
47783  4.613  -48.271  12.333 0.0000000000
47817  8.037  -47.899  8.119 0.0000000000
47826  7.912  -47.637  7.579 0.0000000000
47837  7.389  -47.433  6.853 0.0000000000
47838  6.323  -47.165  6.559 0.0000000000
47850  4.847  -47.542  5.731 0.0000000000
47851  4.454  -47.334  5.397 0.0000000000
47852  4.200  -46.889  4.881 0.0000000000
47858  3.972  -47.145  4.262 0.0000000000
48618  6.754  -46.720  19.411 0.0000000000
48623  5.404  -46.121  17.898 0.0000000000
48628  4.376  -46.394  16.662 0.0000000000
48672  7.139  -46.836  10.215 0.0000000000
48685  7.302  -46.691  9.404 0.0000000000
48686  6.988  -45.907  9.787 0.0000000000
48701  6.639  -45.691  8.796 0.0000000000
48713  5.566  -45.771  7.405 0.0000000000
48726  4.122  -45.786  5.499 0.0000000000
48743  3.354  -45.756  4.085 0.0000000000
48752  3.534  -46.155  2.808 0.0000000000
49576  7.551  -46.389  19.919 0.0000000000
49585  9.405  -45.328  19.269 0.0000000000
49590  5.175  -45.735  17.497 0.0000000000
49607  4.866  -45.308  14.687 0.0000000000
49623  6.017  -45.506  12.555 0.0000000000
49674  5.733  -44.787  8.469 0.0000000000
49675  5.409  -44.457  8.149 0.0000000000
49703  4.611  -44.978  6.542 0.0000000000
50557  5.731  -44.850  17.044 0.0000000000
50567  8.795  -44.345  16.991 0.0000000000
50569  6.837  -44.440  16.978 0.0000000000
50571  5.005  -45.020  15.998 0.0000000000
50586  4.933  -44.036  14.698 0.0000000000
50600  5.546  -44.147  12.825 0.0000000000
50609  5.866  -44.037  11.065 0.0000000000
50617  6.029  -44.543  9.928 0.0000000000
50630  5.494  -43.770  9.036 0.0000000000
50661  5.115  -43.885  7.734 0.0000000000
50675  4.077  -44.463  6.117 0.0000000000
50704  3.353  -44.704  4.927 0.0000000000
50720  3.396  -44.401  3.768 0.0000000000
50721  3.335  -44.894  4.299 0.0000000000
51563  9.303  -44.004  16.256 0.0000000000
51566  6.719  -44.017  16.091 0.0000000000
51579  7.354  -43.566  15.180 0.0000000000
51592  7.571  -43.392  14.309 0.0000000000
51595  4.908  -44.000  13.975 0.0000000000
51604  8.259  -43.329  13.696 0.0000000000
51617  5.593  -43.566  12.276 0.0000000000
51639  5.706  -43.545  10.480 0.0000000000
51664  5.400  -43.173  8.736 0.0000000000
51705  3.848  -43.793  5.575 0.0000000000
51706  3.810  -44.064  6.028 0.0000000000
51726  3.503  -43.767  3.712 0.0000000000
52559  10.308  -43.254  12.241 0.0000000000
52563  5.987  -42.753  12.296 0.0000000000
52564  5.604  -42.989  11.858 0.0000000000
52574  11.492  -43.307  11.493 0.0000000000
52577  6.174  -42.725  11.564 0.0000000000
52593  7.039  -42.411  10.085 0.0000000000
52630  6.155  -42.411  8.602 0.0000000000
52632  5.009  -42.921  8.097 0.0000000000
52653  5.358  -42.647  7.816 0.0000000000
52654  4.841  -42.914  7.499 0.0000000000
52693  5.318  -42.756  5.439 0.0000000000
52706  3.930  -43.559  4.548 0.0000000000
115183  12.521  -58.483  19.203 0.0000000000
115657  8.569  -50.927  4.831 0.0000000000
115688  4.605  -59.882  6.259 0.0000000000
115757  3.431  -44.333  4.367 0.0000000000
116321  8.780  -42.881  12.158 0.0000000000
116635  4.612  -49.779  3.414 0.0000000000
116748  2.690  -60.365  14.469 0.0000000000
116931  3.130  -59.841  8.622 0.0000000000
118767  3.803  -47.420  14.950 0.0000000000
118909  2.691  -57.598  4.970 0.0000000000
118974  3.141  -59.292  3.934 0.0000000000
120318  3.692  -53.807  10.574 0.0000000000
120341  10.814  -43.437  12.647 0.0000000000
120490  6.025  -42.459  9.067 0.0000000000
120707  2.596  -56.243  -0.285 0.0000000000
122153  6.981  -43.469  14.756 0.0000000000
123810  2.262  -55.150  12.276 0.0000000000
124459  3.523  -45.300  5.112 0.0000000000
125797  7.473  -49.399  8.899 0.0000000000
126270  4.849  -59.519  3.097 0.0000000000
126489  2.425  -56.927  0.837 0.0000000000
126665  6.076  -47.977  11.059 0.0000000000
126797  5.767  -42.529  7.119 0.0000000000
126940  6.402  -59.119  21.022 0.0000000000
127019  2.819  -59.046  2.482 0.0000000000
127426  5.383  -44.786  13.363 0.0000000000
128826  10.628  -57.228  21.306 0.0000000000
128840  6.006  -54.081  1.360 0.0000000000
129118  12.546  -57.186  20.066 0.0000000000
129959  7.635  -45.146  18.531 0.0000000000
130879  9.560  -42.609  8.537 0.0000000000
131101  8.849  -43.498  14.769 0.0000000000
131879  7.858  -61.812  3.895 0.0000000000
134045  1.960  -58.848  10.973 0.0000000000
134311  6.159  -44.997  8.768 0.0000000000
135008  7.580  -47.194  8.957 0.0000000000
135367  5.783  -49.266  10.135 0.0000000000
135546  7.508  -48.281  9.371 0.0000000000
135579  6.306  -45.970  18.739 0.0000000000
135802  7.936  -48.935  5.486 0.0000000000
136305  6.156  -59.280  3.350 0.0000000000
136476  2.819  -53.648  13.248 0.0000000000
136607  7.932  -43.464  14.698 0.0000000000
137254  2.095  -58.087  11.469 0.0000000000
137268  15.399  -58.086  17.337 0.0000000000
138047  5.092  -59.928  20.510 0.0000000000
138313  2.322  -57.311  10.310 0.0000000000
138620  2.344  -56.982  -0.672 0.0000000000
