#!ascii label  , from subject sub-v1s1x0050644_ses-1 vox2ras=TkReg
1215
92412  45.651  3.735  -25.179 0.0000000000
98722  54.343  12.242  -17.481 0.0000000000
91507  55.460  2.639  -14.212 0.0000000000
114568  40.653  1.647  -20.762 0.0000000000
93086  45.227  4.435  -16.386 0.0000000000
97254  50.367  10.431  -21.871 0.0000000000
99465  46.833  13.462  -14.709 0.0000000000
101664  46.577  17.817  -18.031 0.0000000000
88640  55.494  -1.576  -8.881 0.0000000000
87089  52.995  -3.426  -14.588 0.0000000000
95211  52.461  7.484  -24.702 0.0000000000
92351  51.736  3.869  -20.573 0.0000000000
137478  51.492  6.721  -17.820 0.0000000000
114697  52.659  7.171  -10.644 0.0000000000
103997  42.951  20.572  -20.900 0.0000000000
101037  53.427  17.033  -21.074 0.0000000000
138838  48.980  1.204  -14.261 0.0000000000
91605  42.350  2.533  -23.312 0.0000000000
93118  42.844  3.905  -18.623 0.0000000000
128876  45.601  4.336  -20.746 0.0000000000
123990  48.509  6.492  -22.786 0.0000000000
93874  43.927  5.617  -22.316 0.0000000000
100998  42.442  15.308  -15.652 0.0000000000
87009  54.529  -4.164  -6.489 0.0000000000
86230  56.447  -4.815  -11.880 0.0000000000
85314  54.957  -6.256  -10.842 0.0000000000
131625  48.060  20.238  -25.595 0.0000000000
97243  53.203  10.761  -20.360 0.0000000000
95188  52.110  7.098  -21.024 0.0000000000
96514  51.376  9.970  -18.090 0.0000000000
97151  48.129  10.551  -11.495 0.0000000000
127195  50.070  8.758  -12.075 0.0000000000
94451  49.853  7.542  -11.400 0.0000000000
91482  52.310  3.184  -10.799 0.0000000000
99516  49.874  13.590  -18.409 0.0000000000
101666  49.337  17.431  -19.916 0.0000000000
99528  54.278  13.901  -19.154 0.0000000000
98042  53.607  11.538  -23.222 0.0000000000
92314  54.770  3.268  -17.989 0.0000000000
132346  50.621  4.058  -16.704 0.0000000000
90811  52.514  1.809  -14.332 0.0000000000
127807  42.870  2.153  -15.586 0.0000000000
90144  45.099  1.213  -16.116 0.0000000000
100364  50.887  14.675  -24.139 0.0000000000
99563  48.627  13.550  -21.798 0.0000000000
128044  50.955  13.909  -15.936 0.0000000000
98687  53.248  13.408  -14.294 0.0000000000
103938  41.803  20.964  -12.883 0.0000000000
103968  42.622  20.782  -15.585 0.0000000000
99506  46.253  14.088  -17.441 0.0000000000
90778  55.646  1.708  -11.635 0.0000000000
125730  52.774  -0.531  -12.428 0.0000000000
87868  55.210  -2.225  -11.562 0.0000000000
86291  55.259  -4.452  -15.490 0.0000000000
93194  48.713  4.057  -26.075 0.0000000000
92366  48.847  3.803  -22.626 0.0000000000
92391  52.344  3.954  -23.929 0.0000000000
93854  54.550  4.310  -19.887 0.0000000000
93825  54.990  4.782  -16.657 0.0000000000
96489  49.902  9.612  -15.827 0.0000000000
94471  52.545  6.690  -13.938 0.0000000000
93784  55.093  5.417  -12.147 0.0000000000
91470  54.854  2.854  -9.284 0.0000000000
89391  53.485  -0.080  -8.898 0.0000000000
125510  45.168  23.194  -21.176 0.0000000000
121982  46.823  17.612  -23.499 0.0000000000
102277  47.966  17.807  -20.912 0.0000000000
101693  51.754  17.292  -23.981 0.0000000000
129318  52.718  13.436  -23.481 0.0000000000
131925  51.696  8.201  -24.560 0.0000000000
93113  48.167  5.135  -18.303 0.0000000000
119141  47.956  3.499  -15.344 0.0000000000
89478  46.949  -0.203  -16.734 0.0000000000
88680  50.572  -1.562  -13.630 0.0000000000
92399  43.986  3.269  -24.368 0.0000000000
92354  43.961  3.261  -21.552 0.0000000000
92368  45.055  3.418  -22.560 0.0000000000
93894  46.371  4.999  -24.678 0.0000000000
121946  46.393  6.077  -22.585 0.0000000000
93896  44.625  4.409  -24.468 0.0000000000
93172  43.003  3.785  -23.701 0.0000000000
86150  54.112  -5.079  -5.800 0.0000000000
85291  55.030  -5.733  -8.858 0.0000000000
85292  54.181  -5.573  -8.631 0.0000000000
128722  44.612  -1.815  -16.647 0.0000000000
97993  54.195  11.731  -18.610 0.0000000000
97234  52.422  10.444  -19.299 0.0000000000
97207  53.373  11.506  -17.761 0.0000000000
96474  47.168  9.670  -11.936 0.0000000000
95814  48.796  9.437  -11.209 0.0000000000
99514  52.831  13.301  -18.105 0.0000000000
99530  52.371  13.687  -18.979 0.0000000000
99529  53.855  13.209  -18.372 0.0000000000
98747  54.561  12.461  -19.376 0.0000000000
92276  55.218  3.133  -16.190 0.0000000000
91532  52.913  2.775  -15.763 0.0000000000
91517  54.221  2.197  -15.024 0.0000000000
138137  40.119  1.091  -19.954 0.0000000000
91574  41.062  2.124  -18.484 0.0000000000
116647  44.106  4.545  -17.901 0.0000000000
133359  42.696  3.450  -16.891 0.0000000000
92302  44.253  3.700  -15.818 0.0000000000
90830  44.313  1.854  -15.801 0.0000000000
92284  44.829  3.361  -15.609 0.0000000000
98780  50.828  12.603  -22.518 0.0000000000
99582  49.463  13.750  -22.340 0.0000000000
98764  49.467  12.224  -21.505 0.0000000000
92371  40.736  2.843  -21.758 0.0000000000
91590  39.556  1.708  -20.915 0.0000000000
114834  49.331  13.911  -14.803 0.0000000000
115406  50.773  15.082  -13.598 0.0000000000
100244  48.845  14.730  -12.961 0.0000000000
100277  44.332  14.027  -15.914 0.0000000000
101002  44.287  15.140  -17.079 0.0000000000
99478  46.568  13.401  -15.746 0.0000000000
99491  48.823  13.318  -16.592 0.0000000000
89406  55.758  -0.062  -10.143 0.0000000000
89421  55.422  -0.605  -10.883 0.0000000000
88666  55.537  -1.515  -10.607 0.0000000000
85333  56.410  -5.608  -13.786 0.0000000000
86251  56.318  -4.335  -13.562 0.0000000000
86289  56.260  -5.321  -16.201 0.0000000000
93908  50.547  5.119  -25.273 0.0000000000
92407  50.169  3.954  -25.504 0.0000000000
93899  52.232  5.445  -24.600 0.0000000000
94522  52.166  6.548  -19.738 0.0000000000
93864  53.400  5.304  -20.941 0.0000000000
120140  53.575  5.366  -18.636 0.0000000000
93835  54.476  4.794  -18.171 0.0000000000
132380  53.257  5.519  -17.636 0.0000000000
99445  51.813  13.852  -12.496 0.0000000000
97937  50.998  11.687  -15.296 0.0000000000
97931  49.660  11.278  -13.816 0.0000000000
95110  51.368  7.671  -11.267 0.0000000000
95127  51.165  7.716  -12.770 0.0000000000
94456  53.076  7.429  -11.623 0.0000000000
93799  54.217  6.161  -13.403 0.0000000000
94447  53.915  6.637  -11.030 0.0000000000
93025  55.099  4.366  -10.268 0.0000000000
93027  54.135  5.420  -10.144 0.0000000000
90766  51.114  1.342  -10.826 0.0000000000
90765  52.898  1.580  -10.105 0.0000000000
104556  43.747  21.895  -21.285 0.0000000000
104016  45.309  20.016  -23.009 0.0000000000
103441  44.298  19.451  -21.945 0.0000000000
103421  45.508  19.462  -16.289 0.0000000000
103423  43.470  19.661  -17.166 0.0000000000
102848  46.163  18.878  -17.664 0.0000000000
135239  52.066  16.834  -20.452 0.0000000000
102266  48.821  18.207  -19.861 0.0000000000
102274  51.196  17.983  -20.992 0.0000000000
102287  50.590  17.636  -21.935 0.0000000000
101684  52.342  17.442  -22.119 0.0000000000
100362  52.543  15.459  -23.517 0.0000000000
99580  53.544  14.297  -22.622 0.0000000000
96555  53.417  9.518  -24.244 0.0000000000
96564  53.036  9.690  -25.042 0.0000000000
95216  52.071  7.901  -25.049 0.0000000000
93902  50.360  5.962  -24.622 0.0000000000
93156  49.867  3.908  -21.414 0.0000000000
119313  48.202  4.517  -20.947 0.0000000000
93128  49.721  4.511  -19.629 0.0000000000
137127  50.012  3.039  -15.186 0.0000000000
92300  49.345  4.084  -16.020 0.0000000000
91522  48.647  2.233  -14.671 0.0000000000
115439  47.027  1.321  -15.461 0.0000000000
90126  48.168  0.578  -14.935 0.0000000000
87873  52.454  -2.298  -12.690 0.0000000000
89429  51.260  -1.060  -12.907 0.0000000000
124284  51.552  -2.616  -14.114 0.0000000000
91597  41.439  2.522  -21.809 0.0000000000
92343  41.444  2.318  -20.281 0.0000000000
93148  43.049  3.472  -20.513 0.0000000000
93133  44.323  4.450  -19.667 0.0000000000
116347  45.065  4.892  -18.934 0.0000000000
95200  49.207  7.958  -21.840 0.0000000000
92385  41.676  3.014  -22.905 0.0000000000
87822  55.019  -2.526  -7.614 0.0000000000
127105  55.897  -3.373  -10.074 0.0000000000
86209  55.794  -4.764  -9.606 0.0000000000
117278  55.677  -6.034  -10.622 0.0000000000
95905  52.908  8.457  -23.131 0.0000000000
94549  52.513  6.801  -22.633 0.0000000000
95890  52.351  8.916  -21.333 0.0000000000
95883  51.567  8.296  -20.155 0.0000000000
95166  51.002  8.039  -18.521 0.0000000000
97149  49.058  11.310  -11.467 0.0000000000
97174  49.439  10.332  -12.846 0.0000000000
131473  49.176  9.828  -11.040 0.0000000000
124702  49.681  8.906  -11.310 0.0000000000
93777  51.880  7.140  -10.779 0.0000000000
93033  52.421  5.118  -10.698 0.0000000000
93035  50.688  5.613  -11.521 0.0000000000
135766  50.177  3.490  -11.769 0.0000000000
90781  49.548  1.555  -11.271 0.0000000000
104546  41.713  21.797  -19.273 0.0000000000
120211  47.474  15.812  -18.893 0.0000000000
101019  47.930  16.521  -19.325 0.0000000000
99532  49.381  14.648  -19.426 0.0000000000
100304  51.492  15.073  -19.935 0.0000000000
100312  53.549  15.863  -20.378 0.0000000000
99579  54.151  14.085  -21.736 0.0000000000
119083  54.604  13.023  -20.114 0.0000000000
97252  53.640  10.751  -21.931 0.0000000000
92329  53.805  3.386  -18.903 0.0000000000
93096  51.192  4.231  -17.986 0.0000000000
92298  52.265  3.597  -16.950 0.0000000000
91533  51.496  3.060  -15.380 0.0000000000
90802  50.452  1.210  -13.688 0.0000000000
87115  53.003  -3.505  -16.925 0.0000000000
87116  52.171  -3.201  -16.603 0.0000000000
90833  41.736  1.163  -15.531 0.0000000000
92320  41.757  2.861  -17.839 0.0000000000
91553  42.385  2.673  -16.079 0.0000000000
90832  42.554  1.396  -15.543 0.0000000000
90146  43.251  0.752  -15.607 0.0000000000
89470  44.012  -0.029  -15.738 0.0000000000
89480  45.337  -0.323  -16.647 0.0000000000
100383  50.627  15.247  -25.015 0.0000000000
100346  48.267  14.538  -22.967 0.0000000000
99488  52.953  13.512  -16.481 0.0000000000
98701  54.179  12.786  -15.754 0.0000000000
100276  52.793  14.509  -14.627 0.0000000000
99419  52.599  14.769  -12.710 0.0000000000
99421  51.320  14.178  -11.398 0.0000000000
98650  49.233  13.396  -11.212 0.0000000000
128364  47.987  12.357  -11.575 0.0000000000
104511  44.459  21.221  -12.933 0.0000000000
103956  45.120  20.355  -14.384 0.0000000000
102249  45.477  18.200  -17.206 0.0000000000
101010  46.161  15.607  -18.128 0.0000000000
99517  47.957  13.873  -18.105 0.0000000000
99489  51.142  13.569  -16.790 0.0000000000
90794  55.560  2.008  -12.557 0.0000000000
90109  54.562  1.067  -13.235 0.0000000000
90104  54.690  0.497  -12.551 0.0000000000
88671  53.726  -1.563  -11.865 0.0000000000
134192  54.054  -3.303  -13.035 0.0000000000
87059  56.099  -2.858  -11.906 0.0000000000
87069  55.674  -3.880  -13.524 0.0000000000
87102  54.516  -4.193  -15.167 0.0000000000
93188  46.960  4.038  -25.746 0.0000000000
117482  46.794  3.553  -23.742 0.0000000000
127007  48.900  3.562  -24.790 0.0000000000
127921  50.241  3.603  -23.523 0.0000000000
92352  51.784  3.717  -21.548 0.0000000000
93873  53.256  5.156  -21.913 0.0000000000
93155  53.980  3.408  -22.003 0.0000000000
92340  54.417  3.122  -20.669 0.0000000000
92338  55.050  3.265  -19.599 0.0000000000
92312  55.299  3.572  -16.965 0.0000000000
125863  55.531  3.607  -15.653 0.0000000000
97944  52.943  11.881  -16.219 0.0000000000
97194  50.634  10.486  -16.480 0.0000000000
133202  50.404  7.767  -16.393 0.0000000000
96486  49.560  9.317  -13.764 0.0000000000
95139  50.248  7.670  -15.496 0.0000000000
94476  51.574  6.534  -15.923 0.0000000000
131578  53.801  5.711  -15.306 0.0000000000
93798  55.008  5.483  -13.845 0.0000000000
92262  55.603  3.365  -13.498 0.0000000000
92252  55.499  3.641  -11.677 0.0000000000
121517  55.321  2.635  -9.839 0.0000000000
90067  55.115  1.113  -8.393 0.0000000000
91475  53.357  2.983  -10.255 0.0000000000
90760  54.565  1.450  -8.680 0.0000000000
89384  54.799  0.170  -8.043 0.0000000000
129220  54.099  -1.972  -7.054 0.0000000000
104566  46.278  21.343  -23.139 0.0000000000
102869  46.644  19.303  -24.125 0.0000000000
101696  48.071  17.199  -24.132 0.0000000000
102260  47.508  18.275  -19.030 0.0000000000
102865  43.896  18.883  -21.137 0.0000000000
102288  47.400  17.358  -22.265 0.0000000000
101685  48.450  17.226  -22.986 0.0000000000
101694  51.110  17.356  -24.444 0.0000000000
130117  52.135  16.230  -24.160 0.0000000000
99590  52.053  13.813  -23.492 0.0000000000
98779  51.778  12.345  -23.161 0.0000000000
98791  53.485  12.429  -23.234 0.0000000000
136211  52.226  10.500  -23.920 0.0000000000
96558  50.653  9.008  -22.722 0.0000000000
95206  50.268  7.303  -23.403 0.0000000000
93892  48.613  5.422  -24.453 0.0000000000
93159  46.559  4.027  -22.336 0.0000000000
116780  46.711  5.012  -20.195 0.0000000000
93101  46.536  5.032  -17.563 0.0000000000
93098  49.597  4.647  -17.556 0.0000000000
93084  48.068  4.672  -16.679 0.0000000000
93069  46.666  4.166  -15.940 0.0000000000
137435  46.318  2.803  -15.238 0.0000000000
90143  46.167  1.121  -15.964 0.0000000000
136400  53.165  0.845  -13.406 0.0000000000
90801  51.354  1.019  -13.436 0.0000000000
89435  49.385  -0.473  -14.199 0.0000000000
87913  50.758  -2.455  -15.579 0.0000000000
89450  48.549  -0.191  -14.837 0.0000000000
85303  53.188  -5.608  -10.992 0.0000000000
130017  53.252  -6.243  -13.778 0.0000000000
92413  44.896  3.756  -24.940 0.0000000000
124338  44.388  3.109  -23.789 0.0000000000
92398  44.982  3.439  -24.585 0.0000000000
93905  46.177  4.265  -25.332 0.0000000000
93895  45.390  4.612  -24.918 0.0000000000
93180  44.898  4.121  -25.059 0.0000000000
93181  44.306  3.764  -24.573 0.0000000000
85268  54.214  -5.277  -6.612 0.0000000000
97224  53.375  11.318  -18.596 0.0000000000
97958  54.241  11.910  -17.022 0.0000000000
99502  53.379  13.219  -17.133 0.0000000000
137663  54.213  12.720  -17.748 0.0000000000
97978  54.495  12.075  -18.338 0.0000000000
91515  55.467  2.919  -15.108 0.0000000000
91530  54.759  2.567  -15.546 0.0000000000
91516  55.058  2.355  -14.953 0.0000000000
91582  40.146  1.231  -20.670 0.0000000000
91575  40.347  1.446  -19.022 0.0000000000
91581  40.742  1.647  -19.835 0.0000000000
93103  44.635  4.579  -17.087 0.0000000000
93104  43.734  4.232  -17.008 0.0000000000
93087  44.392  4.197  -16.265 0.0000000000
93071  44.964  4.025  -15.776 0.0000000000
98763  50.339  11.989  -21.849 0.0000000000
98781  49.988  12.901  -21.969 0.0000000000
98020  49.760  11.204  -21.470 0.0000000000
91589  40.310  1.712  -21.244 0.0000000000
92357  40.083  2.493  -21.420 0.0000000000
122142  39.579  1.175  -20.253 0.0000000000
117968  48.368  13.499  -15.070 0.0000000000
99463  48.578  14.080  -14.094 0.0000000000
99464  47.679  13.666  -14.383 0.0000000000
99479  45.963  13.432  -15.049 0.0000000000
99494  45.687  13.581  -16.048 0.0000000000
99477  47.466  13.315  -15.390 0.0000000000
118804  55.600  -0.558  -9.229 0.0000000000
126629  55.736  -0.838  -10.176 0.0000000000
88657  55.698  -1.535  -9.848 0.0000000000
85346  56.365  -5.428  -14.696 0.0000000000
94565  51.759  6.412  -24.967 0.0000000000
127814  51.882  5.794  -24.971 0.0000000000
94564  52.205  6.476  -24.782 0.0000000000
94513  51.770  6.823  -19.244 0.0000000000
94512  52.602  6.000  -19.126 0.0000000000
94504  52.658  5.832  -18.308 0.0000000000
123018  52.164  6.118  -17.647 0.0000000000
98681  51.021  13.128  -13.021 0.0000000000
97925  50.283  12.231  -13.444 0.0000000000
94449  52.116  7.456  -10.970 0.0000000000
95109  52.274  7.556  -11.296 0.0000000000
94448  52.887  7.534  -10.906 0.0000000000
129389  53.396  7.236  -11.132 0.0000000000
114805  53.314  7.034  -10.684 0.0000000000
93775  53.882  6.203  -10.387 0.0000000000
93768  53.636  5.955  -10.231 0.0000000000
90081  50.630  0.681  -10.610 0.0000000000
105013  42.410  22.386  -19.778 0.0000000000
105019  43.247  22.703  -20.267 0.0000000000
127817  42.938  22.062  -20.586 0.0000000000
104562  43.635  21.066  -21.402 0.0000000000
104007  43.453  20.339  -21.343 0.0000000000
102842  46.073  18.997  -16.984 0.0000000000
103426  45.802  19.237  -16.995 0.0000000000
102254  46.308  18.580  -17.799 0.0000000000
101670  52.929  17.410  -20.768 0.0000000000
102263  51.680  17.806  -20.733 0.0000000000
101678  52.395  17.690  -20.821 0.0000000000
102273  52.064  17.831  -21.154 0.0000000000
101683  52.943  17.272  -21.733 0.0000000000
128332  53.124  16.874  -22.010 0.0000000000
101047  53.429  16.094  -21.901 0.0000000000
126548  52.918  8.389  -24.959 0.0000000000
95915  53.285  9.027  -24.961 0.0000000000
127639  52.276  7.541  -24.980 0.0000000000
94566  51.605  6.911  -24.934 0.0000000000
93141  50.732  4.033  -20.964 0.0000000000
93142  49.796  4.247  -20.531 0.0000000000
128290  50.635  4.228  -20.048 0.0000000000
91521  49.207  1.816  -14.358 0.0000000000
91534  49.551  2.663  -14.789 0.0000000000
90814  48.486  1.333  -14.582 0.0000000000
90815  48.030  1.875  -14.819 0.0000000000
87880  52.445  -2.928  -13.593 0.0000000000
87874  51.645  -2.237  -13.262 0.0000000000
87897  52.135  -3.104  -14.505 0.0000000000
91596  42.096  2.444  -22.010 0.0000000000
123918  42.554  2.711  -21.223 0.0000000000
137402  42.713  2.592  -21.902 0.0000000000
92353  44.601  3.445  -21.795 0.0000000000
93147  43.752  3.870  -20.612 0.0000000000
93146  44.719  3.955  -20.766 0.0000000000
93132  45.282  4.619  -19.875 0.0000000000
94551  48.831  7.243  -22.213 0.0000000000
95201  48.403  7.728  -21.489 0.0000000000
94543  48.046  6.928  -21.976 0.0000000000
94553  45.331  5.689  -22.906 0.0000000000
94545  45.577  6.328  -21.706 0.0000000000
93183  42.637  2.969  -24.037 0.0000000000
93173  42.230  3.334  -23.418 0.0000000000
92384  42.196  2.762  -23.492 0.0000000000
92370  41.326  2.752  -22.093 0.0000000000
87008  54.767  -3.405  -7.108 0.0000000000
87030  55.238  -3.553  -7.978 0.0000000000
86196  55.422  -4.690  -8.382 0.0000000000
85301  55.126  -6.077  -9.908 0.0000000000
85300  55.582  -5.769  -9.724 0.0000000000
136903  55.511  -6.306  -12.190 0.0000000000
85322  54.495  -6.261  -12.003 0.0000000000
104565  48.411  22.931  -24.336 0.0000000000
104569  48.352  22.771  -25.192 0.0000000000
96547  53.080  9.688  -21.945 0.0000000000
95899  52.723  8.675  -22.198 0.0000000000
96539  52.710  9.866  -20.920 0.0000000000
97225  52.263  10.726  -18.465 0.0000000000
96533  51.790  9.434  -19.826 0.0000000000
96526  51.614  9.705  -18.953 0.0000000000
95875  51.340  8.671  -19.250 0.0000000000
95876  51.038  8.972  -18.414 0.0000000000
97150  48.767  10.884  -11.379 0.0000000000
96467  49.086  10.394  -11.228 0.0000000000
96468  48.793  10.135  -11.106 0.0000000000
94452  49.123  7.891  -11.576 0.0000000000
114837  49.363  8.871  -11.279 0.0000000000
131977  50.624  7.895  -11.188 0.0000000000
94450  51.228  7.640  -11.168 0.0000000000
115067  50.447  7.195  -11.323 0.0000000000
123616  51.489  6.222  -11.111 0.0000000000
93779  50.131  6.160  -11.632 0.0000000000
93036  49.765  5.120  -11.926 0.0000000000
92244  49.426  4.004  -12.162 0.0000000000
91484  49.941  2.504  -11.618 0.0000000000
116750  49.345  3.044  -12.098 0.0000000000
100296  48.520  14.317  -18.820 0.0000000000
101014  48.325  15.487  -19.356 0.0000000000
99531  50.091  13.870  -19.172 0.0000000000
134363  53.467  13.988  -19.207 0.0000000000
100303  52.401  14.498  -19.612 0.0000000000
100302  53.640  14.914  -19.667 0.0000000000
100313  52.551  15.771  -20.238 0.0000000000
100301  54.255  14.915  -19.806 0.0000000000
117716  54.459  14.832  -20.020 0.0000000000
99546  54.535  14.083  -19.667 0.0000000000
97232  53.826  11.410  -19.921 0.0000000000
98005  54.253  11.951  -20.152 0.0000000000
97253  53.216  10.492  -21.167 0.0000000000
96556  53.230  9.180  -23.150 0.0000000000
119840  53.935  3.376  -18.306 0.0000000000
92316  52.509  3.686  -18.079 0.0000000000
92315  53.456  3.428  -17.511 0.0000000000
91518  53.211  2.215  -15.027 0.0000000000
91519  52.106  2.398  -14.835 0.0000000000
91520  51.138  2.493  -14.661 0.0000000000
90812  51.395  1.798  -14.103 0.0000000000
90834  40.783  0.967  -15.680 0.0000000000
90846  41.340  1.573  -16.077 0.0000000000
92342  42.224  3.165  -19.358 0.0000000000
92332  41.580  2.590  -19.014 0.0000000000
92331  42.253  3.348  -18.281 0.0000000000
91541  42.912  2.683  -15.788 0.0000000000
91542  42.181  2.065  -15.699 0.0000000000
90831  43.389  1.677  -15.639 0.0000000000
90145  44.136  0.977  -16.007 0.0000000000
90160  44.842  0.283  -16.239 0.0000000000
89481  44.648  -0.538  -16.279 0.0000000000
100382  51.192  16.284  -25.342 0.0000000000
100345  49.159  14.361  -23.026 0.0000000000
130642  48.688  14.189  -22.385 0.0000000000
117791  47.824  13.235  -21.460 0.0000000000
116240  52.569  14.062  -15.666 0.0000000000
134915  53.726  13.647  -15.622 0.0000000000
99474  51.449  14.370  -15.146 0.0000000000
117030  51.847  15.371  -13.212 0.0000000000
100219  52.168  15.149  -11.861 0.0000000000
99400  49.319  14.850  -10.763 0.0000000000
98651  48.437  13.075  -11.437 0.0000000000
104501  43.880  21.573  -12.177 0.0000000000
103937  43.285  21.139  -12.586 0.0000000000
133939  44.683  20.314  -13.669 0.0000000000
103400  45.110  20.278  -14.246 0.0000000000
102821  45.606  19.793  -15.209 0.0000000000
100294  45.020  14.841  -17.354 0.0000000000
101011  44.934  15.814  -17.495 0.0000000000
101658  45.072  16.999  -17.523 0.0000000000
100292  46.354  14.677  -17.971 0.0000000000
137452  46.840  15.133  -18.448 0.0000000000
100291  47.014  14.158  -17.937 0.0000000000
99490  49.884  13.501  -16.298 0.0000000000
115505  49.618  13.396  -17.351 0.0000000000
90103  55.421  1.070  -12.196 0.0000000000
88667  55.221  -1.494  -11.170 0.0000000000
89422  54.891  -0.819  -11.485 0.0000000000
87869  54.322  -2.213  -11.918 0.0000000000
121802  53.365  -2.252  -12.258 0.0000000000
87872  54.130  -2.855  -12.450 0.0000000000
135093  56.090  -4.090  -10.599 0.0000000000
125328  56.115  -2.995  -11.081 0.0000000000
87058  56.256  -3.962  -11.453 0.0000000000
86268  55.928  -4.577  -14.977 0.0000000000
87087  55.190  -4.218  -14.483 0.0000000000
87070  54.593  -3.687  -13.651 0.0000000000
87113  54.329  -4.181  -16.069 0.0000000000
86304  55.297  -4.518  -16.469 0.0000000000
93187  47.840  4.151  -25.760 0.0000000000
92410  47.375  3.727  -25.534 0.0000000000
92421  48.732  3.909  -26.049 0.0000000000
92392  51.671  3.871  -24.240 0.0000000000
92393  50.050  3.669  -24.719 0.0000000000
92377  51.905  3.727  -23.532 0.0000000000
92378  50.949  3.674  -22.980 0.0000000000
92376  52.891  3.662  -22.962 0.0000000000
95198  52.325  7.201  -21.766 0.0000000000
118975  52.756  5.677  -22.996 0.0000000000
94542  52.596  6.228  -21.500 0.0000000000
116495  54.100  4.549  -20.555 0.0000000000
93863  54.031  4.311  -21.276 0.0000000000
93125  54.600  3.588  -20.638 0.0000000000
92362  54.138  3.164  -21.717 0.0000000000
92339  54.646  3.274  -20.237 0.0000000000
93124  55.061  3.435  -19.827 0.0000000000
121405  55.093  4.345  -17.613 0.0000000000
93081  55.379  4.126  -16.926 0.0000000000
93067  55.500  3.871  -16.249 0.0000000000
93068  55.318  4.545  -16.006 0.0000000000
98693  54.049  13.040  -15.024 0.0000000000
97936  53.809  12.534  -15.607 0.0000000000
137188  53.495  12.710  -14.985 0.0000000000
97185  50.201  10.751  -15.664 0.0000000000
96499  50.360  9.383  -16.705 0.0000000000
95841  49.963  8.437  -15.907 0.0000000000
96481  49.593  9.472  -12.466 0.0000000000
95831  49.747  8.850  -12.869 0.0000000000
94467  51.563  7.173  -13.873 0.0000000000
95133  50.157  7.820  -14.499 0.0000000000
95138  50.882  7.122  -15.000 0.0000000000
115016  51.900  6.571  -14.922 0.0000000000
136005  52.355  6.194  -15.718 0.0000000000
123281  52.878  6.210  -15.037 0.0000000000
94455  54.670  5.869  -12.720 0.0000000000
129995  55.213  5.312  -13.203 0.0000000000
93797  55.449  4.750  -14.126 0.0000000000
93783  55.427  4.793  -13.136 0.0000000000
137023  55.573  3.351  -12.627 0.0000000000
130857  55.484  4.306  -12.372 0.0000000000
92233  54.809  4.094  -9.974 0.0000000000
92232  55.135  3.751  -9.939 0.0000000000
91469  55.079  3.057  -9.479 0.0000000000
90758  55.123  2.332  -9.076 0.0000000000
90759  54.922  2.093  -8.790 0.0000000000
92243  51.793  4.062  -11.157 0.0000000000
92242  52.659  4.206  -10.719 0.0000000000
90074  53.089  0.382  -9.464 0.0000000000
90761  53.644  1.316  -9.449 0.0000000000
90073  54.014  0.634  -8.812 0.0000000000
90069  54.740  0.777  -8.269 0.0000000000
89385  54.161  -0.116  -8.244 0.0000000000
89373  54.466  -0.738  -7.804 0.0000000000
105481  44.291  23.347  -20.355 0.0000000000
105919  44.774  24.443  -19.139 0.0000000000
105473  45.351  24.209  -19.927 0.0000000000
105017  45.164  22.592  -21.655 0.0000000000
120395  45.559  19.310  -23.180 0.0000000000
102304  46.337  18.183  -23.483 0.0000000000
102302  47.627  17.835  -24.758 0.0000000000
101667  48.597  16.839  -19.619 0.0000000000
102252  47.612  18.055  -18.869 0.0000000000
132905  48.754  17.803  -19.618 0.0000000000
127219  48.388  18.309  -20.082 0.0000000000
102857  47.510  18.331  -19.569 0.0000000000
102268  46.766  18.043  -20.312 0.0000000000
102278  46.921  17.625  -21.237 0.0000000000
102279  45.965  17.646  -21.420 0.0000000000
102300  51.196  17.474  -23.170 0.0000000000
102301  49.969  17.271  -23.388 0.0000000000
101704  51.445  17.113  -24.824 0.0000000000
101703  52.034  17.066  -24.262 0.0000000000
99589  52.731  14.312  -23.312 0.0000000000
99581  51.404  13.229  -23.141 0.0000000000
98793  52.404  12.989  -23.478 0.0000000000
98778  53.926  12.314  -22.342 0.0000000000
122079  53.880  13.146  -22.486 0.0000000000
118397  52.461  9.624  -24.709 0.0000000000
137204  52.832  10.304  -24.668 0.0000000000
96557  51.473  9.773  -23.442 0.0000000000
95911  51.658  8.878  -23.994 0.0000000000
95907  50.073  8.074  -22.510 0.0000000000
95906  50.937  8.147  -23.596 0.0000000000
120194  49.523  5.282  -25.013 0.0000000000
93891  49.516  5.817  -24.262 0.0000000000
93903  48.708  4.637  -25.514 0.0000000000
115423  47.933  4.736  -25.042 0.0000000000
92381  47.527  3.606  -23.661 0.0000000000
93171  47.107  3.782  -22.896 0.0000000000
93158  47.472  4.333  -21.851 0.0000000000
115534  48.047  4.822  -20.008 0.0000000000
93143  47.269  4.710  -20.735 0.0000000000
114634  47.733  5.165  -19.174 0.0000000000
133708  46.401  5.256  -18.550 0.0000000000
93114  47.213  5.207  -18.390 0.0000000000
92317  51.355  3.953  -17.213 0.0000000000
119984  50.379  4.487  -18.023 0.0000000000
93097  50.500  4.356  -17.346 0.0000000000
92301  48.473  4.188  -15.989 0.0000000000
92281  47.568  4.192  -15.981 0.0000000000
119644  47.109  4.678  -16.672 0.0000000000
120058  47.088  3.642  -15.467 0.0000000000
92282  46.268  3.452  -15.417 0.0000000000
91537  47.006  2.909  -14.944 0.0000000000
135276  46.887  0.702  -15.865 0.0000000000
90158  46.502  0.300  -16.334 0.0000000000
89479  46.117  -0.192  -16.798 0.0000000000
90110  53.830  0.651  -13.047 0.0000000000
90799  53.898  1.360  -13.673 0.0000000000
125848  52.959  0.240  -12.926 0.0000000000
88674  51.097  -1.633  -13.228 0.0000000000
90107  51.500  -0.465  -12.848 0.0000000000
89433  50.891  -0.427  -13.116 0.0000000000
90113  50.639  0.353  -13.348 0.0000000000
88681  50.044  -1.149  -13.816 0.0000000000
87923  51.528  -2.719  -17.023 0.0000000000
87912  51.474  -2.855  -16.125 0.0000000000
87924  50.766  -2.381  -16.560 0.0000000000
132012  42.972  2.628  -23.842 0.0000000000
92369  43.223  2.647  -22.273 0.0000000000
130595  43.953  2.865  -22.785 0.0000000000
93145  45.217  3.788  -21.441 0.0000000000
93881  46.723  5.600  -23.618 0.0000000000
94552  47.500  6.166  -22.912 0.0000000000
93882  45.878  5.347  -23.769 0.0000000000
93883  45.109  5.035  -23.899 0.0000000000
93884  44.378  5.132  -23.336 0.0000000000
93885  43.476  4.796  -23.083 0.0000000000
93897  43.803  4.216  -24.070 0.0000000000
93182  43.453  3.313  -24.234 0.0000000000
86176  54.588  -4.986  -6.635 0.0000000000
86197  55.031  -5.320  -7.781 0.0000000000
135806  54.635  -5.228  -7.178 0.0000000000
85302  54.172  -5.897  -10.311 0.0000000000
96532  52.521  10.170  -20.126 0.0000000000
97233  53.427  11.144  -19.435 0.0000000000
124429  47.464  10.274  -11.738 0.0000000000
96469  48.039  9.846  -11.506 0.0000000000
95815  47.758  9.100  -11.780 0.0000000000
99515  51.126  13.558  -18.666 0.0000000000
116943  54.551  13.093  -19.196 0.0000000000
98738  54.550  12.389  -18.839 0.0000000000
97992  54.392  11.875  -19.134 0.0000000000
92296  54.888  3.193  -17.059 0.0000000000
91552  54.131  3.034  -16.412 0.0000000000
91551  54.895  2.915  -16.236 0.0000000000
91531  54.074  2.586  -15.686 0.0000000000
126703  43.429  4.246  -17.971 0.0000000000
92319  42.933  3.776  -17.546 0.0000000000
92303  43.673  3.787  -16.214 0.0000000000
92285  43.586  3.246  -15.833 0.0000000000
91540  43.654  2.557  -15.688 0.0000000000
125441  44.156  3.182  -15.668 0.0000000000
91539  44.587  2.648  -15.643 0.0000000000
124260  45.028  2.036  -15.762 0.0000000000
127895  51.120  14.043  -23.456 0.0000000000
100344  50.097  14.101  -23.303 0.0000000000
128676  50.426  13.455  -22.758 0.0000000000
99562  49.240  13.042  -21.695 0.0000000000
98765  48.510  12.526  -21.334 0.0000000000
93163  40.521  3.547  -21.390 0.0000000000
92358  39.390  2.813  -20.812 0.0000000000
91583  38.977  1.637  -20.175 0.0000000000
99475  50.112  13.945  -15.456 0.0000000000
99462  50.485  14.507  -14.575 0.0000000000
100268  49.605  14.574  -13.848 0.0000000000
100278  43.529  14.262  -15.645 0.0000000000
100286  43.848  14.647  -16.421 0.0000000000
100284  45.456  14.045  -16.958 0.0000000000
99493  46.306  13.608  -16.690 0.0000000000
99505  47.550  13.540  -17.359 0.0000000000
99492  47.238  13.353  -16.490 0.0000000000
99476  49.070  13.474  -15.707 0.0000000000
90078  55.640  0.921  -10.230 0.0000000000
90096  55.645  0.898  -11.331 0.0000000000
116461  55.604  0.224  -10.919 0.0000000000
87867  55.657  -2.254  -11.132 0.0000000000
85312  56.486  -5.412  -12.418 0.0000000000
86240  56.456  -4.507  -12.827 0.0000000000
86239  56.549  -5.079  -13.294 0.0000000000
135167  56.254  -4.774  -14.651 0.0000000000
86290  55.935  -4.744  -15.849 0.0000000000
93909  49.618  4.602  -25.655 0.0000000000
92420  49.425  4.002  -26.007 0.0000000000
93193  50.979  4.868  -25.254 0.0000000000
93900  51.707  4.967  -24.984 0.0000000000
93178  52.319  4.579  -24.274 0.0000000000
94533  52.110  6.745  -20.318 0.0000000000
94532  52.637  6.060  -20.602 0.0000000000
94521  52.728  5.948  -19.897 0.0000000000
93855  53.573  5.291  -20.189 0.0000000000
93845  53.662  5.282  -19.465 0.0000000000
93844  54.553  4.552  -19.053 0.0000000000
93826  54.321  5.057  -17.230 0.0000000000
98680  52.305  13.555  -13.395 0.0000000000
98694  52.086  12.532  -14.808 0.0000000000
98688  51.632  12.842  -13.921 0.0000000000
97930  50.593  12.005  -14.447 0.0000000000
97938  49.836  11.049  -14.803 0.0000000000
125961  50.821  8.255  -11.674 0.0000000000
95128  50.313  8.239  -13.137 0.0000000000
94466  52.203  7.325  -12.532 0.0000000000
114748  53.234  6.713  -12.939 0.0000000000
130633  53.889  6.682  -12.031 0.0000000000
133342  54.465  6.142  -11.747 0.0000000000
93042  55.146  5.168  -11.116 0.0000000000
93032  54.556  5.424  -10.443 0.0000000000
93026  54.645  4.806  -10.213 0.0000000000
92225  54.597  3.580  -9.734 0.0000000000
90779  51.599  2.162  -10.926 0.0000000000
91476  52.586  2.240  -10.419 0.0000000000
125687  52.016  1.487  -10.467 0.0000000000
90079  52.571  0.903  -10.047 0.0000000000
105469  43.347  23.809  -18.950 0.0000000000
105018  43.920  22.592  -20.898 0.0000000000
104561  45.122  21.836  -22.248 0.0000000000
104006  44.344  20.505  -22.061 0.0000000000
102870  45.574  18.593  -22.818 0.0000000000
103413  45.065  20.188  -15.567 0.0000000000
103967  42.989  20.138  -16.420 0.0000000000
103422  44.890  19.629  -16.631 0.0000000000
103427  45.270  19.377  -17.187 0.0000000000
101026  50.220  16.777  -20.220 0.0000000000
102257  49.168  18.070  -19.866 0.0000000000
101673  50.006  17.795  -20.343 0.0000000000
102264  50.679  17.870  -20.588 0.0000000000
102275  50.172  17.966  -20.785 0.0000000000
117074  49.447  17.580  -21.785 0.0000000000
102286  51.561  17.631  -21.998 0.0000000000
102299  51.887  17.446  -23.007 0.0000000000
125700  52.495  16.857  -23.645 0.0000000000
101057  52.844  16.238  -22.920 0.0000000000
100343  53.224  15.233  -22.759 0.0000000000
97265  53.574  10.250  -23.892 0.0000000000
121387  53.518  10.772  -24.010 0.0000000000
96563  53.252  9.426  -24.970 0.0000000000
95917  52.841  9.152  -25.179 0.0000000000
95212  51.266  7.519  -24.391 0.0000000000
120890  51.043  5.978  -25.069 0.0000000000
136541  49.195  3.929  -21.842 0.0000000000
93157  48.435  4.190  -21.830 0.0000000000
116526  49.057  4.237  -21.105 0.0000000000
115507  48.927  4.545  -20.214 0.0000000000
93129  48.775  4.862  -19.158 0.0000000000
92278  50.478  3.315  -15.535 0.0000000000
116825  50.184  3.831  -16.086 0.0000000000
92279  49.593  3.402  -15.427 0.0000000000
91535  48.748  3.055  -15.012 0.0000000000
91536  47.942  2.593  -14.883 0.0000000000
90828  47.359  2.019  -15.023 0.0000000000
90127  47.762  1.281  -15.044 0.0000000000
89469  47.274  0.171  -16.067 0.0000000000
88672  52.731  -1.471  -12.262 0.0000000000
89428  51.972  -0.910  -12.580 0.0000000000
88673  51.802  -1.638  -12.737 0.0000000000
87881  50.913  -2.122  -13.766 0.0000000000
91588  40.974  2.082  -21.194 0.0000000000
92356  41.787  2.430  -21.188 0.0000000000
116894  42.342  2.879  -20.372 0.0000000000
93135  42.881  3.834  -19.658 0.0000000000
92355  43.243  3.033  -21.320 0.0000000000
93117  43.603  4.368  -18.912 0.0000000000
93116  44.408  4.645  -18.656 0.0000000000
115228  44.899  4.828  -17.995 0.0000000000
96548  50.103  9.622  -21.768 0.0000000000
97255  49.547  10.275  -21.362 0.0000000000
95900  48.708  8.553  -21.173 0.0000000000
114462  47.172  6.718  -21.835 0.0000000000
93886  42.662  4.358  -22.825 0.0000000000
93161  41.933  4.000  -22.477 0.0000000000
91598  40.769  2.363  -21.556 0.0000000000
119938  42.750  14.551  -15.376 0.0000000000
99481  44.054  13.615  -15.071 0.0000000000
88631  55.179  -1.668  -7.999 0.0000000000
87848  55.644  -2.487  -9.508 0.0000000000
87838  55.394  -2.553  -8.498 0.0000000000
87045  55.582  -3.590  -9.032 0.0000000000
86219  56.154  -5.224  -10.718 0.0000000000
86210  55.382  -5.446  -8.847 0.0000000000
85313  56.222  -5.797  -11.484 0.0000000000
133422  56.140  -6.115  -12.159 0.0000000000
84464  56.130  -6.170  -13.513 0.0000000000
95205  52.694  7.835  -23.832 0.0000000000
94557  52.460  6.715  -23.919 0.0000000000
114604  52.555  7.837  -22.466 0.0000000000
137589  51.845  7.741  -21.018 0.0000000000
96540  52.017  9.169  -20.605 0.0000000000
95891  51.816  8.269  -20.914 0.0000000000
95189  51.762  7.579  -20.603 0.0000000000
95180  51.718  7.280  -19.961 0.0000000000
95172  51.396  7.703  -19.318 0.0000000000
95165  51.369  7.202  -18.496 0.0000000000
97914  49.461  11.816  -11.755 0.0000000000
97926  49.598  11.472  -12.656 0.0000000000
97164  49.234  10.857  -11.792 0.0000000000
96473  49.383  9.866  -11.518 0.0000000000
95821  49.700  9.106  -11.621 0.0000000000
95813  49.408  9.368  -11.197 0.0000000000
95812  50.057  8.472  -11.403 0.0000000000
95111  50.678  8.052  -11.275 0.0000000000
128984  53.025  5.863  -10.449 0.0000000000
125877  52.320  6.312  -10.615 0.0000000000
93034  51.428  5.093  -11.246 0.0000000000
128354  50.389  4.527  -11.725 0.0000000000
91483  51.095  2.985  -11.469 0.0000000000
90780  50.603  1.923  -11.263 0.0000000000
90767  50.310  1.224  -10.977 0.0000000000
104545  42.232  21.426  -20.064 0.0000000000
101015  46.860  16.267  -18.576 0.0000000000
101663  47.003  17.493  -18.553 0.0000000000
124705  49.284  15.992  -19.896 0.0000000000
133251  51.034  14.129  -19.471 0.0000000000
101018  50.352  15.253  -19.898 0.0000000000
101025  51.310  16.234  -20.270 0.0000000000
101024  52.897  16.853  -20.523 0.0000000000
101022  53.560  16.225  -20.617 0.0000000000
101036  53.800  15.881  -20.931 0.0000000000
100327  54.315  15.023  -20.726 0.0000000000
118632  54.287  13.150  -21.395 0.0000000000
98762  54.055  12.275  -21.188 0.0000000000
98018  53.771  11.585  -21.194 0.0000000000
98031  53.851  11.519  -22.203 0.0000000000
96546  53.531  10.032  -23.092 0.0000000000
92330  52.873  3.627  -19.214 0.0000000000
93126  51.587  4.061  -19.510 0.0000000000
93110  51.742  4.053  -18.667 0.0000000000
92297  53.176  3.258  -16.657 0.0000000000
92277  52.184  3.332  -16.163 0.0000000000
92299  51.190  3.587  -16.283 0.0000000000
133912  50.475  2.811  -14.943 0.0000000000
90813  50.233  2.063  -14.281 0.0000000000
90803  49.534  1.228  -13.995 0.0000000000
87104  52.866  -3.495  -15.550 0.0000000000
87105  52.140  -3.284  -15.806 0.0000000000
126853  52.700  -3.453  -16.219 0.0000000000
90147  41.391  0.571  -15.073 0.0000000000
91564  41.379  2.332  -17.319 0.0000000000
134431  42.339  3.332  -17.427 0.0000000000
92304  42.127  2.977  -16.767 0.0000000000
91554  41.743  2.283  -16.341 0.0000000000
90128  42.332  0.515  -15.099 0.0000000000
89471  43.143  -0.134  -15.138 0.0000000000
134802  44.507  -1.212  -16.315 0.0000000000
100365  49.868  14.491  -23.955 0.0000000000
120755  49.455  14.541  -24.567 0.0000000000
128190  49.036  10.797  -21.117 0.0000000000
117801  48.379  10.926  -20.816 0.0000000000
99501  54.157  13.165  -16.225 0.0000000000
98708  54.257  12.470  -16.551 0.0000000000
99473  53.688  14.017  -14.950 0.0000000000
99472  53.783  13.657  -14.649 0.0000000000
100267  51.807  14.954  -14.206 0.0000000000
100266  52.716  14.877  -13.739 0.0000000000
99444  52.848  14.169  -13.243 0.0000000000
99420  52.141  14.623  -12.153 0.0000000000
98649  49.881  13.114  -11.118 0.0000000000
97898  49.359  12.340  -11.451 0.0000000000
97899  48.797  11.993  -11.277 0.0000000000
97900  48.116  11.391  -11.544 0.0000000000
103958  43.461  21.332  -14.111 0.0000000000
103943  44.505  20.672  -13.491 0.0000000000
103957  44.547  20.844  -13.820 0.0000000000
131144  44.154  20.516  -15.053 0.0000000000
103412  45.712  20.138  -15.043 0.0000000000
103411  45.605  19.859  -15.645 0.0000000000
102248  46.027  17.968  -17.633 0.0000000000
101003  43.598  15.466  -16.657 0.0000000000
101657  45.787  16.626  -17.899 0.0000000000
101016  46.418  16.774  -18.337 0.0000000000
100297  47.657  14.746  -18.601 0.0000000000
116540  48.900  13.631  -18.184 0.0000000000
99504  48.447  13.405  -17.403 0.0000000000
99503  51.930  13.379  -17.605 0.0000000000
90797  55.383  2.015  -13.546 0.0000000000
91508  55.145  2.023  -14.226 0.0000000000
90795  55.184  1.328  -13.038 0.0000000000
90105  53.660  -0.092  -12.433 0.0000000000
90097  55.284  0.074  -11.712 0.0000000000
89426  54.385  -0.417  -11.959 0.0000000000
89427  53.504  -0.849  -11.964 0.0000000000
87879  53.262  -2.896  -12.850 0.0000000000
87071  53.541  -3.381  -13.656 0.0000000000
87860  55.751  -2.353  -10.425 0.0000000000
87068  56.147  -3.906  -13.079 0.0000000000
87063  55.864  -3.379  -12.681 0.0000000000
87064  54.909  -3.384  -12.867 0.0000000000
87088  54.104  -3.803  -14.478 0.0000000000
87103  53.706  -3.788  -15.343 0.0000000000
87114  53.779  -3.842  -16.742 0.0000000000
93189  46.256  3.981  -25.470 0.0000000000
92397  46.047  3.486  -24.464 0.0000000000
92411  46.491  3.735  -25.320 0.0000000000
92395  47.906  3.540  -24.731 0.0000000000
92380  48.411  3.605  -23.639 0.0000000000
92408  49.277  3.780  -25.745 0.0000000000
92394  49.372  3.605  -23.593 0.0000000000
92379  49.858  3.701  -22.483 0.0000000000
92365  50.811  3.801  -21.932 0.0000000000
129032  52.433  5.823  -24.063 0.0000000000
93890  52.713  4.989  -23.736 0.0000000000
93169  52.896  4.152  -23.417 0.0000000000
93872  53.869  4.053  -22.058 0.0000000000
93168  53.446  3.755  -22.475 0.0000000000
92375  53.639  3.371  -22.169 0.0000000000
131543  52.894  3.468  -21.292 0.0000000000
92341  53.195  3.467  -20.351 0.0000000000
132141  54.543  3.160  -19.855 0.0000000000
92328  54.836  3.151  -19.028 0.0000000000
92327  55.047  3.390  -18.730 0.0000000000
93843  55.204  3.884  -18.658 0.0000000000
92313  55.090  3.391  -17.598 0.0000000000
92295  55.135  3.265  -16.757 0.0000000000
92275  55.413  3.193  -15.728 0.0000000000
122671  55.556  3.366  -15.202 0.0000000000
97943  54.046  12.203  -16.295 0.0000000000
97959  53.254  11.671  -16.951 0.0000000000
97208  52.026  11.016  -17.659 0.0000000000
133330  52.495  12.222  -15.563 0.0000000000
97193  51.741  11.223  -16.868 0.0000000000
97209  51.042  10.231  -17.276 0.0000000000
96515  50.718  9.210  -17.587 0.0000000000
95868  50.714  8.393  -17.821 0.0000000000
95151  50.821  7.462  -17.433 0.0000000000
97180  49.496  10.345  -14.069 0.0000000000
96490  49.640  8.832  -14.896 0.0000000000
95838  49.796  8.450  -14.102 0.0000000000
95134  49.772  8.102  -14.976 0.0000000000
94477  50.803  7.125  -16.211 0.0000000000
94493  51.466  6.573  -16.964 0.0000000000
94492  52.410  5.950  -16.666 0.0000000000
93812  53.120  5.777  -15.979 0.0000000000
93811  54.066  5.352  -16.283 0.0000000000
94470  53.563  6.222  -14.225 0.0000000000
93805  54.492  5.622  -14.572 0.0000000000
124595  54.813  5.210  -15.649 0.0000000000
136398  55.509  4.437  -14.872 0.0000000000
93061  55.606  3.924  -14.834 0.0000000000
92269  55.600  3.345  -14.492 0.0000000000
126928  55.538  2.702  -13.167 0.0000000000
91500  55.579  2.861  -12.210 0.0000000000
133280  55.623  2.410  -11.736 0.0000000000
92241  55.352  3.805  -10.640 0.0000000000
91473  55.357  3.202  -10.234 0.0000000000
117580  55.564  2.371  -10.806 0.0000000000
90763  55.449  1.899  -9.968 0.0000000000
89390  55.511  0.536  -9.168 0.0000000000
119185  55.165  0.226  -8.264 0.0000000000
93028  53.426  5.033  -10.344 0.0000000000
132434  54.012  3.602  -9.917 0.0000000000
91474  54.213  2.911  -9.630 0.0000000000
90764  53.557  2.176  -9.851 0.0000000000
121106  54.387  2.179  -9.140 0.0000000000
90755  54.970  1.354  -8.367 0.0000000000
90068  54.988  0.823  -8.103 0.0000000000
89383  55.228  -0.776  -8.232 0.0000000000
89372  54.859  -1.078  -7.755 0.0000000000
88617  54.751  -1.796  -7.551 0.0000000000
87823  54.399  -2.445  -7.082 0.0000000000
124536  54.161  -3.895  -6.058 0.0000000000
104015  47.415  21.375  -24.384 0.0000000000
124521  46.359  20.012  -23.853 0.0000000000
102877  47.477  19.085  -25.014 0.0000000000
101707  48.423  17.602  -25.355 0.0000000000
101706  49.290  17.397  -25.806 0.0000000000
103987  42.204  20.513  -19.768 0.0000000000
103438  42.633  20.085  -20.282 0.0000000000
102253  46.919  18.253  -18.477 0.0000000000
102847  46.643  18.495  -18.434 0.0000000000
102851  48.129  18.243  -19.582 0.0000000000
127773  43.427  19.254  -20.761 0.0000000000
103996  43.110  19.866  -20.853 0.0000000000
102864  44.469  18.711  -21.601 0.0000000000
102290  45.695  17.884  -22.387 0.0000000000
102289  46.369  17.541  -22.375 0.0000000000
119365  48.430  17.544  -21.650 0.0000000000
127071  47.544  17.303  -23.465 0.0000000000
101695  48.956  17.035  -24.424 0.0000000000
116599  50.257  17.292  -25.035 0.0000000000
101705  50.869  17.227  -25.517 0.0000000000
100381  51.448  15.705  -24.635 0.0000000000
100363  51.899  14.849  -23.926 0.0000000000
98033  51.121  11.674  -22.549 0.0000000000
100342  53.909  15.145  -21.774 0.0000000000
99588  53.280  13.398  -23.164 0.0000000000
98792  53.029  12.654  -23.644 0.0000000000
98043  53.203  11.563  -23.914 0.0000000000
97276  52.855  11.068  -24.153 0.0000000000
98044  52.741  12.081  -23.821 0.0000000000
98032  52.049  11.410  -23.413 0.0000000000
97266  51.250  10.660  -22.713 0.0000000000
119309  50.767  9.874  -22.438 0.0000000000
95207  49.538  7.474  -22.537 0.0000000000
94550  49.373  6.809  -22.967 0.0000000000
94559  49.924  6.432  -23.822 0.0000000000
94560  49.027  6.136  -23.564 0.0000000000
94561  48.240  5.824  -23.485 0.0000000000
93893  47.457  5.359  -24.238 0.0000000000
93904  47.059  4.510  -25.238 0.0000000000
92382  46.305  3.547  -23.293 0.0000000000
92367  45.858  3.645  -22.700 0.0000000000
93160  45.910  4.073  -21.718 0.0000000000
93144  46.376  4.614  -20.812 0.0000000000
93131  46.044  5.101  -20.099 0.0000000000
93856  45.838  5.225  -19.240 0.0000000000
93115  45.694  5.096  -18.254 0.0000000000
93102  45.523  4.813  -17.276 0.0000000000
93127  50.491  4.411  -19.276 0.0000000000
93112  49.814  4.630  -18.636 0.0000000000
118521  48.988  4.890  -18.211 0.0000000000
93083  49.006  4.550  -16.693 0.0000000000
93099  48.579  4.890  -17.466 0.0000000000
93100  47.626  5.045  -17.485 0.0000000000
93085  46.142  4.595  -16.563 0.0000000000
93070  45.770  4.119  -15.841 0.0000000000
92283  45.479  3.594  -15.567 0.0000000000
91538  45.567  2.730  -15.482 0.0000000000
129214  45.637  1.811  -15.679 0.0000000000
90829  46.428  2.106  -15.335 0.0000000000
90159  45.684  0.387  -16.395 0.0000000000
90809  54.529  1.886  -14.344 0.0000000000
90810  53.525  1.799  -14.369 0.0000000000
124491  52.892  1.309  -13.840 0.0000000000
90106  52.111  -0.093  -12.775 0.0000000000
90111  52.278  0.704  -13.330 0.0000000000
90114  49.771  0.401  -13.731 0.0000000000
87898  51.564  -2.877  -15.129 0.0000000000
87899  50.814  -2.366  -14.623 0.0000000000
88694  50.341  -1.768  -14.228 0.0000000000
88725  50.150  -1.791  -17.062 0.0000000000
88717  50.104  -1.921  -16.044 0.0000000000
88695  49.697  -1.311  -14.590 0.0000000000
90125  48.907  0.540  -14.294 0.0000000000
89468  47.942  0.011  -15.526 0.0000000000
136104  53.457  -5.616  -10.287 0.0000000000
85315  54.015  -6.043  -11.223 0.0000000000
85323  53.315  -5.980  -12.031 0.0000000000
137319  53.675  -6.207  -12.521 0.0000000000
84465  55.923  -6.273  -12.785 0.0000000000
85281  54.572  -5.401  -7.723 0.0000000000
85293  53.597  -5.586  -9.564 0.0000000000
85320  56.379  -5.887  -12.966 0.0000000000
85321  55.600  -6.220  -11.468 0.0000000000
85334  53.167  -6.181  -12.945 0.0000000000
86149  54.305  -4.595  -5.986 0.0000000000
86250  56.450  -4.844  -14.059 0.0000000000
86267  56.270  -4.996  -15.317 0.0000000000
87031  54.986  -4.471  -7.334 0.0000000000
87062  56.236  -3.826  -12.392 0.0000000000
87090  52.312  -3.284  -15.127 0.0000000000
87871  55.218  -2.845  -12.126 0.0000000000
88618  54.410  -1.515  -7.407 0.0000000000
88619  54.103  -1.420  -7.446 0.0000000000
88668  54.603  -1.553  -11.560 0.0000000000
88708  50.157  -1.953  -15.076 0.0000000000
89423  54.170  -1.046  -11.685 0.0000000000
89430  50.611  -1.077  -13.309 0.0000000000
89434  50.170  -0.433  -13.538 0.0000000000
90072  55.354  1.466  -9.114 0.0000000000
90112  51.433  0.217  -13.065 0.0000000000
90754  55.063  1.695  -8.627 0.0000000000
90798  54.874  1.562  -13.728 0.0000000000
90800  52.072  1.345  -13.798 0.0000000000
91481  55.525  3.075  -11.221 0.0000000000
91529  55.160  2.848  -15.670 0.0000000000
91595  42.449  2.437  -22.694 0.0000000000
91603  43.453  2.780  -23.834 0.0000000000
91604  42.957  2.478  -23.321 0.0000000000
91606  41.852  2.519  -22.778 0.0000000000
91609  42.659  2.686  -23.764 0.0000000000
92224  54.948  3.495  -9.648 0.0000000000
92234  54.241  4.418  -10.051 0.0000000000
92235  53.364  3.870  -10.434 0.0000000000
92280  48.829  3.676  -15.532 0.0000000000
92286  42.935  3.248  -16.240 0.0000000000
92294  55.358  3.388  -16.289 0.0000000000
92318  43.199  3.724  -16.733 0.0000000000
92349  54.267  3.214  -20.975 0.0000000000
92350  54.050  3.136  -21.297 0.0000000000
92363  53.709  3.213  -21.831 0.0000000000
92364  52.932  3.411  -22.169 0.0000000000
92383  45.420  3.394  -23.643 0.0000000000
92396  46.998  3.562  -24.612 0.0000000000
92400  43.087  2.858  -24.115 0.0000000000
92406  51.004  4.293  -25.203 0.0000000000
92409  48.337  3.718  -25.710 0.0000000000
92419  50.245  4.383  -25.518 0.0000000000
92422  47.850  3.947  -25.879 0.0000000000
92423  46.950  3.939  -25.712 0.0000000000
93031  55.316  4.425  -11.006 0.0000000000
93055  55.595  4.047  -13.789 0.0000000000
93082  49.891  4.345  -16.693 0.0000000000
93095  55.247  3.708  -17.788 0.0000000000
93109  55.169  3.484  -19.343 0.0000000000
93111  50.837  4.370  -18.660 0.0000000000
93130  47.317  5.034  -19.894 0.0000000000
93134  43.445  4.227  -19.938 0.0000000000
93140  54.227  3.456  -21.492 0.0000000000
93170  47.966  3.935  -22.706 0.0000000000
93179  51.727  4.202  -24.616 0.0000000000
93190  45.490  4.061  -25.289 0.0000000000
93774  54.526  5.873  -11.045 0.0000000000
93776  53.176  6.534  -10.453 0.0000000000
93778  51.020  6.756  -11.241 0.0000000000
93803  55.520  4.219  -15.457 0.0000000000
93804  55.318  4.982  -14.968 0.0000000000
93827  53.393  5.515  -16.766 0.0000000000
93846  46.752  5.238  -19.376 0.0000000000
93853  55.125  3.806  -19.372 0.0000000000
93880  53.218  4.562  -22.759 0.0000000000
93901  51.338  5.560  -25.096 0.0000000000
94505  51.957  6.418  -18.466 0.0000000000
94558  50.798  6.738  -24.377 0.0000000000
95112  50.036  8.400  -11.284 0.0000000000
95115  51.561  7.729  -11.722 0.0000000000
95132  50.757  7.603  -13.905 0.0000000000
95199  52.117  7.972  -21.527 0.0000000000
95852  50.396  8.403  -16.994 0.0000000000
95901  47.879  8.319  -20.985 0.0000000000
95904  53.195  8.738  -24.204 0.0000000000
95910  52.385  8.693  -24.873 0.0000000000
95916  53.074  9.072  -25.192 0.0000000000
96549  49.614  8.825  -21.637 0.0000000000
97186  49.606  9.945  -14.887 0.0000000000
97242  53.605  11.220  -20.739 0.0000000000
97256  48.690  10.083  -21.015 0.0000000000
97274  53.352  10.029  -24.567 0.0000000000
97275  53.124  10.492  -24.465 0.0000000000
97945  51.370  11.452  -16.104 0.0000000000
97979  54.255  11.842  -17.906 0.0000000000
98019  50.587  11.173  -22.006 0.0000000000
98021  48.855  11.560  -21.180 0.0000000000
98665  49.970  12.685  -11.419 0.0000000000
99397  51.621  14.964  -11.106 0.0000000000
99398  50.662  14.791  -10.499 0.0000000000
99443  52.951  14.490  -13.481 0.0000000000
99461  53.461  14.004  -14.020 0.0000000000
99480  45.010  13.566  -15.360 0.0000000000
99487  54.037  13.339  -15.262 0.0000000000
99495  44.988  13.839  -16.236 0.0000000000
99512  54.332  12.656  -18.444 0.0000000000
99513  54.141  12.874  -17.289 0.0000000000
99561  54.496  14.089  -20.503 0.0000000000
100241  52.399  15.196  -12.660 0.0000000000
100275  53.397  14.211  -14.217 0.0000000000
100279  42.100  14.877  -15.164 0.0000000000
100285  44.613  14.379  -16.713 0.0000000000
100293  45.759  14.730  -17.623 0.0000000000
100311  54.077  15.500  -20.272 0.0000000000
100328  47.902  14.171  -22.041 0.0000000000
100997  43.128  14.973  -16.049 0.0000000000
101023  53.267  16.784  -20.665 0.0000000000
101662  47.447  17.012  -18.989 0.0000000000
101668  48.145  17.704  -19.305 0.0000000000
101671  52.270  17.512  -20.674 0.0000000000
101672  51.219  17.478  -20.504 0.0000000000
101691  52.699  17.086  -22.687 0.0000000000
101692  52.256  17.228  -23.407 0.0000000000
102258  48.486  18.115  -19.606 0.0000000000
102259  48.012  18.149  -19.299 0.0000000000
102265  49.658  17.960  -20.239 0.0000000000
102267  47.676  18.229  -20.169 0.0000000000
102272  52.813  17.578  -21.141 0.0000000000
102276  49.050  18.078  -20.544 0.0000000000
102303  47.154  18.212  -24.430 0.0000000000
102833  45.554  19.321  -16.367 0.0000000000
102834  45.505  19.384  -16.019 0.0000000000
102843  45.865  19.000  -16.622 0.0000000000
102863  45.128  18.147  -21.691 0.0000000000
103385  44.937  20.515  -13.766 0.0000000000
103442  43.646  19.689  -21.411 0.0000000000
103448  44.852  18.999  -22.447 0.0000000000
103455  47.662  20.657  -25.111 0.0000000000
103988  41.733  20.957  -19.231 0.0000000000
104019  48.098  21.866  -25.814 0.0000000000
104024  48.306  21.575  -26.086 0.0000000000
104557  42.906  21.315  -20.809 0.0000000000
105482  43.186  23.190  -19.715 0.0000000000
115213  48.142  13.205  -16.019 0.0000000000
115665  52.716  8.542  -25.020 0.0000000000
116484  46.835  13.654  -17.230 0.0000000000
116881  55.646  1.553  -10.851 0.0000000000
117971  50.625  13.410  -17.833 0.0000000000
118925  51.015  3.685  -24.035 0.0000000000
119327  49.376  9.602  -21.280 0.0000000000
120173  46.715  4.407  -21.478 0.0000000000
120177  45.518  15.473  -17.701 0.0000000000
120313  53.395  -3.696  -16.152 0.0000000000
120807  42.499  20.787  -20.432 0.0000000000
120990  51.023  3.821  -24.859 0.0000000000
121267  54.528  -5.825  -9.436 0.0000000000
122809  45.630  19.905  -15.629 0.0000000000
124063  51.941  3.644  -22.576 0.0000000000
125294  47.506  0.662  -15.473 0.0000000000
126066  54.318  -3.350  -6.576 0.0000000000
126866  46.034  18.742  -17.247 0.0000000000
127959  56.102  -4.358  -14.233 0.0000000000
128618  49.312  13.927  -18.856 0.0000000000
129084  53.647  10.801  -23.129 0.0000000000
131000  54.932  -0.363  -7.931 0.0000000000
131827  44.123  21.102  -12.745 0.0000000000
132114  50.250  5.360  -25.148 0.0000000000
132699  54.183  3.254  -17.137 0.0000000000
134565  55.018  4.904  -10.495 0.0000000000
134823  47.474  12.587  -11.664 0.0000000000
136079  51.055  6.382  -24.836 0.0000000000
136297  48.956  14.483  -23.611 0.0000000000
136960  50.971  3.994  -11.545 0.0000000000
137174  52.672  5.971  -22.169 0.0000000000
137212  52.506  16.214  -23.629 0.0000000000
137238  53.747  13.710  -22.572 0.0000000000
137746  48.012  13.233  -16.789 0.0000000000
137869  50.153  14.393  -19.483 0.0000000000
138079  55.002  2.619  -9.086 0.0000000000
